/*--------------------------------*- C++ -*----------------------------------*\
| =========                 |                                                 |
| \\      /  F ield         | foam-extend: Open Source CFD                    |
|  \\    /   O peration     | Version:     4.1-20200408                       |
|   \\  /    A nd           | Web:         http://www.foam-extend.org         |
|    \\/     M anipulation  |                                                 |
\*---------------------------------------------------------------------------*/
FoamFile
{
    version     2.0;
    format      ascii;
    class       volVectorField;
    location    "0.0475000";
    object      U;
}
// * * * * * * * * * * * * * * * * * * * * * * * * * * * * * * * * * * * * * //

dimensions      [0 1 0 0 0 0 0];

internalField   nonuniform List<vector> 
1952
(
(0.0465348 -2.20315e-06 0)
(0.0465345 -3.58362e-06 0)
(0.0465341 -4.98165e-06 0)
(0.0465336 -6.37632e-06 0)
(0.046533 -7.7736e-06 0)
(0.0465323 -9.15698e-06 0)
(0.0465315 -1.05418e-05 0)
(0.0465307 -1.19058e-05 0)
(0.0465299 -1.32709e-05 0)
(0.0465291 -1.46086e-05 0)
(0.0465283 -1.59412e-05 0)
(0.0465276 -1.72382e-05 0)
(0.0465271 -1.85127e-05 0)
(0.0465268 -1.97448e-05 0)
(0.0465268 -2.09408e-05 0)
(0.0465349 -9.43941e-07 0)
(0.046532 -2.20524e-06 0)
(0.0465317 -3.5871e-06 0)
(0.0465313 -4.98635e-06 0)
(0.0465308 -6.38245e-06 0)
(0.0465302 -7.78088e-06 0)
(0.0465295 -9.16569e-06 0)
(0.0465287 -1.05516e-05 0)
(0.0465279 -1.1917e-05 0)
(0.046527 -1.32833e-05 0)
(0.0465262 -1.46223e-05 0)
(0.0465255 -1.59561e-05 0)
(0.0465248 -1.72547e-05 0)
(0.0465243 -1.85306e-05 0)
(0.046524 -1.97644e-05 0)
(0.0465239 -2.09624e-05 0)
(0.0465321 -9.44848e-07 0)
(0.0465291 -2.20772e-06 0)
(0.0465288 -3.59115e-06 0)
(0.0465285 -4.99195e-06 0)
(0.0465279 -6.38967e-06 0)
(0.0465273 -7.78964e-06 0)
(0.0465266 -9.17609e-06 0)
(0.0465259 -1.05635e-05 0)
(0.046525 -1.19306e-05 0)
(0.0465242 -1.32985e-05 0)
(0.0465234 -1.46393e-05 0)
(0.0465226 -1.59746e-05 0)
(0.046522 -1.7275e-05 0)
(0.0465214 -1.85526e-05 0)
(0.0465211 -1.97884e-05 0)
(0.0465211 -2.09882e-05 0)
(0.0465292 -9.45911e-07 0)
(0.0465263 -2.21033e-06 0)
(0.046526 -3.59541e-06 0)
(0.0465256 -4.99787e-06 0)
(0.0465251 -6.39727e-06 0)
(0.0465245 -7.79892e-06 0)
(0.0465238 -9.18705e-06 0)
(0.046523 -1.05762e-05 0)
(0.0465222 -1.1945e-05 0)
(0.0465214 -1.33146e-05 0)
(0.0465205 -1.46572e-05 0)
(0.0465198 -1.59943e-05 0)
(0.0465191 -1.72965e-05 0)
(0.0465186 -1.8576e-05 0)
(0.0465183 -1.98136e-05 0)
(0.0465182 -2.10152e-05 0)
(0.0465264 -9.47032e-07 0)
(0.0465234 -2.21306e-06 0)
(0.0465231 -3.59985e-06 0)
(0.0465228 -5.00405e-06 0)
(0.0465222 -6.4052e-06 0)
(0.0465216 -7.80861e-06 0)
(0.0465209 -9.19851e-06 0)
(0.0465202 -1.05894e-05 0)
(0.0465193 -1.19601e-05 0)
(0.0465185 -1.33314e-05 0)
(0.0465177 -1.46759e-05 0)
(0.0465169 -1.60149e-05 0)
(0.0465162 -1.7319e-05 0)
(0.0465157 -1.86003e-05 0)
(0.0465154 -1.98398e-05 0)
(0.0465154 -2.10432e-05 0)
(0.0465235 -9.48202e-07 0)
(0.0465206 -2.2159e-06 0)
(0.0465203 -3.60447e-06 0)
(0.0465199 -5.01048e-06 0)
(0.0465194 -6.41344e-06 0)
(0.0465188 -7.81868e-06 0)
(0.0465181 -9.21041e-06 0)
(0.0465173 -1.06032e-05 0)
(0.0465165 -1.19757e-05 0)
(0.0465156 -1.3349e-05 0)
(0.0465148 -1.46954e-05 0)
(0.0465141 -1.60362e-05 0)
(0.0465134 -1.73422e-05 0)
(0.0465129 -1.86253e-05 0)
(0.0465126 -1.98667e-05 0)
(0.0465125 -2.10718e-05 0)
(0.0465207 -9.49417e-07 0)
(0.0465177 -2.21883e-06 0)
(0.0465174 -3.60924e-06 0)
(0.0465171 -5.01712e-06 0)
(0.0465165 -6.42196e-06 0)
(0.0465159 -7.82908e-06 0)
(0.0465152 -9.2227e-06 0)
(0.0465145 -1.06173e-05 0)
(0.0465136 -1.19918e-05 0)
(0.0465128 -1.33669e-05 0)
(0.046512 -1.47153e-05 0)
(0.0465112 -1.60579e-05 0)
(0.0465105 -1.73658e-05 0)
(0.04651 -1.86509e-05 0)
(0.0465097 -1.9894e-05 0)
(0.0465096 -2.11009e-05 0)
(0.0465178 -9.50672e-07 0)
(0.0465149 -2.22182e-06 0)
(0.0465146 -3.61411e-06 0)
(0.0465142 -5.0239e-06 0)
(0.0465137 -6.43063e-06 0)
(0.0465131 -7.83969e-06 0)
(0.0465124 -9.23521e-06 0)
(0.0465116 -1.06318e-05 0)
(0.0465108 -1.20082e-05 0)
(0.0465099 -1.33853e-05 0)
(0.0465091 -1.47356e-05 0)
(0.0465083 -1.60801e-05 0)
(0.0465077 -1.73899e-05 0)
(0.0465071 -1.86768e-05 0)
(0.0465068 -1.99218e-05 0)
(0.0465068 -2.11304e-05 0)
(0.046515 -9.51954e-07 0)
(0.046512 -2.22488e-06 0)
(0.0465117 -3.61909e-06 0)
(0.0465113 -5.03082e-06 0)
(0.0465108 -6.43952e-06 0)
(0.0465102 -7.85052e-06 0)
(0.0465095 -9.24801e-06 0)
(0.0465087 -1.06465e-05 0)
(0.0465079 -1.20249e-05 0)
(0.0465071 -1.34039e-05 0)
(0.0465062 -1.47561e-05 0)
(0.0465055 -1.61025e-05 0)
(0.0465048 -1.74142e-05 0)
(0.0465043 -1.87029e-05 0)
(0.046504 -1.99497e-05 0)
(0.0465039 -2.11601e-05 0)
(0.0465121 -9.53264e-07 0)
(0.0465091 -2.22796e-06 0)
(0.0465088 -3.6241e-06 0)
(0.0465085 -5.0378e-06 0)
(0.0465079 -6.44845e-06 0)
(0.0465073 -7.86141e-06 0)
(0.0465066 -9.26086e-06 0)
(0.0465058 -1.06613e-05 0)
(0.046505 -1.20417e-05 0)
(0.0465042 -1.34226e-05 0)
(0.0465033 -1.47768e-05 0)
(0.0465026 -1.61251e-05 0)
(0.0465019 -1.74387e-05 0)
(0.0465014 -1.87292e-05 0)
(0.0465011 -1.99778e-05 0)
(0.046501 -2.119e-05 0)
(0.0465092 -9.54585e-07 0)
(0.0465063 -2.23108e-06 0)
(0.046506 -3.62917e-06 0)
(0.0465056 -5.04485e-06 0)
(0.0465051 -6.45748e-06 0)
(0.0465045 -7.87242e-06 0)
(0.0465037 -9.27384e-06 0)
(0.046503 -1.06762e-05 0)
(0.0465021 -1.20586e-05 0)
(0.0465013 -1.34414e-05 0)
(0.0465005 -1.47976e-05 0)
(0.0464997 -1.61477e-05 0)
(0.046499 -1.74632e-05 0)
(0.0464985 -1.87555e-05 0)
(0.0464982 -2.0006e-05 0)
(0.0464981 -2.122e-05 0)
(0.0465064 -9.55921e-07 0)
(0.0465034 -2.2342e-06 0)
(0.0465031 -3.63425e-06 0)
(0.0465027 -5.0519e-06 0)
(0.0465022 -6.46651e-06 0)
(0.0465016 -7.88343e-06 0)
(0.0465009 -9.28682e-06 0)
(0.0465001 -1.06911e-05 0)
(0.0464993 -1.20755e-05 0)
(0.0464984 -1.34602e-05 0)
(0.0464976 -1.48184e-05 0)
(0.0464968 -1.61704e-05 0)
(0.0464961 -1.74878e-05 0)
(0.0464956 -1.87819e-05 0)
(0.0464953 -2.00343e-05 0)
(0.0464953 -2.125e-05 0)
(0.0465035 -9.57258e-07 0)
(0.0465005 -2.23732e-06 0)
(0.0465002 -3.63934e-06 0)
(0.0464998 -5.05897e-06 0)
(0.0464993 -6.47557e-06 0)
(0.0464987 -7.89446e-06 0)
(0.046498 -9.29982e-06 0)
(0.0464972 -1.07061e-05 0)
(0.0464964 -1.20924e-05 0)
(0.0464955 -1.34791e-05 0)
(0.0464947 -1.48392e-05 0)
(0.0464939 -1.61931e-05 0)
(0.0464933 -1.75123e-05 0)
(0.0464927 -1.88083e-05 0)
(0.0464924 -2.00625e-05 0)
(0.0464924 -2.12801e-05 0)
(0.0465006 -9.58598e-07 0)
(0.0464976 -2.24045e-06 0)
(0.0464973 -3.64441e-06 0)
(0.046497 -5.06603e-06 0)
(0.0464964 -6.48461e-06 0)
(0.0464958 -7.90548e-06 0)
(0.0464951 -9.31282e-06 0)
(0.0464943 -1.0721e-05 0)
(0.0464935 -1.21094e-05 0)
(0.0464926 -1.34979e-05 0)
(0.0464918 -1.486e-05 0)
(0.046491 -1.62157e-05 0)
(0.0464904 -1.75368e-05 0)
(0.0464898 -1.88347e-05 0)
(0.0464895 -2.00906e-05 0)
(0.0464895 -2.131e-05 0)
(0.0464977 -9.59935e-07 0)
(0.0464947 -2.24355e-06 0)
(0.0464944 -3.64947e-06 0)
(0.0464941 -5.07306e-06 0)
(0.0464935 -6.49361e-06 0)
(0.0464929 -7.91644e-06 0)
(0.0464922 -9.32575e-06 0)
(0.0464914 -1.07359e-05 0)
(0.0464906 -1.21262e-05 0)
(0.0464897 -1.35166e-05 0)
(0.0464889 -1.48807e-05 0)
(0.0464881 -1.62382e-05 0)
(0.0464875 -1.75613e-05 0)
(0.0464869 -1.88609e-05 0)
(0.0464866 -2.01187e-05 0)
(0.0464866 -2.134e-05 0)
(0.0464948 -9.61268e-07 0)
(0.0464918 -2.24665e-06 0)
(0.0464915 -3.65451e-06 0)
(0.0464912 -5.08005e-06 0)
(0.0464906 -6.50258e-06 0)
(0.04649 -7.92736e-06 0)
(0.0464893 -9.33863e-06 0)
(0.0464885 -1.07507e-05 0)
(0.0464877 -1.2143e-05 0)
(0.0464869 -1.35353e-05 0)
(0.046486 -1.49013e-05 0)
(0.0464852 -1.62607e-05 0)
(0.0464846 -1.75856e-05 0)
(0.046484 -1.88871e-05 0)
(0.0464837 -2.01467e-05 0)
(0.0464837 -2.13698e-05 0)
(0.0464919 -9.62594e-07 0)
(0.0464889 -2.24972e-06 0)
(0.0464887 -3.6595e-06 0)
(0.0464883 -5.08699e-06 0)
(0.0464877 -6.51146e-06 0)
(0.0464871 -7.93817e-06 0)
(0.0464864 -9.35139e-06 0)
(0.0464856 -1.07653e-05 0)
(0.0464848 -1.21596e-05 0)
(0.0464839 -1.35538e-05 0)
(0.0464831 -1.49217e-05 0)
(0.0464823 -1.62829e-05 0)
(0.0464817 -1.76097e-05 0)
(0.0464811 -1.89131e-05 0)
(0.0464808 -2.01746e-05 0)
(0.0464808 -2.13996e-05 0)
(0.046489 -9.63909e-07 0)
(0.046486 -2.25275e-06 0)
(0.0464857 -3.66443e-06 0)
(0.0464854 -5.09385e-06 0)
(0.0464848 -6.52024e-06 0)
(0.0464842 -7.94887e-06 0)
(0.0464835 -9.364e-06 0)
(0.0464827 -1.07798e-05 0)
(0.0464819 -1.21761e-05 0)
(0.046481 -1.35721e-05 0)
(0.0464802 -1.4942e-05 0)
(0.0464794 -1.63051e-05 0)
(0.0464787 -1.76339e-05 0)
(0.0464782 -1.89391e-05 0)
(0.0464779 -2.02025e-05 0)
(0.0464779 -2.14294e-05 0)
(0.0464861 -9.65209e-07 0)
(0.0464831 -2.25576e-06 0)
(0.0464828 -3.66933e-06 0)
(0.0464825 -5.10065e-06 0)
(0.0464819 -6.52897e-06 0)
(0.0464813 -7.9595e-06 0)
(0.0464806 -9.37658e-06 0)
(0.0464798 -1.07943e-05 0)
(0.046479 -1.21925e-05 0)
(0.0464781 -1.35904e-05 0)
(0.0464773 -1.49623e-05 0)
(0.0464765 -1.63272e-05 0)
(0.0464758 -1.76579e-05 0)
(0.0464753 -1.89649e-05 0)
(0.046475 -2.02302e-05 0)
(0.0464749 -2.1459e-05 0)
(0.0464832 -9.66497e-07 0)
(0.0464802 -2.25873e-06 0)
(0.0464799 -3.67417e-06 0)
(0.0464796 -5.10738e-06 0)
(0.046479 -6.53761e-06 0)
(0.0464784 -7.97003e-06 0)
(0.0464777 -9.38903e-06 0)
(0.0464769 -1.08086e-05 0)
(0.0464761 -1.22088e-05 0)
(0.0464752 -1.36086e-05 0)
(0.0464744 -1.49824e-05 0)
(0.0464736 -1.63492e-05 0)
(0.0464729 -1.76818e-05 0)
(0.0464724 -1.89907e-05 0)
(0.0464721 -2.02579e-05 0)
(0.046472 -2.14886e-05 0)
(0.0464803 -9.67772e-07 0)
(0.0464773 -2.26168e-06 0)
(0.046477 -3.67898e-06 0)
(0.0464766 -5.11406e-06 0)
(0.0464761 -6.54618e-06 0)
(0.0464755 -7.98047e-06 0)
(0.0464748 -9.40137e-06 0)
(0.046474 -1.08228e-05 0)
(0.0464731 -1.22249e-05 0)
(0.0464723 -1.36266e-05 0)
(0.0464715 -1.50024e-05 0)
(0.0464707 -1.6371e-05 0)
(0.04647 -1.77056e-05 0)
(0.0464695 -1.90164e-05 0)
(0.0464692 -2.02855e-05 0)
(0.0464691 -2.15181e-05 0)
(0.0464774 -9.69037e-07 0)
(0.0464744 -2.2646e-06 0)
(0.0464741 -3.68373e-06 0)
(0.0464737 -5.12067e-06 0)
(0.0464732 -6.55467e-06 0)
(0.0464726 -7.99083e-06 0)
(0.0464718 -9.41363e-06 0)
(0.0464711 -1.08369e-05 0)
(0.0464702 -1.2241e-05 0)
(0.0464694 -1.36445e-05 0)
(0.0464685 -1.50223e-05 0)
(0.0464677 -1.63927e-05 0)
(0.0464671 -1.77292e-05 0)
(0.0464665 -1.90419e-05 0)
(0.0464662 -2.03129e-05 0)
(0.0464662 -2.15474e-05 0)
(0.0464745 -9.70288e-07 0)
(0.0464715 -2.2675e-06 0)
(0.0464712 -3.68846e-06 0)
(0.0464708 -5.12724e-06 0)
(0.0464703 -6.56311e-06 0)
(0.0464696 -8.0011e-06 0)
(0.0464689 -9.4258e-06 0)
(0.0464681 -1.08509e-05 0)
(0.0464673 -1.22569e-05 0)
(0.0464664 -1.36622e-05 0)
(0.0464656 -1.5042e-05 0)
(0.0464648 -1.64143e-05 0)
(0.0464641 -1.77527e-05 0)
(0.0464636 -1.90673e-05 0)
(0.0464633 -2.03403e-05 0)
(0.0464632 -2.15768e-05 0)
(0.0464716 -9.71532e-07 0)
(0.0464686 -2.27037e-06 0)
(0.0464683 -3.69313e-06 0)
(0.0464679 -5.13373e-06 0)
(0.0464673 -6.57145e-06 0)
(0.0464667 -8.01125e-06 0)
(0.046466 -9.43782e-06 0)
(0.0464652 -1.08647e-05 0)
(0.0464644 -1.22727e-05 0)
(0.0464635 -1.36798e-05 0)
(0.0464627 -1.50615e-05 0)
(0.0464619 -1.64357e-05 0)
(0.0464612 -1.77761e-05 0)
(0.0464607 -1.90926e-05 0)
(0.0464604 -2.03676e-05 0)
(0.0464603 -2.1606e-05 0)
(0.0464686 -9.72762e-07 0)
(0.0464656 -2.27322e-06 0)
(0.0464653 -3.69777e-06 0)
(0.0464649 -5.14017e-06 0)
(0.0464644 -6.57973e-06 0)
(0.0464638 -8.02134e-06 0)
(0.0464631 -9.44979e-06 0)
(0.0464623 -1.08785e-05 0)
(0.0464614 -1.22884e-05 0)
(0.0464606 -1.36973e-05 0)
(0.0464597 -1.50811e-05 0)
(0.0464589 -1.64571e-05 0)
(0.0464583 -1.77995e-05 0)
(0.0464577 -1.91179e-05 0)
(0.0464574 -2.03948e-05 0)
(0.0464574 -2.16352e-05 0)
(0.0464657 -9.73981e-07 0)
(0.0464627 -2.27605e-06 0)
(0.0464624 -3.70239e-06 0)
(0.046462 -5.14657e-06 0)
(0.0464615 -6.58799e-06 0)
(0.0464609 -8.03138e-06 0)
(0.0464601 -9.46174e-06 0)
(0.0464593 -1.08922e-05 0)
(0.0464585 -1.2304e-05 0)
(0.0464576 -1.37147e-05 0)
(0.0464568 -1.51005e-05 0)
(0.046456 -1.64783e-05 0)
(0.0464553 -1.78227e-05 0)
(0.0464548 -1.9143e-05 0)
(0.0464545 -2.04219e-05 0)
(0.0464544 -2.16643e-05 0)
(0.0464628 -9.75196e-07 0)
(0.0464598 -2.27887e-06 0)
(0.0464595 -3.70698e-06 0)
(0.0464591 -5.15295e-06 0)
(0.0464585 -6.59619e-06 0)
(0.0464579 -8.04134e-06 0)
(0.0464572 -9.47357e-06 0)
(0.0464564 -1.09058e-05 0)
(0.0464555 -1.23196e-05 0)
(0.0464547 -1.37321e-05 0)
(0.0464538 -1.51198e-05 0)
(0.0464531 -1.64995e-05 0)
(0.0464524 -1.78459e-05 0)
(0.0464518 -1.91681e-05 0)
(0.0464515 -2.0449e-05 0)
(0.0464515 -2.16934e-05 0)
(0.0464599 -9.76403e-07 0)
(0.0464568 -2.2817e-06 0)
(0.0464565 -3.71159e-06 0)
(0.0464561 -5.15934e-06 0)
(0.0464556 -6.60444e-06 0)
(0.046455 -8.05133e-06 0)
(0.0464542 -9.48548e-06 0)
(0.0464535 -1.09194e-05 0)
(0.0464526 -1.23352e-05 0)
(0.0464517 -1.37494e-05 0)
(0.0464509 -1.51391e-05 0)
(0.0464501 -1.65206e-05 0)
(0.0464494 -1.7869e-05 0)
(0.0464489 -1.91932e-05 0)
(0.0464486 -2.04761e-05 0)
(0.0464485 -2.17226e-05 0)
(0.0464569 -9.77617e-07 0)
(0.0464539 -2.28454e-06 0)
(0.0464536 -3.71622e-06 0)
(0.0464532 -5.16576e-06 0)
(0.0464526 -6.61271e-06 0)
(0.046452 -8.06134e-06 0)
(0.0464513 -9.49739e-06 0)
(0.0464505 -1.0933e-05 0)
(0.0464497 -1.23508e-05 0)
(0.0464488 -1.37668e-05 0)
(0.0464479 -1.51585e-05 0)
(0.0464472 -1.65418e-05 0)
(0.0464465 -1.78922e-05 0)
(0.0464459 -1.92183e-05 0)
(0.0464456 -2.05033e-05 0)
(0.0464456 -2.17519e-05 0)
(0.046454 -9.78836e-07 0)
(0.0464509 -2.28744e-06 0)
(0.0464506 -3.72095e-06 0)
(0.0464502 -5.17229e-06 0)
(0.0464497 -6.62113e-06 0)
(0.0464491 -8.07151e-06 0)
(0.0464483 -9.50949e-06 0)
(0.0464476 -1.09468e-05 0)
(0.0464467 -1.23665e-05 0)
(0.0464458 -1.37843e-05 0)
(0.046445 -1.5178e-05 0)
(0.0464442 -1.65631e-05 0)
(0.0464435 -1.79155e-05 0)
(0.046443 -1.92437e-05 0)
(0.0464427 -2.05307e-05 0)
(0.0464426 -2.17814e-05 0)
(0.046451 -9.80081e-07 0)
(0.046448 -2.29043e-06 0)
(0.0464477 -3.72581e-06 0)
(0.0464473 -5.179e-06 0)
(0.0464467 -6.62976e-06 0)
(0.0464461 -8.08191e-06 0)
(0.0464454 -9.52185e-06 0)
(0.0464446 -1.09609e-05 0)
(0.0464437 -1.23826e-05 0)
(0.0464429 -1.38021e-05 0)
(0.046442 -1.51978e-05 0)
(0.0464412 -1.65847e-05 0)
(0.0464405 -1.79392e-05 0)
(0.04644 -1.92693e-05 0)
(0.0464397 -2.05584e-05 0)
(0.0464396 -2.18113e-05 0)
(0.0464481 -9.8136e-07 0)
(0.046445 -2.29355e-06 0)
(0.0464447 -3.73089e-06 0)
(0.0464443 -5.18599e-06 0)
(0.0464438 -6.63875e-06 0)
(0.0464432 -8.09272e-06 0)
(0.0464424 -9.53466e-06 0)
(0.0464416 -1.09754e-05 0)
(0.0464408 -1.23992e-05 0)
(0.0464399 -1.38203e-05 0)
(0.0464391 -1.52182e-05 0)
(0.0464383 -1.66069e-05 0)
(0.0464376 -1.79634e-05 0)
(0.046437 -1.92955e-05 0)
(0.0464367 -2.05867e-05 0)
(0.0464367 -2.18419e-05 0)
(0.0464451 -9.827e-07 0)
(0.0464421 -2.29687e-06 0)
(0.0464418 -3.73628e-06 0)
(0.0464414 -5.19342e-06 0)
(0.0464408 -6.64828e-06 0)
(0.0464402 -8.10415e-06 0)
(0.0464395 -9.54819e-06 0)
(0.0464387 -1.09907e-05 0)
(0.0464378 -1.24166e-05 0)
(0.0464369 -1.38394e-05 0)
(0.0464361 -1.52394e-05 0)
(0.0464353 -1.66298e-05 0)
(0.0464346 -1.79883e-05 0)
(0.0464341 -1.93225e-05 0)
(0.0464338 -2.06158e-05 0)
(0.0464337 -2.18731e-05 0)
(0.0464422 -9.84124e-07 0)
(0.0464391 -2.30049e-06 0)
(0.0464388 -3.74216e-06 0)
(0.0464384 -5.20149e-06 0)
(0.0464379 -6.65862e-06 0)
(0.0464372 -8.11648e-06 0)
(0.0464365 -9.56275e-06 0)
(0.0464357 -1.1007e-05 0)
(0.0464348 -1.24351e-05 0)
(0.046434 -1.38596e-05 0)
(0.0464331 -1.52616e-05 0)
(0.0464323 -1.66538e-05 0)
(0.0464316 -1.80143e-05 0)
(0.0464311 -1.93504e-05 0)
(0.0464308 -2.06458e-05 0)
(0.0464307 -2.19054e-05 0)
(0.0464392 -9.85677e-07 0)
(0.0464361 -2.30449e-06 0)
(0.0464358 -3.74865e-06 0)
(0.0464354 -5.21038e-06 0)
(0.0464349 -6.66997e-06 0)
(0.0464343 -8.12999e-06 0)
(0.0464335 -9.57861e-06 0)
(0.0464327 -1.10247e-05 0)
(0.0464319 -1.2455e-05 0)
(0.046431 -1.38813e-05 0)
(0.0464301 -1.52854e-05 0)
(0.0464293 -1.66793e-05 0)
(0.0464286 -1.80418e-05 0)
(0.0464281 -1.93798e-05 0)
(0.0464278 -2.06773e-05 0)
(0.0464277 -2.19392e-05 0)
(0.0464362 -9.87394e-07 0)
(0.0464332 -2.30903e-06 0)
(0.0464329 -3.75599e-06 0)
(0.0464325 -5.22041e-06 0)
(0.0464319 -6.68273e-06 0)
(0.0464313 -8.14512e-06 0)
(0.0464306 -9.59628e-06 0)
(0.0464298 -1.10444e-05 0)
(0.0464289 -1.2477e-05 0)
(0.046428 -1.3905e-05 0)
(0.0464272 -1.53112e-05 0)
(0.0464264 -1.67068e-05 0)
(0.0464257 -1.80713e-05 0)
(0.0464251 -1.94111e-05 0)
(0.0464248 -2.07107e-05 0)
(0.0464247 -2.1975e-05 0)
(0.0464333 -9.89338e-07 0)
(0.0464302 -2.31422e-06 0)
(0.0464299 -3.76438e-06 0)
(0.0464295 -5.23185e-06 0)
(0.046429 -6.69726e-06 0)
(0.0464283 -8.16229e-06 0)
(0.0464276 -9.61626e-06 0)
(0.0464268 -1.10666e-05 0)
(0.0464259 -1.25017e-05 0)
(0.046425 -1.39314e-05 0)
(0.0464242 -1.53398e-05 0)
(0.0464234 -1.6737e-05 0)
(0.0464227 -1.81035e-05 0)
(0.0464221 -1.94451e-05 0)
(0.0464218 -2.07467e-05 0)
(0.0464217 -2.20132e-05 0)
(0.0464303 -9.91565e-07 0)
(0.0464272 -2.32026e-06 0)
(0.0464269 -3.77415e-06 0)
(0.0464265 -5.24516e-06 0)
(0.046426 -6.71413e-06 0)
(0.0464253 -8.18217e-06 0)
(0.0464246 -9.63933e-06 0)
(0.0464238 -1.10921e-05 0)
(0.0464229 -1.25298e-05 0)
(0.0464221 -1.39615e-05 0)
(0.0464212 -1.5372e-05 0)
(0.0464204 -1.67708e-05 0)
(0.0464197 -1.81393e-05 0)
(0.0464191 -1.94825e-05 0)
(0.0464188 -2.07859e-05 0)
(0.0464187 -2.20548e-05 0)
(0.0464273 -9.9416e-07 0)
(0.0464242 -2.32738e-06 0)
(0.0464239 -3.78564e-06 0)
(0.0464235 -5.2608e-06 0)
(0.046423 -6.73392e-06 0)
(0.0464224 -8.20547e-06 0)
(0.0464216 -9.66628e-06 0)
(0.0464208 -1.11217e-05 0)
(0.0464199 -1.25624e-05 0)
(0.0464191 -1.39961e-05 0)
(0.0464182 -1.54088e-05 0)
(0.0464174 -1.68092e-05 0)
(0.0464167 -1.81795e-05 0)
(0.0464161 -1.95242e-05 0)
(0.0464158 -2.08294e-05 0)
(0.0464157 -2.21004e-05 0)
(0.0464243 -9.97212e-07 0)
(0.0464212 -2.3358e-06 0)
(0.0464209 -3.79925e-06 0)
(0.0464205 -5.27933e-06 0)
(0.04642 -6.75733e-06 0)
(0.0464194 -8.23302e-06 0)
(0.0464186 -9.69804e-06 0)
(0.0464178 -1.11567e-05 0)
(0.046417 -1.26007e-05 0)
(0.0464161 -1.40365e-05 0)
(0.0464152 -1.54517e-05 0)
(0.0464144 -1.68534e-05 0)
(0.0464137 -1.82254e-05 0)
(0.0464131 -1.95716e-05 0)
(0.0464128 -2.08783e-05 0)
(0.0464127 -2.21513e-05 0)
(0.0464213 -1.00083e-06 0)
(0.0464182 -2.34582e-06 0)
(0.0464179 -3.81542e-06 0)
(0.0464175 -5.30137e-06 0)
(0.046417 -6.78514e-06 0)
(0.0464164 -8.26578e-06 0)
(0.0464156 -9.73575e-06 0)
(0.0464148 -1.11981e-05 0)
(0.046414 -1.2646e-05 0)
(0.0464131 -1.40842e-05 0)
(0.0464122 -1.5502e-05 0)
(0.0464114 -1.69051e-05 0)
(0.0464107 -1.82788e-05 0)
(0.0464101 -1.9626e-05 0)
(0.0464098 -2.09339e-05 0)
(0.0464096 -2.22088e-05 0)
(0.0464183 -1.00513e-06 0)
(0.0464152 -2.3577e-06 0)
(0.0464149 -3.83461e-06 0)
(0.0464145 -5.32753e-06 0)
(0.046414 -6.81817e-06 0)
(0.0464134 -8.30475e-06 0)
(0.0464126 -9.7806e-06 0)
(0.0464118 -1.12475e-05 0)
(0.0464109 -1.26999e-05 0)
(0.0464101 -1.41409e-05 0)
(0.0464092 -1.55618e-05 0)
(0.0464084 -1.69662e-05 0)
(0.0464076 -1.83414e-05 0)
(0.0464071 -1.96892e-05 0)
(0.0464067 -2.0998e-05 0)
(0.0464066 -2.22745e-05 0)
(0.0464153 -1.01022e-06 0)
(0.0464122 -2.37175e-06 0)
(0.0464119 -3.85731e-06 0)
(0.0464115 -5.35855e-06 0)
(0.046411 -6.85732e-06 0)
(0.0464103 -8.35109e-06 0)
(0.0464096 -9.83394e-06 0)
(0.0464088 -1.13063e-05 0)
(0.0464079 -1.27642e-05 0)
(0.0464071 -1.42086e-05 0)
(0.0464062 -1.56329e-05 0)
(0.0464054 -1.70387e-05 0)
(0.0464046 -1.84155e-05 0)
(0.0464041 -1.97637e-05 0)
(0.0464037 -2.10729e-05 0)
(0.0464036 -2.23505e-05 0)
(0.0464123 -1.01625e-06 0)
(0.0464092 -2.38818e-06 0)
(0.0464089 -3.88388e-06 0)
(0.0464085 -5.39492e-06 0)
(0.0464079 -6.90329e-06 0)
(0.0464073 -8.40566e-06 0)
(0.0464066 -9.89687e-06 0)
(0.0464058 -1.1376e-05 0)
(0.0464049 -1.28405e-05 0)
(0.046404 -1.42892e-05 0)
(0.0464032 -1.57179e-05 0)
(0.0464023 -1.71254e-05 0)
(0.0464016 -1.85041e-05 0)
(0.046401 -1.98522e-05 0)
(0.0464007 -2.11615e-05 0)
(0.0464005 -2.24395e-05 0)
(0.0464093 -1.0233e-06 0)
(0.0464061 -2.40719e-06 0)
(0.0464058 -3.91465e-06 0)
(0.0464054 -5.43714e-06 0)
(0.0464049 -6.95677e-06 0)
(0.0464043 -8.46939e-06 0)
(0.0464035 -9.97062e-06 0)
(0.0464027 -1.14581e-05 0)
(0.0464019 -1.29308e-05 0)
(0.046401 -1.4385e-05 0)
(0.0464001 -1.58194e-05 0)
(0.0463993 -1.72293e-05 0)
(0.0463986 -1.86105e-05 0)
(0.046398 -1.99581e-05 0)
(0.0463976 -2.1267e-05 0)
(0.0463975 -2.25443e-05 0)
(0.0464062 -1.03145e-06 0)
(0.046403 -2.42885e-06 0)
(0.0464027 -3.94975e-06 0)
(0.0464023 -5.48546e-06 0)
(0.0464018 -7.0181e-06 0)
(0.0464012 -8.54287e-06 0)
(0.0464005 -1.00559e-05 0)
(0.0463997 -1.15536e-05 0)
(0.0463988 -1.30364e-05 0)
(0.046398 -1.44981e-05 0)
(0.0463971 -1.59401e-05 0)
(0.0463963 -1.73537e-05 0)
(0.0463956 -1.87388e-05 0)
(0.046395 -2.00864e-05 0)
(0.0463946 -2.13947e-05 0)
(0.0463944 -2.26699e-05 0)
(0.0464031 -1.04074e-06 0)
(0.0463999 -2.45305e-06 0)
(0.0463996 -3.98903e-06 0)
(0.0463992 -5.53967e-06 0)
(0.0463987 -7.08712e-06 0)
(0.0463981 -8.62594e-06 0)
(0.0463974 -1.01529e-05 0)
(0.0463966 -1.16631e-05 0)
(0.0463958 -1.31583e-05 0)
(0.0463949 -1.463e-05 0)
(0.0463941 -1.60822e-05 0)
(0.0463933 -1.75022e-05 0)
(0.0463925 -1.88943e-05 0)
(0.0463919 -2.02441e-05 0)
(0.0463916 -2.15541e-05 0)
(0.0463914 -2.2828e-05 0)
(0.0464 -1.05112e-06 0)
(0.0463967 -2.47952e-06 0)
(0.0463965 -4.03206e-06 0)
(0.0463961 -5.59924e-06 0)
(0.0463956 -7.16316e-06 0)
(0.046395 -8.71797e-06 0)
(0.0463943 -1.02608e-05 0)
(0.0463935 -1.17858e-05 0)
(0.0463927 -1.3296e-05 0)
(0.0463919 -1.47804e-05 0)
(0.046391 -1.62465e-05 0)
(0.0463902 -1.76765e-05 0)
(0.0463895 -1.90805e-05 0)
(0.0463889 -2.04376e-05 0)
(0.0463885 -2.17565e-05 0)
(0.0463883 -2.30359e-05 0)
(0.0463968 -1.06247e-06 0)
(0.0463935 -2.50769e-06 0)
(0.0463933 -4.07791e-06 0)
(0.0463929 -5.66287e-06 0)
(0.0463924 -7.24461e-06 0)
(0.0463918 -8.81702e-06 0)
(0.0463911 -1.03774e-05 0)
(0.0463904 -1.19194e-05 0)
(0.0463896 -1.34468e-05 0)
(0.0463888 -1.49469e-05 0)
(0.0463879 -1.64299e-05 0)
(0.0463872 -1.78734e-05 0)
(0.0463864 -1.92941e-05 0)
(0.0463859 -2.06634e-05 0)
(0.0463855 -2.19983e-05 0)
(0.0463853 -2.32907e-05 0)
(0.0463936 -1.07454e-06 0)
(0.0463903 -2.53675e-06 0)
(0.0463901 -4.12526e-06 0)
(0.0463897 -5.72876e-06 0)
(0.0463892 -7.32916e-06 0)
(0.0463886 -8.92028e-06 0)
(0.046388 -1.04994e-05 0)
(0.0463872 -1.206e-05 0)
(0.0463864 -1.36064e-05 0)
(0.0463856 -1.51243e-05 0)
(0.0463848 -1.66266e-05 0)
(0.0463841 -1.80858e-05 0)
(0.0463834 -1.95257e-05 0)
(0.0463828 -2.09082e-05 0)
(0.0463824 -2.22604e-05 0)
(0.0463822 -2.3565e-05 0)
(0.0463904 -1.08699e-06 0)
(0.0463871 -2.5656e-06 0)
(0.0463868 -4.17232e-06 0)
(0.0463864 -5.7944e-06 0)
(0.046386 -7.41354e-06 0)
(0.0463854 -9.0238e-06 0)
(0.0463848 -1.06221e-05 0)
(0.046384 -1.22022e-05 0)
(0.0463833 -1.37684e-05 0)
(0.0463825 -1.53055e-05 0)
(0.0463817 -1.68282e-05 0)
(0.046381 -1.83045e-05 0)
(0.0463803 -1.97653e-05 0)
(0.0463798 -2.11603e-05 0)
(0.0463794 -2.25305e-05 0)
(0.0463792 -2.38447e-05 0)
(0.0463872 -1.09935e-06 0)
(0.0463838 -2.59286e-06 0)
(0.0463835 -4.21683e-06 0)
(0.0463832 -5.85662e-06 0)
(0.0463827 -7.4937e-06 0)
(0.0463821 -9.1225e-06 0)
(0.0463815 -1.07394e-05 0)
(0.0463808 -1.23391e-05 0)
(0.0463801 -1.39248e-05 0)
(0.0463793 -1.54819e-05 0)
(0.0463786 -1.70253e-05 0)
(0.0463779 -1.85194e-05 0)
(0.0463772 -2.00016e-05 0)
(0.0463767 -2.1408e-05 0)
(0.0463763 -2.27977e-05 0)
(0.0463761 -2.41172e-05 0)
(0.0463838 -1.11103e-06 0)
(0.0463804 -2.61699e-06 0)
(0.0463802 -4.25626e-06 0)
(0.0463798 -5.91186e-06 0)
(0.0463794 -7.56499e-06 0)
(0.0463788 -9.21068e-06 0)
(0.0463782 -1.08444e-05 0)
(0.0463776 -1.24624e-05 0)
(0.0463768 -1.40662e-05 0)
(0.0463761 -1.56427e-05 0)
(0.0463754 -1.72057e-05 0)
(0.0463747 -1.87181e-05 0)
(0.0463741 -2.02211e-05 0)
(0.0463736 -2.16387e-05 0)
(0.0463733 -2.30502e-05 0)
(0.0463731 -2.43689e-05 0)
(0.0463805 -1.12136e-06 0)
(0.046377 -2.63619e-06 0)
(0.0463768 -4.28767e-06 0)
(0.0463764 -5.95595e-06 0)
(0.046376 -7.62196e-06 0)
(0.0463755 -9.28142e-06 0)
(0.0463749 -1.09288e-05 0)
(0.0463743 -1.25622e-05 0)
(0.0463736 -1.41811e-05 0)
(0.0463729 -1.57752e-05 0)
(0.0463722 -1.73552e-05 0)
(0.0463715 -1.88859e-05 0)
(0.046371 -2.04081e-05 0)
(0.0463706 -2.18398e-05 0)
(0.0463703 -2.32729e-05 0)
(0.0463701 -2.45797e-05 0)
(0.0463771 -1.12958e-06 0)
(0.0463736 -2.64856e-06 0)
(0.0463734 -4.30792e-06 0)
(0.046373 -5.98449e-06 0)
(0.0463726 -7.65892e-06 0)
(0.0463721 -9.32769e-06 0)
(0.0463715 -1.09842e-05 0)
(0.0463709 -1.26286e-05 0)
(0.0463703 -1.42583e-05 0)
(0.0463696 -1.58665e-05 0)
(0.0463689 -1.74599e-05 0)
(0.0463684 -1.90077e-05 0)
(0.0463678 -2.05456e-05 0)
(0.0463675 -2.19914e-05 0)
(0.0463673 -2.3436e-05 0)
(0.0463672 -2.47151e-05 0)
(0.0463737 -1.13487e-06 0)
(0.0463701 -2.65233e-06 0)
(0.0463699 -4.3142e-06 0)
(0.0463696 -5.99371e-06 0)
(0.0463692 -7.67131e-06 0)
(0.0463687 -9.34447e-06 0)
(0.0463682 -1.10054e-05 0)
(0.0463676 -1.26563e-05 0)
(0.0463669 -1.4291e-05 0)
(0.0463663 -1.59068e-05 0)
(0.0463657 -1.75057e-05 0)
(0.0463651 -1.90622e-05 0)
(0.0463647 -2.06028e-05 0)
(0.0463644 -2.20476e-05 0)
(0.0463643 -2.34805e-05 0)
(0.0463644 -2.47184e-05 0)
(0.0463702 -1.13648e-06 0)
(0.0463666 -2.64702e-06 0)
(0.0463664 -4.30563e-06 0)
(0.0463661 -5.98207e-06 0)
(0.0463657 -7.65655e-06 0)
(0.0463653 -9.32753e-06 0)
(0.0463647 -1.09857e-05 0)
(0.0463642 -1.26339e-05 0)
(0.0463636 -1.42615e-05 0)
(0.046363 -1.587e-05 0)
(0.0463624 -1.74547e-05 0)
(0.0463619 -1.89972e-05 0)
(0.0463616 -2.05141e-05 0)
(0.0463614 -2.19332e-05 0)
(0.0463614 -2.33298e-05 0)
(0.0463617 -2.45187e-05 0)
(0.0463667 -1.13418e-06 0)
(0.0463631 -2.63013e-06 0)
(0.0463629 -4.27763e-06 0)
(0.0463626 -5.94189e-06 0)
(0.0463623 -7.60231e-06 0)
(0.0463618 -9.25765e-06 0)
(0.0463613 -1.08962e-05 0)
(0.0463608 -1.25223e-05 0)
(0.0463602 -1.41216e-05 0)
(0.0463597 -1.56988e-05 0)
(0.0463592 -1.72432e-05 0)
(0.0463588 -1.87444e-05 0)
(0.0463585 -2.02096e-05 0)
(0.0463585 -2.15803e-05 0)
(0.0463586 -2.2919e-05 0)
(0.0463591 -2.40544e-05 0)
(0.0463632 -1.12695e-06 0)
(0.0463596 -2.59177e-06 0)
(0.0463595 -4.21367e-06 0)
(0.0463592 -5.84969e-06 0)
(0.0463588 -7.478e-06 0)
(0.0463584 -9.09736e-06 0)
(0.046358 -1.0694e-05 0)
(0.0463575 -1.2274e-05 0)
(0.046357 -1.38202e-05 0)
(0.0463565 -1.5341e-05 0)
(0.0463561 -1.682e-05 0)
(0.0463557 -1.82562e-05 0)
(0.0463556 -1.96468e-05 0)
(0.0463556 -2.09509e-05 0)
(0.046356 -2.22149e-05 0)
(0.0463566 -2.32947e-05 0)
(0.0463597 -1.11056e-06 0)
(0.0463562 -2.52029e-06 0)
(0.046356 -4.09529e-06 0)
(0.0463558 -5.68095e-06 0)
(0.0463555 -7.2543e-06 0)
(0.0463551 -8.8143e-06 0)
(0.0463547 -1.03456e-05 0)
(0.0463543 -1.18561e-05 0)
(0.0463538 -1.33263e-05 0)
(0.0463534 -1.47687e-05 0)
(0.0463531 -1.61619e-05 0)
(0.0463529 -1.75146e-05 0)
(0.0463528 -1.88143e-05 0)
(0.046353 -2.00403e-05 0)
(0.0463535 -2.12208e-05 0)
(0.0463544 -2.22485e-05 0)
(0.0463563 -1.08004e-06 0)
(0.0463529 -2.4079e-06 0)
(0.0463527 -3.91063e-06 0)
(0.0463525 -5.42085e-06 0)
(0.0463522 -6.915e-06 0)
(0.0463519 -8.3924e-06 0)
(0.0463516 -9.8366e-06 0)
(0.0463512 -1.12571e-05 0)
(0.0463508 -1.26325e-05 0)
(0.0463505 -1.39795e-05 0)
(0.0463503 -1.52723e-05 0)
(0.0463502 -1.65292e-05 0)
(0.0463502 -1.77284e-05 0)
(0.0463505 -1.88708e-05 0)
(0.0463512 -1.99655e-05 0)
(0.0463522 -2.09471e-05 0)
(0.0463529 -1.03201e-06 0)
(0.0463497 -2.25333e-06 0)
(0.0463496 -3.65824e-06 0)
(0.0463494 -5.06853e-06 0)
(0.0463492 -6.46087e-06 0)
(0.0463489 -7.83499e-06 0)
(0.0463486 -9.1739e-06 0)
(0.0463484 -1.04882e-05 0)
(0.0463481 -1.17551e-05 0)
(0.0463478 -1.29948e-05 0)
(0.0463477 -1.41781e-05 0)
(0.0463477 -1.5332e-05 0)
(0.0463479 -1.64265e-05 0)
(0.0463483 -1.74837e-05 0)
(0.0463491 -1.84935e-05 0)
(0.0463503 -1.94342e-05 0)
(0.0463498 -9.65878e-07 0)
(0.0463468 -2.06257e-06 0)
(0.0463467 -3.34798e-06 0)
(0.0463466 -4.63784e-06 0)
(0.0463464 -5.90988e-06 0)
(0.0463462 -7.1643e-06 0)
(0.046346 -8.384e-06 0)
(0.0463458 -9.58024e-06 0)
(0.0463456 -1.07294e-05 0)
(0.0463454 -1.18544e-05 0)
(0.0463454 -1.29232e-05 0)
(0.0463454 -1.39708e-05 0)
(0.0463457 -1.49597e-05 0)
(0.0463463 -1.59318e-05 0)
(0.0463472 -1.68587e-05 0)
(0.0463485 -1.77615e-05 0)
(0.0463469 -8.84162e-07 0)
(0.0463442 -1.84723e-06 0)
(0.0463442 -2.99844e-06 0)
(0.046344 -4.15387e-06 0)
(0.0463439 -5.29306e-06 0)
(0.0463438 -6.4166e-06 0)
(0.0463436 -7.50786e-06 0)
(0.0463434 -8.57841e-06 0)
(0.0463433 -9.60436e-06 0)
(0.0463433 -1.06105e-05 0)
(0.0463433 -1.15628e-05 0)
(0.0463435 -1.25028e-05 0)
(0.0463438 -1.33867e-05 0)
(0.0463445 -1.42742e-05 0)
(0.0463455 -1.51201e-05 0)
(0.0463469 -1.59858e-05 0)
(0.0463443 -7.91858e-07 0)
(0.046342 -1.62186e-06 0)
(0.0463419 -2.6327e-06 0)
(0.0463418 -3.64755e-06 0)
(0.0463417 -4.64813e-06 0)
(0.0463416 -5.63545e-06 0)
(0.0463415 -6.59384e-06 0)
(0.0463414 -7.53498e-06 0)
(0.0463414 -8.43537e-06 0)
(0.0463414 -9.32103e-06 0)
(0.0463415 -1.01568e-05 0)
(0.0463417 -1.0989e-05 0)
(0.0463422 -1.17697e-05 0)
(0.0463429 -1.25728e-05 0)
(0.0463439 -1.33386e-05 0)
(0.0463454 -1.41652e-05 0)
(0.046342 -6.95226e-07 0)
(0.04634 -1.40078e-06 0)
(0.04634 -2.27356e-06 0)
(0.0463399 -3.14954e-06 0)
(0.0463399 -4.01275e-06 0)
(0.0463398 -4.8645e-06 0)
(0.0463397 -5.69049e-06 0)
(0.0463397 -6.50249e-06 0)
(0.0463397 -7.27805e-06 0)
(0.0463398 -8.04379e-06 0)
(0.04634 -8.76448e-06 0)
(0.0463403 -9.48991e-06 0)
(0.0463407 -1.01692e-05 0)
(0.0463415 -1.08875e-05 0)
(0.0463426 -1.15739e-05 0)
(0.046344 -1.23574e-05 0)
(0.04634 -6.00444e-07 0)
(0.0463384 -1.19545e-06 0)
(0.0463384 -1.93949e-06 0)
(0.0463384 -2.68513e-06 0)
(0.0463383 -3.41854e-06 0)
(0.0463383 -4.14116e-06 0)
(0.0463383 -4.84029e-06 0)
(0.0463383 -5.52763e-06 0)
(0.0463383 -6.18239e-06 0)
(0.0463385 -6.83128e-06 0)
(0.0463387 -7.44007e-06 0)
(0.046339 -8.06054e-06 0)
(0.0463396 -8.64097e-06 0)
(0.0463403 -9.27386e-06 0)
(0.0463414 -9.88102e-06 0)
(0.0463428 -1.06157e-05 0)
(0.0463384 -5.12444e-07 0)
(0.0463371 -1.01285e-06 0)
(0.0463371 -1.64206e-06 0)
(0.0463371 -2.27078e-06 0)
(0.0463371 -2.88704e-06 0)
(0.0463371 -3.4921e-06 0)
(0.0463371 -4.07481e-06 0)
(0.0463371 -4.6465e-06 0)
(0.0463372 -5.18833e-06 0)
(0.0463374 -5.72647e-06 0)
(0.0463376 -6.22869e-06 0)
(0.046338 -6.74749e-06 0)
(0.0463386 -7.23229e-06 0)
(0.0463394 -7.77945e-06 0)
(0.0463404 -8.30772e-06 0)
(0.0463417 -8.98717e-06 0)
(0.0463371 -4.34216e-07 0)
(0.046336 -8.55263e-07 0)
(0.046336 -1.38542e-06 0)
(0.046336 -1.91321e-06 0)
(0.0463361 -2.42812e-06 0)
(0.0463361 -2.93097e-06 0)
(0.0463361 -3.41184e-06 0)
(0.0463362 -3.88127e-06 0)
(0.0463364 -4.32225e-06 0)
(0.0463366 -4.75958e-06 0)
(0.0463368 -5.16365e-06 0)
(0.0463373 -5.58632e-06 0)
(0.0463378 -5.98008e-06 0)
(0.0463386 -6.44193e-06 0)
(0.0463395 -6.89211e-06 0)
(0.0463407 -7.50952e-06 0)
(0.046336 -3.66713e-07 0)
(0.0463352 -7.21306e-07 0)
(0.0463352 -1.16774e-06 0)
(0.0463352 -1.61078e-06 0)
(0.0463353 -2.04108e-06 0)
(0.0463353 -2.45884e-06 0)
(0.0463354 -2.85495e-06 0)
(0.0463355 -3.23878e-06 0)
(0.0463357 -3.59482e-06 0)
(0.0463359 -3.94562e-06 0)
(0.0463363 -4.26422e-06 0)
(0.0463367 -4.59999e-06 0)
(0.0463372 -4.90969e-06 0)
(0.0463379 -5.28829e-06 0)
(0.0463388 -5.66167e-06 0)
(0.0463399 -6.20972e-06 0)
(0.0463352 -3.09317e-07 0)
(0.0463345 -6.07784e-07 0)
(0.0463346 -9.83953e-07 0)
(0.0463346 -1.3568e-06 0)
(0.0463347 -1.71809e-06 0)
(0.0463348 -2.06744e-06 0)
(0.0463349 -2.39621e-06 0)
(0.046335 -2.71227e-06 0)
(0.0463352 -3.00134e-06 0)
(0.0463355 -3.28312e-06 0)
(0.0463358 -3.53372e-06 0)
(0.0463363 -3.79754e-06 0)
(0.0463368 -4.03477e-06 0)
(0.0463374 -4.33543e-06 0)
(0.0463382 -4.63426e-06 0)
(0.0463391 -5.10473e-06 0)
(0.0463345 -2.60642e-07 0)
(0.046334 -5.11441e-07 0)
(0.0463341 -8.28454e-07 0)
(0.0463341 -1.14313e-06 0)
(0.0463342 -1.44837e-06 0)
(0.0463343 -1.74356e-06 0)
(0.0463345 -2.0205e-06 0)
(0.0463347 -2.28537e-06 0)
(0.0463349 -2.52474e-06 0)
(0.0463352 -2.7556e-06 0)
(0.0463355 -2.95885e-06 0)
(0.046336 -3.17215e-06 0)
(0.0463365 -3.35558e-06 0)
(0.046337 -3.58967e-06 0)
(0.0463377 -3.81889e-06 0)
(0.0463385 -4.20375e-06 0)
(0.046334 -2.19303e-07 0)
(0.0463337 -4.30112e-07 0)
(0.0463338 -6.97055e-07 0)
(0.0463338 -9.62846e-07 0)
(0.0463339 -1.22141e-06 0)
(0.0463341 -1.47258e-06 0)
(0.0463342 -1.70887e-06 0)
(0.0463344 -1.93542e-06 0)
(0.0463347 -2.13979e-06 0)
(0.046335 -2.33677e-06 0)
(0.0463354 -2.51079e-06 0)
(0.0463358 -2.69387e-06 0)
(0.0463362 -2.84769e-06 0)
(0.0463368 -3.03644e-06 0)
(0.0463373 -3.20892e-06 0)
(0.046338 -3.50559e-06 0)
(0.0463337 -1.8443e-07 0)
(0.0463335 -3.63926e-07 0)
(0.0463336 -5.89502e-07 0)
(0.0463336 -8.14316e-07 0)
(0.0463337 -1.03288e-06 0)
(0.0463339 -1.24584e-06 0)
(0.0463341 -1.44685e-06 0)
(0.0463343 -1.64132e-06 0)
(0.0463346 -1.81898e-06 0)
(0.0463349 -1.99335e-06 0)
(0.0463352 -2.14841e-06 0)
(0.0463356 -2.31049e-06 0)
(0.0463361 -2.45266e-06 0)
(0.0463366 -2.62069e-06 0)
(0.0463371 -2.76378e-06 0)
(0.0463376 -2.98641e-06 0)
(0.0463335 -1.561e-07 0)
(0.0463333 -3.10672e-07 0)
(0.0463334 -5.03005e-07 0)
(0.0463335 -6.94427e-07 0)
(0.0463336 -8.79979e-07 0)
(0.0463338 -1.06075e-06 0)
(0.046334 -1.23129e-06 0)
(0.0463342 -1.3972e-06 0)
(0.0463344 -1.55033e-06 0)
(0.0463348 -1.70291e-06 0)
(0.0463351 -1.84194e-06 0)
(0.0463355 -1.98787e-06 0)
(0.0463359 -2.12197e-06 0)
(0.0463364 -2.27714e-06 0)
(0.0463368 -2.41763e-06 0)
(0.0463373 -2.59795e-06 0)
(0.0463333 -1.33244e-07 0)
(0.0463332 -2.63748e-07 0)
(0.0463333 -4.27094e-07 0)
(0.0463334 -5.89797e-07 0)
(0.0463335 -7.47673e-07 0)
(0.0463337 -9.02002e-07 0)
(0.0463339 -1.04826e-06 0)
(0.0463341 -1.19165e-06 0)
(0.0463344 -1.32558e-06 0)
(0.0463347 -1.46044e-06 0)
(0.046335 -1.58633e-06 0)
(0.0463354 -1.71945e-06 0)
(0.0463358 -1.8459e-06 0)
(0.0463362 -1.98927e-06 0)
(0.0463366 -2.12811e-06 0)
(0.0463371 -2.29022e-06 0)
(0.0463332 -1.13113e-07 0)
(0.0463332 -2.23756e-07 0)
(0.0463332 -3.62461e-07 0)
(0.0463333 -5.00901e-07 0)
(0.0463334 -6.3561e-07 0)
(0.0463336 -7.67988e-07 0)
(0.0463338 -8.94356e-07 0)
(0.046334 -1.01946e-06 0)
(0.0463343 -1.13801e-06 0)
(0.0463346 -1.25876e-06 0)
(0.0463349 -1.37385e-06 0)
(0.0463352 -1.49638e-06 0)
(0.0463356 -1.61564e-06 0)
(0.046336 -1.74947e-06 0)
(0.0463364 -1.88206e-06 0)
(0.0463369 -2.03455e-06 0)
(0.0463331 -9.59614e-08 0)
(0.0463331 -1.90235e-07 0)
(0.0463332 -3.08379e-07 0)
(0.0463333 -4.26663e-07 0)
(0.0463334 -5.4226e-07 0)
(0.0463335 -6.56625e-07 0)
(0.0463337 -7.66752e-07 0)
(0.0463339 -8.76907e-07 0)
(0.0463342 -9.8278e-07 0)
(0.0463345 -1.09178e-06 0)
(0.0463348 -1.19767e-06 0)
(0.0463351 -1.31117e-06 0)
(0.0463355 -1.42356e-06 0)
(0.0463359 -1.54909e-06 0)
(0.0463363 -1.67494e-06 0)
(0.0463367 -1.81869e-06 0)
(0.0463331 -8.15804e-08 0)
(0.0463331 -1.62351e-07 0)
(0.0463331 -2.63428e-07 0)
(0.0463332 -3.6503e-07 0)
(0.0463334 -4.64875e-07 0)
(0.0463335 -5.64443e-07 0)
(0.0463337 -6.61276e-07 0)
(0.0463339 -7.59199e-07 0)
(0.0463341 -8.54661e-07 0)
(0.0463344 -9.5398e-07 0)
(0.0463347 -1.052e-06 0)
(0.046335 -1.15766e-06 0)
(0.0463354 -1.26363e-06 0)
(0.0463357 -1.38162e-06 0)
(0.0463361 -1.50068e-06 0)
(0.0463365 -1.63576e-06 0)
(0.046333 -6.96172e-08 0)
(0.046333 -1.39448e-07 0)
(0.0463331 -2.26528e-07 0)
(0.0463332 -3.14462e-07 0)
(0.0463333 -4.01421e-07 0)
(0.0463335 -4.8888e-07 0)
(0.0463337 -5.74813e-07 0)
(0.0463339 -6.6265e-07 0)
(0.0463341 -7.49419e-07 0)
(0.0463344 -8.40549e-07 0)
(0.0463346 -9.31702e-07 0)
(0.0463349 -1.0304e-06 0)
(0.0463353 -1.13031e-06 0)
(0.0463356 -1.24123e-06 0)
(0.0463359 -1.35361e-06 0)
(0.0463363 -1.48013e-06 0)
(0.046333 -5.979e-08 0)
(0.046333 -1.20757e-07 0)
(0.0463331 -1.96418e-07 0)
(0.0463332 -2.732e-07 0)
(0.0463333 -3.49644e-07 0)
(0.0463334 -4.27198e-07 0)
(0.0463336 -5.0418e-07 0)
(0.0463338 -5.8367e-07 0)
(0.046334 -6.63146e-07 0)
(0.0463343 -7.47294e-07 0)
(0.0463346 -8.32392e-07 0)
(0.0463349 -9.24807e-07 0)
(0.0463352 -1.01902e-06 0)
(0.0463355 -1.12325e-06 0)
(0.0463358 -1.22909e-06 0)
(0.0463361 -1.34726e-06 0)
(0.046333 -5.17698e-08 0)
(0.046333 -1.0562e-07 0)
(0.0463331 -1.72029e-07 0)
(0.0463332 -2.39759e-07 0)
(0.0463333 -3.0765e-07 0)
(0.0463334 -3.77104e-07 0)
(0.0463336 -4.46714e-07 0)
(0.0463338 -5.19244e-07 0)
(0.046334 -5.92531e-07 0)
(0.0463342 -6.70634e-07 0)
(0.0463345 -7.50316e-07 0)
(0.0463348 -8.36991e-07 0)
(0.0463351 -9.25794e-07 0)
(0.0463354 -1.02366e-06 0)
(0.0463356 -1.12317e-06 0)
(0.046336 -1.23333e-06 0)
(0.046333 -4.52744e-08 0)
(0.046333 -9.34176e-08 0)
(0.0463331 -1.52357e-07 0)
(0.0463332 -2.12758e-07 0)
(0.0463333 -2.73699e-07 0)
(0.0463334 -3.36517e-07 0)
(0.0463336 -4.00029e-07 0)
(0.0463338 -4.66717e-07 0)
(0.046334 -5.34701e-07 0)
(0.0463342 -6.07511e-07 0)
(0.0463344 -6.82299e-07 0)
(0.0463347 -7.63682e-07 0)
(0.046335 -8.47354e-07 0)
(0.0463353 -9.39167e-07 0)
(0.0463355 -1.03256e-06 0)
(0.0463358 -1.13509e-06 0)
(0.046333 -4.00384e-08 0)
(0.046333 -8.36172e-08 0)
(0.0463331 -1.36544e-07 0)
(0.0463332 -1.91017e-07 0)
(0.0463333 -2.46305e-07 0)
(0.0463334 -3.0367e-07 0)
(0.0463336 -3.62108e-07 0)
(0.0463337 -4.23845e-07 0)
(0.0463339 -4.87237e-07 0)
(0.0463341 -5.55354e-07 0)
(0.0463344 -6.25676e-07 0)
(0.0463346 -7.02149e-07 0)
(0.0463349 -7.80945e-07 0)
(0.0463352 -8.67006e-07 0)
(0.0463354 -9.54551e-07 0)
(0.0463357 -1.04989e-06 0)
(0.046333 -3.58333e-08 0)
(0.046333 -7.57548e-08 0)
(0.0463331 -1.23841e-07 0)
(0.0463332 -1.73516e-07 0)
(0.0463333 -2.24191e-07 0)
(0.0463334 -2.77049e-07 0)
(0.0463335 -3.31231e-07 0)
(0.0463337 -3.88733e-07 0)
(0.0463339 -4.48102e-07 0)
(0.0463341 -5.12018e-07 0)
(0.0463343 -5.78234e-07 0)
(0.0463346 -6.50129e-07 0)
(0.0463348 -7.24295e-07 0)
(0.0463351 -8.04909e-07 0)
(0.0463353 -8.86877e-07 0)
(0.0463356 -9.75477e-07 0)
(0.046333 -3.24601e-08 0)
(0.046333 -6.94391e-08 0)
(0.0463331 -1.1362e-07 0)
(0.0463332 -1.59393e-07 0)
(0.0463333 -2.06284e-07 0)
(0.0463334 -2.55387e-07 0)
(0.0463335 -3.05965e-07 0)
(0.0463337 -3.598e-07 0)
(0.0463339 -4.15606e-07 0)
(0.0463341 -4.75722e-07 0)
(0.0463343 -5.38138e-07 0)
(0.0463345 -6.05754e-07 0)
(0.0463347 -6.75529e-07 0)
(0.046335 -7.51002e-07 0)
(0.0463352 -8.27684e-07 0)
(0.0463355 -9.10001e-07 0)
(0.046333 -2.97507e-08 0)
(0.046333 -6.43418e-08 0)
(0.0463331 -1.05354e-07 0)
(0.0463331 -1.47933e-07 0)
(0.0463332 -1.9169e-07 0)
(0.0463334 -2.37632e-07 0)
(0.0463335 -2.85119e-07 0)
(0.0463336 -3.35744e-07 0)
(0.0463338 -3.88358e-07 0)
(0.046334 -4.45008e-07 0)
(0.0463342 -5.03889e-07 0)
(0.0463344 -5.67498e-07 0)
(0.0463347 -6.33117e-07 0)
(0.0463349 -7.03754e-07 0)
(0.0463351 -7.75451e-07 0)
(0.0463354 -8.51939e-07 0)
(0.046333 -2.75645e-08 0)
(0.046333 -6.01928e-08 0)
(0.0463331 -9.86081e-08 0)
(0.0463331 -1.38545e-07 0)
(0.0463332 -1.79676e-07 0)
(0.0463333 -2.22922e-07 0)
(0.0463335 -2.67721e-07 0)
(0.0463336 -3.15499e-07 0)
(0.0463338 -3.65223e-07 0)
(0.046334 -4.18688e-07 0)
(0.0463342 -4.74268e-07 0)
(0.0463344 -5.3412e-07 0)
(0.0463346 -5.9581e-07 0)
(0.0463348 -6.61908e-07 0)
(0.0463351 -7.28916e-07 0)
(0.0463353 -7.99996e-07 0)
(0.046333 -2.57854e-08 0)
(0.046333 -5.67712e-08 0)
(0.0463331 -9.30296e-08 0)
(0.0463331 -1.30747e-07 0)
(0.0463332 -1.69644e-07 0)
(0.0463333 -2.10554e-07 0)
(0.0463335 -2.52984e-07 0)
(0.0463336 -2.98203e-07 0)
(0.0463338 -3.45284e-07 0)
(0.0463339 -3.95803e-07 0)
(0.0463341 -4.48289e-07 0)
(0.0463343 -5.04618e-07 0)
(0.0463345 -5.62603e-07 0)
(0.0463348 -6.24452e-07 0)
(0.046335 -6.87072e-07 0)
(0.0463352 -7.53163e-07 0)
(0.046333 -2.43186e-08 0)
(0.046333 -5.38994e-08 0)
(0.0463331 -8.83336e-08 0)
(0.0463331 -1.24154e-07 0)
(0.0463332 -1.61115e-07 0)
(0.0463333 -1.99967e-07 0)
(0.0463334 -2.40274e-07 0)
(0.0463336 -2.83167e-07 0)
(0.0463337 -3.27807e-07 0)
(0.0463339 -3.75583e-07 0)
(0.0463341 -4.25164e-07 0)
(0.0463343 -4.78184e-07 0)
(0.0463345 -5.32678e-07 0)
(0.0463347 -5.90557e-07 0)
(0.0463349 -6.49076e-07 0)
(0.0463351 -7.10562e-07 0)
(0.046333 -2.30878e-08 0)
(0.046333 -5.14358e-08 0)
(0.0463331 -8.42935e-08 0)
(0.0463331 -1.18459e-07 0)
(0.0463332 -1.53707e-07 0)
(0.0463333 -1.90715e-07 0)
(0.0463334 -2.2909e-07 0)
(0.0463335 -2.69842e-07 0)
(0.0463337 -3.12209e-07 0)
(0.0463339 -3.5742e-07 0)
(0.046334 -4.04264e-07 0)
(0.0463342 -4.54177e-07 0)
(0.0463344 -5.05384e-07 0)
(0.0463346 -5.59556e-07 0)
(0.0463348 -6.14249e-07 0)
(0.0463351 -6.71489e-07 0)
(0.046333 -2.20322e-08 0)
(0.046333 -4.92691e-08 0)
(0.0463331 -8.07312e-08 0)
(0.0463331 -1.13418e-07 0)
(0.0463332 -1.47121e-07 0)
(0.0463333 -1.82446e-07 0)
(0.0463334 -2.19038e-07 0)
(0.0463335 -2.57799e-07 0)
(0.0463337 -2.98034e-07 0)
(0.0463338 -3.40834e-07 0)
(0.046334 -3.85094e-07 0)
(0.0463342 -4.32086e-07 0)
(0.0463344 -4.80201e-07 0)
(0.0463346 -5.30913e-07 0)
(0.0463348 -5.82037e-07 0)
(0.046335 -6.35361e-07 0)
(0.046333 -2.11042e-08 0)
(0.046333 -4.73132e-08 0)
(0.046333 -7.75086e-08 0)
(0.0463331 -1.08846e-07 0)
(0.0463332 -1.41126e-07 0)
(0.0463333 -1.7489e-07 0)
(0.0463334 -2.09813e-07 0)
(0.0463335 -2.46705e-07 0)
(0.0463336 -2.84925e-07 0)
(0.0463338 -3.25451e-07 0)
(0.046334 -3.67267e-07 0)
(0.0463341 -4.11511e-07 0)
(0.0463343 -4.56718e-07 0)
(0.0463345 -5.04201e-07 0)
(0.0463347 -5.51997e-07 0)
(0.046335 -6.01703e-07 0)
(0.046333 -2.02666e-08 0)
(0.046333 -4.55024e-08 0)
(0.046333 -7.4521e-08 0)
(0.0463331 -1.04599e-07 0)
(0.0463332 -1.35545e-07 0)
(0.0463332 -1.67839e-07 0)
(0.0463334 -2.01184e-07 0)
(0.0463335 -2.36305e-07 0)
(0.0463336 -2.72613e-07 0)
(0.0463338 -3.10985e-07 0)
(0.0463339 -3.50488e-07 0)
(0.0463341 -3.92144e-07 0)
(0.0463343 -4.34615e-07 0)
(0.0463345 -4.79085e-07 0)
(0.0463347 -5.23782e-07 0)
(0.0463349 -5.70152e-07 0)
(0.046333 -1.94912e-08 0)
(0.046333 -4.37876e-08 0)
(0.046333 -7.16896e-08 0)
(0.0463331 -1.00572e-07 0)
(0.0463331 -1.30245e-07 0)
(0.0463332 -1.61139e-07 0)
(0.0463333 -1.92977e-07 0)
(0.0463335 -2.2641e-07 0)
(0.0463336 -2.60894e-07 0)
(0.0463337 -2.9722e-07 0)
(0.0463339 -3.34528e-07 0)
(0.0463341 -3.73745e-07 0)
(0.0463343 -4.13642e-07 0)
(0.0463344 -4.553e-07 0)
(0.0463346 -4.97107e-07 0)
(0.0463349 -5.40391e-07 0)
(0.046333 -1.87571e-08 0)
(0.046333 -4.21329e-08 0)
(0.046333 -6.89573e-08 0)
(0.0463331 -9.66859e-08 0)
(0.0463331 -1.25132e-07 0)
(0.0463332 -1.54677e-07 0)
(0.0463333 -1.85063e-07 0)
(0.0463334 -2.16878e-07 0)
(0.0463336 -2.49616e-07 0)
(0.0463337 -2.83995e-07 0)
(0.0463339 -3.19218e-07 0)
(0.046334 -3.56133e-07 0)
(0.0463342 -3.93609e-07 0)
(0.0463344 -4.3264e-07 0)
(0.0463346 -4.71754e-07 0)
(0.0463348 -5.12184e-07 0)
(0.046333 -1.80487e-08 0)
(0.046333 -4.0513e-08 0)
(0.046333 -6.62834e-08 0)
(0.046333 -9.28863e-08 0)
(0.0463331 -1.20136e-07 0)
(0.0463332 -1.48372e-07 0)
(0.0463333 -1.77353e-07 0)
(0.0463334 -2.07609e-07 0)
(0.0463335 -2.3867e-07 0)
(0.0463337 -2.71192e-07 0)
(0.0463338 -3.04432e-07 0)
(0.046334 -3.39174e-07 0)
(0.0463342 -3.74369e-07 0)
(0.0463344 -4.10944e-07 0)
(0.0463346 -4.47544e-07 0)
(0.0463348 -4.85332e-07 0)
(0.0463329 -1.73553e-08 0)
(0.0463329 -3.8911e-08 0)
(0.046333 -6.36408e-08 0)
(0.046333 -8.9136e-08 0)
(0.0463331 -1.15212e-07 0)
(0.0463332 -1.4217e-07 0)
(0.0463333 -1.69784e-07 0)
(0.0463334 -1.98535e-07 0)
(0.0463335 -2.27981e-07 0)
(0.0463337 -2.58728e-07 0)
(0.0463338 -2.9008e-07 0)
(0.046334 -3.22768e-07 0)
(0.0463342 -3.55813e-07 0)
(0.0463343 -3.9009e-07 0)
(0.0463345 -4.24341e-07 0)
(0.0463347 -4.59674e-07 0)
(0.0463329 -1.66694e-08 0)
(0.0463329 -3.7316e-08 0)
(0.046333 -6.10124e-08 0)
(0.046333 -8.54116e-08 0)
(0.0463331 -1.1033e-07 0)
(0.0463332 -1.36037e-07 0)
(0.0463333 -1.62317e-07 0)
(0.0463334 -1.89609e-07 0)
(0.0463335 -2.17499e-07 0)
(0.0463336 -2.46546e-07 0)
(0.0463338 -2.76098e-07 0)
(0.0463339 -3.06842e-07 0)
(0.0463341 -3.3786e-07 0)
(0.0463343 -3.69982e-07 0)
(0.0463345 -4.02037e-07 0)
(0.0463347 -4.35089e-07 0)
(0.0463329 -1.59866e-08 0)
(0.0463329 -3.57224e-08 0)
(0.046333 -5.83887e-08 0)
(0.046333 -8.17001e-08 0)
(0.0463331 -1.05474e-07 0)
(0.0463331 -1.29952e-07 0)
(0.0463332 -1.54927e-07 0)
(0.0463333 -1.80805e-07 0)
(0.0463335 -2.07192e-07 0)
(0.0463336 -2.34611e-07 0)
(0.0463338 -2.62446e-07 0)
(0.0463339 -2.91347e-07 0)
(0.0463341 -3.2045e-07 0)
(0.0463343 -3.50551e-07 0)
(0.0463345 -3.80548e-07 0)
(0.0463347 -4.11475e-07 0)
(0.0463329 -1.53043e-08 0)
(0.0463329 -3.4128e-08 0)
(0.0463329 -5.57663e-08 0)
(0.046333 -7.79966e-08 0)
(0.0463331 -1.00638e-07 0)
(0.0463331 -1.23907e-07 0)
(0.0463332 -1.47606e-07 0)
(0.0463333 -1.72109e-07 0)
(0.0463335 -1.97044e-07 0)
(0.0463336 -2.229e-07 0)
(0.0463337 -2.49095e-07 0)
(0.0463339 -2.76249e-07 0)
(0.0463341 -3.03541e-07 0)
(0.0463343 -3.31742e-07 0)
(0.0463344 -3.59809e-07 0)
(0.0463347 -3.88752e-07 0)
(0.0463329 -1.46215e-08 0)
(0.0463329 -3.25334e-08 0)
(0.0463329 -5.31462e-08 0)
(0.046333 -7.43022e-08 0)
(0.046333 -9.58219e-08 0)
(0.0463331 -1.17902e-07 0)
(0.0463332 -1.40353e-07 0)
(0.0463333 -1.6352e-07 0)
(0.0463334 -1.87051e-07 0)
(0.0463336 -2.11406e-07 0)
(0.0463337 -2.36033e-07 0)
(0.0463339 -2.61526e-07 0)
(0.046334 -2.87104e-07 0)
(0.0463342 -3.13518e-07 0)
(0.0463344 -3.39772e-07 0)
(0.0463346 -3.66861e-07 0)
(0.0463329 -1.39387e-08 0)
(0.0463329 -3.09414e-08 0)
(0.0463329 -5.05328e-08 0)
(0.046333 -7.06224e-08 0)
(0.046333 -9.10335e-08 0)
(0.0463331 -1.11945e-07 0)
(0.0463332 -1.33174e-07 0)
(0.0463333 -1.55042e-07 0)
(0.0463334 -1.77214e-07 0)
(0.0463336 -2.00127e-07 0)
(0.0463337 -2.23254e-07 0)
(0.0463339 -2.47168e-07 0)
(0.046334 -2.71122e-07 0)
(0.0463342 -2.9585e-07 0)
(0.0463344 -3.20397e-07 0)
(0.0463346 -3.45747e-07 0)
(0.0463329 -1.32569e-08 0)
(0.0463329 -2.93564e-08 0)
(0.0463329 -4.79328e-08 0)
(0.046333 -6.69664e-08 0)
(0.046333 -8.62832e-08 0)
(0.0463331 -1.06047e-07 0)
(0.0463332 -1.26081e-07 0)
(0.0463333 -1.46687e-07 0)
(0.0463334 -1.67545e-07 0)
(0.0463335 -1.89071e-07 0)
(0.0463337 -2.10761e-07 0)
(0.0463338 -2.33171e-07 0)
(0.046334 -2.55583e-07 0)
(0.0463342 -2.7872e-07 0)
(0.0463344 -3.01659e-07 0)
(0.0463346 -3.25378e-07 0)
(0.0463329 -1.2578e-08 0)
(0.0463329 -2.77838e-08 0)
(0.0463329 -4.53551e-08 0)
(0.0463329 -6.33456e-08 0)
(0.046333 -8.1585e-08 0)
(0.0463331 -1.00223e-07 0)
(0.0463332 -1.19092e-07 0)
(0.0463333 -1.38472e-07 0)
(0.0463334 -1.58059e-07 0)
(0.0463335 -1.7825e-07 0)
(0.0463337 -1.98563e-07 0)
(0.0463338 -2.19539e-07 0)
(0.046334 -2.40486e-07 0)
(0.0463342 -2.62117e-07 0)
(0.0463344 -2.83536e-07 0)
(0.0463346 -3.05719e-07 0)
(0.0463329 -1.19044e-08 0)
(0.0463329 -2.623e-08 0)
(0.0463329 -4.28098e-08 0)
(0.0463329 -5.97737e-08 0)
(0.046333 -7.69554e-08 0)
(0.0463331 -9.44934e-08 0)
(0.0463332 -1.12225e-07 0)
(0.0463333 -1.30415e-07 0)
(0.0463334 -1.48773e-07 0)
(0.0463335 -1.6768e-07 0)
(0.0463337 -1.86673e-07 0)
(0.0463338 -2.0628e-07 0)
(0.046334 -2.25832e-07 0)
(0.0463342 -2.46037e-07 0)
(0.0463343 -2.66018e-07 0)
(0.0463345 -2.86754e-07 0)
(0.0463328 -1.12388e-08 0)
(0.0463328 -2.47025e-08 0)
(0.0463329 -4.03086e-08 0)
(0.0463329 -5.62662e-08 0)
(0.046333 -7.24134e-08 0)
(0.0463331 -8.88784e-08 0)
(0.0463331 -1.05504e-07 0)
(0.0463332 -1.22542e-07 0)
(0.0463334 -1.39712e-07 0)
(0.0463335 -1.57382e-07 0)
(0.0463336 -1.75109e-07 0)
(0.0463338 -1.93408e-07 0)
(0.046334 -2.11631e-07 0)
(0.0463341 -2.30481e-07 0)
(0.0463343 -2.491e-07 0)
(0.0463345 -2.68472e-07 0)
(0.0463328 -1.05844e-08 0)
(0.0463328 -2.32091e-08 0)
(0.0463329 -3.78642e-08 0)
(0.0463329 -5.28405e-08 0)
(0.046333 -6.798e-08 0)
(0.046333 -8.34023e-08 0)
(0.0463331 -9.8956e-08 0)
(0.0463332 -1.14878e-07 0)
(0.0463334 -1.30903e-07 0)
(0.0463335 -1.47383e-07 0)
(0.0463336 -1.63894e-07 0)
(0.0463338 -1.8094e-07 0)
(0.0463339 -1.97893e-07 0)
(0.0463341 -2.15455e-07 0)
(0.0463343 -2.3278e-07 0)
(0.0463345 -2.5086e-07 0)
(0.0463328 -9.94472e-09 0)
(0.0463328 -2.17588e-08 0)
(0.0463329 -3.54908e-08 0)
(0.0463329 -4.95153e-08 0)
(0.046333 -6.36785e-08 0)
(0.046333 -7.80921e-08 0)
(0.0463331 -9.26095e-08 0)
(0.0463332 -1.07456e-07 0)
(0.0463333 -1.22377e-07 0)
(0.0463335 -1.37713e-07 0)
(0.0463336 -1.53055e-07 0)
(0.0463338 -1.68902e-07 0)
(0.0463339 -1.8464e-07 0)
(0.0463341 -2.00973e-07 0)
(0.0463343 -2.17064e-07 0)
(0.0463345 -2.33921e-07 0)
(0.0463328 -9.3234e-09 0)
(0.0463328 -2.0361e-08 0)
(0.0463329 -3.32035e-08 0)
(0.0463329 -4.63112e-08 0)
(0.046333 -5.95344e-08 0)
(0.046333 -7.29774e-08 0)
(0.0463331 -8.64978e-08 0)
(0.0463332 -1.0031e-07 0)
(0.0463333 -1.1417e-07 0)
(0.0463335 -1.28406e-07 0)
(0.0463336 -1.42627e-07 0)
(0.0463338 -1.57322e-07 0)
(0.0463339 -1.71896e-07 0)
(0.0463341 -1.87053e-07 0)
(0.0463343 -2.01966e-07 0)
(0.0463345 -2.17657e-07 0)
(0.0463328 -8.72456e-09 0)
(0.0463328 -1.90259e-08 0)
(0.0463329 -3.10189e-08 0)
(0.0463329 -4.32509e-08 0)
(0.046333 -5.55759e-08 0)
(0.046333 -6.80912e-08 0)
(0.0463331 -8.06582e-08 0)
(0.0463332 -9.34806e-08 0)
(0.0463333 -1.06324e-07 0)
(0.0463335 -1.19506e-07 0)
(0.0463336 -1.32652e-07 0)
(0.0463338 -1.4624e-07 0)
(0.0463339 -1.59697e-07 0)
(0.0463341 -1.73726e-07 0)
(0.0463343 -1.87509e-07 0)
(0.0463345 -2.02092e-07 0)
(0.0463328 -8.15261e-09 0)
(0.0463328 -1.77645e-08 0)
(0.0463329 -2.89546e-08 0)
(0.0463329 -4.03585e-08 0)
(0.046333 -5.18334e-08 0)
(0.046333 -6.34698e-08 0)
(0.0463331 -7.51318e-08 0)
(0.0463332 -8.70133e-08 0)
(0.0463333 -9.88881e-08 0)
(0.0463335 -1.11063e-07 0)
(0.0463336 -1.23179e-07 0)
(0.0463337 -1.35705e-07 0)
(0.0463339 -1.48088e-07 0)
(0.0463341 -1.61032e-07 0)
(0.0463343 -1.73728e-07 0)
(0.0463345 -1.8725e-07 0)
(0.0463328 -7.61226e-09 0)
(0.0463328 -1.65883e-08 0)
(0.0463329 -2.70293e-08 0)
(0.0463329 -3.76597e-08 0)
(0.046333 -4.83395e-08 0)
(0.046333 -5.91522e-08 0)
(0.0463331 -6.99639e-08 0)
(0.0463332 -8.09587e-08 0)
(0.0463333 -9.19173e-08 0)
(0.0463334 -1.03135e-07 0)
(0.0463336 -1.14269e-07 0)
(0.0463337 -1.25776e-07 0)
(0.0463339 -1.37126e-07 0)
(0.0463341 -1.49022e-07 0)
(0.0463343 -1.6067e-07 0)
(0.0463345 -1.73172e-07 0)
(0.0463328 -7.1084e-09 0)
(0.0463328 -1.55091e-08 0)
(0.0463328 -2.52622e-08 0)
(0.0463329 -3.51814e-08 0)
(0.0463329 -4.51284e-08 0)
(0.046333 -5.51803e-08 0)
(0.0463331 -6.52036e-08 0)
(0.0463332 -7.53729e-08 0)
(0.0463333 -8.54739e-08 0)
(0.0463334 -9.5791e-08 0)
(0.0463336 -1.05994e-07 0)
(0.0463337 -1.16527e-07 0)
(0.0463339 -1.26886e-07 0)
(0.0463341 -1.37767e-07 0)
(0.0463342 -1.48398e-07 0)
(0.0463344 -1.59914e-07 0)
(0.0463328 -6.64612e-09 0)
(0.0463328 -1.45386e-08 0)
(0.0463328 -2.36724e-08 0)
(0.0463329 -3.29503e-08 0)
(0.0463329 -4.22352e-08 0)
(0.046333 -5.15973e-08 0)
(0.0463331 -6.09025e-08 0)
(0.0463332 -7.03161e-08 0)
(0.0463333 -7.96265e-08 0)
(0.0463334 -8.91063e-08 0)
(0.0463336 -9.84364e-08 0)
(0.0463337 -1.08046e-07 0)
(0.0463339 -1.17456e-07 0)
(0.0463341 -1.27353e-07 0)
(0.0463342 -1.36995e-07 0)
(0.0463344 -1.47552e-07 0)
(0.0463328 -6.23043e-09 0)
(0.0463328 -1.3688e-08 0)
(0.0463328 -2.22785e-08 0)
(0.0463329 -3.09927e-08 0)
(0.0463329 -3.96941e-08 0)
(0.046333 -4.84461e-08 0)
(0.0463331 -5.71131e-08 0)
(0.0463332 -6.58511e-08 0)
(0.0463333 -7.44486e-08 0)
(0.0463334 -8.31662e-08 0)
(0.0463336 -9.1692e-08 0)
(0.0463337 -1.00437e-07 0)
(0.0463339 -1.08949e-07 0)
(0.0463341 -1.17894e-07 0)
(0.0463342 -1.26574e-07 0)
(0.0463344 -1.36187e-07 0)
(0.0463328 -5.86611e-09 0)
(0.0463328 -1.29673e-08 0)
(0.0463328 -2.1097e-08 0)
(0.0463329 -2.93324e-08 0)
(0.0463329 -3.75368e-08 0)
(0.046333 -4.57674e-08 0)
(0.0463331 -5.38862e-08 0)
(0.0463332 -6.20402e-08 0)
(0.0463333 -7.00157e-08 0)
(0.0463334 -7.80608e-08 0)
(0.0463336 -8.58661e-08 0)
(0.0463337 -9.3822e-08 0)
(0.0463339 -1.01497e-07 0)
(0.0463341 -1.09528e-07 0)
(0.0463342 -1.17274e-07 0)
(0.0463344 -1.25944e-07 0)
(0.0463328 -5.55749e-09 0)
(0.0463328 -1.23842e-08 0)
(0.0463328 -2.01408e-08 0)
(0.0463329 -2.79878e-08 0)
(0.0463329 -3.57882e-08 0)
(0.046333 -4.3594e-08 0)
(0.0463331 -5.1264e-08 0)
(0.0463332 -5.89375e-08 0)
(0.0463333 -6.63962e-08 0)
(0.0463334 -7.38766e-08 0)
(0.0463336 -8.10655e-08 0)
(0.0463337 -8.83304e-08 0)
(0.0463339 -9.52503e-08 0)
(0.046334 -1.02417e-07 0)
(0.0463342 -1.09256e-07 0)
(0.0463344 -1.16953e-07 0)
(0.0463328 -5.30778e-09 0)
(0.0463328 -1.1942e-08 0)
(0.0463328 -1.94155e-08 0)
(0.0463329 -2.69676e-08 0)
(0.0463329 -3.4461e-08 0)
(0.046333 -4.19434e-08 0)
(0.0463331 -4.9271e-08 0)
(0.0463332 -5.65768e-08 0)
(0.0463333 -6.36382e-08 0)
(0.0463334 -7.06811e-08 0)
(0.0463336 -7.73846e-08 0)
(0.0463337 -8.4094e-08 0)
(0.0463339 -9.03828e-08 0)
(0.046334 -9.67884e-08 0)
(0.0463342 -1.02776e-07 0)
(0.0463344 -1.09467e-07 0)
(0.0463328 -5.11841e-09 0)
(0.0463328 -1.16437e-08 0)
(0.0463328 -1.89263e-08 0)
(0.0463329 -2.62793e-08 0)
(0.0463329 -3.35656e-08 0)
(0.046333 -4.08301e-08 0)
(0.0463331 -4.79274e-08 0)
(0.0463332 -5.49868e-08 0)
(0.0463333 -6.17827e-08 0)
(0.0463334 -6.8535e-08 0)
(0.0463336 -7.49167e-08 0)
(0.0463337 -8.12581e-08 0)
(0.0463339 -8.71202e-08 0)
(0.046334 -9.2991e-08 0)
(0.0463342 -9.83385e-08 0)
(0.0463344 -1.0415e-07 0)
(0.0463328 -4.99068e-09 0)
(0.0463328 -1.15017e-08 0)
(0.0463328 -1.86934e-08 0)
(0.0463329 -2.59517e-08 0)
(0.0463329 -3.31397e-08 0)
(0.046333 -4.0301e-08 0)
(0.0463331 -4.72899e-08 0)
(0.0463332 -5.42346e-08 0)
(0.0463333 -6.09089e-08 0)
(0.0463334 -6.75321e-08 0)
(0.0463336 -7.37762e-08 0)
(0.0463337 -7.99698e-08 0)
(0.0463339 -8.56706e-08 0)
(0.046334 -9.13487e-08 0)
(0.0463342 -9.64569e-08 0)
(0.0463344 -1.01809e-07 0)
(0.0463328 -4.92987e-09 0)
(0.0463328 -1.15006e-08 0)
(0.0463328 -1.86916e-08 0)
(0.0463329 -2.59493e-08 0)
(0.0463329 -3.31366e-08 0)
(0.046333 -4.02972e-08 0)
(0.0463331 -4.72855e-08 0)
(0.0463332 -5.42295e-08 0)
(0.0463333 -6.09032e-08 0)
(0.0463334 -6.75257e-08 0)
(0.0463336 -7.37693e-08 0)
(0.0463337 -7.99624e-08 0)
(0.0463339 -8.56628e-08 0)
(0.046334 -9.13405e-08 0)
(0.0463342 -9.64484e-08 0)
(0.0463344 -1.018e-07 0)
(0.0463328 -4.92942e-09 0)
)
;

boundaryField
{
    wireUpstream
    {
        type            calculated;
        value           nonuniform List<vector> 
16
(
(0.0463328 0 0)
(0.0463328 0 0)
(0.0463329 0 0)
(0.0463329 0 0)
(0.046333 0 0)
(0.0463331 0 0)
(0.0463332 0 0)
(0.0463333 0 0)
(0.0463334 0 0)
(0.0463336 0 0)
(0.0463337 0 0)
(0.0463339 0 0)
(0.046334 0 0)
(0.0463342 0 0)
(0.0463344 0 0)
(0.0463328 0 0)
)
;
    }
    wireDownstream
    {
        type            calculated;
        value           nonuniform List<vector> 
16
(
(0.0465348 -2.2048e-06 1.34773e-14)
(0.0465345 -3.58333e-06 9.36716e-15)
(0.0465341 -4.9845e-06 -9.78762e-15)
(0.0465336 -6.37693e-06 -2.84225e-14)
(0.046533 -7.77776e-06 8.3362e-15)
(0.0465323 -9.15918e-06 4.23542e-14)
(0.0465315 -1.05478e-05 1.02682e-14)
(0.0465307 -1.19101e-05 -2.38975e-14)
(0.0465299 -1.32792e-05 4.23128e-15)
(0.0465291 -1.4616e-05 2.61217e-14)
(0.0465283 -1.59527e-05 -1.10569e-15)
(0.0465276 -1.72504e-05 -1.60619e-14)
(0.0465271 -1.85292e-05 1.92638e-15)
(0.0465268 -1.97643e-05 2.23719e-14)
(0.0465268 -2.09668e-05 5.78548e-15)
(0.0465349 -9.43561e-07 3.20196e-15)
)
;
    }
    wireTopContact
    {
        type            calculated;
        value           nonuniform List<vector> 
122
(
(0.046524 -2.15538e-05 3.07886e-13)
(0.0465211 -2.15804e-05 3.08272e-13)
(0.0465183 -2.16084e-05 3.08675e-13)
(0.0465154 -2.16372e-05 3.09093e-13)
(0.0465125 -2.16667e-05 3.09519e-13)
(0.0465097 -2.16967e-05 3.09953e-13)
(0.0465068 -2.1727e-05 3.10392e-13)
(0.0465039 -2.17576e-05 3.10835e-13)
(0.046501 -2.17884e-05 3.1128e-13)
(0.0464982 -2.18193e-05 3.11727e-13)
(0.0464953 -2.18502e-05 3.12174e-13)
(0.0464924 -2.18811e-05 3.12621e-13)
(0.0464895 -2.1912e-05 3.13068e-13)
(0.0464866 -2.19429e-05 3.13514e-13)
(0.0464837 -2.19736e-05 3.13959e-13)
(0.0464808 -2.20044e-05 3.14403e-13)
(0.0464779 -2.2035e-05 3.14847e-13)
(0.046475 -2.20656e-05 3.15288e-13)
(0.046472 -2.20961e-05 3.15729e-13)
(0.0464691 -2.21266e-05 3.1617e-13)
(0.0464662 -2.21569e-05 3.16608e-13)
(0.0464633 -2.21872e-05 3.17046e-13)
(0.0464603 -2.22174e-05 3.17483e-13)
(0.0464574 -2.22476e-05 3.17919e-13)
(0.0464544 -2.22777e-05 3.18354e-13)
(0.0464515 -2.23078e-05 3.18789e-13)
(0.0464485 -2.2338e-05 3.19225e-13)
(0.0464456 -2.23683e-05 3.19663e-13)
(0.0464426 -2.23989e-05 3.20105e-13)
(0.0464396 -2.24299e-05 3.20552e-13)
(0.0464367 -2.24615e-05 3.21009e-13)
(0.0464337 -2.24939e-05 3.21476e-13)
(0.0464307 -2.25274e-05 3.21959e-13)
(0.0464277 -2.25623e-05 3.22463e-13)
(0.0464247 -2.25992e-05 3.22996e-13)
(0.0464217 -2.26387e-05 3.23565e-13)
(0.0464187 -2.26814e-05 3.24182e-13)
(0.0464157 -2.27282e-05 3.24858e-13)
(0.0464127 -2.27802e-05 3.2561e-13)
(0.0464097 -2.28386e-05 3.26455e-13)
(0.0464066 -2.29052e-05 3.27418e-13)
(0.0464036 -2.29818e-05 3.28528e-13)
(0.0464005 -2.30713e-05 3.29824e-13)
(0.0463975 -2.31762e-05 3.31339e-13)
(0.0463944 -2.33013e-05 3.33146e-13)
(0.0463913 -2.34586e-05 3.35463e-13)
(0.0463882 -2.36692e-05 3.38539e-13)
(0.0463852 -2.39317e-05 3.4227e-13)
(0.0463821 -2.42128e-05 3.46318e-13)
(0.0463791 -2.44982e-05 3.50424e-13)
(0.046376 -2.47739e-05 3.54433e-13)
(0.046373 -2.50246e-05 3.58166e-13)
(0.0463701 -2.52279e-05 3.61306e-13)
(0.0463672 -2.53477e-05 3.63296e-13)
(0.0463645 -2.53286e-05 3.6327e-13)
(0.0463618 -2.51039e-05 3.6016e-13)
(0.0463594 -2.46134e-05 3.53094e-13)
(0.0463571 -2.38263e-05 3.41697e-13)
(0.0463549 -2.2755e-05 3.26099e-13)
(0.0463529 -2.1432e-05 3.06787e-13)
(0.0463511 -1.99e-05 2.84434e-13)
(0.0463493 -1.82097e-05 2.59816e-13)
(0.0463477 -1.64163e-05 2.33768e-13)
(0.0463462 -1.45769e-05 2.07138e-13)
(0.0463449 -1.2748e-05 1.80751e-13)
(0.0463436 -1.09822e-05 1.55363e-13)
(0.0463425 -9.32652e-06 1.31633e-13)
(0.0463414 -7.81861e-06 1.10079e-13)
(0.0463405 -6.4854e-06 9.1061e-14)
(0.0463397 -5.34331e-06 7.48074e-14)
(0.046339 -4.40091e-06 6.14713e-14)
(0.0463384 -3.65935e-06 5.10727e-14)
(0.0463379 -3.10222e-06 4.33877e-14)
(0.0463376 -2.68838e-06 3.78846e-14)
(0.0463373 -2.36967e-06 3.3517e-14)
(0.0463371 -2.10975e-06 2.9803e-14)
(0.0463368 -1.8897e-06 2.66825e-14)
(0.0463366 -1.70239e-06 2.40422e-14)
(0.0463364 -1.54247e-06 2.17902e-14)
(0.0463363 -1.40542e-06 1.98627e-14)
(0.0463361 -1.28749e-06 1.82048e-14)
(0.046336 -1.18546e-06 1.67715e-14)
(0.0463358 -1.0967e-06 1.55249e-14)
(0.0463357 -1.01896e-06 1.44336e-14)
(0.0463356 -9.50389e-07 1.34713e-14)
(0.0463355 -8.89463e-07 1.26162e-14)
(0.0463354 -8.34862e-07 1.18504e-14)
(0.0463353 -7.85582e-07 1.11589e-14)
(0.0463353 -7.40725e-07 1.05296e-14)
(0.0463352 -6.99572e-07 9.95225e-15)
(0.0463351 -6.61527e-07 9.41836e-15)
(0.0463351 -6.26098e-07 8.92124e-15)
(0.046335 -5.92915e-07 8.45541e-15)
(0.046335 -5.61644e-07 8.01643e-15)
(0.0463349 -5.32041e-07 7.60074e-15)
(0.0463349 -5.03895e-07 7.2054e-15)
(0.0463348 -4.77035e-07 6.8281e-15)
(0.0463348 -4.51333e-07 6.46695e-15)
(0.0463348 -4.26677e-07 6.12045e-15)
(0.0463348 -4.02981e-07 5.78741e-15)
(0.0463347 -3.80181e-07 5.46685e-15)
(0.0463347 -3.58213e-07 5.15802e-15)
(0.0463347 -3.37043e-07 4.8603e-15)
(0.0463347 -3.16629e-07 4.57323e-15)
(0.0463346 -2.96952e-07 4.29651e-15)
(0.0463346 -2.77999e-07 4.02988e-15)
(0.0463346 -2.5975e-07 3.77322e-15)
(0.0463346 -2.42209e-07 3.52642e-15)
(0.0463346 -2.25372e-07 3.28958e-15)
(0.0463346 -2.09261e-07 3.06289e-15)
(0.0463346 -1.93897e-07 2.84673e-15)
(0.0463346 -1.79318e-07 2.64159e-15)
(0.0463345 -1.65578e-07 2.4482e-15)
(0.0463345 -1.52745e-07 2.26758e-15)
(0.0463345 -1.40921e-07 2.10117e-15)
(0.0463345 -1.3022e-07 1.95057e-15)
(0.0463345 -1.20765e-07 1.81715e-15)
(0.0463345 -1.12797e-07 1.70501e-15)
(0.0463345 -1.07021e-07 1.62643e-15)
(0.0463345 -1.0437e-07 1.59517e-15)
(0.0463345 -1.04178e-07 1.6047e-15)
(0.0465268 -2.15309e-05 3.07574e-13)
)
;
    }
    front
    {
        type            wedge;
    }
    back
    {
        type            wedge;
    }
}


// ************************************************************************* //
