/*--------------------------------*- C++ -*----------------------------------*\
| =========                 |                                                 |
| \\      /  F ield         | foam-extend: Open Source CFD                    |
|  \\    /   O peration     | Version:     4.1-20200408                       |
|   \\  /    A nd           | Web:         http://www.foam-extend.org         |
|    \\/     M anipulation  |                                                 |
\*---------------------------------------------------------------------------*/
FoamFile
{
    version     2.0;
    format      ascii;
    class       volVectorField;
    location    "0.0475000";
    object      Velocity;
}
// * * * * * * * * * * * * * * * * * * * * * * * * * * * * * * * * * * * * * //

dimensions      [0 1 -1 0 0 0 0];

internalField   nonuniform List<vector> 
1952
(
(0.999993 -1.7458e-05 0)
(0.999993 -2.69655e-05 0)
(0.999994 -4.01124e-05 0)
(0.999995 -4.88598e-05 0)
(0.999996 -6.32803e-05 0)
(0.999997 -7.17925e-05 0)
(1 -8.6775e-05 0)
(1 -9.50906e-05 0)
(1.00001 -0.000109674 0)
(1.00001 -0.000117223 0)
(1.00002 -0.00012969 0)
(1.00003 -0.000134898 0)
(1.00004 -0.000142273 0)
(1.00007 -0.000141856 0)
(1.00014 -0.000137671 0)
(0.999993 -7.30077e-06 0)
(0.999991 -9.70203e-06 0)
(0.999992 -1.52604e-05 0)
(0.999993 -2.18739e-05 0)
(0.999994 -2.69479e-05 0)
(0.999997 -3.35958e-05 0)
(0.999999 -3.80369e-05 0)
(1 -4.42662e-05 0)
(1.00001 -4.75731e-05 0)
(1.00001 -5.27564e-05 0)
(1.00002 -5.45799e-05 0)
(1.00003 -5.80413e-05 0)
(1.00004 -5.77108e-05 0)
(1.00006 -5.85018e-05 0)
(1.00007 -5.55879e-05 0)
(1.0001 -5.52399e-05 0)
(0.999991 -4.10157e-06 0)
(0.999993 -7.14159e-06 0)
(0.999993 -1.14762e-05 0)
(0.999995 -1.58939e-05 0)
(0.999996 -1.98458e-05 0)
(0.999999 -2.39139e-05 0)
(1 -2.70962e-05 0)
(1.00001 -3.0449e-05 0)
(1.00001 -3.22846e-05 0)
(1.00002 -3.44561e-05 0)
(1.00002 -3.46848e-05 0)
(1.00003 -3.54227e-05 0)
(1.00005 -3.38866e-05 0)
(1.00006 -3.30715e-05 0)
(1.00008 -3.02854e-05 0)
(1.0001 -2.95197e-05 0)
(0.999992 -3.05569e-06 0)
(0.999997 -4.76444e-06 0)
(0.999997 -7.64559e-06 0)
(0.999999 -1.04103e-05 0)
(1 -1.28935e-05 0)
(1 -1.51626e-05 0)
(1.00001 -1.68302e-05 0)
(1.00001 -1.8301e-05 0)
(1.00002 -1.87182e-05 0)
(1.00002 -1.9101e-05 0)
(1.00003 -1.81031e-05 0)
(1.00004 -1.73559e-05 0)
(1.00005 -1.50811e-05 0)
(1.00007 -1.36428e-05 0)
(1.00008 -1.11225e-05 0)
(1.0001 -1.11553e-05 0)
(0.999996 -2.04363e-06 0)
(1 -2.67722e-06 0)
(1 -4.2564e-06 0)
(1.00001 -5.65795e-06 0)
(1.00001 -6.83346e-06 0)
(1.00001 -7.71252e-06 0)
(1.00001 -8.11659e-06 0)
(1.00002 -8.2497e-06 0)
(1.00002 -7.58242e-06 0)
(1.00003 -6.84226e-06 0)
(1.00004 -5.10832e-06 0)
(1.00005 -3.6663e-06 0)
(1.00006 -1.25253e-06 0)
(1.00007 2.45684e-07 0)
(1.00008 2.29128e-06 0)
(1.0001 2.31638e-06 0)
(1 -1.15243e-06 0)
(1.00001 -9.13076e-07 0)
(1.00001 -1.39061e-06 0)
(1.00001 -1.68956e-06 0)
(1.00001 -1.77845e-06 0)
(1.00002 -1.604e-06 0)
(1.00002 -1.01342e-06 0)
(1.00003 -2.2089e-07 0)
(1.00003 1.22029e-06 0)
(1.00004 2.64415e-06 0)
(1.00005 4.82088e-06 0)
(1.00006 6.60686e-06 0)
(1.00006 9.03759e-06 0)
(1.00008 1.04991e-05 0)
(1.00009 1.22272e-05 0)
(1.0001 1.21777e-05 0)
(1.00001 -3.96948e-07 0)
(1.00002 5.16586e-07 0)
(1.00002 9.26233e-07 0)
(1.00002 1.49483e-06 0)
(1.00002 2.25647e-06 0)
(1.00003 3.21358e-06 0)
(1.00003 4.53793e-06 0)
(1.00004 5.95521e-06 0)
(1.00004 7.91296e-06 0)
(1.00005 9.72362e-06 0)
(1.00005 1.212e-05 0)
(1.00006 1.40149e-05 0)
(1.00007 1.63529e-05 0)
(1.00008 1.77297e-05 0)
(1.00009 1.92495e-05 0)
(1.0001 1.93277e-05 0)
(1.00002 2.16055e-07 0)
(1.00003 1.61957e-06 0)
(1.00003 2.70831e-06 0)
(1.00003 3.92848e-06 0)
(1.00003 5.32202e-06 0)
(1.00004 6.83368e-06 0)
(1.00004 8.67321e-06 0)
(1.00005 1.04895e-05 0)
(1.00005 1.27745e-05 0)
(1.00006 1.4786e-05 0)
(1.00006 1.72845e-05 0)
(1.00007 1.91932e-05 0)
(1.00008 2.14435e-05 0)
(1.00009 2.27603e-05 0)
(1.00009 2.41766e-05 0)
(1.0001 2.43922e-05 0)
(1.00003 6.89535e-07 0)
(1.00004 2.42209e-06 0)
(1.00004 4.00075e-06 0)
(1.00004 5.68252e-06 0)
(1.00004 7.51766e-06 0)
(1.00005 9.39807e-06 0)
(1.00005 1.15766e-05 0)
(1.00006 1.36255e-05 0)
(1.00006 1.61012e-05 0)
(1.00007 1.81924e-05 0)
(1.00007 2.07221e-05 0)
(1.00008 2.25955e-05 0)
(1.00008 2.47737e-05 0)
(1.00009 2.60617e-05 0)
(1.0001 2.74556e-05 0)
(1.0001 2.7855e-05 0)
(1.00004 1.03435e-06 0)
(1.00005 2.95712e-06 0)
(1.00005 4.85973e-06 0)
(1.00005 6.83832e-06 0)
(1.00005 8.95593e-06 0)
(1.00006 1.10527e-05 0)
(1.00006 1.34345e-05 0)
(1.00007 1.55916e-05 0)
(1.00007 1.81662e-05 0)
(1.00008 2.02613e-05 0)
(1.00008 2.27916e-05 0)
(1.00009 2.4616e-05 0)
(1.00009 2.67555e-05 0)
(1.0001 2.80477e-05 0)
(1.0001 2.94776e-05 0)
(1.00011 3.00697e-05 0)
(1.00005 1.26455e-06 0)
(1.00006 3.26126e-06 0)
(1.00006 5.34573e-06 0)
(1.00006 7.48304e-06 0)
(1.00006 9.75176e-06 0)
(1.00007 1.19439e-05 0)
(1.00007 1.44243e-05 0)
(1.00008 1.65991e-05 0)
(1.00008 1.92093e-05 0)
(1.00009 2.12611e-05 0)
(1.00009 2.37793e-05 0)
(1.0001 2.5554e-05 0)
(1.0001 2.76863e-05 0)
(1.0001 2.90106e-05 0)
(1.00011 3.05195e-05 0)
(1.00011 3.13134e-05 0)
(1.00006 1.3957e-06 0)
(1.00007 3.36942e-06 0)
(1.00007 5.51671e-06 0)
(1.00007 7.69705e-06 0)
(1.00007 1.00115e-05 0)
(1.00008 1.22008e-05 0)
(1.00008 1.4702e-05 0)
(1.00009 1.68252e-05 0)
(1.00009 1.94312e-05 0)
(1.00009 2.14085e-05 0)
(1.0001 2.39151e-05 0)
(1.0001 2.56456e-05 0)
(1.0001 2.78008e-05 0)
(1.00011 2.91793e-05 0)
(1.00011 3.07983e-05 0)
(1.00011 3.17955e-05 0)
(1.00007 1.44276e-06 0)
(1.00008 3.31394e-06 0)
(1.00008 5.42499e-06 0)
(1.00008 7.55395e-06 0)
(1.00008 9.82845e-06 0)
(1.00009 1.1938e-05 0)
(1.00009 1.43999e-05 0)
(1.00009 1.64209e-05 0)
(1.0001 1.89953e-05 0)
(1.0001 2.08784e-05 0)
(1.0001 2.33781e-05 0)
(1.00011 2.5072e-05 0)
(1.00011 2.72753e-05 0)
(1.00012 2.87256e-05 0)
(1.00012 3.04776e-05 0)
(1.00012 3.1679e-05 0)
(1.00008 1.41954e-06 0)
(1.00009 3.12235e-06 0)
(1.00009 5.1158e-06 0)
(1.00009 7.11482e-06 0)
(1.00009 9.28187e-06 0)
(1.0001 1.12477e-05 0)
(1.0001 1.36267e-05 0)
(1.0001 1.55035e-05 0)
(1.0001 1.80305e-05 0)
(1.00011 1.98037e-05 0)
(1.00011 2.23055e-05 0)
(1.00012 2.39689e-05 0)
(1.00012 2.62427e-05 0)
(1.00012 2.77785e-05 0)
(1.00012 2.96819e-05 0)
(1.00013 3.10884e-05 0)
(1.00009 1.33791e-06 0)
(1.0001 2.81832e-06 0)
(1.0001 4.62681e-06 0)
(1.0001 6.43212e-06 0)
(1.0001 8.43637e-06 0)
(1.0001 1.02078e-05 0)
(1.00011 1.24691e-05 0)
(1.00011 1.41697e-05 0)
(1.00011 1.66377e-05 0)
(1.00012 1.829e-05 0)
(1.00012 2.08019e-05 0)
(1.00013 2.2441e-05 0)
(1.00013 2.48037e-05 0)
(1.00013 2.6437e-05 0)
(1.00013 2.85071e-05 0)
(1.00013 3.01214e-05 0)
(1.00009 1.20795e-06 0)
(1.0001 2.42112e-06 0)
(1.0001 3.98951e-06 0)
(1.00011 5.5473e-06 0)
(1.00011 7.34531e-06 0)
(1.00011 8.87787e-06 0)
(1.00011 1.09965e-05 0)
(1.00012 1.24912e-05 0)
(1.00012 1.48948e-05 0)
(1.00013 1.6414e-05 0)
(1.00013 1.89461e-05 0)
(1.00013 2.05641e-05 0)
(1.00013 2.3033e-05 0)
(1.00014 2.47743e-05 0)
(1.00014 2.7026e-05 0)
(1.00014 2.88544e-05 0)
(1.0001 1.038e-06 0)
(1.00011 1.94719e-06 0)
(1.00011 3.22969e-06 0)
(1.00011 4.49602e-06 0)
(1.00011 6.05155e-06 0)
(1.00012 7.30907e-06 0)
(1.00012 9.26427e-06 0)
(1.00013 1.05286e-05 0)
(1.00013 1.2863e-05 0)
(1.00013 1.42392e-05 0)
(1.00013 1.67993e-05 0)
(1.00014 1.83998e-05 0)
(1.00014 2.09897e-05 0)
(1.00014 2.28501e-05 0)
(1.00014 2.52982e-05 0)
(1.00015 2.73506e-05 0)
(1.00011 8.35065e-07 0)
(1.00012 1.41086e-06 0)
(1.00012 2.37064e-06 0)
(1.00012 3.30824e-06 0)
(1.00012 4.59358e-06 0)
(1.00013 5.54267e-06 0)
(1.00013 7.32043e-06 0)
(1.00013 8.32913e-06 0)
(1.00013 1.05937e-05 0)
(1.00014 1.18141e-05 0)
(1.00014 1.44117e-05 0)
(1.00015 1.59955e-05 0)
(1.00015 1.87214e-05 0)
(1.00015 2.07124e-05 0)
(1.00015 2.33733e-05 0)
(1.00015 2.56649e-05 0)
(1.00011 6.0535e-07 0)
(1.00012 8.25729e-07 0)
(1.00012 1.43357e-06 0)
(1.00012 2.01292e-06 0)
(1.00013 3.00593e-06 0)
(1.00013 3.61904e-06 0)
(1.00013 5.208e-06 0)
(1.00014 5.93926e-06 0)
(1.00014 8.13318e-06 0)
(1.00015 9.18619e-06 0)
(1.00015 1.18289e-05 0)
(1.00016 1.33972e-05 0)
(1.00016 1.6273e-05 0)
(1.00016 1.84077e-05 0)
(1.00016 2.12994e-05 0)
(1.00016 2.38506e-05 0)
(1.00012 3.5465e-07 0)
(1.00012 2.06747e-07 0)
(1.00012 4.42511e-07 0)
(1.00013 6.41051e-07 0)
(1.00013 1.32783e-06 0)
(1.00014 1.58034e-06 0)
(1.00014 2.97545e-06 0)
(1.00015 3.40664e-06 0)
(1.00015 5.53268e-06 0)
(1.00015 6.40397e-06 0)
(1.00016 9.10065e-06 0)
(1.00016 1.06528e-05 0)
(1.00016 1.36929e-05 0)
(1.00017 1.59856e-05 0)
(1.00017 1.91284e-05 0)
(1.00017 2.19657e-05 0)
(1.00012 8.94143e-08 0)
(1.00013 -4.29069e-07 0)
(1.00013 -5.75643e-07 0)
(1.00013 -7.71413e-07 0)
(1.00013 -3.96887e-07 0)
(1.00014 -5.23542e-07 0)
(1.00014 6.77318e-07 0)
(1.00015 7.88542e-07 0)
(1.00015 2.85094e-06 0)
(1.00016 3.52636e-06 0)
(1.00016 6.28543e-06 0)
(1.00017 7.82009e-06 0)
(1.00017 1.10385e-05 0)
(1.00018 1.35053e-05 0)
(1.00018 1.69217e-05 0)
(1.00018 2.00775e-05 0)
(1.00013 -1.83066e-07 0)
(1.00013 -1.05885e-06 0)
(1.00013 -1.58456e-06 0)
(1.00013 -2.17641e-06 0)
(1.00013 -2.10871e-06 0)
(1.00014 -2.62606e-06 0)
(1.00014 -1.61196e-06 0)
(1.00015 -1.83826e-06 0)
(1.00016 1.6843e-07 0)
(1.00017 6.33135e-07 0)
(1.00017 3.46335e-06 0)
(1.00018 4.97827e-06 0)
(1.00018 8.38848e-06 0)
(1.00019 1.10467e-05 0)
(1.00019 1.47605e-05 0)
(1.00019 1.82735e-05 0)
(1.00013 -4.52981e-07 0)
(1.00013 -1.6537e-06 0)
(1.00013 -2.53794e-06 0)
(1.00013 -3.51279e-06 0)
(1.00014 -3.73144e-06 0)
(1.00014 -4.64164e-06 0)
(1.00015 -3.79625e-06 0)
(1.00016 -4.37418e-06 0)
(1.00016 -2.40972e-06 0)
(1.00017 -2.17174e-06 0)
(1.00018 7.39877e-07 0)
(1.00019 2.23009e-06 0)
(1.00019 5.84533e-06 0)
(1.0002 8.71211e-06 0)
(1.0002 1.27487e-05 0)
(1.0002 1.66632e-05 0)
(1.00013 -7.07905e-07 0)
(1.00012 -2.17324e-06 0)
(1.00013 -3.37187e-06 0)
(1.00013 -4.69447e-06 0)
(1.00014 -5.15977e-06 0)
(1.00014 -6.44905e-06 0)
(1.00015 -5.74196e-06 0)
(1.00016 -6.67689e-06 0)
(1.00016 -4.73624e-06 0)
(1.00018 -4.73839e-06 0)
(1.00018 -1.73596e-06 0)
(1.00019 -2.76073e-07 0)
(1.0002 3.55428e-06 0)
(1.00021 6.64702e-06 0)
(1.00021 1.10308e-05 0)
(1.00021 1.53962e-05 0)
(1.00012 -9.3056e-07 0)
(1.00012 -2.56525e-06 0)
(1.00012 -4.00223e-06 0)
(1.00013 -5.61037e-06 0)
(1.00013 -6.25432e-06 0)
(1.00014 -7.8915e-06 0)
(1.00015 -7.2714e-06 0)
(1.00016 -8.56192e-06 0)
(1.00017 -6.61473e-06 0)
(1.00018 -6.87248e-06 0)
(1.00019 -3.76613e-06 0)
(1.0002 -2.3482e-06 0)
(1.00021 1.70591e-06 0)
(1.00022 5.0382e-06 0)
(1.00022 9.79218e-06 0)
(1.00022 1.46619e-05 0)
(1.00012 -1.09846e-06 0)
(1.00012 -2.75883e-06 0)
(1.00012 -4.31669e-06 0)
(1.00013 -6.10815e-06 0)
(1.00013 -6.82903e-06 0)
(1.00014 -8.75222e-06 0)
(1.00015 -8.14625e-06 0)
(1.00016 -9.77234e-06 0)
(1.00017 -7.77953e-06 0)
(1.00018 -8.30178e-06 0)
(1.00019 -5.08009e-06 0)
(1.00021 -3.71764e-06 0)
(1.00022 5.61806e-07 0)
(1.00023 4.14346e-06 0)
(1.00023 9.28516e-06 0)
(1.00024 1.47145e-05 0)
(1.00012 -1.18127e-06 0)
(1.00011 -2.66266e-06 0)
(1.00011 -4.16806e-06 0)
(1.00012 -5.99243e-06 0)
(1.00013 -6.63907e-06 0)
(1.00014 -8.75346e-06 0)
(1.00015 -8.05216e-06 0)
(1.00016 -9.97885e-06 0)
(1.00017 -7.88053e-06 0)
(1.00019 -8.67747e-06 0)
(1.0002 -5.32343e-06 0)
(1.00022 -4.04047e-06 0)
(1.00023 4.6062e-07 0)
(1.00024 4.29149e-06 0)
(1.00025 9.83095e-06 0)
(1.00025 1.58749e-05 0)
(1.00011 -1.1397e-06 0)
(1.0001 -2.15772e-06 0)
(1.00011 -3.36708e-06 0)
(1.00012 -5.00608e-06 0)
(1.00012 -5.36938e-06 0)
(1.00014 -7.52683e-06 0)
(1.00014 -6.58252e-06 0)
(1.00016 -8.74188e-06 0)
(1.00017 -6.46117e-06 0)
(1.00019 -7.53195e-06 0)
(1.0002 -4.02994e-06 0)
(1.00022 -2.8564e-06 0)
(1.00024 1.84984e-06 0)
(1.00025 5.91792e-06 0)
(1.00026 1.18516e-05 0)
(1.00027 1.85604e-05 0)
(1.0001 -9.22755e-07 0)
(1.0001 -1.09258e-06 0)
(1.0001 -1.66993e-06 0)
(1.00011 -2.8231e-06 0)
(1.00011 -2.61279e-06 0)
(1.00013 -4.60551e-06 0)
(1.00014 -3.21092e-06 0)
(1.00016 -5.50406e-06 0)
(1.00017 -2.93071e-06 0)
(1.00019 -4.27198e-06 0)
(1.00021 -5.99011e-07 0)
(1.00023 4.18465e-07 0)
(1.00025 5.30089e-06 0)
(1.00027 9.57355e-06 0)
(1.00028 1.58793e-05 0)
(1.00029 2.32942e-05 0)
(1.0001 -4.65328e-07 0)
(1.00009 7.22905e-07 0)
(1.00009 1.22704e-06 0)
(1.0001 9.6925e-07 0)
(1.00011 2.1391e-06 0)
(1.00013 6.05891e-07 0)
(1.00013 2.72419e-06 0)
(1.00016 4.50287e-07 0)
(1.00017 3.45927e-06 0)
(1.00019 1.86758e-06 0)
(1.00021 5.73591e-06 0)
(1.00024 6.53692e-06 0)
(1.00026 1.15452e-05 0)
(1.00028 1.59636e-05 0)
(1.0003 2.25919e-05 0)
(1.00031 3.07378e-05 0)
(1.00009 3.14094e-07 0)
(1.00008 3.52638e-06 0)
(1.00009 5.70626e-06 0)
(1.0001 6.88642e-06 0)
(1.0001 9.52861e-06 0)
(1.00012 8.85222e-06 0)
(1.00013 1.20609e-05 0)
(1.00015 1.00189e-05 0)
(1.00017 1.36586e-05 0)
(1.0002 1.18489e-05 0)
(1.00022 1.59469e-05 0)
(1.00024 1.64462e-05 0)
(1.00027 2.15059e-05 0)
(1.0003 2.59727e-05 0)
(1.00032 3.28366e-05 0)
(1.00034 4.17133e-05 0)
(1.00008 1.51763e-06 0)
(1.00008 7.60592e-06 0)
(1.00008 1.22299e-05 0)
(1.00009 1.55578e-05 0)
(1.0001 2.0336e-05 0)
(1.00011 2.10501e-05 0)
(1.00013 2.58264e-05 0)
(1.00015 2.43157e-05 0)
(1.00017 2.88428e-05 0)
(1.0002 2.68737e-05 0)
(1.00022 3.12463e-05 0)
(1.00025 3.1332e-05 0)
(1.00028 3.63364e-05 0)
(1.00031 4.07039e-05 0)
(1.00034 4.76667e-05 0)
(1.00037 5.7237e-05 0)
(1.00007 3.26888e-06 0)
(1.00007 1.33128e-05 0)
(1.00008 2.13638e-05 0)
(1.00009 2.77528e-05 0)
(1.00009 3.55209e-05 0)
(1.00011 3.83266e-05 0)
(1.00012 4.52909e-05 0)
(1.00015 4.47198e-05 0)
(1.00017 5.04738e-05 0)
(1.0002 4.8439e-05 0)
(1.00023 5.31483e-05 0)
(1.00026 5.26756e-05 0)
(1.00029 5.7477e-05 0)
(1.00033 6.15306e-05 0)
(1.00036 6.83877e-05 0)
(1.0004 7.85629e-05 0)
(1.00007 5.7187e-06 0)
(1.00008 2.10574e-05 0)
(1.00008 3.37696e-05 0)
(1.00009 4.43769e-05 0)
(1.00009 5.62151e-05 0)
(1.00011 6.20209e-05 0)
(1.00012 7.19719e-05 0)
(1.00014 7.28896e-05 0)
(1.00017 8.03229e-05 0)
(1.0002 7.83653e-05 0)
(1.00023 8.35074e-05 0)
(1.00027 8.22908e-05 0)
(1.00031 8.66984e-05 0)
(1.00035 9.0135e-05 0)
(1.00039 9.65959e-05 0)
(1.00043 0.000107216 0)
(1.00007 9.04321e-06 0)
(1.00009 3.13211e-05 0)
(1.00009 5.02254e-05 0)
(1.0001 6.64999e-05 0)
(1.0001 8.37601e-05 0)
(1.00011 9.37342e-05 0)
(1.00012 0.000107689 0)
(1.00014 0.000110836 0)
(1.00017 0.000120543 0)
(1.0002 0.000118889 0)
(1.00023 0.000124605 0)
(1.00027 0.000122423 0)
(1.00032 0.000126191 0)
(1.00037 0.000128596 0)
(1.00042 0.000134256 0)
(1.00047 0.000145064 0)
(1.00008 1.3449e-05 0)
(1.00011 4.46405e-05 0)
(1.0001 7.16022e-05 0)
(1.00011 9.53258e-05 0)
(1.00011 0.000119679 0)
(1.00012 0.000135296 0)
(1.00013 0.000154549 0)
(1.00015 0.0001609 0)
(1.00017 0.000173677 0)
(1.0002 0.000172669 0)
(1.00024 0.00017919 0)
(1.00028 0.000175787 0)
(1.00033 0.000178625 0)
(1.00039 0.000179441 0)
(1.00045 0.000183754 0)
(1.00051 0.000194366 0)
(1.00011 1.91663e-05 0)
(1.00014 6.16048e-05 0)
(1.00013 9.88597e-05 0)
(1.00014 0.000132195 0)
(1.00013 0.000165676 0)
(1.00014 0.000188788 0)
(1.00014 0.000214967 0)
(1.00016 0.000225822 0)
(1.00017 0.000242728 0)
(1.0002 0.000242897 0)
(1.00024 0.000250591 0)
(1.00028 0.000245703 0)
(1.00034 0.000247285 0)
(1.00041 0.000245786 0)
(1.00048 0.00024803 0)
(1.00055 0.000257891 0)
(1.00014 2.64479e-05 0)
(1.0002 8.28195e-05 0)
(1.00019 0.000132991 0)
(1.00019 0.000178508 0)
(1.00017 0.000223559 0)
(1.00018 0.000256448 0)
(1.00017 0.000291587 0)
(1.00018 0.00030865 0)
(1.00018 0.000331106 0)
(1.00021 0.000333264 0)
(1.00024 0.00034273 0)
(1.00029 0.000336142 0)
(1.00035 0.000336151 0)
(1.00042 0.000331411 0)
(1.00051 0.000330662 0)
(1.0006 0.000338987 0)
(1.0002 3.55532e-05 0)
(1.00028 0.000108865 0)
(1.00026 0.000174959 0)
(1.00026 0.00023565 0)
(1.00023 0.000295147 0)
(1.00023 0.000340591 0)
(1.0002 0.000387214 0)
(1.0002 0.000412718 0)
(1.0002 0.000442634 0)
(1.00022 0.000448026 0)
(1.00025 0.000460234 0)
(1.00029 0.000451877 0)
(1.00036 0.000450085 0)
(1.00044 0.000440959 0)
(1.00054 0.000436037 0)
(1.00065 0.000441712 0)
(1.00028 4.67308e-05 0)
(1.00039 0.000140228 0)
(1.00036 0.000225583 0)
(1.00036 0.000304837 0)
(1.00032 0.000382085 0)
(1.0003 0.000443402 0)
(1.00026 0.000504585 0)
(1.00025 0.000541426 0)
(1.00023 0.000581364 0)
(1.00023 0.000591886 0)
(1.00026 0.000608403 0)
(1.00029 0.000598568 0)
(1.00036 0.000595016 0)
(1.00045 0.000580163 0)
(1.00057 0.00056962 0)
(1.0007 0.000571063 0)
(1.00039 6.01884e-05 0)
(1.00054 0.000177187 0)
(1.00051 0.00028536 0)
(1.00049 0.000386872 0)
(1.00044 0.000485559 0)
(1.0004 0.000566602 0)
(1.00035 0.000646052 0)
(1.00031 0.000697931 0)
(1.00028 0.000751324 0)
(1.00026 0.000769828 0)
(1.00027 0.000793189 0)
(1.00029 0.000782917 0)
(1.00037 0.000778325 0)
(1.00046 0.000756468 0)
(1.00059 0.000738805 0)
(1.00075 0.000733932 0)
(1.00055 7.60438e-05 0)
(1.00074 0.000219692 0)
(1.0007 0.000354267 0)
(1.00067 0.000481874 0)
(1.0006 0.000605929 0)
(1.00055 0.000711031 0)
(1.00047 0.000813056 0)
(1.00041 0.000884606 0)
(1.00035 0.000955949 0)
(1.0003 0.000986617 0)
(1.00029 0.00102078 0)
(1.0003 0.00101246 0)
(1.00036 0.00100885 0)
(1.00045 0.000979299 0)
(1.00061 0.000953566 0)
(1.0008 0.000939824 0)
(1.00075 9.42737e-05 0)
(1.001 0.000267175 0)
(1.00095 0.000431449 0)
(1.0009 0.000588837 0)
(1.00081 0.00074218 0)
(1.00074 0.000875946 0)
(1.00063 0.00100535 0)
(1.00054 0.00110215 0)
(1.00045 0.00119716 0)
(1.00037 0.00124586 0)
(1.00032 0.00129671 0)
(1.0003 0.00129469 0)
(1.00035 0.00129596 0)
(1.00044 0.00125892 0)
(1.00061 0.00122466 0)
(1.00084 0.00119809 0)
(1.00101 0.000114632 0)
(1.00133 0.000318372 0)
(1.00126 0.000514916 0)
(1.0012 0.000705183 0)
(1.00108 0.000891315 0)
(1.00098 0.00105827 0)
(1.00084 0.00122009 0)
(1.00072 0.00134855 0)
(1.00058 0.00147422 0)
(1.00046 0.00154899 0)
(1.00038 0.00162512 0)
(1.00032 0.00163692 0)
(1.00034 0.00165005 0)
(1.00041 0.00160737 0)
(1.0006 0.00156335 0)
(1.00087 0.00151538 0)
(1.00134 0.000136573 0)
(1.00172 0.000371127 0)
(1.00164 0.000601212 0)
(1.00157 0.000826264 0)
(1.00143 0.00104762 0)
(1.0013 0.00125156 0)
(1.00112 0.00145039 0)
(1.00096 0.00161731 0)
(1.00077 0.00178173 0)
(1.0006 0.00189327 0)
(1.00046 0.00200753 0)
(1.00035 0.00204719 0)
(1.00033 0.00208806 0)
(1.00037 0.00205143 0)
(1.00055 0.00200419 0)
(1.00088 0.00192746 0)
(1.00174 0.000159169 0)
(1.0022 0.000422229 0)
(1.0021 0.000685125 0)
(1.00201 0.000944873 0)
(1.00185 0.00120198 0)
(1.00169 0.00144492 0)
(1.00147 0.00168383 0)
(1.00127 0.00189507 0)
(1.00103 0.00210606 0)
(1.00081 0.00226668 0)
(1.0006 0.00243609 0)
(1.00042 0.00252675 0)
(1.00033 0.00262861 0)
(1.00031 0.00263779 0)
(1.00047 0.00263662 0)
(1.00084 0.00257262 0)
(1.00222 0.000181043 0)
(1.00275 0.000467473 0)
(1.00265 0.000759742 0)
(1.00254 0.00105128 0)
(1.00235 0.00134168 0)
(1.00216 0.00162254 0)
(1.00191 0.00190113 0)
(1.00166 0.00215904 0)
(1.00137 0.00242032 0)
(1.00109 0.00263873 0)
(1.00082 0.00287647 0)
(1.00056 0.00303999 0)
(1.0004 0.00324041 0)
(1.0003 0.00335146 0)
(1.00039 0.00349161 0)
(1.00076 0.00356558 0)
(1.00278 0.000200393 0)
(1.00338 0.00050175 0)
(1.00326 0.000816638 0)
(1.00314 0.00113349 0)
(1.00293 0.00145087 0)
(1.00271 0.00176421 0)
(1.00242 0.00207702 0)
(1.00213 0.00237783 0)
(1.00179 0.00268481 0)
(1.00146 0.00295878 0)
(1.00112 0.0032607 0)
(1.0008 0.00349347 0)
(1.00056 0.00378865 0)
(1.00039 0.00399423 0)
(1.0004 0.00427692 0)
(1.00066 0.00450067 0)
(1.00341 0.000215034 0)
(1.00408 0.000519576 0)
(1.00395 0.000846751 0)
(1.00381 0.00117857 0)
(1.00358 0.00151248 0)
(1.00333 0.00184814 0)
(1.00301 0.0021844 0)
(1.00268 0.00251811 0)
(1.00229 0.0028583 0)
(1.0019 0.00317591 0)
(1.0015 0.00352266 0)
(1.0011 0.00379952 0)
(1.00078 0.00414794 0)
(1.0005 0.00437518 0)
(1.00041 0.00468675 0)
(1.00051 0.00489348 0)
(1.00411 0.000222622 0)
(1.00482 0.000515376 0)
(1.00468 0.000840903 0)
(1.00453 0.00117347 0)
(1.00428 0.00150944 0)
(1.00401 0.00185293 0)
(1.00366 0.00219748 0)
(1.0033 0.00254964 0)
(1.00286 0.00290654 0)
(1.00241 0.00325384 0)
(1.00192 0.0036257 0)
(1.00144 0.00393018 0)
(1.00101 0.00430874 0)
(1.00059 0.00452471 0)
(1.00036 0.00484608 0)
(1.00031 0.00500281 0)
(1.00485 0.00022077 0)
(1.00559 0.000484029 0)
(1.00544 0.000790674 0)
(1.00528 0.00110622 0)
(1.00502 0.00142616 0)
(1.00473 0.0017589 0)
(1.00435 0.00209262 0)
(1.00395 0.00244436 0)
(1.00346 0.00279779 0)
(1.00296 0.0031581 0)
(1.00238 0.00353364 0)
(1.0018 0.00385493 0)
(1.00123 0.00424421 0)
(1.00064 0.00443635 0)
(1.00025 0.00478899 0)
(1.00002 0.00486073 0)
(1.00563 0.000207289 0)
(1.00636 0.00042131 0)
(1.00621 0.000689009 0)
(1.00603 0.00096658 0)
(1.00576 0.0012489 0)
(1.00545 0.00154816 0)
(1.00505 0.00184743 0)
(1.00461 0.00217431 0)
(1.00409 0.00249894 0)
(1.00352 0.00285021 0)
(1.00286 0.00320417 0)
(1.00217 0.0035341 0)
(1.00142 0.0039121 0)
(1.00065 0.00410104 0)
(1.00008 0.00450016 0)
(0.999545 0.00444713 0)
(1.0064 0.000180373 0)
(1.0071 0.00032355 0)
(1.00694 0.000529699 0)
(1.00676 0.000745211 0)
(1.00647 0.000964596 0)
(1.00614 0.00120234 0)
(1.00572 0.00143752 0)
(1.00526 0.0017078 0)
(1.0047 0.00197245 0)
(1.00408 0.00228526 0)
(1.00333 0.00258969 0)
(1.00253 0.00291834 0)
(1.00161 0.00326634 0)
(1.00065 0.00351018 0)
(0.999805 0.00390754 0)
(0.998797 0.00363652 0)
(1.00714 0.000138469 0)
(1.00777 0.00018719 0)
(1.0076 0.000307145 0)
(1.00741 0.000435076 0)
(1.00711 0.000565442 0)
(1.00676 0.000714019 0)
(1.00632 0.000858014 0)
(1.00583 0.00104315 0)
(1.00524 0.00122069 0)
(1.00458 0.00146621 0)
(1.00377 0.00169812 0)
(1.00288 0.00200331 0)
(1.00182 0.00228025 0)
(1.00065 0.00252867 0)
(0.999271 0.00272341 0)
(0.997562 0.00214014 0)
(1.00781 8.0057e-05 0)
(1.00832 1.60252e-05 0)
(1.00815 2.89038e-05 0)
(1.00794 4.99906e-05 0)
(1.00763 7.60227e-05 0)
(1.00727 0.000126522 0)
(1.00682 0.000178663 0)
(1.00633 0.000269825 0)
(1.00574 0.000332603 0)
(1.00507 0.000451339 0)
(1.00423 0.000523834 0)
(1.00322 0.000664305 0)
(1.00193 0.000685599 0)
(1.00041 0.000631072 0)
(0.998293 0.000366027 0)
(0.995728 -0.000487348 0)
(1.00837 6.60501e-06 0)
(1.00876 -0.000165068 0)
(1.00859 -0.000266936 0)
(1.00839 -0.000365339 0)
(1.0081 -0.000464754 0)
(1.00774 -0.000545048 0)
(1.00727 -0.000636391 0)
(1.0067 -0.000726024 0)
(1.00603 -0.00090146 0)
(1.00524 -0.00108455 0)
(1.00427 -0.00140029 0)
(1.00307 -0.001714 0)
(1.00146 -0.00221991 0)
(0.999487 -0.0027619 0)
(0.996732 -0.00351734 0)
(0.993401 -0.00452196 0)
(1.0088 -7.11356e-05 0)
(1.00908 -0.000395313 0)
(1.00888 -0.00065358 0)
(1.00863 -0.000933647 0)
(1.00828 -0.00125059 0)
(1.00783 -0.00159923 0)
(1.00726 -0.00202537 0)
(1.00653 -0.00250089 0)
(1.00566 -0.00310196 0)
(1.00463 -0.00375865 0)
(1.0034 -0.00459638 0)
(1.00191 -0.00545056 0)
(1.00001 -0.00651223 0)
(0.997692 -0.00750781 0)
(0.994532 -0.00869062 0)
(0.990694 -0.00978242 0)
(1.00913 -0.000169424 0)
(1.00889 -0.000823084 0)
(1.00861 -0.00136958 0)
(1.00825 -0.00196915 0)
(1.00774 -0.00264569 0)
(1.0071 -0.00339876 0)
(1.00631 -0.00427092 0)
(1.00537 -0.00522307 0)
(1.00426 -0.0063156 0)
(1.00298 -0.00747248 0)
(1.00149 -0.00880763 0)
(0.999742 -0.010136 0)
(0.99761 -0.011653 0)
(0.995037 -0.0130079 0)
(0.991681 -0.0145257 0)
(0.987634 -0.0156593 0)
(1.00897 -0.00035158 0)
(1.00773 -0.00148232 0)
(1.00735 -0.00245307 0)
(1.00685 -0.00349278 0)
(1.00616 -0.00462384 0)
(1.00531 -0.00584199 0)
(1.00431 -0.00717839 0)
(1.00313 -0.00859728 0)
(1.0018 -0.0101451 0)
(1.00028 -0.01174 0)
(0.998581 -0.0134811 0)
(0.996627 -0.0151759 0)
(0.994353 -0.0170175 0)
(0.991662 -0.0186018 0)
(0.988326 -0.020293 0)
(0.984376 -0.0213559 0)
(1.00784 -0.000632935 0)
(1.00531 -0.0022963 0)
(1.00486 -0.00377186 0)
(1.00422 -0.00531046 0)
(1.00338 -0.00692352 0)
(1.00236 -0.00860385 0)
(1.00118 -0.0103723 0)
(0.999821 -0.0121992 0)
(0.998317 -0.0141187 0)
(0.996635 -0.0160519 0)
(0.994798 -0.018083 0)
(0.992733 -0.0200216 0)
(0.990435 -0.022052 0)
(0.987783 -0.023745 0)
(0.984679 -0.0254814 0)
(0.981089 -0.0264229 0)
(1.00547 -0.00098141 0)
(1.00153 -0.00313468 0)
(1.00103 -0.00511799 0)
(1.00032 -0.00714335 0)
(0.999399 -0.00920568 0)
(0.998283 -0.0112966 0)
(0.996996 -0.0134269 0)
(0.995541 -0.0155755 0)
(0.993949 -0.0177675 0)
(0.992194 -0.0199346 0)
(0.990319 -0.0221464 0)
(0.988254 -0.0242251 0)
(0.98605 -0.026339 0)
(0.983582 -0.0280636 0)
(0.980872 -0.0297809 0)
(0.977829 -0.0306191 0)
(1.00171 -0.00134136 0)
(0.996484 -0.00385303 0)
(0.995987 -0.00626627 0)
(0.995279 -0.00869831 0)
(0.994351 -0.0111269 0)
(0.993229 -0.0135435 0)
(0.991935 -0.0159491 0)
(0.990477 -0.018331 0)
(0.98889 -0.0207055 0)
(0.987158 -0.0230193 0)
(0.985341 -0.0253275 0)
(0.983377 -0.0274736 0)
(0.981372 -0.0296049 0)
(0.979205 -0.0313253 0)
(0.977001 -0.0330021 0)
(0.97463 -0.0337775 0)
(0.99667 -0.0016505 0)
(0.990479 -0.00433859 0)
(0.990023 -0.00704254 0)
(0.989367 -0.00975098 0)
(0.988504 -0.0124278 0)
(0.987452 -0.0150646 0)
(0.986233 -0.0176522 0)
(0.984854 -0.0201846 0)
(0.983356 -0.022667 0)
(0.98173 -0.0250619 0)
(0.980051 -0.0274089 0)
(0.978275 -0.0295791 0)
(0.976548 -0.0316933 0)
(0.974764 -0.0334025 0)
(0.973142 -0.0350418 0)
(0.971523 -0.0358043 0)
(0.990654 -0.00185978 0)
(0.983927 -0.00453372 0)
(0.98353 -0.00735769 0)
(0.982955 -0.010186 0)
(0.982193 -0.0129745 0)
(0.981256 -0.0157154 0)
(0.980162 -0.0183892 0)
(0.978918 -0.0209934 0)
(0.977567 -0.0235202 0)
(0.976108 -0.0259462 0)
(0.974625 -0.0282927 0)
(0.973096 -0.0304622 0)
(0.971701 -0.0325439 0)
(0.970356 -0.0342494 0)
(0.969355 -0.0358648 0)
(0.968527 -0.0366653 0)
(0.98408 -0.00194394 0)
(0.977264 -0.00444286 0)
(0.976922 -0.00721741 0)
(0.976427 -0.0100083 0)
(0.975767 -0.0127695 0)
(0.974952 -0.0154947 0)
(0.973998 -0.0181562 0)
(0.972913 -0.020753 0)
(0.971737 -0.0232633 0)
(0.970477 -0.0256754 0)
(0.969222 -0.0279901 0)
(0.967975 -0.0301409 0)
(0.966938 -0.0321814 0)
(0.96606 -0.0338927 0)
(0.965693 -0.0354964 0)
(0.965658 -0.0363764 0)
(0.977395 -0.00190476 0)
(0.970868 -0.0041235 0)
(0.970563 -0.00670891 0)
(0.970124 -0.00932655 0)
(0.969542 -0.0119335 0)
(0.968829 -0.0145272 0)
(0.968 -0.0170757 0)
(0.967064 -0.0195804 0)
(0.966062 -0.0220078 0)
(0.965005 -0.024357 0)
(0.963986 -0.0266067 0)
(0.963032 -0.0287187 0)
(0.962357 -0.0307086 0)
(0.961948 -0.0324303 0)
(0.962199 -0.0340293 0)
(0.962923 -0.0350218 0)
(0.970983 -0.00176722 0)
(0.965008 -0.00366525 0)
(0.964717 -0.00597025 0)
(0.964305 -0.00831694 0)
(0.963769 -0.0106687 0)
(0.963123 -0.0130286 0)
(0.962384 -0.0153661 0)
(0.961569 -0.0176882 0)
(0.960714 -0.0199565 0)
(0.95984 -0.0221819 0)
(0.95904 -0.0243233 0)
(0.958368 -0.0263676 0)
(0.958038 -0.0282909 0)
(0.958083 -0.0300179 0)
(0.958912 -0.031608 0)
(0.960324 -0.032728 0)
(0.965115 -0.00157024 0)
(0.959822 -0.00316217 0)
(0.959532 -0.00514972 0)
(0.959128 -0.00717504 0)
(0.95861 -0.00920871 0)
(0.958001 -0.0112596 0)
(0.957318 -0.0133036 0)
(0.956586 -0.0153559 0)
(0.955836 -0.0173806 0)
(0.955105 -0.0194049 0)
(0.954485 -0.0213762 0)
(0.954066 -0.0233079 0)
(0.954048 -0.025138 0)
(0.954518 -0.0268549 0)
(0.955862 -0.0284276 0)
(0.957856 -0.0296826 0)
(0.959926 -0.00135451 0)
(0.955327 -0.00268715 0)
(0.95504 -0.00436669 0)
(0.954643 -0.00606705 0)
(0.954138 -0.00776445 0)
(0.953551 -0.00947146 0)
(0.952902 -0.0111718 0)
(0.952222 -0.0128891 0)
(0.951538 -0.0145935 0)
(0.950903 -0.0163303 0)
(0.950412 -0.0180462 0)
(0.950195 -0.0197918 0)
(0.950439 -0.0214801 0)
(0.951284 -0.0231544 0)
(0.953055 -0.0246996 0)
(0.955501 -0.0260998 0)
(0.95543 -0.00115132 0)
(0.951464 -0.00227642 0)
(0.951197 -0.003686 0)
(0.950825 -0.00509381 0)
(0.950348 -0.00647823 0)
(0.949793 -0.00785079 0)
(0.949179 -0.00920158 0)
(0.948543 -0.0105607 0)
(0.947907 -0.0119044 0)
(0.947332 -0.0132888 0)
(0.946916 -0.014653 0)
(0.946833 -0.0160974 0)
(0.947265 -0.0175519 0)
(0.9484 -0.0191182 0)
(0.950465 -0.0206171 0)
(0.953212 -0.0221802 0)
(0.951559 -0.000975992 0)
(0.948158 -0.00193142 0)
(0.947932 -0.00311779 0)
(0.947613 -0.0042845 0)
(0.947193 -0.00540894 0)
(0.946694 -0.00649528 0)
(0.946131 -0.00753538 0)
(0.945543 -0.0085625 0)
(0.944944 -0.00955984 0)
(0.944421 -0.0105807 0)
(0.944062 -0.0115293 0)
(0.944067 -0.012543 0)
(0.944591 -0.0136216 0)
(0.945872 -0.0149584 0)
(0.948034 -0.016357 0)
(0.950894 -0.0180799 0)
(0.948236 -0.000828636 0)
(0.945271 -0.00163073 0)
(0.94509 -0.00263418 0)
(0.944831 -0.0036145 0)
(0.94448 -0.00455025 0)
(0.944053 -0.00543356 0)
(0.943554 -0.00624924 0)
(0.943025 -0.00701878 0)
(0.942496 -0.00772216 0)
(0.942115 -0.00840149 0)
(0.941996 -0.00898654 0)
(0.942144 -0.00959278 0)
(0.94261 -0.0101854 0)
(0.943788 -0.0110946 0)
(0.945759 -0.012234 0)
(0.948484 -0.0140064 0)
(0.945333 -0.000699292 0)
(0.942616 -0.00132768 0)
(0.94251 -0.00215641 0)
(0.942362 -0.00297806 0)
(0.942165 -0.00377997 0)
(0.941935 -0.00454641 0)
(0.941678 -0.00525413 0)
(0.941433 -0.00589786 0)
(0.941235 -0.00643385 0)
(0.941182 -0.00688813 0)
(0.941265 -0.00726858 0)
(0.94149 -0.00768946 0)
(0.941889 -0.0079232 0)
(0.94265 -0.00833835 0)
(0.943903 -0.00892745 0)
(0.94617 -0.010414 0)
(0.942659 -0.000568566 0)
(0.941229 -0.0010681 0)
(0.941174 -0.00173473 0)
(0.941103 -0.00240442 0)
(0.941019 -0.00306641 0)
(0.940934 -0.00371193 0)
(0.940861 -0.00432302 0)
(0.940823 -0.00489577 0)
(0.94083 -0.00538745 0)
(0.940904 -0.00582468 0)
(0.941014 -0.00614633 0)
(0.941303 -0.0064704 0)
(0.941724 -0.0066323 0)
(0.942277 -0.00689071 0)
(0.942953 -0.0069422 0)
(0.944389 -0.00779111 0)
(0.94125 -0.000458408 0)
(0.940689 -0.000940874 0)
(0.940637 -0.00152224 0)
(0.940567 -0.00209819 0)
(0.940485 -0.00265315 0)
(0.940404 -0.0031835 0)
(0.940338 -0.0036703 0)
(0.940313 -0.00412203 0)
(0.940341 -0.0045069 0)
(0.940469 -0.00486219 0)
(0.940666 -0.0051257 0)
(0.941006 -0.00538286 0)
(0.941436 -0.00553638 0)
(0.942053 -0.00577332 0)
(0.942644 -0.00580665 0)
(0.94343 -0.00617159 0)
(0.940706 -0.000403618 0)
(0.939973 -0.000801892 0)
(0.93995 -0.00129601 0)
(0.939921 -0.00178253 0)
(0.939895 -0.00224707 0)
(0.939882 -0.00268723 0)
(0.939893 -0.00308595 0)
(0.939947 -0.0034526 0)
(0.940048 -0.00376088 0)
(0.940228 -0.00404397 0)
(0.940461 -0.0042605 0)
(0.940817 -0.00447304 0)
(0.941239 -0.00461726 0)
(0.941798 -0.00480883 0)
(0.94237 -0.00493439 0)
(0.943046 -0.00512762 0)
(0.939983 -0.000343897 0)
(0.939534 -0.000672085 0)
(0.939525 -0.00108436 0)
(0.939515 -0.0014885 0)
(0.939515 -0.00187167 0)
(0.939531 -0.00223284 0)
(0.939574 -0.0025584 0)
(0.939661 -0.0028582 0)
(0.939794 -0.0031123 0)
(0.940002 -0.00334763 0)
(0.940263 -0.00353234 0)
(0.940626 -0.0037134 0)
(0.94104 -0.00385146 0)
(0.941565 -0.00401802 0)
(0.942107 -0.0041533 0)
(0.94274 -0.00432861 0)
(0.939538 -0.000288327 0)
(0.939146 -0.000559007 0)
(0.939155 -0.00090117 0)
(0.939168 -0.00123561 0)
(0.939199 -0.00155139 0)
(0.939249 -0.00184803 0)
(0.939329 -0.00211449 0)
(0.939451 -0.00235968 0)
(0.939615 -0.00256834 0)
(0.939842 -0.00276254 0)
(0.940116 -0.00292025 0)
(0.94047 -0.00307745 0)
(0.940867 -0.00320628 0)
(0.941346 -0.00335785 0)
(0.941843 -0.00349399 0)
(0.942398 -0.00366826 0)
(0.939145 -0.000239833 0)
(0.938881 -0.000459093 0)
(0.938903 -0.000739677 0)
(0.93893 -0.00101365 0)
(0.938981 -0.00127192 0)
(0.939052 -0.00151463 0)
(0.939154 -0.00173307 0)
(0.939295 -0.00193524 0)
(0.939475 -0.00210943 0)
(0.93971 -0.00227361 0)
(0.939987 -0.00241135 0)
(0.940328 -0.00255109 0)
(0.940703 -0.00267255 0)
(0.941141 -0.00281427 0)
(0.941589 -0.0029486 0)
(0.942078 -0.00312031 0)
(0.938877 -0.000196987 0)
(0.938684 -0.000374588 0)
(0.938715 -0.000603433 0)
(0.938755 -0.000826935 0)
(0.938822 -0.00103765 0)
(0.938909 -0.00123615 0)
(0.939028 -0.0014155 0)
(0.939182 -0.00158277 0)
(0.939372 -0.00172891 0)
(0.939608 -0.00186886 0)
(0.93988 -0.00199026 0)
(0.940203 -0.00211623 0)
(0.940552 -0.00223068 0)
(0.940946 -0.00236494 0)
(0.941345 -0.00249601 0)
(0.941768 -0.0026637 0)
(0.938676 -0.000160735 0)
(0.938554 -0.000303296 0)
(0.938592 -0.000488677 0)
(0.938641 -0.000670044 0)
(0.938717 -0.000841389 0)
(0.938815 -0.00100369 0)
(0.938943 -0.00115138 0)
(0.939102 -0.00129082 0)
(0.939294 -0.00141485 0)
(0.939526 -0.00153601 0)
(0.939787 -0.0016446 0)
(0.940088 -0.00175972 0)
(0.940409 -0.00186816 0)
(0.940763 -0.0019959 0)
(0.941114 -0.00212302 0)
(0.941479 -0.00228395 0)
(0.938544 -0.000130146 0)
(0.938472 -0.000244428 0)
(0.938515 -0.000394038 0)
(0.938568 -0.000540853 0)
(0.938651 -0.00068008 0)
(0.938754 -0.000812994 0)
(0.938887 -0.000935124 0)
(0.939047 -0.00105218 0)
(0.939236 -0.0011584 0)
(0.939458 -0.00126449 0)
(0.939705 -0.00136259 0)
(0.939984 -0.00146872 0)
(0.940276 -0.00157166 0)
(0.940591 -0.00169323 0)
(0.940898 -0.00181586 0)
(0.94121 -0.001969 0)
(0.938461 -0.000104883 0)
(0.938428 -0.000196251 0)
(0.938473 -0.000316658 0)
(0.93853 -0.000435347 0)
(0.938615 -0.000548544 0)
(0.93872 -0.000657754 0)
(0.938852 -0.000759357 0)
(0.939009 -0.000858514 0)
(0.939192 -0.000950519 0)
(0.939402 -0.00104455 0)
(0.939632 -0.00113406 0)
(0.939887 -0.00123256 0)
(0.94015 -0.00133036 0)
(0.940429 -0.00144579 0)
(0.940696 -0.00156326 0)
(0.940962 -0.00170757 0)
(0.938416 -8.42062e-05 0)
(0.938412 -0.000157384 0)
(0.938458 -0.000254272 0)
(0.938515 -0.000350345 0)
(0.938601 -0.000442668 0)
(0.938704 -0.000532901 0)
(0.938833 -0.000618098 0)
(0.938984 -0.000702933 0)
(0.939158 -0.0007835 0)
(0.939354 -0.000867704 0)
(0.939566 -0.000950012 0)
(0.939797 -0.00104182 0)
(0.940033 -0.00113469 0)
(0.940279 -0.00124398 0)
(0.94051 -0.00135591 0)
(0.940736 -0.00149112 0)
(0.9384 -6.75232e-05 0)
(0.938416 -0.000126369 0)
(0.938461 -0.000204511 0)
(0.938518 -0.000282575 0)
(0.938601 -0.000358306 0)
(0.938701 -0.000433455 0)
(0.938825 -0.000505615 0)
(0.938968 -0.000579018 0)
(0.93913 -0.000650379 0)
(0.939311 -0.000726522 0)
(0.939505 -0.000802693 0)
(0.939714 -0.000888509 0)
(0.939923 -0.000976584 0)
(0.940139 -0.00107974 0)
(0.940338 -0.00118582 0)
(0.94053 -0.00131192 0)
(0.938404 -5.42097e-05 0)
(0.938433 -0.000101937 0)
(0.938477 -0.00016532 0)
(0.938532 -0.000229201 0)
(0.938612 -0.000291876 0)
(0.938707 -0.000355126 0)
(0.938824 -0.00041698 0)
(0.938957 -0.000481259 0)
(0.939108 -0.000545174 0)
(0.939273 -0.000614615 0)
(0.939449 -0.000685461 0)
(0.939636 -0.000765815 0)
(0.939821 -0.000849187 0)
(0.940009 -0.000946219 0)
(0.94018 -0.00104624 0)
(0.940343 -0.00116324 0)
(0.938421 -4.3721e-05 0)
(0.938459 -8.29293e-05 0)
(0.938501 -0.000134832 0)
(0.938553 -0.000187667 0)
(0.938628 -0.00024017 0)
(0.938718 -0.000294107 0)
(0.938826 -0.000347856 0)
(0.93895 -0.000404859 0)
(0.939088 -0.000462727 0)
(0.939238 -0.000526542 0)
(0.939396 -0.000592707 0)
(0.939562 -0.000668039 0)
(0.939726 -0.000746841 0)
(0.939889 -0.000837924 0)
(0.940036 -0.000932009 0)
(0.940174 -0.00104053 0)
(0.938448 -3.55608e-05 0)
(0.93849 -6.83494e-05 0)
(0.938529 -0.00011144 0)
(0.938577 -0.000155779 0)
(0.938648 -0.000200443 0)
(0.93873 -0.000247146 0)
(0.938831 -0.000294552 0)
(0.938944 -0.000345748 0)
(0.939069 -0.000398676 0)
(0.939205 -0.000457709 0)
(0.939346 -0.000519697 0)
(0.939493 -0.000590354 0)
(0.939637 -0.00066467 0)
(0.939779 -0.000749895 0)
(0.939905 -0.000837934 0)
(0.940021 -0.000938054 0)
(0.938479 -2.93012e-05 0)
(0.938522 -5.7336e-05 0)
(0.938558 -9.37618e-05 0)
(0.938603 -0.00013165 0)
(0.938668 -0.000170341 0)
(0.938744 -0.000211471 0)
(0.938836 -0.000253935 0)
(0.938938 -0.000300491 0)
(0.939051 -0.000349358 0)
(0.939173 -0.000404294 0)
(0.939299 -0.000462535 0)
(0.939429 -0.000528857 0)
(0.939554 -0.00059887 0)
(0.939677 -0.000678516 0)
(0.939785 -0.000760785 0)
(0.939884 -0.000853167 0)
(0.938511 -2.45728e-05 0)
(0.938553 -4.91624e-05 0)
(0.938586 -8.06301e-05 0)
(0.938627 -0.000113691 0)
(0.938687 -0.000147888 0)
(0.938756 -0.000184757 0)
(0.938839 -0.000223384 0)
(0.938932 -0.000266222 0)
(0.939033 -0.000311725 0)
(0.939142 -0.000363116 0)
(0.939254 -0.000417966 0)
(0.939368 -0.000480261 0)
(0.939477 -0.000546159 0)
(0.939584 -0.000620515 0)
(0.939676 -0.000697276 0)
(0.939759 -0.00078247 0)
(0.938543 -2.10637e-05 0)
(0.938582 -4.32202e-05 0)
(0.938613 -7.10694e-05 0)
(0.93865 -0.000100578 0)
(0.938704 -0.000131437 0)
(0.938766 -0.000165074 0)
(0.938842 -0.000200728 0)
(0.938924 -0.000240571 0)
(0.939015 -0.000283263 0)
(0.939111 -0.000331559 0)
(0.93921 -0.000383328 0)
(0.93931 -0.000441889 0)
(0.939406 -0.000503888 0)
(0.939498 -0.000573281 0)
(0.939576 -0.000644861 0)
(0.939647 -0.000723442 0)
(0.938573 -1.85126e-05 0)
(0.938608 -3.90064e-05 0)
(0.938636 -6.4274e-05 0)
(0.938669 -9.12151e-05 0)
(0.938718 -0.000119631 0)
(0.938774 -0.000150829 0)
(0.938842 -0.000184178 0)
(0.938916 -0.000221594 0)
(0.938996 -0.000261909 0)
(0.939082 -0.000307478 0)
(0.939168 -0.000356431 0)
(0.939256 -0.000411526 0)
(0.939339 -0.000469846 0)
(0.939418 -0.000534604 0)
(0.939486 -0.000601346 0)
(0.939546 -0.000673907 0)
(0.9386 -1.67038e-05 0)
(0.93863 -3.61098e-05 0)
(0.938655 -5.95854e-05 0)
(0.938685 -8.47104e-05 0)
(0.938729 -0.000111363 0)
(0.938779 -0.00014073 0)
(0.93884 -0.000172285 0)
(0.938905 -0.000207712 0)
(0.938977 -0.000245991 0)
(0.939052 -0.000289134 0)
(0.939128 -0.000335498 0)
(0.939204 -0.000387372 0)
(0.939277 -0.000442217 0)
(0.939345 -0.000502628 0)
(0.939403 -0.000564784 0)
(0.939454 -0.000631706 0)
(0.938623 -1.54607e-05 0)
(0.938648 -3.41976e-05 0)
(0.938671 -5.6471e-05 0)
(0.938698 -8.03418e-05 0)
(0.938737 -0.00010574 0)
(0.938782 -0.000133732 0)
(0.938835 -0.000163878 0)
(0.938893 -0.000197653 0)
(0.938956 -0.000234168 0)
(0.939022 -0.000275134 0)
(0.939089 -0.000319113 0)
(0.939156 -0.000368002 0)
(0.939218 -0.000419599 0)
(0.939278 -0.000475998 0)
(0.939327 -0.000533948 0)
(0.939371 -0.000595827 0)
(0.938642 -1.46403e-05 0)
(0.938662 -3.30032e-05 0)
(0.938682 -5.45047e-05 0)
(0.938706 -7.75319e-05 0)
(0.938741 -0.000102046 0)
(0.938781 -0.000129001 0)
(0.938828 -0.000158024 0)
(0.938879 -0.000190405 0)
(0.938935 -0.000225365 0)
(0.938993 -0.000264362 0)
(0.939052 -0.000306134 0)
(0.93911 -0.00035225 0)
(0.939164 -0.000400801 0)
(0.939215 -0.00045347 0)
(0.939258 -0.000507486 0)
(0.939295 -0.000564703 0)
(0.938657 -1.41282e-05 0)
(0.938672 -3.23156e-05 0)
(0.93869 -5.33492e-05 0)
(0.938711 -7.58238e-05 0)
(0.938742 -9.97188e-05 0)
(0.938777 -0.000125878 0)
(0.938819 -0.000153988 0)
(0.938864 -0.00018517 0)
(0.938913 -0.000218741 0)
(0.938964 -0.000255943 0)
(0.939015 -0.000295669 0)
(0.939066 -0.000339216 0)
(0.939113 -0.000384935 0)
(0.939158 -0.000434171 0)
(0.939194 -0.000484574 0)
(0.939227 -0.000537579 0)
(0.938667 -1.38339e-05 0)
(0.938678 -3.19696e-05 0)
(0.938693 -5.27402e-05 0)
(0.938712 -7.48602e-05 0)
(0.93874 -9.83158e-05 0)
(0.938771 -0.00012385 0)
(0.938808 -0.000151193 0)
(0.938847 -0.000181322 0)
(0.938891 -0.000213635 0)
(0.938935 -0.000249189 0)
(0.93898 -0.000287012 0)
(0.939024 -0.00032818 0)
(0.939065 -0.000371266 0)
(0.939104 -0.000417347 0)
(0.939136 -0.000464436 0)
(0.939164 -0.000513641 0)
(0.938673 -1.36862e-05 0)
(0.93868 -3.18371e-05 0)
(0.938694 -5.24735e-05 0)
(0.93871 -7.43645e-05 0)
(0.938735 -9.74959e-05 0)
(0.938762 -0.000122517 0)
(0.938794 -0.000149196 0)
(0.938829 -0.000178379 0)
(0.938867 -0.000209537 0)
(0.938906 -0.000243567 0)
(0.938946 -0.000279619 0)
(0.938984 -0.000318581 0)
(0.93902 -0.000359221 0)
(0.939054 -0.000402398 0)
(0.939082 -0.000446431 0)
(0.939107 -0.000492162 0)
(0.938676 -1.36304e-05 0)
(0.938678 -3.18201e-05 0)
(0.938691 -5.23926e-05 0)
(0.938705 -7.41253e-05 0)
(0.938727 -9.69983e-05 0)
(0.938751 -0.000121576 0)
(0.93878 -0.000147656 0)
(0.93881 -0.000175973 0)
(0.938844 -0.000206056 0)
(0.938878 -0.000238671 0)
(0.938912 -0.00027307 0)
(0.938946 -0.000309988 0)
(0.938978 -0.000348365 0)
(0.939008 -0.00038888 0)
(0.939032 -0.000430125 0)
(0.939054 -0.000472732 0)
(0.938675 -1.36242e-05 0)
(0.938674 -3.18447e-05 0)
(0.938685 -5.23792e-05 0)
(0.938698 -7.39825e-05 0)
(0.938717 -9.66258e-05 0)
(0.938738 -0.000120797 0)
(0.938763 -0.000146318 0)
(0.93879 -0.000173825 0)
(0.93882 -0.000202896 0)
(0.93885 -0.000234189 0)
(0.93888 -0.000267041 0)
(0.93891 -0.000302064 0)
(0.938938 -0.000338342 0)
(0.938964 -0.000376412 0)
(0.938986 -0.000415095 0)
(0.939006 -0.000454858 0)
(0.938671 -1.36359e-05 0)
(0.938667 -3.18551e-05 0)
(0.938676 -5.23447e-05 0)
(0.938688 -7.38161e-05 0)
(0.938705 -9.62303e-05 0)
(0.938723 -0.000120008 0)
(0.938746 -0.000144988 0)
(0.93877 -0.000171723 0)
(0.938796 -0.000199835 0)
(0.938822 -0.000229887 0)
(0.938849 -0.00026129 0)
(0.938876 -0.000294555 0)
(0.9389 -0.00032889 0)
(0.938924 -0.000364714 0)
(0.938943 -0.000401043 0)
(0.938961 -0.000438203 0)
(0.938664 -1.36415e-05 0)
(0.938657 -3.18098e-05 0)
(0.938666 -5.22225e-05 0)
(0.938676 -7.35364e-05 0)
(0.938691 -9.57014e-05 0)
(0.938707 -0.000119079 0)
(0.938727 -0.000143522 0)
(0.938748 -0.000169512 0)
(0.938771 -0.000196704 0)
(0.938795 -0.000225586 0)
(0.938819 -0.000255632 0)
(0.938842 -0.000287267 0)
(0.938865 -0.000319811 0)
(0.938885 -0.000353586 0)
(0.938903 -0.000387787 0)
(0.93892 -0.000422634 0)
(0.938655 -1.36232e-05 0)
(0.938646 -3.16776e-05 0)
(0.938653 -5.1963e-05 0)
(0.938662 -7.30757e-05 0)
(0.938675 -9.49554e-05 0)
(0.93869 -0.000117912 0)
(0.938708 -0.00014181 0)
(0.938727 -0.000167069 0)
(0.938747 -0.000193375 0)
(0.938768 -0.000221149 0)
(0.93879 -0.000249918 0)
(0.938811 -0.000280039 0)
(0.938831 -0.000310921 0)
(0.93885 -0.000342807 0)
(0.938866 -0.00037503 0)
(0.938881 -0.000407712 0)
(0.938644 -1.35676e-05 0)
(0.938633 -3.14345e-05 0)
(0.938639 -5.15277e-05 0)
(0.938647 -7.23821e-05 0)
(0.938659 -9.3928e-05 0)
(0.938672 -0.000116432 0)
(0.938688 -0.000139767 0)
(0.938705 -0.000164302 0)
(0.938723 -0.000189745 0)
(0.938742 -0.000216467 0)
(0.938761 -0.000244035 0)
(0.93878 -0.000272754 0)
(0.938798 -0.000302108 0)
(0.938816 -0.000332276 0)
(0.938831 -0.000362726 0)
(0.938845 -0.000393501 0)
(0.938631 -1.34644e-05 0)
(0.938618 -3.10613e-05 0)
(0.938624 -5.08858e-05 0)
(0.938631 -7.14133e-05 0)
(0.938641 -9.25667e-05 0)
(0.938653 -0.000114576 0)
(0.938667 -0.000137322 0)
(0.938682 -0.00016113 0)
(0.938699 -0.000185729 0)
(0.938716 -0.000211444 0)
(0.938734 -0.000237879 0)
(0.938751 -0.000265292 0)
(0.938768 -0.000293226 0)
(0.938784 -0.000321804 0)
(0.938798 -0.000350603 0)
(0.938812 -0.000379591 0)
(0.938616 -1.33053e-05 0)
(0.938602 -3.05417e-05 0)
(0.938608 -5.00109e-05 0)
(0.938614 -7.0133e-05 0)
(0.938623 -9.08256e-05 0)
(0.938634 -0.00011229 0)
(0.938646 -0.000134412 0)
(0.93866 -0.000157483 0)
(0.938675 -0.000181247 0)
(0.938691 -0.000205998 0)
(0.938707 -0.00023136 0)
(0.938723 -0.00025756 0)
(0.938739 -0.000284184 0)
(0.938754 -0.000311305 0)
(0.938767 -0.000338586 0)
(0.938781 -0.000365913 0)
(0.938601 -1.30834e-05 0)
(0.938586 -2.98606e-05 0)
(0.938591 -4.88785e-05 0)
(0.938596 -6.8507e-05 0)
(0.938605 -8.86612e-05 0)
(0.938614 -0.000109519 0)
(0.938626 -0.000130974 0)
(0.938638 -0.000153289 0)
(0.938652 -0.000176223 0)
(0.938666 -0.000200041 0)
(0.938681 -0.000224388 0)
(0.938696 -0.000249465 0)
(0.938711 -0.000274889 0)
(0.938725 -0.000300697 0)
(0.938738 -0.000326628 0)
(0.938751 -0.000352502 0)
(0.938584 -1.2792e-05 0)
(0.938569 -2.90034e-05 0)
(0.938573 -4.74644e-05 0)
(0.938578 -6.65013e-05 0)
(0.938586 -8.60295e-05 0)
(0.938594 -0.00010621 0)
(0.938605 -0.000126944 0)
(0.938616 -0.000148472 0)
(0.938629 -0.000170567 0)
(0.938642 -0.000193475 0)
(0.938656 -0.000216853 0)
(0.93867 -0.000240885 0)
(0.938684 -0.000265204 0)
(0.938698 -0.000289814 0)
(0.938711 -0.000314506 0)
(0.938724 -0.000339015 0)
(0.938568 -1.24251e-05 0)
(0.938552 -2.79554e-05 0)
(0.938556 -4.57444e-05 0)
(0.93856 -6.4081e-05 0)
(0.938567 -8.28844e-05 0)
(0.938575 -0.000102303 0)
(0.938584 -0.00012225 0)
(0.938594 -0.000142946 0)
(0.938606 -0.000164183 0)
(0.938618 -0.000186191 0)
(0.938631 -0.000208634 0)
(0.938645 -0.000231694 0)
(0.938658 -0.000255003 0)
(0.938672 -0.000278545 0)
(0.938685 -0.000302151 0)
(0.938698 -0.00032547 0)
(0.938551 -1.19762e-05 0)
(0.938535 -2.6702e-05 0)
(0.938538 -4.3694e-05 0)
(0.938542 -6.12106e-05 0)
(0.938548 -7.91779e-05 0)
(0.938555 -9.77367e-05 0)
(0.938564 -0.000116813 0)
(0.938573 -0.000136617 0)
(0.938584 -0.000156957 0)
(0.938595 -0.000178054 0)
(0.938608 -0.000199582 0)
(0.93862 -0.000221724 0)
(0.938634 -0.000244094 0)
(0.938647 -0.000266671 0)
(0.93866 -0.000289285 0)
(0.938674 -0.000311493 0)
(0.938534 -1.14392e-05 0)
(0.938518 -2.52298e-05 0)
(0.938521 -4.12901e-05 0)
(0.938525 -5.78555e-05 0)
(0.93853 -7.48621e-05 0)
(0.938537 -9.24468e-05 0)
(0.938544 -0.000110553 0)
(0.938553 -0.00012938 0)
(0.938563 -0.000148762 0)
(0.938573 -0.000168917 0)
(0.938585 -0.000189526 0)
(0.938597 -0.000210788 0)
(0.93861 -0.000232286 0)
(0.938624 -0.000254012 0)
(0.938637 -0.000275762 0)
(0.938651 -0.000297005 0)
(0.938517 -1.08082e-05 0)
(0.938502 -2.35278e-05 0)
(0.938505 -3.85134e-05 0)
(0.938508 -5.39858e-05 0)
(0.938513 -6.98934e-05 0)
(0.938519 -8.6372e-05 0)
(0.938525 -0.000103385 0)
(0.938533 -0.000121127 0)
(0.938542 -0.000139461 0)
(0.938552 -0.000158608 0)
(0.938563 -0.000178265 0)
(0.938574 -0.000198656 0)
(0.938587 -0.000219324 0)
(0.938601 -0.000240299 0)
(0.938615 -0.000261296 0)
(0.938629 -0.000281706 0)
(0.938502 -1.00787e-05 0)
(0.938488 -2.15897e-05 0)
(0.93849 -3.5352e-05 0)
(0.938493 -4.95809e-05 0)
(0.938497 -6.42389e-05 0)
(0.938502 -7.9462e-05 0)
(0.938508 -9.52366e-05 0)
(0.938514 -0.000111754 0)
(0.938522 -0.000128915 0)
(0.938531 -0.000146946 0)
(0.938542 -0.000165575 0)
(0.938553 -0.000185063 0)
(0.938565 -0.000204909 0)
(0.938579 -0.000225218 0)
(0.938594 -0.000245567 0)
(0.938609 -0.000265291 0)
(0.938487 -9.24795e-06 0)
(0.938474 -1.9417e-05 0)
(0.938476 -3.18064e-05 0)
(0.938478 -4.46369e-05 0)
(0.938482 -5.78859e-05 0)
(0.938486 -7.16888e-05 0)
(0.938491 -8.60561e-05 0)
(0.938497 -0.000101177 0)
(0.938504 -0.000116997 0)
(0.938512 -0.000133752 0)
(0.938521 -0.000151218 0)
(0.938532 -0.000169705 0)
(0.938544 -0.000188681 0)
(0.938558 -0.000208375 0)
(0.938573 -0.000228164 0)
(0.93859 -0.000247382 0)
(0.938473 -8.31673e-06 0)
(0.938462 -1.70204e-05 0)
(0.938464 -2.78918e-05 0)
(0.938466 -3.91707e-05 0)
(0.938468 -5.08476e-05 0)
(0.938472 -6.30547e-05 0)
(0.938476 -7.58254e-05 0)
(0.938481 -8.93449e-05 0)
(0.938487 -0.00010361 0)
(0.938494 -0.000118862 0)
(0.938503 -0.000134955 0)
(0.938512 -0.000152249 0)
(0.938524 -0.000170222 0)
(0.938537 -0.000189273 0)
(0.938554 -0.000208513 0)
(0.938571 -0.000227401 0)
(0.938462 -7.28966e-06 0)
(0.938452 -1.44223e-05 0)
(0.938453 -2.36432e-05 0)
(0.938455 -3.32267e-05 0)
(0.938457 -4.31731e-05 0)
(0.93846 -5.36069e-05 0)
(0.938463 -6.45788e-05 0)
(0.938467 -7.62655e-05 0)
(0.938472 -8.87131e-05 0)
(0.938478 -0.000102169 0)
(0.938485 -0.000116588 0)
(0.938494 -0.000132381 0)
(0.938504 -0.000149119 0)
(0.938517 -0.000167417 0)
(0.938534 -0.000186103 0)
(0.938553 -0.000204968 0)
(0.938452 -6.17642e-06 0)
(0.938444 -1.1672e-05 0)
(0.938445 -1.91403e-05 0)
(0.938446 -2.6914e-05 0)
(0.938448 -3.4998e-05 0)
(0.93845 -4.3502e-05 0)
(0.938453 -5.24841e-05 0)
(0.938456 -6.2103e-05 0)
(0.938459 -7.24424e-05 0)
(0.938464 -8.37442e-05 0)
(0.93847 -9.60791e-05 0)
(0.938477 -0.000109904 0)
(0.938486 -0.000125015 0)
(0.938498 -0.000142284 0)
(0.938515 -0.000160452 0)
(0.938535 -0.000179916 0)
(0.938444 -4.99827e-06 0)
(0.938439 -8.8547e-06 0)
(0.93844 -1.45226e-05 0)
(0.93844 -2.04279e-05 0)
(0.938442 -2.65751e-05 0)
(0.938443 -3.30499e-05 0)
(0.938445 -3.99041e-05 0)
(0.938447 -4.72626e-05 0)
(0.938449 -5.52173e-05 0)
(0.938452 -6.39739e-05 0)
(0.938456 -7.3685e-05 0)
(0.938462 -8.48007e-05 0)
(0.938469 -9.74284e-05 0)
(0.938479 -0.000112665 0)
(0.938495 -0.000129676 0)
(0.938517 -0.000149808 0)
(0.938439 -3.79163e-06 0)
(0.938436 -5.97684e-06 0)
(0.938436 -9.80256e-06 0)
(0.938437 -1.37898e-05 0)
(0.938438 -1.79382e-05 0)
(0.938438 -2.23033e-05 0)
(0.93844 -2.69163e-05 0)
(0.938441 -3.18519e-05 0)
(0.938442 -3.71686e-05 0)
(0.938444 -4.2986e-05 0)
(0.938447 -4.94287e-05 0)
(0.93845 -5.67931e-05 0)
(0.938454 -6.53295e-05 0)
(0.938461 -7.603e-05 0)
(0.938475 -8.88394e-05 0)
(0.938497 -0.000106421 0)
(0.938436 -2.55928e-06 0)
(0.938435 -2.85097e-06 0)
(0.938436 -4.67533e-06 0)
(0.938436 -6.57662e-06 0)
(0.938436 -8.55071e-06 0)
(0.938437 -1.06209e-05 0)
(0.938437 -1.27951e-05 0)
(0.938438 -1.50959e-05 0)
(0.938439 -1.75322e-05 0)
(0.93844 -2.01224e-05 0)
(0.938441 -2.28791e-05 0)
(0.938443 -2.58404e-05 0)
(0.938445 -2.90705e-05 0)
(0.93845 -3.29272e-05 0)
(0.938459 -3.77156e-05 0)
(0.938476 -4.69144e-05 0)
(0.938435 -1.22076e-06 0)
(0.93844 -3.2086e-08 0)
(0.93844 -5.22334e-08 0)
(0.93844 -7.27358e-08 0)
(0.93844 -9.31035e-08 0)
(0.93844 -1.13614e-07 0)
(0.93844 -1.33551e-07 0)
(0.93844 -1.53445e-07 0)
(0.93844 -1.72152e-07 0)
(0.938441 -1.90442e-07 0)
(0.938441 -2.06713e-07 0)
(0.938441 -2.22019e-07 0)
(0.938441 -2.34347e-07 0)
(0.938441 -2.4514e-07 0)
(0.938441 -2.52185e-07 0)
(0.938442 -2.58787e-07 0)
(0.93844 -1.37528e-08 0)
(0.93844 -1.07479e-08 0)
(0.93844 -1.74866e-08 0)
(0.93844 -2.43264e-08 0)
(0.93844 -3.11041e-08 0)
(0.93844 -3.79028e-08 0)
(0.93844 -4.44854e-08 0)
(0.93844 -5.10226e-08 0)
(0.93844 -5.71378e-08 0)
(0.938441 -6.30837e-08 0)
(0.938441 -6.83371e-08 0)
(0.938441 -7.3246e-08 0)
(0.938441 -7.71597e-08 0)
(0.938441 -8.05681e-08 0)
(0.938441 -8.27595e-08 0)
(0.938442 -8.46742e-08 0)
(0.93844 -4.60621e-09 0)
)
;

boundaryField
{
    wireUpstream
    {
        type            calculated;
        value           nonuniform List<vector> 
16
(
(0.93844 0 0)
(0.93844 0 0)
(0.93844 0 0)
(0.93844 0 0)
(0.93844 0 0)
(0.93844 0 0)
(0.93844 0 0)
(0.93844 0 0)
(0.938441 0 0)
(0.938441 0 0)
(0.938441 0 0)
(0.938441 0 0)
(0.938441 0 0)
(0.938441 0 0)
(0.938442 0 0)
(0.93844 0 0)
)
;
    }
    wireDownstream
    {
        type            calculated;
        value           nonuniform List<vector> 
16
(
(1 -5.05239e-05 2.69545e-10)
(1 -2.10391e-05 1.87343e-10)
(1 -9.70121e-05 -1.95752e-10)
(1 -6.10707e-05 -5.68451e-10)
(1 -0.000146568 1.66724e-10)
(1 -0.000115697 8.47083e-10)
(1 -0.00020742 2.05363e-10)
(1 -0.000182355 -4.77951e-10)
(1 -0.000274575 8.46257e-11)
(1 -0.000267104 5.22434e-10)
(1 -0.000360577 -2.21139e-11)
(1 -0.000380113 -3.21238e-10)
(1 -0.000471962 3.85275e-11)
(1 -0.000532358 4.47437e-10)
(1 -0.000657737 1.1571e-10)
(1 3.01614e-07 6.40392e-11)
)
;
    }
    wireTopContact
    {
        type            calculated;
        value           nonuniform List<vector> 
122
(
(1.00011 -5.55444e-05 7.8389e-13)
(1.00011 -2.90675e-05 4.34908e-13)
(1.0001 -1.13042e-05 1.5754e-13)
(1.0001 2.30255e-06 -3.46281e-14)
(1.0001 1.21281e-05 -1.79012e-13)
(1.0001 1.93713e-05 -2.82916e-13)
(1.0001 2.45147e-05 -3.57301e-13)
(1.0001 2.80804e-05 -4.08322e-13)
(1.00011 3.03974e-05 -4.41344e-13)
(1.00011 3.17467e-05 -4.60229e-13)
(1.00011 3.23331e-05 -4.6805e-13)
(1.00012 3.23201e-05 -4.67142e-13)
(1.00013 3.18326e-05 -4.59334e-13)
(1.00013 3.09695e-05 -4.46048e-13)
(1.00014 2.98086e-05 -4.28415e-13)
(1.00014 2.84155e-05 -4.07371e-13)
(1.00015 2.68476e-05 -3.83743e-13)
(1.00016 2.51607e-05 -3.58331e-13)
(1.00017 2.3416e-05 -3.32013e-13)
(1.00018 2.16837e-05 -3.05792e-13)
(1.00019 2.00543e-05 -2.8098e-13)
(1.0002 1.86406e-05 -2.59193e-13)
(1.00021 1.75946e-05 -2.42639e-13)
(1.00022 1.71081e-05 -2.34092e-13)
(1.00024 1.74366e-05 -2.37263e-13)
(1.00026 1.89015e-05 -2.5682e-13)
(1.00027 2.19187e-05 -2.98811e-13)
(1.00029 2.70081e-05 -3.70805e-13)
(1.00032 3.48245e-05 -4.82334e-13)
(1.00034 4.61801e-05 -6.45234e-13)
(1.00037 6.20759e-05 -8.74084e-13)
(1.00041 8.37438e-05 -1.18684e-12)
(1.00044 0.00011268 -1.60529e-12)
(1.00049 0.00015071 -2.15598e-12)
(1.00053 0.000200041 -2.87097e-12)
(1.00058 0.00026337 -3.78947e-12)
(1.00064 0.00034395 -4.95856e-12)
(1.0007 0.000445719 -6.43419e-12)
(1.00077 0.000573505 -8.28401e-12)
(1.00083 0.000733955 -1.06072e-11)
(1.00091 0.000936175 -1.35507e-11)
(1.00097 0.00118909 -1.72306e-11)
(1.00104 0.00149887 -2.16264e-11)
(1.00111 0.00189943 -2.74058e-11)
(1.00121 0.00253979 -3.75495e-11)
(1.00119 0.00360252 -5.26905e-11)
(1.00096 0.00463734 -6.57176e-11)
(1.00062 0.00500976 -7.21032e-11)
(1.0003 0.0050991 -7.32745e-11)
(0.999896 0.00490618 -7.13501e-11)
(0.999275 0.00441042 -6.58994e-11)
(0.998288 0.00347236 -5.41333e-11)
(0.996648 0.00181101 -3.12942e-11)
(0.994239 -0.000948014 8.77654e-12)
(0.991317 -0.00503494 7.00801e-11)
(0.988198 -0.0103186 1.48738e-10)
(0.985002 -0.0162171 2.34863e-10)
(0.98188 -0.0218682 3.18371e-10)
(0.978899 -0.0268656 3.92125e-10)
(0.976047 -0.0310095 4.52414e-10)
(0.973325 -0.03414 4.97163e-10)
(0.970732 -0.0361657 5.25248e-10)
(0.968262 -0.0370524 5.36343e-10)
(0.965902 -0.0368073 5.31013e-10)
(0.963634 -0.0355114 5.10531e-10)
(0.961434 -0.0332791 4.76942e-10)
(0.959278 -0.030295 4.33001e-10)
(0.95714 -0.0267745 3.81896e-10)
(0.954982 -0.0229282 3.26274e-10)
(0.952709 -0.0189135 2.67625e-10)
(0.950191 -0.0148787 2.08622e-10)
(0.947559 -0.0111761 1.54147e-10)
(0.945345 -0.00830053 1.10366e-10)
(0.944048 -0.00639156 8.76029e-11)
(0.943485 -0.0052128 7.44842e-11)
(0.943087 -0.00441283 6.25775e-11)
(0.942684 -0.00375615 5.29445e-11)
(0.942315 -0.00320651 4.51526e-11)
(0.941965 -0.00274774 3.86435e-11)
(0.941642 -0.00236413 3.32352e-11)
(0.941344 -0.00204509 2.87298e-11)
(0.941073 -0.00177901 2.49835e-11)
(0.940827 -0.00155787 2.18707e-11)
(0.940605 -0.00137409 1.92815e-11)
(0.940405 -0.00122071 1.71325e-11)
(0.940225 -0.00109387 1.53427e-11)
(0.940063 -0.000987139 1.38501e-11)
(0.939918 -0.000898441 1.26041e-11)
(0.939787 -0.000824194 1.15632e-11)
(0.93967 -0.000761893 1.06914e-11)
(0.939565 -0.00070944 9.9542e-12)
(0.93947 -0.000664431 9.3273e-12)
(0.939384 -0.000626114 8.78912e-12)
(0.939307 -0.0005927 8.32276e-12)
(0.939237 -0.000563518 7.91481e-12)
(0.939173 -0.000537738 7.55364e-12)
(0.939115 -0.000514559 7.2301e-12)
(0.939061 -0.000493612 6.93683e-12)
(0.939012 -0.000474362 6.667e-12)
(0.938967 -0.000456424 6.41709e-12)
(0.938925 -0.000439755 6.18193e-12)
(0.938886 -0.000423755 5.95944e-12)
(0.93885 -0.000408632 5.74625e-12)
(0.938817 -0.000393854 5.53883e-12)
(0.938786 -0.000379349 5.33653e-12)
(0.938756 -0.00036525 5.13712e-12)
(0.938729 -0.000351074 4.93934e-12)
(0.938703 -0.000336961 4.7399e-12)
(0.938679 -0.000322423 4.53639e-12)
(0.938657 -0.000307456 4.32587e-12)
(0.938636 -0.000291735 4.10497e-12)
(0.938616 -0.000274955 3.86978e-12)
(0.938598 -0.000256772 3.61422e-12)
(0.938581 -0.000236609 3.32976e-12)
(0.938564 -0.000214117 3.01364e-12)
(0.938548 -0.0001892 2.66955e-12)
(0.938534 -0.000159451 2.24404e-12)
(0.938521 -0.000115612 1.573e-12)
(0.938502 -5.30991e-05 6.2631e-13)
(0.938453 -3.93545e-06 -1.89282e-13)
(0.938442 -8.50563e-08 1.23302e-15)
(1.0002 -0.00013068 2.25554e-12)
)
;
    }
    front
    {
        type            wedge;
    }
    back
    {
        type            wedge;
    }
}


// ************************************************************************* //
