202
(
(0 -9.308530455894987e-06 4.064192167969767e-07)
(0 -9.308530455894987e-06 4.064192167969767e-07)
(0 -9.308530455894987e-06 4.064192167969767e-07)
(0 -9.308530455894987e-06 4.064192167969767e-07)
(0 -9.308530455894987e-06 4.064192167969767e-07)
(0 -9.308530455894987e-06 4.064192167969767e-07)
(0 -9.308530455894987e-06 4.064192167969767e-07)
(0 -9.308530455894987e-06 4.064192167969767e-07)
(0 -9.308530455894987e-06 4.064192167969767e-07)
(0 -9.308530455894987e-06 4.064192167969767e-07)
(0 -9.308530455894987e-06 4.064192167969767e-07)
(0 -9.308530455894987e-06 4.064192167969767e-07)
(0 -9.308530455894987e-06 4.064192167969767e-07)
(0 -9.308530455894987e-06 4.064192167969767e-07)
(0 -9.308530455894987e-06 4.064192167969767e-07)
(0 -9.308530455894987e-06 4.064192167969767e-07)
(0 -9.308530455894987e-06 4.064192167969767e-07)
(0 -9.308530455894987e-06 4.064192167969767e-07)
(0 -9.308530455894987e-06 4.064192167969767e-07)
(0 -9.308530455894987e-06 4.064192167969767e-07)
(0 -9.308530455894987e-06 4.064192167969767e-07)
(0 -9.308530455894987e-06 4.064192167969767e-07)
(0 -9.308530455894987e-06 4.064192167969767e-07)
(0 -9.308530455894987e-06 4.064192167969767e-07)
(0 -9.308530455894987e-06 4.064192167969767e-07)
(0 -9.308530455894987e-06 4.064192167969767e-07)
(0 -9.308530455894987e-06 4.064192167969767e-07)
(0 -9.308530455894987e-06 4.064192167969767e-07)
(0 -9.308530455894987e-06 4.064192167969767e-07)
(0 -9.308530455894987e-06 4.064192167969767e-07)
(0 -9.308530455894987e-06 4.064192167969767e-07)
(0 -9.308530455894987e-06 4.064192167969767e-07)
(0 -9.308530455894987e-06 4.064192167969767e-07)
(0 -9.308530455894987e-06 4.064192167969767e-07)
(0 -9.308530455894987e-06 4.064192167969767e-07)
(0 -9.308530455894987e-06 4.064192167969767e-07)
(0 -9.308530455894987e-06 4.064192167969767e-07)
(0 -9.308530455894987e-06 4.064192167969767e-07)
(0 -9.308530455894987e-06 4.064192167969767e-07)
(0 -9.308530455894987e-06 4.064192167969767e-07)
(0 -9.308530455894987e-06 4.064192167969767e-07)
(0 -9.308530455894987e-06 4.064192167969767e-07)
(0 -9.308530455894987e-06 4.064192167969767e-07)
(0 -9.308530455894987e-06 4.064192167969767e-07)
(0 -9.308530455894987e-06 4.064192167969767e-07)
(0 -9.308530455894987e-06 4.064192167969767e-07)
(0 -9.308530455894987e-06 4.064192167969767e-07)
(0 -9.308530455894987e-06 4.064192167969767e-07)
(0 -9.308530455894987e-06 4.064192167969767e-07)
(0 -9.308530455894987e-06 4.064192167969767e-07)
(0 -9.308530455894987e-06 4.064192167969767e-07)
(0 -9.308530455894987e-06 4.064192167969767e-07)
(0 -9.308530455894987e-06 4.064192167969767e-07)
(0 -9.308530455894987e-06 4.064192167969767e-07)
(0 -9.308530455894987e-06 4.064192167969767e-07)
(0 -9.308530455894987e-06 4.064192167969767e-07)
(0 -9.308530455894987e-06 4.064192167969767e-07)
(0 -9.308530455894987e-06 4.064192167969767e-07)
(0 -9.308530455894987e-06 4.064192167969767e-07)
(0 -9.308530455894987e-06 4.064192167969767e-07)
(0 -9.308530455894987e-06 4.064192167969767e-07)
(0 -9.308530455894987e-06 4.064192167969767e-07)
(0 -9.308530455894987e-06 4.064192167969767e-07)
(0 -9.308530455894987e-06 4.064192167969767e-07)
(0 -9.308530455894987e-06 4.064192167969767e-07)
(0 -9.308530455894987e-06 4.064192167969767e-07)
(0 -9.308530455894987e-06 4.064192167969767e-07)
(0 -9.308530455894987e-06 4.064192167969767e-07)
(0 -9.308530455894987e-06 4.064192167969767e-07)
(0 -9.308530455894987e-06 4.064192167969767e-07)
(0 -9.308530455894987e-06 4.064192167969767e-07)
(0 -9.308530455894987e-06 4.064192167969767e-07)
(0 -9.308530455894987e-06 4.064192167969767e-07)
(0 -9.308530455894987e-06 4.064192167969767e-07)
(0 -9.308530455894987e-06 4.064192167969767e-07)
(0 -9.308530455894987e-06 4.064192167969767e-07)
(0 -9.308530455894987e-06 4.064192167969767e-07)
(0 -9.308530455894987e-06 4.064192167969767e-07)
(0 -9.308530455894987e-06 4.064192167969767e-07)
(0 -9.308530455894987e-06 4.064192167969767e-07)
(0 -9.308530455894987e-06 4.064192167969767e-07)
(0 -9.308530455894987e-06 4.064192167969767e-07)
(0 -9.308530455894987e-06 4.064192167969767e-07)
(0 -9.308530455894987e-06 4.064192167969767e-07)
(0 -9.308530455894987e-06 4.064192167969767e-07)
(0 -9.308530455894987e-06 4.064192167969767e-07)
(0 -9.308530455894987e-06 4.064192167969767e-07)
(0 -9.308530455894987e-06 4.064192167969767e-07)
(0 -9.308530455894987e-06 4.064192167969767e-07)
(0 -9.308530455894987e-06 4.064192167969767e-07)
(0 -9.308530455894987e-06 4.064192167969767e-07)
(0 -9.308530455894987e-06 4.064192167969767e-07)
(0 -9.308530455894987e-06 4.064192167969767e-07)
(0 -9.308530455894987e-06 4.064192167969767e-07)
(0 -9.308530455894987e-06 4.064192167969767e-07)
(0 -9.308530455894987e-06 4.064192167969767e-07)
(0 -9.308530455894987e-06 4.064192167969767e-07)
(0 -9.308530455894987e-06 4.064192167969767e-07)
(0 -9.308530455894987e-06 4.064192167969767e-07)
(0 -9.308530455894987e-06 4.064192167969767e-07)
(0 -9.308530455894987e-06 4.064192167969767e-07)
(0 -9.308530455894987e-06 -4.064192167969767e-07)
(0 -9.308530455894987e-06 -4.064192167969767e-07)
(0 -9.308530455894987e-06 -4.064192167969767e-07)
(0 -9.308530455894987e-06 -4.064192167969767e-07)
(0 -9.308530455894987e-06 -4.064192167969767e-07)
(0 -9.308530455894987e-06 -4.064192167969767e-07)
(0 -9.308530455894987e-06 -4.064192167969767e-07)
(0 -9.308530455894987e-06 -4.064192167969767e-07)
(0 -9.308530455894987e-06 -4.064192167969767e-07)
(0 -9.308530455894987e-06 -4.064192167969767e-07)
(0 -9.308530455894987e-06 -4.064192167969767e-07)
(0 -9.308530455894987e-06 -4.064192167969767e-07)
(0 -9.308530455894987e-06 -4.064192167969767e-07)
(0 -9.308530455894987e-06 -4.064192167969767e-07)
(0 -9.308530455894987e-06 -4.064192167969767e-07)
(0 -9.308530455894987e-06 -4.064192167969767e-07)
(0 -9.308530455894987e-06 -4.064192167969767e-07)
(0 -9.308530455894987e-06 -4.064192167969767e-07)
(0 -9.308530455894987e-06 -4.064192167969767e-07)
(0 -9.308530455894987e-06 -4.064192167969767e-07)
(0 -9.308530455894987e-06 -4.064192167969767e-07)
(0 -9.308530455894987e-06 -4.064192167969767e-07)
(0 -9.308530455894987e-06 -4.064192167969767e-07)
(0 -9.308530455894987e-06 -4.064192167969767e-07)
(0 -9.308530455894987e-06 -4.064192167969767e-07)
(0 -9.308530455894987e-06 -4.064192167969767e-07)
(0 -9.308530455894987e-06 -4.064192167969767e-07)
(0 -9.308530455894987e-06 -4.064192167969767e-07)
(0 -9.308530455894987e-06 -4.064192167969767e-07)
(0 -9.308530455894987e-06 -4.064192167969767e-07)
(0 -9.308530455894987e-06 -4.064192167969767e-07)
(0 -9.308530455894987e-06 -4.064192167969767e-07)
(0 -9.308530455894987e-06 -4.064192167969767e-07)
(0 -9.308530455894987e-06 -4.064192167969767e-07)
(0 -9.308530455894987e-06 -4.064192167969767e-07)
(0 -9.308530455894987e-06 -4.064192167969767e-07)
(0 -9.308530455894987e-06 -4.064192167969767e-07)
(0 -9.308530455894987e-06 -4.064192167969767e-07)
(0 -9.308530455894987e-06 -4.064192167969767e-07)
(0 -9.308530455894987e-06 -4.064192167969767e-07)
(0 -9.308530455894987e-06 -4.064192167969767e-07)
(0 -9.308530455894987e-06 -4.064192167969767e-07)
(0 -9.308530455894987e-06 -4.064192167969767e-07)
(0 -9.308530455894987e-06 -4.064192167969767e-07)
(0 -9.308530455894987e-06 -4.064192167969767e-07)
(0 -9.308530455894987e-06 -4.064192167969767e-07)
(0 -9.308530455894987e-06 -4.064192167969767e-07)
(0 -9.308530455894987e-06 -4.064192167969767e-07)
(0 -9.308530455894987e-06 -4.064192167969767e-07)
(0 -9.308530455894987e-06 -4.064192167969767e-07)
(0 -9.308530455894987e-06 -4.064192167969767e-07)
(0 -9.308530455894987e-06 -4.064192167969767e-07)
(0 -9.308530455894987e-06 -4.064192167969767e-07)
(0 -9.308530455894987e-06 -4.064192167969767e-07)
(0 -9.308530455894987e-06 -4.064192167969767e-07)
(0 -9.308530455894987e-06 -4.064192167969767e-07)
(0 -9.308530455894987e-06 -4.064192167969767e-07)
(0 -9.308530455894987e-06 -4.064192167969767e-07)
(0 -9.308530455894987e-06 -4.064192167969767e-07)
(0 -9.308530455894987e-06 -4.064192167969767e-07)
(0 -9.308530455894987e-06 -4.064192167969767e-07)
(0 -9.308530455894987e-06 -4.064192167969767e-07)
(0 -9.308530455894987e-06 -4.064192167969767e-07)
(0 -9.308530455894987e-06 -4.064192167969767e-07)
(0 -9.308530455894987e-06 -4.064192167969767e-07)
(0 -9.308530455894987e-06 -4.064192167969767e-07)
(0 -9.308530455894987e-06 -4.064192167969767e-07)
(0 -9.308530455894987e-06 -4.064192167969767e-07)
(0 -9.308530455894987e-06 -4.064192167969767e-07)
(0 -9.308530455894987e-06 -4.064192167969767e-07)
(0 -9.308530455894987e-06 -4.064192167969767e-07)
(0 -9.308530455894987e-06 -4.064192167969767e-07)
(0 -9.308530455894987e-06 -4.064192167969767e-07)
(0 -9.308530455894987e-06 -4.064192167969767e-07)
(0 -9.308530455894987e-06 -4.064192167969767e-07)
(0 -9.308530455894987e-06 -4.064192167969767e-07)
(0 -9.308530455894987e-06 -4.064192167969767e-07)
(0 -9.308530455894987e-06 -4.064192167969767e-07)
(0 -9.308530455894987e-06 -4.064192167969767e-07)
(0 -9.308530455894987e-06 -4.064192167969767e-07)
(0 -9.308530455894987e-06 -4.064192167969767e-07)
(0 -9.308530455894987e-06 -4.064192167969767e-07)
(0 -9.308530455894987e-06 -4.064192167969767e-07)
(0 -9.308530455894987e-06 -4.064192167969767e-07)
(0 -9.308530455894987e-06 -4.064192167969767e-07)
(0 -9.308530455894987e-06 -4.064192167969767e-07)
(0 -9.308530455894987e-06 -4.064192167969767e-07)
(0 -9.308530455894987e-06 -4.064192167969767e-07)
(0 -9.308530455894987e-06 -4.064192167969767e-07)
(0 -9.308530455894987e-06 -4.064192167969767e-07)
(0 -9.308530455894987e-06 -4.064192167969767e-07)
(0 -9.308530455894987e-06 -4.064192167969767e-07)
(0 -9.308530455894987e-06 -4.064192167969767e-07)
(0 -9.308530455894987e-06 -4.064192167969767e-07)
(0 -9.308530455894987e-06 -4.064192167969767e-07)
(0 -9.308530455894987e-06 -4.064192167969767e-07)
(0 -9.308530455894987e-06 -4.064192167969767e-07)
(0 -9.308530455894987e-06 -4.064192167969767e-07)
(0 -9.308530455894987e-06 -4.064192167969767e-07)
(0 -9.308530455894987e-06 -4.064192167969767e-07)
(0 -9.308530455894987e-06 -4.064192167969767e-07)
)