/*--------------------------------*- C++ -*----------------------------------*\
| =========                 |                                                 |
| \\      /  F ield         | foam-extend: Open Source CFD                    |
|  \\    /   O peration     | Version:     4.1-20200408                       |
|   \\  /    A nd           | Web:         http://www.foam-extend.org         |
|    \\/     M anipulation  |                                                 |
\*---------------------------------------------------------------------------*/
FoamFile
{
    version     2.0;
    format      ascii;
    class       volVectorField;
    location    "0.0150000";
    object      U_0;
}
// * * * * * * * * * * * * * * * * * * * * * * * * * * * * * * * * * * * * * //

dimensions      [0 1 0 0 0 0 0];

internalField   nonuniform List<vector> 
1952
(
(0.0149175 -6.28497e-08 0)
(0.0149176 -1.02604e-07 0)
(0.0149176 -1.43214e-07 0)
(0.0149176 -1.84627e-07 0)
(0.0149177 -2.26714e-07 0)
(0.0149177 -2.69849e-07 0)
(0.0149178 -3.1367e-07 0)
(0.0149179 -3.58419e-07 0)
(0.014918 -4.03656e-07 0)
(0.0149181 -4.50027e-07 0)
(0.0149182 -4.96703e-07 0)
(0.0149183 -5.43605e-07 0)
(0.0149184 -5.87618e-07 0)
(0.0149185 -6.2918e-07 0)
(0.0149186 -6.71203e-07 0)
(0.0149175 -2.69286e-08 0)
(0.0149174 -6.67164e-08 0)
(0.0149174 -1.08867e-07 0)
(0.0149174 -1.52009e-07 0)
(0.0149175 -1.95814e-07 0)
(0.0149175 -2.40529e-07 0)
(0.0149176 -2.86052e-07 0)
(0.0149177 -3.32613e-07 0)
(0.0149177 -3.79745e-07 0)
(0.0149178 -4.2776e-07 0)
(0.0149179 -4.76447e-07 0)
(0.014918 -5.25778e-07 0)
(0.0149181 -5.74621e-07 0)
(0.0149182 -6.20528e-07 0)
(0.0149183 -6.62664e-07 0)
(0.0149185 -7.03991e-07 0)
(0.0149174 -2.858e-08 0)
(0.0149173 -7.00238e-08 0)
(0.0149173 -1.14237e-07 0)
(0.0149173 -1.59511e-07 0)
(0.0149173 -2.05355e-07 0)
(0.0149174 -2.52225e-07 0)
(0.0149174 -2.99692e-07 0)
(0.0149175 -3.48371e-07 0)
(0.0149176 -3.9736e-07 0)
(0.0149177 -4.47364e-07 0)
(0.0149178 -4.976e-07 0)
(0.0149179 -5.48557e-07 0)
(0.014918 -5.98308e-07 0)
(0.0149181 -6.44976e-07 0)
(0.0149182 -6.86819e-07 0)
(0.0149183 -7.27311e-07 0)
(0.0149172 -2.99944e-08 0)
(0.0149171 -7.27911e-08 0)
(0.0149171 -1.18715e-07 0)
(0.0149172 -1.65739e-07 0)
(0.0149172 -2.1324e-07 0)
(0.0149172 -2.61829e-07 0)
(0.0149173 -3.10789e-07 0)
(0.0149174 -3.61074e-07 0)
(0.0149174 -4.11371e-07 0)
(0.0149175 -4.62766e-07 0)
(0.0149176 -5.1392e-07 0)
(0.0149177 -5.65875e-07 0)
(0.0149178 -6.15862e-07 0)
(0.014918 -6.62883e-07 0)
(0.0149181 -7.04172e-07 0)
(0.0149182 -7.44128e-07 0)
(0.0149171 -3.11796e-08 0)
(0.014917 -7.50239e-08 0)
(0.014917 -1.22318e-07 0)
(0.014917 -1.70729e-07 0)
(0.0149171 -2.19531e-07 0)
(0.0149171 -2.69427e-07 0)
(0.0149172 -3.19512e-07 0)
(0.0149172 -3.70968e-07 0)
(0.0149173 -4.2213e-07 0)
(0.0149174 -4.74446e-07 0)
(0.0149175 -5.2607e-07 0)
(0.0149176 -5.78597e-07 0)
(0.0149177 -6.28503e-07 0)
(0.0149178 -6.75687e-07 0)
(0.0149179 -7.16404e-07 0)
(0.0149181 -7.56015e-07 0)
(0.014917 -3.21362e-08 0)
(0.0149168 -7.67573e-08 0)
(0.0149168 -1.25107e-07 0)
(0.0149169 -1.74579e-07 0)
(0.0149169 -2.24353e-07 0)
(0.014917 -2.75212e-07 0)
(0.014917 -3.26089e-07 0)
(0.0149171 -3.78374e-07 0)
(0.0149172 -4.3006e-07 0)
(0.0149172 -4.8297e-07 0)
(0.0149173 -5.34711e-07 0)
(0.0149174 -5.87561e-07 0)
(0.0149175 -6.37196e-07 0)
(0.0149177 -6.84472e-07 0)
(0.0149178 -7.24708e-07 0)
(0.0149179 -7.64125e-07 0)
(0.0149168 -3.28788e-08 0)
(0.0149167 -7.8035e-08 0)
(0.0149167 -1.27155e-07 0)
(0.0149167 -1.77395e-07 0)
(0.0149168 -2.27848e-07 0)
(0.0149168 -2.79386e-07 0)
(0.0149169 -3.30761e-07 0)
(0.0149169 -3.83604e-07 0)
(0.014917 -4.35543e-07 0)
(0.0149171 -4.88825e-07 0)
(0.0149172 -5.40505e-07 0)
(0.0149173 -5.93522e-07 0)
(0.0149174 -6.4286e-07 0)
(0.0149175 -6.90215e-07 0)
(0.0149177 -7.30058e-07 0)
(0.0149178 -7.69354e-07 0)
(0.0149167 -3.34262e-08 0)
(0.0149165 -7.892e-08 0)
(0.0149165 -1.28566e-07 0)
(0.0149166 -1.79329e-07 0)
(0.0149166 -2.30223e-07 0)
(0.0149167 -2.82206e-07 0)
(0.0149167 -3.33866e-07 0)
(0.0149168 -3.87056e-07 0)
(0.0149169 -4.39069e-07 0)
(0.014917 -4.92561e-07 0)
(0.014917 -5.44058e-07 0)
(0.0149172 -5.9714e-07 0)
(0.0149173 -6.46195e-07 0)
(0.0149174 -6.93619e-07 0)
(0.0149175 -7.33127e-07 0)
(0.0149177 -7.72352e-07 0)
(0.0149165 -3.38055e-08 0)
(0.0149164 -7.94725e-08 0)
(0.0149164 -1.29439e-07 0)
(0.0149164 -1.80522e-07 0)
(0.0149165 -2.31656e-07 0)
(0.0149165 -2.83899e-07 0)
(0.0149166 -3.35667e-07 0)
(0.0149166 -3.89047e-07 0)
(0.0149167 -4.41021e-07 0)
(0.0149168 -4.94598e-07 0)
(0.0149169 -5.45864e-07 0)
(0.014917 -5.98975e-07 0)
(0.0149171 -6.47722e-07 0)
(0.0149173 -6.95222e-07 0)
(0.0149174 -7.34461e-07 0)
(0.0149175 -7.73628e-07 0)
(0.0149164 -3.40422e-08 0)
(0.0149162 -7.97546e-08 0)
(0.0149163 -1.29874e-07 0)
(0.0149163 -1.81114e-07 0)
(0.0149163 -2.3233e-07 0)
(0.0149164 -2.84687e-07 0)
(0.0149164 -3.36426e-07 0)
(0.0149165 -3.89877e-07 0)
(0.0149166 -4.4172e-07 0)
(0.0149167 -4.95305e-07 0)
(0.0149168 -5.4633e-07 0)
(0.0149169 -5.99464e-07 0)
(0.014917 -6.4789e-07 0)
(0.0149171 -6.95484e-07 0)
(0.0149173 -7.34502e-07 0)
(0.0149174 -7.73606e-07 0)
(0.0149162 -3.41629e-08 0)
(0.0149161 -7.98205e-08 0)
(0.0149161 -1.2996e-07 0)
(0.0149161 -1.81229e-07 0)
(0.0149162 -2.32405e-07 0)
(0.0149162 -2.84762e-07 0)
(0.0149163 -3.36377e-07 0)
(0.0149164 -3.89812e-07 0)
(0.0149164 -4.41461e-07 0)
(0.0149165 -4.95003e-07 0)
(0.0149166 -5.45771e-07 0)
(0.0149167 -5.98906e-07 0)
(0.0149169 -6.47053e-07 0)
(0.014917 -6.94764e-07 0)
(0.0149171 -7.33576e-07 0)
(0.0149173 -7.72606e-07 0)
(0.0149161 -3.41908e-08 0)
(0.014916 -7.97173e-08 0)
(0.014916 -1.29774e-07 0)
(0.014916 -1.80973e-07 0)
(0.014916 -2.32017e-07 0)
(0.0149161 -2.84289e-07 0)
(0.0149162 -3.35708e-07 0)
(0.0149162 -3.89058e-07 0)
(0.0149163 -4.40469e-07 0)
(0.0149164 -4.93943e-07 0)
(0.0149165 -5.44449e-07 0)
(0.0149166 -5.97574e-07 0)
(0.0149167 -6.4548e-07 0)
(0.0149169 -6.93324e-07 0)
(0.014917 -7.3193e-07 0)
(0.0149171 -7.70874e-07 0)
(0.0149159 -3.41461e-08 0)
(0.0149158 -7.94863e-08 0)
(0.0149158 -1.29384e-07 0)
(0.0149159 -1.80443e-07 0)
(0.0149159 -2.3129e-07 0)
(0.014916 -2.83419e-07 0)
(0.014916 -3.34598e-07 0)
(0.0149161 -3.87801e-07 0)
(0.0149162 -4.38938e-07 0)
(0.0149163 -4.9234e-07 0)
(0.0149164 -5.42572e-07 0)
(0.0149165 -5.957e-07 0)
(0.0149166 -6.43366e-07 0)
(0.0149167 -6.91347e-07 0)
(0.0149169 -7.29751e-07 0)
(0.014917 -7.6859e-07 0)
(0.0149158 -3.40464e-08 0)
(0.0149157 -7.91579e-08 0)
(0.0149157 -1.28838e-07 0)
(0.0149157 -1.79703e-07 0)
(0.0149158 -2.30307e-07 0)
(0.0149158 -2.8225e-07 0)
(0.0149159 -3.33159e-07 0)
(0.0149159 -3.86178e-07 0)
(0.014916 -4.37015e-07 0)
(0.0149161 -4.90351e-07 0)
(0.0149162 -5.403e-07 0)
(0.0149163 -5.9344e-07 0)
(0.0149164 -6.40875e-07 0)
(0.0149166 -6.8899e-07 0)
(0.0149167 -7.27193e-07 0)
(0.0149169 -7.65905e-07 0)
(0.0149157 -3.39049e-08 0)
(0.0149155 -7.87597e-08 0)
(0.0149156 -1.28181e-07 0)
(0.0149156 -1.78812e-07 0)
(0.0149156 -2.29131e-07 0)
(0.0149157 -2.80868e-07 0)
(0.0149157 -3.31465e-07 0)
(0.0149158 -3.84309e-07 0)
(0.0149159 -4.34836e-07 0)
(0.014916 -4.88095e-07 0)
(0.0149161 -5.37764e-07 0)
(0.0149162 -5.90916e-07 0)
(0.0149163 -6.38124e-07 0)
(0.0149165 -6.86366e-07 0)
(0.0149166 -7.24362e-07 0)
(0.0149168 -7.62927e-07 0)
(0.0149155 -3.37335e-08 0)
(0.0149154 -7.83104e-08 0)
(0.0149154 -1.27442e-07 0)
(0.0149155 -1.77809e-07 0)
(0.0149155 -2.27815e-07 0)
(0.0149155 -2.79329e-07 0)
(0.0149156 -3.29591e-07 0)
(0.0149157 -3.82266e-07 0)
(0.0149158 -4.32485e-07 0)
(0.0149159 -4.85656e-07 0)
(0.0149159 -5.35053e-07 0)
(0.0149161 -5.88217e-07 0)
(0.0149162 -6.35196e-07 0)
(0.0149163 -6.83562e-07 0)
(0.0149165 -7.21344e-07 0)
(0.0149166 -7.5974e-07 0)
(0.0149154 -3.35401e-08 0)
(0.0149153 -7.78236e-08 0)
(0.0149153 -1.26643e-07 0)
(0.0149153 -1.76728e-07 0)
(0.0149154 -2.26402e-07 0)
(0.0149154 -2.77681e-07 0)
(0.0149155 -3.27601e-07 0)
(0.0149155 -3.80103e-07 0)
(0.0149156 -4.30011e-07 0)
(0.0149157 -4.831e-07 0)
(0.0149158 -5.32227e-07 0)
(0.0149159 -5.85404e-07 0)
(0.0149161 -6.32156e-07 0)
(0.0149162 -6.80639e-07 0)
(0.0149163 -7.18198e-07 0)
(0.0149165 -7.56408e-07 0)
(0.0149153 -3.33306e-08 0)
(0.0149151 -7.731e-08 0)
(0.0149152 -1.25801e-07 0)
(0.0149152 -1.75591e-07 0)
(0.0149152 -2.24923e-07 0)
(0.0149153 -2.75961e-07 0)
(0.0149153 -3.25536e-07 0)
(0.0149154 -3.77867e-07 0)
(0.0149155 -4.27459e-07 0)
(0.0149156 -4.80473e-07 0)
(0.0149157 -5.29327e-07 0)
(0.0149158 -5.82522e-07 0)
(0.0149159 -6.2904e-07 0)
(0.0149161 -6.77638e-07 0)
(0.0149162 -7.14964e-07 0)
(0.0149164 -7.52969e-07 0)
(0.0149151 -3.31096e-08 0)
(0.014915 -7.67755e-08 0)
(0.014915 -1.24926e-07 0)
(0.0149151 -1.74412e-07 0)
(0.0149151 -2.23394e-07 0)
(0.0149151 -2.74185e-07 0)
(0.0149152 -3.23414e-07 0)
(0.0149153 -3.75576e-07 0)
(0.0149154 -4.24851e-07 0)
(0.0149155 -4.77797e-07 0)
(0.0149156 -5.26376e-07 0)
(0.0149157 -5.79596e-07 0)
(0.0149158 -6.25876e-07 0)
(0.0149159 -6.74586e-07 0)
(0.0149161 -7.1167e-07 0)
(0.0149162 -7.49458e-07 0)
(0.014915 -3.28795e-08 0)
(0.0149149 -7.62266e-08 0)
(0.0149149 -1.2403e-07 0)
(0.0149149 -1.73203e-07 0)
(0.014915 -2.21831e-07 0)
(0.014915 -2.72372e-07 0)
(0.0149151 -3.21254e-07 0)
(0.0149152 -3.73248e-07 0)
(0.0149152 -4.22203e-07 0)
(0.0149153 -4.75091e-07 0)
(0.0149154 -5.23387e-07 0)
(0.0149155 -5.7664e-07 0)
(0.0149157 -6.22671e-07 0)
(0.0149158 -6.71495e-07 0)
(0.0149159 -7.08325e-07 0)
(0.0149161 -7.45884e-07 0)
(0.0149149 -3.26433e-08 0)
(0.0149147 -7.56621e-08 0)
(0.0149148 -1.23109e-07 0)
(0.0149148 -1.71961e-07 0)
(0.0149148 -2.20231e-07 0)
(0.0149149 -2.70517e-07 0)
(0.014915 -3.19049e-07 0)
(0.014915 -3.70877e-07 0)
(0.0149151 -4.19514e-07 0)
(0.0149152 -4.72348e-07 0)
(0.0149153 -5.20362e-07 0)
(0.0149154 -5.73656e-07 0)
(0.0149155 -6.19433e-07 0)
(0.0149157 -6.68376e-07 0)
(0.0149158 -7.04939e-07 0)
(0.014916 -7.42262e-07 0)
(0.0149147 -3.24004e-08 0)
(0.0149146 -7.50846e-08 0)
(0.0149146 -1.22168e-07 0)
(0.0149147 -1.70691e-07 0)
(0.0149147 -2.18597e-07 0)
(0.0149148 -2.68622e-07 0)
(0.0149148 -3.16805e-07 0)
(0.0149149 -3.68464e-07 0)
(0.014915 -4.16782e-07 0)
(0.0149151 -4.69569e-07 0)
(0.0149152 -5.17296e-07 0)
(0.0149153 -5.70644e-07 0)
(0.0149154 -6.16151e-07 0)
(0.0149155 -6.65223e-07 0)
(0.0149157 -7.015e-07 0)
(0.0149158 -7.38582e-07 0)
(0.0149146 -3.21519e-08 0)
(0.0149145 -7.44881e-08 0)
(0.0149145 -1.21197e-07 0)
(0.0149145 -1.69378e-07 0)
(0.0149146 -2.16914e-07 0)
(0.0149146 -2.66667e-07 0)
(0.0149147 -3.14498e-07 0)
(0.0149148 -3.65985e-07 0)
(0.0149149 -4.13991e-07 0)
(0.0149149 -4.66733e-07 0)
(0.014915 -5.14177e-07 0)
(0.0149152 -5.67586e-07 0)
(0.0149153 -6.12824e-07 0)
(0.0149154 -6.62035e-07 0)
(0.0149156 -6.98011e-07 0)
(0.0149157 -7.3485e-07 0)
(0.0149145 -3.18954e-08 0)
(0.0149144 -7.38705e-08 0)
(0.0149144 -1.20194e-07 0)
(0.0149144 -1.68018e-07 0)
(0.0149145 -2.15177e-07 0)
(0.0149145 -2.64644e-07 0)
(0.0149146 -3.12125e-07 0)
(0.0149146 -3.63427e-07 0)
(0.0149147 -4.11131e-07 0)
(0.0149148 -4.63823e-07 0)
(0.0149149 -5.10992e-07 0)
(0.014915 -5.64473e-07 0)
(0.0149152 -6.09435e-07 0)
(0.0149153 -6.58808e-07 0)
(0.0149154 -6.94456e-07 0)
(0.0149156 -7.31048e-07 0)
(0.0149144 -3.16299e-08 0)
(0.0149142 -7.32232e-08 0)
(0.0149143 -1.19144e-07 0)
(0.0149143 -1.66594e-07 0)
(0.0149143 -2.13362e-07 0)
(0.0149144 -2.62527e-07 0)
(0.0149145 -3.09652e-07 0)
(0.0149145 -3.60755e-07 0)
(0.0149146 -4.08166e-07 0)
(0.0149147 -4.60798e-07 0)
(0.0149148 -5.07721e-07 0)
(0.0149149 -5.61268e-07 0)
(0.014915 -6.05991e-07 0)
(0.0149152 -6.55536e-07 0)
(0.0149153 -6.90857e-07 0)
(0.0149155 -7.272e-07 0)
(0.0149142 -3.13518e-08 0)
(0.0149141 -7.25324e-08 0)
(0.0149142 -1.18031e-07 0)
(0.0149142 -1.65083e-07 0)
(0.0149142 -2.11455e-07 0)
(0.0149143 -2.60295e-07 0)
(0.0149143 -3.07074e-07 0)
(0.0149144 -3.57946e-07 0)
(0.0149145 -4.05093e-07 0)
(0.0149146 -4.57628e-07 0)
(0.0149147 -5.04348e-07 0)
(0.0149148 -5.57937e-07 0)
(0.0149149 -6.02471e-07 0)
(0.014915 -6.52217e-07 0)
(0.0149152 -6.87238e-07 0)
(0.0149153 -7.2331e-07 0)
(0.0149141 -3.10553e-08 0)
(0.014914 -7.17984e-08 0)
(0.014914 -1.16856e-07 0)
(0.0149141 -1.63491e-07 0)
(0.0149141 -2.09451e-07 0)
(0.0149142 -2.57946e-07 0)
(0.0149142 -3.04367e-07 0)
(0.0149143 -3.54983e-07 0)
(0.0149144 -4.01838e-07 0)
(0.0149145 -4.54239e-07 0)
(0.0149146 -5.00837e-07 0)
(0.0149147 -5.54419e-07 0)
(0.0149148 -5.98882e-07 0)
(0.0149149 -6.4875e-07 0)
(0.0149151 -6.83706e-07 0)
(0.0149152 -7.19579e-07 0)
(0.014914 -3.07402e-08 0)
(0.0149139 -7.10024e-08 0)
(0.0149139 -1.15593e-07 0)
(0.0149139 -1.61787e-07 0)
(0.014914 -2.07323e-07 0)
(0.014914 -2.55439e-07 0)
(0.0149141 -3.01518e-07 0)
(0.0149142 -3.51834e-07 0)
(0.0149142 -3.98435e-07 0)
(0.0149143 -4.50599e-07 0)
(0.0149144 -4.97198e-07 0)
(0.0149145 -5.50601e-07 0)
(0.0149147 -5.95273e-07 0)
(0.0149148 -6.44954e-07 0)
(0.0149149 -6.8041e-07 0)
(0.0149151 -7.16252e-07 0)
(0.0149139 -3.03992e-08 0)
(0.0149138 -7.0163e-08 0)
(0.0149138 -1.14256e-07 0)
(0.0149138 -1.59986e-07 0)
(0.0149139 -2.05087e-07 0)
(0.0149139 -2.52793e-07 0)
(0.014914 -2.98554e-07 0)
(0.014914 -3.48528e-07 0)
(0.0149141 -3.94937e-07 0)
(0.0149142 -4.46827e-07 0)
(0.0149143 -4.93364e-07 0)
(0.0149144 -5.46563e-07 0)
(0.0149145 -5.91443e-07 0)
(0.0149147 -6.40961e-07 0)
(0.0149148 -6.77066e-07 0)
(0.014915 -7.1291e-07 0)
(0.0149138 -3.00393e-08 0)
(0.0149137 -6.92785e-08 0)
(0.0149137 -1.12833e-07 0)
(0.0149137 -1.58046e-07 0)
(0.0149138 -2.02689e-07 0)
(0.0149138 -2.49926e-07 0)
(0.0149139 -2.95345e-07 0)
(0.0149139 -3.44919e-07 0)
(0.014914 -3.9113e-07 0)
(0.0149141 -4.42732e-07 0)
(0.0149142 -4.89315e-07 0)
(0.0149143 -5.42343e-07 0)
(0.0149144 -5.87522e-07 0)
(0.0149146 -6.36976e-07 0)
(0.0149147 -6.73624e-07 0)
(0.0149149 -7.09456e-07 0)
(0.0149137 -2.96593e-08 0)
(0.0149135 -6.83551e-08 0)
(0.0149136 -1.11338e-07 0)
(0.0149136 -1.56005e-07 0)
(0.0149136 -2.00184e-07 0)
(0.0149137 -2.46916e-07 0)
(0.0149137 -2.91979e-07 0)
(0.0149138 -3.41131e-07 0)
(0.0149139 -3.87128e-07 0)
(0.014914 -4.38445e-07 0)
(0.0149141 -4.85108e-07 0)
(0.0149142 -5.38001e-07 0)
(0.0149143 -5.83508e-07 0)
(0.0149144 -6.32939e-07 0)
(0.0149146 -6.70056e-07 0)
(0.0149147 -7.05905e-07 0)
(0.0149135 -2.92624e-08 0)
(0.0149134 -6.7384e-08 0)
(0.0149135 -1.09773e-07 0)
(0.0149135 -1.5386e-07 0)
(0.0149135 -1.97548e-07 0)
(0.0149136 -2.4375e-07 0)
(0.0149136 -2.88451e-07 0)
(0.0149137 -3.37172e-07 0)
(0.0149138 -3.82979e-07 0)
(0.0149139 -4.34016e-07 0)
(0.014914 -4.80749e-07 0)
(0.0149141 -5.33537e-07 0)
(0.0149142 -5.79336e-07 0)
(0.0149143 -6.28799e-07 0)
(0.0149145 -6.66358e-07 0)
(0.0149146 -7.02265e-07 0)
(0.0149134 -2.88459e-08 0)
(0.0149133 -6.63837e-08 0)
(0.0149134 -1.08175e-07 0)
(0.0149134 -1.51659e-07 0)
(0.0149134 -1.94829e-07 0)
(0.0149135 -2.40494e-07 0)
(0.0149135 -2.84813e-07 0)
(0.0149136 -3.33101e-07 0)
(0.0149137 -3.78715e-07 0)
(0.0149137 -4.29474e-07 0)
(0.0149138 -4.76284e-07 0)
(0.0149139 -5.28965e-07 0)
(0.0149141 -5.75039e-07 0)
(0.0149142 -6.24583e-07 0)
(0.0149143 -6.62594e-07 0)
(0.0149145 -6.98615e-07 0)
(0.0149133 -2.84179e-08 0)
(0.0149132 -6.53693e-08 0)
(0.0149132 -1.06556e-07 0)
(0.0149133 -1.49421e-07 0)
(0.0149133 -1.9207e-07 0)
(0.0149134 -2.37201e-07 0)
(0.0149134 -2.81133e-07 0)
(0.0149135 -3.28989e-07 0)
(0.0149136 -3.7441e-07 0)
(0.0149136 -4.24896e-07 0)
(0.0149137 -4.7177e-07 0)
(0.0149138 -5.24337e-07 0)
(0.0149139 -5.70659e-07 0)
(0.0149141 -6.20338e-07 0)
(0.0149142 -6.58747e-07 0)
(0.0149144 -6.94942e-07 0)
(0.0149132 -2.79838e-08 0)
(0.0149131 -6.4382e-08 0)
(0.0149131 -1.0498e-07 0)
(0.0149132 -1.47221e-07 0)
(0.0149132 -1.89351e-07 0)
(0.0149133 -2.33959e-07 0)
(0.0149133 -2.77507e-07 0)
(0.0149134 -3.24929e-07 0)
(0.0149134 -3.70174e-07 0)
(0.0149135 -4.20384e-07 0)
(0.0149136 -4.67261e-07 0)
(0.0149137 -5.1973e-07 0)
(0.0149138 -5.66265e-07 0)
(0.014914 -6.16105e-07 0)
(0.0149141 -6.5495e-07 0)
(0.0149143 -6.91393e-07 0)
(0.0149131 -2.75614e-08 0)
(0.014913 -6.34599e-08 0)
(0.014913 -1.03501e-07 0)
(0.0149131 -1.4516e-07 0)
(0.0149131 -1.86799e-07 0)
(0.0149131 -2.30893e-07 0)
(0.0149132 -2.74061e-07 0)
(0.0149133 -3.21043e-07 0)
(0.0149133 -3.66066e-07 0)
(0.0149134 -4.16e-07 0)
(0.0149135 -4.62839e-07 0)
(0.0149136 -5.15251e-07 0)
(0.0149137 -5.61971e-07 0)
(0.0149138 -6.12014e-07 0)
(0.014914 -6.51462e-07 0)
(0.0149141 -6.88237e-07 0)
(0.014913 -2.71667e-08 0)
(0.0149129 -6.26494e-08 0)
(0.0149129 -1.02189e-07 0)
(0.014913 -1.43343e-07 0)
(0.014913 -1.84539e-07 0)
(0.014913 -2.28138e-07 0)
(0.0149131 -2.7094e-07 0)
(0.0149132 -3.17481e-07 0)
(0.0149132 -3.6224e-07 0)
(0.0149133 -4.11889e-07 0)
(0.0149134 -4.58757e-07 0)
(0.0149135 -5.1112e-07 0)
(0.0149136 -5.58098e-07 0)
(0.0149137 -6.08396e-07 0)
(0.0149139 -6.48472e-07 0)
(0.014914 -6.85665e-07 0)
(0.0149129 -2.68192e-08 0)
(0.0149128 -6.20415e-08 0)
(0.0149129 -1.01198e-07 0)
(0.0149129 -1.41945e-07 0)
(0.0149129 -1.82784e-07 0)
(0.0149129 -2.25949e-07 0)
(0.014913 -2.68448e-07 0)
(0.0149131 -3.1457e-07 0)
(0.0149131 -3.59112e-07 0)
(0.0149132 -4.08472e-07 0)
(0.0149133 -4.55328e-07 0)
(0.0149134 -5.07637e-07 0)
(0.0149135 -5.54868e-07 0)
(0.0149136 -6.05455e-07 0)
(0.0149137 -6.4615e-07 0)
(0.0149139 -6.83849e-07 0)
(0.0149128 -2.65587e-08 0)
(0.0149127 -6.17139e-08 0)
(0.0149128 -1.00651e-07 0)
(0.0149128 -1.4114e-07 0)
(0.0149128 -1.8175e-07 0)
(0.0149129 -2.24586e-07 0)
(0.0149129 -2.66871e-07 0)
(0.014913 -3.12618e-07 0)
(0.014913 -3.56994e-07 0)
(0.0149131 -4.06063e-07 0)
(0.0149132 -4.52897e-07 0)
(0.0149133 -5.05137e-07 0)
(0.0149134 -5.52606e-07 0)
(0.0149135 -6.03499e-07 0)
(0.0149136 -6.44858e-07 0)
(0.0149138 -6.83162e-07 0)
(0.0149127 -2.64185e-08 0)
(0.0149127 -6.17898e-08 0)
(0.0149127 -1.00747e-07 0)
(0.0149127 -1.41207e-07 0)
(0.0149127 -1.81766e-07 0)
(0.0149128 -2.24424e-07 0)
(0.0149128 -2.66645e-07 0)
(0.0149129 -3.12091e-07 0)
(0.0149129 -3.5636e-07 0)
(0.014913 -4.05151e-07 0)
(0.0149131 -4.51978e-07 0)
(0.0149131 -5.04128e-07 0)
(0.0149132 -5.51814e-07 0)
(0.0149134 -6.03017e-07 0)
(0.0149135 -6.45022e-07 0)
(0.0149136 -6.84031e-07 0)
(0.0149126 -2.64518e-08 0)
(0.0149126 -6.24054e-08 0)
(0.0149126 -1.0171e-07 0)
(0.0149126 -1.42438e-07 0)
(0.0149126 -1.83226e-07 0)
(0.0149127 -2.25932e-07 0)
(0.0149127 -2.68301e-07 0)
(0.0149128 -3.13572e-07 0)
(0.0149128 -3.57851e-07 0)
(0.0149129 -4.06391e-07 0)
(0.014913 -4.532e-07 0)
(0.014913 -5.05223e-07 0)
(0.0149131 -5.5307e-07 0)
(0.0149132 -6.04567e-07 0)
(0.0149134 -6.47214e-07 0)
(0.0149135 -6.87024e-07 0)
(0.0149126 -2.6717e-08 0)
(0.0149125 -6.37314e-08 0)
(0.0149125 -1.03821e-07 0)
(0.0149125 -1.4521e-07 0)
(0.0149125 -1.86634e-07 0)
(0.0149126 -2.29715e-07 0)
(0.0149126 -2.72481e-07 0)
(0.0149127 -3.17789e-07 0)
(0.0149127 -3.62207e-07 0)
(0.0149128 -4.10566e-07 0)
(0.0149128 -4.57395e-07 0)
(0.0149129 -5.09258e-07 0)
(0.014913 -5.57206e-07 0)
(0.0149131 -6.08967e-07 0)
(0.0149132 -6.52256e-07 0)
(0.0149134 -6.9295e-07 0)
(0.0149125 -2.72875e-08 0)
(0.0149124 -6.59737e-08 0)
(0.0149124 -1.07408e-07 0)
(0.0149124 -1.49989e-07 0)
(0.0149125 -1.92552e-07 0)
(0.0149125 -2.36448e-07 0)
(0.0149125 -2.79986e-07 0)
(0.0149126 -3.25627e-07 0)
(0.0149126 -3.70394e-07 0)
(0.0149127 -4.18688e-07 0)
(0.0149127 -4.65635e-07 0)
(0.0149128 -5.17311e-07 0)
(0.0149129 -5.65323e-07 0)
(0.014913 -6.1728e-07 0)
(0.0149131 -6.61123e-07 0)
(0.0149133 -7.02761e-07 0)
(0.0149124 -2.82514e-08 0)
(0.0149123 -6.93743e-08 0)
(0.0149123 -1.12866e-07 0)
(0.0149123 -1.57328e-07 0)
(0.0149124 -2.01683e-07 0)
(0.0149124 -2.46982e-07 0)
(0.0149124 -2.91827e-07 0)
(0.0149125 -3.38218e-07 0)
(0.0149125 -3.83694e-07 0)
(0.0149126 -4.32108e-07 0)
(0.0149126 -4.79272e-07 0)
(0.0149127 -5.30744e-07 0)
(0.0149128 -5.78757e-07 0)
(0.0149129 -6.30797e-07 0)
(0.014913 -6.75052e-07 0)
(0.0149131 -7.17655e-07 0)
(0.0149123 -2.97127e-08 0)
(0.0149122 -7.41956e-08 0)
(0.0149122 -1.20622e-07 0)
(0.0149123 -1.67815e-07 0)
(0.0149123 -2.14781e-07 0)
(0.0149123 -2.62231e-07 0)
(0.0149123 -3.09074e-07 0)
(0.0149124 -3.56804e-07 0)
(0.0149124 -4.03485e-07 0)
(0.0149125 -4.52327e-07 0)
(0.0149125 -4.99932e-07 0)
(0.0149126 -5.5125e-07 0)
(0.0149127 -5.9922e-07 0)
(0.0149128 -6.5119e-07 0)
(0.0149129 -6.9569e-07 0)
(0.014913 -7.39222e-07 0)
(0.0149122 -3.17839e-08 0)
(0.0149121 -8.07186e-08 0)
(0.0149122 -1.31133e-07 0)
(0.0149122 -1.82098e-07 0)
(0.0149122 -2.32689e-07 0)
(0.0149122 -2.83244e-07 0)
(0.0149123 -3.32987e-07 0)
(0.0149123 -3.82851e-07 0)
(0.0149123 -4.31424e-07 0)
(0.0149124 -4.81202e-07 0)
(0.0149124 -5.29635e-07 0)
(0.0149125 -5.80947e-07 0)
(0.0149126 -6.28886e-07 0)
(0.0149126 -6.80609e-07 0)
(0.0149127 -7.25159e-07 0)
(0.0149128 -7.69501e-07 0)
(0.0149121 -3.45851e-08 0)
(0.0149121 -8.92148e-08 0)
(0.0149121 -1.44856e-07 0)
(0.0149121 -2.00823e-07 0)
(0.0149121 -2.56279e-07 0)
(0.0149121 -3.11086e-07 0)
(0.0149122 -3.6487e-07 0)
(0.0149122 -4.17904e-07 0)
(0.0149122 -4.69339e-07 0)
(0.0149123 -5.20894e-07 0)
(0.0149123 -5.70773e-07 0)
(0.0149124 -6.22399e-07 0)
(0.0149124 -6.70489e-07 0)
(0.0149125 -7.21792e-07 0)
(0.0149126 -7.66129e-07 0)
(0.0149127 -8.11014e-07 0)
(0.0149121 -3.82325e-08 0)
(0.014912 -9.99362e-08 0)
(0.014912 -1.62209e-07 0)
(0.014912 -2.24607e-07 0)
(0.014912 -2.86357e-07 0)
(0.014912 -3.46845e-07 0)
(0.0149121 -4.06073e-07 0)
(0.0149121 -4.63645e-07 0)
(0.0149121 -5.19243e-07 0)
(0.0149122 -5.73714e-07 0)
(0.0149122 -6.26082e-07 0)
(0.0149123 -6.78673e-07 0)
(0.0149123 -7.27435e-07 0)
(0.0149124 -7.7823e-07 0)
(0.0149125 -8.21987e-07 0)
(0.0149125 -8.66899e-07 0)
(0.014912 -4.28338e-08 0)
(0.0149119 -1.13071e-07 0)
(0.0149119 -1.83511e-07 0)
(0.0149119 -2.53944e-07 0)
(0.0149119 -3.23592e-07 0)
(0.0149119 -3.91483e-07 0)
(0.014912 -4.5786e-07 0)
(0.014912 -5.21703e-07 0)
(0.014912 -5.83179e-07 0)
(0.0149121 -6.42118e-07 0)
(0.0149121 -6.98532e-07 0)
(0.0149122 -7.5332e-07 0)
(0.0149122 -8.03801e-07 0)
(0.0149123 -8.54498e-07 0)
(0.0149123 -8.97781e-07 0)
(0.0149124 -9.42176e-07 0)
(0.0149119 -4.84692e-08 0)
(0.0149117 -1.28729e-07 0)
(0.0149118 -2.08957e-07 0)
(0.0149118 -2.89121e-07 0)
(0.0149118 -3.68436e-07 0)
(0.0149118 -4.45594e-07 0)
(0.0149119 -5.2108e-07 0)
(0.0149119 -5.93222e-07 0)
(0.0149119 -6.62725e-07 0)
(0.014912 -7.28339e-07 0)
(0.014912 -7.91028e-07 0)
(0.0149121 -8.50123e-07 0)
(0.0149121 -9.04382e-07 0)
(0.0149121 -9.56629e-07 0)
(0.0149122 -1.00109e-06 0)
(0.0149122 -1.04562e-06 0)
(0.0149117 -5.51848e-08 0)
(0.0149116 -1.46882e-07 0)
(0.0149116 -2.38517e-07 0)
(0.0149116 -3.30135e-07 0)
(0.0149117 -4.20952e-07 0)
(0.0149117 -5.09347e-07 0)
(0.0149117 -5.96083e-07 0)
(0.0149118 -6.78821e-07 0)
(0.0149118 -7.58895e-07 0)
(0.0149119 -8.33962e-07 0)
(0.0149119 -9.05898e-07 0)
(0.0149119 -9.72324e-07 0)
(0.014912 -1.0337e-06 0)
(0.014912 -1.0906e-06 0)
(0.014912 -1.13972e-06 0)
(0.014912 -1.18736e-06 0)
(0.0149116 -6.29682e-08 0)
(0.0149115 -1.67346e-07 0)
(0.0149115 -2.71903e-07 0)
(0.0149115 -3.76627e-07 0)
(0.0149115 -4.80727e-07 0)
(0.0149116 -5.82378e-07 0)
(0.0149116 -6.82556e-07 0)
(0.0149117 -7.78434e-07 0)
(0.0149117 -8.71833e-07 0)
(0.0149117 -9.59398e-07 0)
(0.0149118 -1.044e-06 0)
(0.0149118 -1.1214e-06 0)
(0.0149118 -1.19397e-06 0)
(0.0149119 -1.2594e-06 0)
(0.0149119 -1.31744e-06 0)
(0.0149119 -1.37148e-06 0)
(0.0149115 -7.17393e-08 0)
(0.0149113 -1.8973e-07 0)
(0.0149113 -3.08489e-07 0)
(0.0149113 -4.27733e-07 0)
(0.0149114 -5.46693e-07 0)
(0.0149114 -6.63415e-07 0)
(0.0149115 -7.79106e-07 0)
(0.0149115 -8.90566e-07 0)
(0.0149116 -1.00006e-06 0)
(0.0149116 -1.10336e-06 0)
(0.0149116 -1.20428e-06 0)
(0.0149117 -1.29677e-06 0)
(0.0149117 -1.38506e-06 0)
(0.0149117 -1.46361e-06 0)
(0.0149117 -1.53564e-06 0)
(0.0149117 -1.60004e-06 0)
(0.0149113 -8.13308e-08 0)
(0.0149111 -2.13456e-07 0)
(0.0149111 -3.47328e-07 0)
(0.0149112 -4.82142e-07 0)
(0.0149112 -6.17164e-07 0)
(0.0149112 -7.50416e-07 0)
(0.0149113 -8.83332e-07 0)
(0.0149113 -1.01249e-06 0)
(0.0149114 -1.14057e-06 0)
(0.0149114 -1.26269e-06 0)
(0.0149115 -1.38345e-06 0)
(0.0149115 -1.49512e-06 0)
(0.0149116 -1.6037e-06 0)
(0.0149116 -1.70006e-06 0)
(0.0149116 -1.79108e-06 0)
(0.0149115 -1.86965e-06 0)
(0.0149111 -9.1494e-08 0)
(0.0149109 -2.37752e-07 0)
(0.0149109 -3.87152e-07 0)
(0.014911 -5.38071e-07 0)
(0.014911 -6.89812e-07 0)
(0.014911 -8.40503e-07 0)
(0.0149111 -9.91767e-07 0)
(0.0149111 -1.14018e-06 0)
(0.0149112 -1.28874e-06 0)
(0.0149113 -1.43219e-06 0)
(0.0149113 -1.57576e-06 0)
(0.0149114 -1.71033e-06 0)
(0.0149114 -1.84339e-06 0)
(0.0149114 -1.96208e-06 0)
(0.0149114 -2.07693e-06 0)
(0.0149114 -2.17323e-06 0)
(0.0149109 -1.01898e-07 0)
(0.0149107 -2.61677e-07 0)
(0.0149107 -4.26411e-07 0)
(0.0149107 -5.93314e-07 0)
(0.0149108 -7.61745e-07 0)
(0.0149108 -9.30028e-07 0)
(0.0149109 -1.09995e-06 0)
(0.0149109 -1.26829e-06 0)
(0.014911 -1.43831e-06 0)
(0.014911 -1.60467e-06 0)
(0.0149111 -1.77308e-06 0)
(0.0149112 -1.93347e-06 0)
(0.0149112 -2.0944e-06 0)
(0.0149112 -2.23972e-06 0)
(0.0149112 -2.38295e-06 0)
(0.0149112 -2.50081e-06 0)
(0.0149107 -1.12142e-07 0)
(0.0149104 -2.84212e-07 0)
(0.0149104 -4.63415e-07 0)
(0.0149105 -6.4546e-07 0)
(0.0149105 -8.29755e-07 0)
(0.0149106 -1.01491e-06 0)
(0.0149106 -1.2028e-06 0)
(0.0149107 -1.3906e-06 0)
(0.0149107 -1.5818e-06 0)
(0.0149108 -1.77123e-06 0)
(0.0149109 -1.96501e-06 0)
(0.0149109 -2.15267e-06 0)
(0.014911 -2.34339e-06 0)
(0.014911 -2.51869e-06 0)
(0.0149111 -2.69424e-06 0)
(0.014911 -2.83817e-06 0)
(0.0149104 -1.21787e-07 0)
(0.0149101 -3.04334e-07 0)
(0.0149102 -4.96457e-07 0)
(0.0149102 -6.92048e-07 0)
(0.0149102 -8.90551e-07 0)
(0.0149103 -1.09085e-06 0)
(0.0149103 -1.29493e-06 0)
(0.0149104 -1.50041e-06 0)
(0.0149105 -1.71093e-06 0)
(0.0149105 -1.92181e-06 0)
(0.0149106 -2.13936e-06 0)
(0.0149107 -2.35338e-06 0)
(0.0149108 -2.57314e-06 0)
(0.0149108 -2.7792e-06 0)
(0.0149109 -2.98793e-06 0)
(0.0149109 -3.15965e-06 0)
(0.0149101 -1.30398e-07 0)
(0.0149099 -3.21126e-07 0)
(0.0149099 -5.24008e-07 0)
(0.0149099 -7.30856e-07 0)
(0.0149099 -9.41132e-07 0)
(0.01491 -1.15394e-06 0)
(0.01491 -1.37133e-06 0)
(0.0149101 -1.59133e-06 0)
(0.0149102 -1.81758e-06 0)
(0.0149103 -2.04616e-06 0)
(0.0149103 -2.28335e-06 0)
(0.0149104 -2.51978e-06 0)
(0.0149105 -2.76455e-06 0)
(0.0149106 -2.99917e-06 0)
(0.0149107 -3.23895e-06 0)
(0.0149107 -3.43877e-06 0)
(0.0149099 -1.37584e-07 0)
(0.0149095 -3.33867e-07 0)
(0.0149096 -5.44867e-07 0)
(0.0149096 -7.60151e-07 0)
(0.0149096 -9.79139e-07 0)
(0.0149097 -1.20109e-06 0)
(0.0149097 -1.42797e-06 0)
(0.0149098 -1.65817e-06 0)
(0.0149099 -1.89508e-06 0)
(0.0149099 -2.13559e-06 0)
(0.01491 -2.38565e-06 0)
(0.0149101 -2.63704e-06 0)
(0.0149102 -2.89869e-06 0)
(0.0149103 -3.15392e-06 0)
(0.0149104 -3.41509e-06 0)
(0.0149105 -3.64013e-06 0)
(0.0149095 -1.43036e-07 0)
(0.0149092 -3.42125e-07 0)
(0.0149093 -5.58318e-07 0)
(0.0149093 -7.7891e-07 0)
(0.0149093 -1.00323e-06 0)
(0.0149094 -1.23064e-06 0)
(0.0149094 -1.46287e-06 0)
(0.0149095 -1.69866e-06 0)
(0.0149096 -1.94081e-06 0)
(0.0149096 -2.18664e-06 0)
(0.0149097 -2.44098e-06 0)
(0.0149098 -2.6964e-06 0)
(0.0149099 -2.96038e-06 0)
(0.01491 -3.21578e-06 0)
(0.0149102 -3.46903e-06 0)
(0.0149104 -3.69166e-06 0)
(0.0149092 -1.46571e-07 0)
(0.0149089 -3.45928e-07 0)
(0.0149089 -5.64402e-07 0)
(0.014909 -7.87169e-07 0)
(0.014909 -1.01347e-06 0)
(0.014909 -1.24269e-06 0)
(0.0149091 -1.47635e-06 0)
(0.0149092 -1.71344e-06 0)
(0.0149092 -1.95577e-06 0)
(0.0149093 -2.20052e-06 0)
(0.0149094 -2.45048e-06 0)
(0.0149095 -2.69862e-06 0)
(0.0149096 -2.94874e-06 0)
(0.0149098 -3.18518e-06 0)
(0.01491 -3.41567e-06 0)
(0.0149102 -3.62578e-06 0)
(0.0149089 -1.482e-07 0)
(0.0149086 -3.4557e-07 0)
(0.0149086 -5.636e-07 0)
(0.0149086 -7.8557e-07 0)
(0.0149087 -1.0106e-06 0)
(0.0149087 -1.23807e-06 0)
(0.0149088 -1.4691e-06 0)
(0.0149088 -1.7025e-06 0)
(0.0149089 -1.93867e-06 0)
(0.014909 -2.17468e-06 0)
(0.0149091 -2.41103e-06 0)
(0.0149092 -2.64202e-06 0)
(0.0149094 -2.86834e-06 0)
(0.0149096 -3.08117e-06 0)
(0.0149098 -3.29394e-06 0)
(0.0149101 -3.49405e-06 0)
(0.0149086 -1.48048e-07 0)
(0.0149083 -3.40958e-07 0)
(0.0149083 -5.55816e-07 0)
(0.0149083 -7.74067e-07 0)
(0.0149084 -9.94551e-07 0)
(0.0149084 -1.21641e-06 0)
(0.0149085 -1.44014e-06 0)
(0.0149085 -1.6642e-06 0)
(0.0149086 -1.88809e-06 0)
(0.0149087 -2.10883e-06 0)
(0.0149088 -2.32516e-06 0)
(0.014909 -2.53545e-06 0)
(0.0149092 -2.74047e-06 0)
(0.0149094 -2.93806e-06 0)
(0.0149096 -3.13851e-06 0)
(0.0149099 -3.32865e-06 0)
(0.0149083 -1.46076e-07 0)
(0.014908 -3.31752e-07 0)
(0.014908 -5.4052e-07 0)
(0.014908 -7.52014e-07 0)
(0.0149081 -9.64616e-07 0)
(0.0149081 -1.17698e-06 0)
(0.0149082 -1.38866e-06 0)
(0.0149083 -1.59813e-06 0)
(0.0149084 -1.80572e-06 0)
(0.0149085 -2.0095e-06 0)
(0.0149086 -2.20752e-06 0)
(0.0149088 -2.40122e-06 0)
(0.014909 -2.5939e-06 0)
(0.0149092 -2.78165e-06 0)
(0.0149094 -2.96856e-06 0)
(0.0149097 -3.14832e-06 0)
(0.014908 -1.4214e-07 0)
(0.0149077 -3.17434e-07 0)
(0.0149077 -5.16848e-07 0)
(0.0149078 -7.18355e-07 0)
(0.0149078 -9.20003e-07 0)
(0.0149079 -1.12028e-06 0)
(0.0149079 -1.31811e-06 0)
(0.014908 -1.5124e-06 0)
(0.0149081 -1.70436e-06 0)
(0.0149083 -1.89408e-06 0)
(0.0149084 -2.08043e-06 0)
(0.0149086 -2.26325e-06 0)
(0.0149088 -2.44328e-06 0)
(0.014909 -2.61982e-06 0)
(0.0149093 -2.79349e-06 0)
(0.0149096 -2.96338e-06 0)
(0.0149077 -1.36023e-07 0)
(0.0149075 -2.99596e-07 0)
(0.0149075 -4.87441e-07 0)
(0.0149075 -6.76887e-07 0)
(0.0149076 -8.6596e-07 0)
(0.0149076 -1.05364e-06 0)
(0.0149077 -1.23917e-06 0)
(0.0149078 -1.4223e-06 0)
(0.0149079 -1.60225e-06 0)
(0.0149081 -1.77953e-06 0)
(0.0149082 -1.95354e-06 0)
(0.0149084 -2.12475e-06 0)
(0.0149086 -2.29214e-06 0)
(0.0149089 -2.45729e-06 0)
(0.0149091 -2.6192e-06 0)
(0.0149094 -2.77991e-06 0)
(0.0149075 -1.28408e-07 0)
(0.0149073 -2.81603e-07 0)
(0.0149073 -4.57942e-07 0)
(0.0149073 -6.35554e-07 0)
(0.0149074 -8.12462e-07 0)
(0.0149074 -9.87929e-07 0)
(0.0149075 -1.16124e-06 0)
(0.0149076 -1.33253e-06 0)
(0.0149078 -1.50056e-06 0)
(0.0149079 -1.666e-06 0)
(0.0149081 -1.82789e-06 0)
(0.0149082 -1.98763e-06 0)
(0.0149085 -2.14358e-06 0)
(0.0149087 -2.29822e-06 0)
(0.014909 -2.44956e-06 0)
(0.0149093 -2.60163e-06 0)
(0.0149072 -1.20705e-07 0)
(0.0149071 -2.63393e-07 0)
(0.0149071 -4.28239e-07 0)
(0.0149071 -5.94201e-07 0)
(0.0149072 -7.59345e-07 0)
(0.0149073 -9.23086e-07 0)
(0.0149074 -1.0846e-06 0)
(0.0149075 -1.24417e-06 0)
(0.0149076 -1.4006e-06 0)
(0.0149077 -1.55491e-06 0)
(0.0149079 -1.70571e-06 0)
(0.0149081 -1.85487e-06 0)
(0.0149083 -2.00026e-06 0)
(0.0149085 -2.1452e-06 0)
(0.0149088 -2.2871e-06 0)
(0.0149091 -2.4311e-06 0)
(0.014907 -1.12902e-07 0)
(0.0149069 -2.45439e-07 0)
(0.0149069 -3.99006e-07 0)
(0.014907 -5.53596e-07 0)
(0.014907 -7.07355e-07 0)
(0.0149071 -8.59837e-07 0)
(0.0149072 -1.01018e-06 0)
(0.0149073 -1.1588e-06 0)
(0.0149074 -1.30442e-06 0)
(0.0149076 -1.44825e-06 0)
(0.0149077 -1.58867e-06 0)
(0.0149079 -1.72796e-06 0)
(0.0149082 -1.86378e-06 0)
(0.0149084 -1.99984e-06 0)
(0.0149087 -2.13322e-06 0)
(0.014909 -2.26962e-06 0)
(0.0149069 -1.05207e-07 0)
(0.0149067 -2.28174e-07 0)
(0.0149067 -3.7093e-07 0)
(0.0149068 -5.14653e-07 0)
(0.0149069 -6.57577e-07 0)
(0.0149069 -7.99363e-07 0)
(0.014907 -9.39115e-07 0)
(0.0149071 -1.07736e-06 0)
(0.0149073 -1.21283e-06 0)
(0.0149074 -1.34689e-06 0)
(0.0149076 -1.47781e-06 0)
(0.0149078 -1.60805e-06 0)
(0.014908 -1.73517e-06 0)
(0.0149083 -1.8631e-06 0)
(0.0149085 -1.98873e-06 0)
(0.0149088 -2.11796e-06 0)
(0.0149067 -9.7807e-08 0)
(0.0149066 -2.11741e-07 0)
(0.0149066 -3.44224e-07 0)
(0.0149066 -4.77646e-07 0)
(0.0149067 -6.10337e-07 0)
(0.0149068 -7.42057e-07 0)
(0.0149069 -8.71915e-07 0)
(0.014907 -1.00052e-06 0)
(0.0149071 -1.1266e-06 0)
(0.0149073 -1.25161e-06 0)
(0.0149075 -1.37381e-06 0)
(0.0149077 -1.49573e-06 0)
(0.0149079 -1.61493e-06 0)
(0.0149081 -1.73539e-06 0)
(0.0149084 -1.8539e-06 0)
(0.0149087 -1.97636e-06 0)
(0.0149066 -9.07628e-08 0)
(0.0149064 -1.96297e-07 0)
(0.0149065 -3.1914e-07 0)
(0.0149065 -4.42902e-07 0)
(0.0149066 -5.66023e-07 0)
(0.0149067 -6.88345e-07 0)
(0.0149068 -8.08996e-07 0)
(0.0149069 -9.28643e-07 0)
(0.014907 -1.04605e-06 0)
(0.0149072 -1.16273e-06 0)
(0.0149074 -1.27694e-06 0)
(0.0149076 -1.39124e-06 0)
(0.0149078 -1.5032e-06 0)
(0.014908 -1.61677e-06 0)
(0.0149083 -1.7287e-06 0)
(0.0149085 -1.84472e-06 0)
(0.0149064 -8.41427e-08 0)
(0.0149063 -1.81895e-07 0)
(0.0149064 -2.95755e-07 0)
(0.0149064 -4.10527e-07 0)
(0.0149065 -5.24757e-07 0)
(0.0149066 -6.38363e-07 0)
(0.0149067 -7.50507e-07 0)
(0.0149068 -8.61895e-07 0)
(0.0149069 -9.7134e-07 0)
(0.0149071 -1.08035e-06 0)
(0.0149072 -1.18725e-06 0)
(0.0149074 -1.29454e-06 0)
(0.0149077 -1.39987e-06 0)
(0.0149079 -1.50704e-06 0)
(0.0149081 -1.61286e-06 0)
(0.0149084 -1.7228e-06 0)
(0.0149063 -7.79686e-08 0)
(0.0149062 -1.68562e-07 0)
(0.0149062 -2.74112e-07 0)
(0.0149063 -3.8057e-07 0)
(0.0149064 -4.86591e-07 0)
(0.0149064 -5.92157e-07 0)
(0.0149066 -6.96469e-07 0)
(0.0149067 -8.00259e-07 0)
(0.0149068 -9.02394e-07 0)
(0.014907 -1.00437e-06 0)
(0.0149071 -1.10456e-06 0)
(0.0149073 -1.2054e-06 0)
(0.0149075 -1.30461e-06 0)
(0.0149078 -1.40583e-06 0)
(0.014908 -1.50593e-06 0)
(0.0149083 -1.61007e-06 0)
(0.0149062 -7.22529e-08 0)
(0.0149061 -1.56285e-07 0)
(0.0149061 -2.54185e-07 0)
(0.0149062 -3.52993e-07 0)
(0.0149063 -4.51468e-07 0)
(0.0149063 -5.49646e-07 0)
(0.0149065 -6.46772e-07 0)
(0.0149066 -7.4359e-07 0)
(0.0149067 -8.39026e-07 0)
(0.0149069 -9.34535e-07 0)
(0.014907 -1.02857e-06 0)
(0.0149072 -1.12346e-06 0)
(0.0149074 -1.21702e-06 0)
(0.0149077 -1.31268e-06 0)
(0.0149079 -1.40742e-06 0)
(0.0149082 -1.50606e-06 0)
(0.0149061 -6.69894e-08 0)
(0.014906 -1.45028e-07 0)
(0.0149061 -2.35917e-07 0)
(0.0149061 -3.27713e-07 0)
(0.0149062 -4.19275e-07 0)
(0.0149063 -5.10682e-07 0)
(0.0149064 -6.01228e-07 0)
(0.0149065 -6.91656e-07 0)
(0.0149066 -7.80952e-07 0)
(0.0149068 -8.7052e-07 0)
(0.014907 -9.5889e-07 0)
(0.0149071 -1.04827e-06 0)
(0.0149073 -1.13658e-06 0)
(0.0149076 -1.22703e-06 0)
(0.0149078 -1.31672e-06 0)
(0.0149081 -1.41013e-06 0)
(0.014906 -6.21637e-08 0)
(0.0149059 -1.3474e-07 0)
(0.014906 -2.19221e-07 0)
(0.014906 -3.04606e-07 0)
(0.0149061 -3.8985e-07 0)
(0.0149062 -4.75065e-07 0)
(0.0149063 -5.59591e-07 0)
(0.0149064 -6.44165e-07 0)
(0.0149065 -7.27831e-07 0)
(0.0149067 -8.11932e-07 0)
(0.0149069 -8.95079e-07 0)
(0.0149071 -9.79349e-07 0)
(0.0149073 -1.06277e-06 0)
(0.0149075 -1.14832e-06 0)
(0.0149077 -1.23325e-06 0)
(0.014908 -1.32169e-06 0)
(0.0149059 -5.7753e-08 0)
(0.0149059 -1.25358e-07 0)
(0.0149059 -2.03993e-07 0)
(0.0149059 -2.83529e-07 0)
(0.014906 -3.63005e-07 0)
(0.0149061 -4.42561e-07 0)
(0.0149062 -5.21584e-07 0)
(0.0149063 -6.00793e-07 0)
(0.0149065 -6.7929e-07 0)
(0.0149066 -7.58353e-07 0)
(0.0149068 -8.3667e-07 0)
(0.014907 -9.16188e-07 0)
(0.0149072 -9.95039e-07 0)
(0.0149074 -1.07598e-06 0)
(0.0149076 -1.15641e-06 0)
(0.0149079 -1.24014e-06 0)
(0.0149058 -5.37306e-08 0)
(0.0149058 -1.16812e-07 0)
(0.0149058 -1.90122e-07 0)
(0.0149059 -2.64324e-07 0)
(0.014906 -3.38539e-07 0)
(0.014906 -4.12924e-07 0)
(0.0149061 -4.86912e-07 0)
(0.0149063 -5.61199e-07 0)
(0.0149064 -6.34944e-07 0)
(0.0149065 -7.09355e-07 0)
(0.0149067 -7.83197e-07 0)
(0.0149069 -8.58283e-07 0)
(0.0149071 -9.32853e-07 0)
(0.0149073 -1.00945e-06 0)
(0.0149075 -1.08562e-06 0)
(0.0149078 -1.16486e-06 0)
(0.0149058 -5.00668e-08 0)
(0.0149057 -1.09031e-07 0)
(0.0149058 -1.77489e-07 0)
(0.0149058 -2.4683e-07 0)
(0.0149059 -3.16243e-07 0)
(0.014906 -3.85901e-07 0)
(0.0149061 -4.55277e-07 0)
(0.0149062 -5.25044e-07 0)
(0.0149063 -5.94411e-07 0)
(0.0149065 -6.64519e-07 0)
(0.0149066 -7.34201e-07 0)
(0.0149068 -8.0515e-07 0)
(0.014907 -8.75701e-07 0)
(0.0149072 -9.48203e-07 0)
(0.0149074 -1.02035e-06 0)
(0.0149077 -1.09534e-06 0)
(0.0149057 -4.67309e-08 0)
(0.0149057 -1.01944e-07 0)
(0.0149057 -1.65981e-07 0)
(0.0149058 -2.30885e-07 0)
(0.0149058 -2.95912e-07 0)
(0.0149059 -3.61244e-07 0)
(0.014906 -4.26391e-07 0)
(0.0149061 -4.91998e-07 0)
(0.0149063 -5.57323e-07 0)
(0.0149064 -6.23439e-07 0)
(0.0149066 -6.89249e-07 0)
(0.0149068 -7.56323e-07 0)
(0.0149069 -8.23095e-07 0)
(0.0149071 -8.91728e-07 0)
(0.0149074 -9.60051e-07 0)
(0.0149076 -1.03102e-06 0)
(0.0149057 -4.36925e-08 0)
(0.0149056 -9.5481e-08 0)
(0.0149057 -1.55483e-07 0)
(0.0149057 -2.16335e-07 0)
(0.0149058 -2.7735e-07 0)
(0.0149059 -3.38715e-07 0)
(0.014906 -3.99975e-07 0)
(0.0149061 -4.61745e-07 0)
(0.0149062 -5.2333e-07 0)
(0.0149063 -5.85738e-07 0)
(0.0149065 -6.47933e-07 0)
(0.0149067 -7.11374e-07 0)
(0.0149069 -7.74587e-07 0)
(0.0149071 -8.39567e-07 0)
(0.0149073 -9.04275e-07 0)
(0.0149075 -9.71426e-07 0)
(0.0149056 -4.0922e-08 0)
(0.0149056 -8.95777e-08 0)
(0.0149056 -1.45892e-07 0)
(0.0149057 -2.03034e-07 0)
(0.0149057 -2.60371e-07 0)
(0.0149058 -3.18092e-07 0)
(0.0149059 -3.7577e-07 0)
(0.014906 -4.33994e-07 0)
(0.0149061 -4.9211e-07 0)
(0.0149063 -5.51061e-07 0)
(0.0149064 -6.09874e-07 0)
(0.0149066 -6.69903e-07 0)
(0.0149068 -7.2976e-07 0)
(0.014907 -7.91283e-07 0)
(0.0149072 -8.52563e-07 0)
(0.0149074 -9.16095e-07 0)
(0.0149056 -3.83913e-08 0)
(0.0149055 -8.4173e-08 0)
(0.0149056 -1.37108e-07 0)
(0.0149056 -1.90847e-07 0)
(0.0149057 -2.44804e-07 0)
(0.0149058 -2.99166e-07 0)
(0.0149059 -3.53537e-07 0)
(0.014906 -4.08475e-07 0)
(0.0149061 -4.63364e-07 0)
(0.0149062 -5.19089e-07 0)
(0.0149064 -5.74731e-07 0)
(0.0149066 -6.3155e-07 0)
(0.0149067 -6.88236e-07 0)
(0.0149069 -7.46491e-07 0)
(0.0149071 -8.0452e-07 0)
(0.0149074 -8.64628e-07 0)
(0.0149055 -3.60744e-08 0)
(0.0149055 -7.92111e-08 0)
(0.0149055 -1.29041e-07 0)
(0.0149056 -1.79649e-07 0)
(0.0149056 -2.30491e-07 0)
(0.0149057 -2.81751e-07 0)
(0.0149058 -3.33058e-07 0)
(0.0149059 -3.84941e-07 0)
(0.014906 -4.36822e-07 0)
(0.0149062 -4.89527e-07 0)
(0.0149063 -5.42192e-07 0)
(0.0149065 -5.95985e-07 0)
(0.0149067 -6.49675e-07 0)
(0.0149069 -7.04835e-07 0)
(0.0149071 -7.59783e-07 0)
(0.0149073 -8.16648e-07 0)
(0.0149055 -3.39474e-08 0)
(0.0149054 -7.46416e-08 0)
(0.0149055 -1.21609e-07 0)
(0.0149055 -1.69327e-07 0)
(0.0149056 -2.1729e-07 0)
(0.0149057 -2.65675e-07 0)
(0.0149058 -3.14137e-07 0)
(0.0149059 -3.63173e-07 0)
(0.014906 -4.12241e-07 0)
(0.0149061 -4.62114e-07 0)
(0.0149063 -5.11976e-07 0)
(0.0149065 -5.62915e-07 0)
(0.0149066 -6.1377e-07 0)
(0.0149068 -6.65999e-07 0)
(0.014907 -7.18024e-07 0)
(0.0149072 -7.71817e-07 0)
(0.0149054 -3.19887e-08 0)
(0.0149054 -7.0419e-08 0)
(0.0149054 -1.14739e-07 0)
(0.0149055 -1.59782e-07 0)
(0.0149055 -2.05074e-07 0)
(0.0149056 -2.50786e-07 0)
(0.0149057 -2.96596e-07 0)
(0.0149058 -3.42973e-07 0)
(0.014906 -3.89404e-07 0)
(0.0149061 -4.36616e-07 0)
(0.0149062 -4.83835e-07 0)
(0.0149064 -5.32079e-07 0)
(0.0149066 -5.80249e-07 0)
(0.0149068 -6.29703e-07 0)
(0.014907 -6.78957e-07 0)
(0.0149072 -7.29847e-07 0)
(0.0149054 -3.01788e-08 0)
(0.0149054 -6.6503e-08 0)
(0.0149054 -1.08366e-07 0)
(0.0149054 -1.50922e-07 0)
(0.0149055 -1.93728e-07 0)
(0.0149056 -2.36948e-07 0)
(0.0149057 -2.80279e-07 0)
(0.0149058 -3.24164e-07 0)
(0.0149059 -3.68119e-07 0)
(0.014906 -4.12824e-07 0)
(0.0149062 -4.57547e-07 0)
(0.0149064 -5.03241e-07 0)
(0.0149065 -5.48867e-07 0)
(0.0149067 -5.9569e-07 0)
(0.0149069 -6.42314e-07 0)
(0.0149071 -6.9045e-07 0)
(0.0149054 -2.85002e-08 0)
(0.0149053 -6.28576e-08 0)
(0.0149054 -1.02432e-07 0)
(0.0149054 -1.42669e-07 0)
(0.0149055 -1.83154e-07 0)
(0.0149055 -2.24042e-07 0)
(0.0149056 -2.65049e-07 0)
(0.0149057 -3.06593e-07 0)
(0.0149059 -3.48214e-07 0)
(0.014906 -3.90554e-07 0)
(0.0149062 -4.32917e-07 0)
(0.0149063 -4.76197e-07 0)
(0.0149065 -5.19409e-07 0)
(0.0149067 -5.63738e-07 0)
(0.0149069 -6.07868e-07 0)
(0.0149071 -6.53402e-07 0)
(0.0149053 -2.69378e-08 0)
(0.0149053 -5.94516e-08 0)
(0.0149053 -9.6886e-08 0)
(0.0149054 -1.34953e-07 0)
(0.0149054 -1.73262e-07 0)
(0.0149055 -2.11962e-07 0)
(0.0149056 -2.50784e-07 0)
(0.0149057 -2.90122e-07 0)
(0.0149058 -3.29541e-07 0)
(0.014906 -3.69644e-07 0)
(0.0149061 -4.09772e-07 0)
(0.0149063 -4.50762e-07 0)
(0.0149064 -4.91683e-07 0)
(0.0149066 -5.33645e-07 0)
(0.0149068 -5.75406e-07 0)
(0.014907 -6.18472e-07 0)
(0.0149053 -2.5478e-08 0)
(0.0149053 -5.62574e-08 0)
(0.0149053 -9.16836e-08 0)
(0.0149053 -1.27712e-07 0)
(0.0149054 -1.63976e-07 0)
(0.0149055 -2.00616e-07 0)
(0.0149056 -2.37377e-07 0)
(0.0149057 -2.74632e-07 0)
(0.0149058 -3.11968e-07 0)
(0.0149059 -3.49953e-07 0)
(0.0149061 -3.87959e-07 0)
(0.0149062 -4.26777e-07 0)
(0.0149064 -4.65521e-07 0)
(0.0149066 -5.05236e-07 0)
(0.0149068 -5.44747e-07 0)
(0.014907 -5.85476e-07 0)
(0.0149053 -2.4109e-08 0)
(0.0149052 -5.3251e-08 0)
(0.0149053 -8.67863e-08 0)
(0.0149053 -1.20895e-07 0)
(0.0149054 -1.55229e-07 0)
(0.0149055 -1.89924e-07 0)
(0.0149055 -2.24736e-07 0)
(0.0149056 -2.6002e-07 0)
(0.0149058 -2.9538e-07 0)
(0.0149059 -3.31355e-07 0)
(0.014906 -3.67346e-07 0)
(0.0149062 -4.041e-07 0)
(0.0149064 -4.40774e-07 0)
(0.0149066 -4.78355e-07 0)
(0.0149067 -5.15728e-07 0)
(0.0149069 -5.5424e-07 0)
(0.0149052 -2.28205e-08 0)
(0.0149052 -5.04118e-08 0)
(0.0149052 -8.21603e-08 0)
(0.0149053 -1.14453e-07 0)
(0.0149054 -1.46962e-07 0)
(0.0149054 -1.79815e-07 0)
(0.0149055 -2.1278e-07 0)
(0.0149056 -2.46193e-07 0)
(0.0149057 -2.79677e-07 0)
(0.0149059 -3.13742e-07 0)
(0.014906 -3.47817e-07 0)
(0.0149062 -3.82608e-07 0)
(0.0149063 -4.17311e-07 0)
(0.0149065 -4.52864e-07 0)
(0.0149067 -4.88204e-07 0)
(0.0149069 -5.24612e-07 0)
(0.0149052 -2.16037e-08 0)
(0.0149052 -4.77216e-08 0)
(0.0149052 -7.77767e-08 0)
(0.0149053 -1.08348e-07 0)
(0.0149053 -1.39125e-07 0)
(0.0149054 -1.70229e-07 0)
(0.0149055 -2.01439e-07 0)
(0.0149056 -2.33074e-07 0)
(0.0149057 -2.64773e-07 0)
(0.0149058 -2.9702e-07 0)
(0.014906 -3.29269e-07 0)
(0.0149061 -3.62192e-07 0)
(0.0149063 -3.95019e-07 0)
(0.0149065 -4.28643e-07 0)
(0.0149067 -4.6205e-07 0)
(0.0149069 -4.96465e-07 0)
(0.0149052 -2.04508e-08 0)
(0.0149052 -4.51651e-08 0)
(0.0149052 -7.36105e-08 0)
(0.0149052 -1.02545e-07 0)
(0.0149053 -1.31675e-07 0)
(0.0149054 -1.61114e-07 0)
(0.0149055 -1.90652e-07 0)
(0.0149056 -2.20593e-07 0)
(0.0149057 -2.5059e-07 0)
(0.0149058 -2.81105e-07 0)
(0.0149059 -3.11613e-07 0)
(0.0149061 -3.42756e-07 0)
(0.0149063 -3.73795e-07 0)
(0.0149064 -4.05582e-07 0)
(0.0149066 -4.37149e-07 0)
(0.0149068 -4.69667e-07 0)
(0.0149052 -1.93552e-08 0)
(0.0149051 -4.27289e-08 0)
(0.0149052 -6.964e-08 0)
(0.0149052 -9.70144e-08 0)
(0.0149053 -1.24572e-07 0)
(0.0149053 -1.52424e-07 0)
(0.0149054 -1.80367e-07 0)
(0.0149055 -2.08691e-07 0)
(0.0149057 -2.37064e-07 0)
(0.0149058 -2.65926e-07 0)
(0.0149059 -2.94772e-07 0)
(0.0149061 -3.24217e-07 0)
(0.0149062 -3.5355e-07 0)
(0.0149064 -3.83589e-07 0)
(0.0149066 -4.13405e-07 0)
(0.0149068 -4.44123e-07 0)
(0.0149051 -1.83111e-08 0)
(0.0149051 -4.04016e-08 0)
(0.0149052 -6.58468e-08 0)
(0.0149052 -9.17303e-08 0)
(0.0149053 -1.17787e-07 0)
(0.0149053 -1.4412e-07 0)
(0.0149054 -1.70539e-07 0)
(0.0149055 -1.97317e-07 0)
(0.0149056 -2.24137e-07 0)
(0.0149058 -2.51418e-07 0)
(0.0149059 -2.78676e-07 0)
(0.0149061 -3.06501e-07 0)
(0.0149062 -3.34206e-07 0)
(0.0149064 -3.62579e-07 0)
(0.0149066 -3.90724e-07 0)
(0.0149068 -4.19729e-07 0)
(0.0149051 -1.73138e-08 0)
(0.0149051 -3.81736e-08 0)
(0.0149051 -6.22153e-08 0)
(0.0149052 -8.66714e-08 0)
(0.0149052 -1.1129e-07 0)
(0.0149053 -1.3617e-07 0)
(0.0149054 -1.61129e-07 0)
(0.0149055 -1.86427e-07 0)
(0.0149056 -2.1176e-07 0)
(0.0149057 -2.3753e-07 0)
(0.0149059 -2.63268e-07 0)
(0.014906 -2.89544e-07 0)
(0.0149062 -3.15694e-07 0)
(0.0149064 -3.42477e-07 0)
(0.0149065 -3.6903e-07 0)
(0.0149067 -3.96406e-07 0)
(0.0149051 -1.63589e-08 0)
(0.0149051 -3.60366e-08 0)
(0.0149051 -5.87322e-08 0)
(0.0149052 -8.18192e-08 0)
(0.0149052 -1.05058e-07 0)
(0.0149053 -1.28545e-07 0)
(0.0149054 -1.52103e-07 0)
(0.0149055 -1.75983e-07 0)
(0.0149056 -1.9989e-07 0)
(0.0149057 -2.24212e-07 0)
(0.0149059 -2.48495e-07 0)
(0.014906 -2.73289e-07 0)
(0.0149062 -2.97952e-07 0)
(0.0149063 -3.23218e-07 0)
(0.0149065 -3.48252e-07 0)
(0.0149067 -3.74076e-07 0)
(0.0149051 -1.54432e-08 0)
(0.0149051 -3.3984e-08 0)
(0.0149051 -5.53865e-08 0)
(0.0149051 -7.71586e-08 0)
(0.0149052 -9.90722e-08 0)
(0.0149053 -1.21221e-07 0)
(0.0149054 -1.43434e-07 0)
(0.0149055 -1.65952e-07 0)
(0.0149056 -1.88491e-07 0)
(0.0149057 -2.11424e-07 0)
(0.0149058 -2.34314e-07 0)
(0.014906 -2.57689e-07 0)
(0.0149061 -2.80929e-07 0)
(0.0149063 -3.04746e-07 0)
(0.0149065 -3.28328e-07 0)
(0.0149067 -3.52673e-07 0)
(0.0149051 -1.45635e-08 0)
(0.014905 -3.20103e-08 0)
(0.0149051 -5.21692e-08 0)
(0.0149051 -7.2677e-08 0)
(0.0149052 -9.33165e-08 0)
(0.0149053 -1.14179e-07 0)
(0.0149053 -1.35099e-07 0)
(0.0149054 -1.56309e-07 0)
(0.0149055 -1.77534e-07 0)
(0.0149057 -1.99134e-07 0)
(0.0149058 -2.20685e-07 0)
(0.014906 -2.42702e-07 0)
(0.0149061 -2.64579e-07 0)
(0.0149063 -2.87012e-07 0)
(0.0149065 -3.09208e-07 0)
(0.0149067 -3.32143e-07 0)
(0.014905 -1.37176e-08 0)
(0.014905 -3.01111e-08 0)
(0.0149051 -4.90735e-08 0)
(0.0149051 -6.83646e-08 0)
(0.0149052 -8.77781e-08 0)
(0.0149052 -1.07403e-07 0)
(0.0149053 -1.27079e-07 0)
(0.0149054 -1.4703e-07 0)
(0.0149055 -1.66992e-07 0)
(0.0149057 -1.87312e-07 0)
(0.0149058 -2.07578e-07 0)
(0.0149059 -2.28292e-07 0)
(0.0149061 -2.48863e-07 0)
(0.0149063 -2.69971e-07 0)
(0.0149065 -2.90841e-07 0)
(0.0149067 -3.1243e-07 0)
(0.014905 -1.29037e-08 0)
(0.014905 -2.82834e-08 0)
(0.0149051 -4.60942e-08 0)
(0.0149051 -6.42144e-08 0)
(0.0149052 -8.24478e-08 0)
(0.0149052 -1.00881e-07 0)
(0.0149053 -1.1936e-07 0)
(0.0149054 -1.38101e-07 0)
(0.0149055 -1.56847e-07 0)
(0.0149056 -1.75935e-07 0)
(0.0149058 -1.94968e-07 0)
(0.0149059 -2.14431e-07 0)
(0.0149061 -2.33749e-07 0)
(0.0149063 -2.53589e-07 0)
(0.0149064 -2.7319e-07 0)
(0.0149066 -2.93497e-07 0)
(0.014905 -1.21205e-08 0)
(0.014905 -2.65254e-08 0)
(0.014905 -4.32283e-08 0)
(0.0149051 -6.02221e-08 0)
(0.0149051 -7.73198e-08 0)
(0.0149052 -9.46063e-08 0)
(0.0149053 -1.11933e-07 0)
(0.0149054 -1.29508e-07 0)
(0.0149055 -1.47084e-07 0)
(0.0149056 -1.64988e-07 0)
(0.0149058 -1.82833e-07 0)
(0.0149059 -2.01095e-07 0)
(0.0149061 -2.19209e-07 0)
(0.0149062 -2.37835e-07 0)
(0.0149064 -2.5622e-07 0)
(0.0149066 -2.75302e-07 0)
(0.014905 -1.13671e-08 0)
(0.014905 -2.48364e-08 0)
(0.014905 -4.04747e-08 0)
(0.0149051 -5.63857e-08 0)
(0.0149051 -7.23915e-08 0)
(0.0149052 -8.85751e-08 0)
(0.0149053 -1.04793e-07 0)
(0.0149054 -1.21246e-07 0)
(0.0149055 -1.37696e-07 0)
(0.0149056 -1.5446e-07 0)
(0.0149057 -1.71162e-07 0)
(0.0149059 -1.88268e-07 0)
(0.0149061 -2.05226e-07 0)
(0.0149062 -2.22687e-07 0)
(0.0149064 -2.39907e-07 0)
(0.0149066 -2.57817e-07 0)
(0.014905 -1.06433e-08 0)
(0.014905 -2.32172e-08 0)
(0.014905 -3.78345e-08 0)
(0.0149051 -5.27066e-08 0)
(0.0149051 -6.76641e-08 0)
(0.0149052 -8.27882e-08 0)
(0.0149053 -9.79398e-08 0)
(0.0149054 -1.13314e-07 0)
(0.0149055 -1.2868e-07 0)
(0.0149056 -1.44346e-07 0)
(0.0149057 -1.59947e-07 0)
(0.0149059 -1.75942e-07 0)
(0.014906 -1.91787e-07 0)
(0.0149062 -2.08129e-07 0)
(0.0149064 -2.2423e-07 0)
(0.0149066 -2.41021e-07 0)
(0.014905 -9.94932e-09 0)
(0.014905 -2.16696e-08 0)
(0.014905 -3.53107e-08 0)
(0.0149051 -4.91889e-08 0)
(0.0149051 -6.31427e-08 0)
(0.0149052 -7.72511e-08 0)
(0.0149053 -9.13798e-08 0)
(0.0149054 -1.05717e-07 0)
(0.0149055 -1.2004e-07 0)
(0.0149056 -1.3465e-07 0)
(0.0149057 -1.49191e-07 0)
(0.0149059 -1.64114e-07 0)
(0.014906 -1.78887e-07 0)
(0.0149062 -1.94153e-07 0)
(0.0149064 -2.09179e-07 0)
(0.0149066 -2.24898e-07 0)
(0.014905 -9.28612e-09 0)
(0.014905 -2.01972e-08 0)
(0.014905 -3.29088e-08 0)
(0.014905 -4.584e-08 0)
(0.0149051 -5.88362e-08 0)
(0.0149052 -7.19745e-08 0)
(0.0149053 -8.51241e-08 0)
(0.0149054 -9.84676e-08 0)
(0.0149055 -1.11789e-07 0)
(0.0149056 -1.25382e-07 0)
(0.0149057 -1.38902e-07 0)
(0.0149059 -1.52793e-07 0)
(0.014906 -1.66532e-07 0)
(0.0149062 -1.80762e-07 0)
(0.0149064 -1.94753e-07 0)
(0.0149066 -2.09446e-07 0)
(0.014905 -8.65514e-09 0)
(0.014905 -1.88048e-08 0)
(0.014905 -3.06369e-08 0)
(0.014905 -4.26708e-08 0)
(0.0149051 -5.47584e-08 0)
(0.0149052 -6.69741e-08 0)
(0.0149052 -7.91907e-08 0)
(0.0149053 -9.15846e-08 0)
(0.0149055 -1.03947e-07 0)
(0.0149056 -1.16563e-07 0)
(0.0149057 -1.291e-07 0)
(0.0149059 -1.41994e-07 0)
(0.014906 -1.54736e-07 0)
(0.0149062 -1.67966e-07 0)
(0.0149064 -1.80958e-07 0)
(0.0149065 -1.94666e-07 0)
(0.014905 -8.05849e-09 0)
(0.014905 -1.74989e-08 0)
(0.014905 -2.85052e-08 0)
(0.014905 -3.96955e-08 0)
(0.0149051 -5.0927e-08 0)
(0.0149052 -6.22714e-08 0)
(0.0149052 -7.36041e-08 0)
(0.0149053 -8.50953e-08 0)
(0.0149054 -9.65425e-08 0)
(0.0149056 -1.08223e-07 0)
(0.0149057 -1.19816e-07 0)
(0.0149058 -1.31749e-07 0)
(0.014906 -1.43527e-07 0)
(0.0149062 -1.55789e-07 0)
(0.0149063 -1.67816e-07 0)
(0.0149065 -1.80578e-07 0)
(0.014905 -7.49888e-09 0)
(0.014905 -1.62871e-08 0)
(0.014905 -2.65263e-08 0)
(0.014905 -3.69314e-08 0)
(0.0149051 -4.73644e-08 0)
(0.0149052 -5.78934e-08 0)
(0.0149052 -6.83958e-08 0)
(0.0149053 -7.90353e-08 0)
(0.0149054 -8.96146e-08 0)
(0.0149056 -1.00403e-07 0)
(0.0149057 -1.11091e-07 0)
(0.0149058 -1.22097e-07 0)
(0.014906 -1.32944e-07 0)
(0.0149062 -1.44268e-07 0)
(0.0149063 -1.55357e-07 0)
(0.0149065 -1.67207e-07 0)
(0.014905 -6.97964e-09 0)
(0.014905 -1.51782e-08 0)
(0.014905 -2.47146e-08 0)
(0.014905 -3.43989e-08 0)
(0.0149051 -4.40967e-08 0)
(0.0149052 -5.38723e-08 0)
(0.0149052 -6.36037e-08 0)
(0.0149053 -7.34483e-08 0)
(0.0149054 -8.32123e-08 0)
(0.0149056 -9.31568e-08 0)
(0.0149057 -1.02983e-07 0)
(0.0149058 -1.13098e-07 0)
(0.014906 -1.23045e-07 0)
(0.0149062 -1.33456e-07 0)
(0.0149063 -1.43633e-07 0)
(0.0149065 -1.54597e-07 0)
(0.0149049 -6.50456e-09 0)
(0.014905 -1.4182e-08 0)
(0.014905 -2.3086e-08 0)
(0.014905 -3.21204e-08 0)
(0.0149051 -4.11532e-08 0)
(0.0149051 -5.02444e-08 0)
(0.0149052 -5.92716e-08 0)
(0.0149053 -6.83855e-08 0)
(0.0149054 -7.73941e-08 0)
(0.0149056 -8.65497e-08 0)
(0.0149057 -9.55618e-08 0)
(0.0149058 -1.04827e-07 0)
(0.014906 -1.13907e-07 0)
(0.0149061 -1.23429e-07 0)
(0.0149063 -1.32715e-07 0)
(0.0149065 -1.42815e-07 0)
(0.0149049 -6.07776e-09 0)
(0.014905 -1.33083e-08 0)
(0.014905 -2.16569e-08 0)
(0.014905 -3.01192e-08 0)
(0.0149051 -3.85646e-08 0)
(0.0149051 -4.70486e-08 0)
(0.0149052 -5.54474e-08 0)
(0.0149053 -6.39044e-08 0)
(0.0149054 -7.22275e-08 0)
(0.0149055 -8.06596e-08 0)
(0.0149057 -8.89158e-08 0)
(0.0149058 -9.7379e-08 0)
(0.014906 -1.05633e-07 0)
(0.0149061 -1.14288e-07 0)
(0.0149063 -1.22703e-07 0)
(0.0149065 -1.31952e-07 0)
(0.0149049 -5.70349e-09 0)
(0.014905 -1.25667e-08 0)
(0.014905 -2.04433e-08 0)
(0.014905 -2.84182e-08 0)
(0.0149051 -3.63617e-08 0)
(0.0149051 -4.43246e-08 0)
(0.0149052 -5.21806e-08 0)
(0.0149053 -6.0066e-08 0)
(0.0149054 -6.77862e-08 0)
(0.0149055 -7.5574e-08 0)
(0.0149057 -8.3146e-08 0)
(0.0149058 -9.0869e-08 0)
(0.014906 -9.83447e-08 0)
(0.0149061 -1.06162e-07 0)
(0.0149063 -1.13727e-07 0)
(0.0149065 -1.22128e-07 0)
(0.0149049 -5.38583e-09 0)
(0.014905 -1.19649e-08 0)
(0.014905 -1.94581e-08 0)
(0.014905 -2.70364e-08 0)
(0.0149051 -3.45704e-08 0)
(0.0149051 -4.21065e-08 0)
(0.0149052 -4.95155e-08 0)
(0.0149053 -5.6927e-08 0)
(0.0149054 -6.41417e-08 0)
(0.0149055 -7.1382e-08 0)
(0.0149057 -7.83607e-08 0)
(0.0149058 -8.54255e-08 0)
(0.014906 -9.21876e-08 0)
(0.0149061 -9.92028e-08 0)
(0.0149063 -1.05932e-07 0)
(0.0149065 -1.13457e-07 0)
(0.0149049 -5.12809e-09 0)
(0.014905 -1.15068e-08 0)
(0.014905 -1.8708e-08 0)
(0.014905 -2.59838e-08 0)
(0.0149051 -3.32052e-08 0)
(0.0149051 -4.04148e-08 0)
(0.0149052 -4.74809e-08 0)
(0.0149053 -5.45271e-08 0)
(0.0149054 -6.13493e-08 0)
(0.0149055 -6.816e-08 0)
(0.0149057 -7.46637e-08 0)
(0.0149058 -8.11878e-08 0)
(0.014906 -8.73373e-08 0)
(0.0149061 -9.36227e-08 0)
(0.0149063 -9.95432e-08 0)
(0.0149065 -1.06141e-07 0)
(0.0149049 -4.93189e-09 0)
(0.014905 -1.11962e-08 0)
(0.014905 -1.81995e-08 0)
(0.014905 -2.52703e-08 0)
(0.0149051 -3.22799e-08 0)
(0.0149051 -3.92686e-08 0)
(0.0149052 -4.6103e-08 0)
(0.0149053 -5.29032e-08 0)
(0.0149054 -5.94615e-08 0)
(0.0149055 -6.59844e-08 0)
(0.0149057 -7.21689e-08 0)
(0.0149058 -7.83273e-08 0)
(0.014906 -8.40499e-08 0)
(0.0149061 -8.98003e-08 0)
(0.0149063 -9.50759e-08 0)
(0.0149065 -1.00808e-07 0)
(0.0149049 -4.79887e-09 0)
(0.014905 -1.10472e-08 0)
(0.014905 -1.79557e-08 0)
(0.014905 -2.49284e-08 0)
(0.0149051 -3.18369e-08 0)
(0.0149051 -3.87207e-08 0)
(0.0149052 -4.5446e-08 0)
(0.0149053 -5.21317e-08 0)
(0.0149054 -5.85696e-08 0)
(0.0149055 -6.49651e-08 0)
(0.0149057 -7.10142e-08 0)
(0.0149058 -7.7027e-08 0)
(0.014906 -8.25896e-08 0)
(0.0149061 -8.81484e-08 0)
(0.0149063 -9.31858e-08 0)
(0.0149065 -9.84753e-08 0)
(0.0149049 -4.73507e-09 0)
(0.014905 -1.10458e-08 0)
(0.014905 -1.79534e-08 0)
(0.014905 -2.49252e-08 0)
(0.0149051 -3.18328e-08 0)
(0.0149051 -3.87158e-08 0)
(0.0149052 -4.54403e-08 0)
(0.0149053 -5.21251e-08 0)
(0.0149054 -5.85624e-08 0)
(0.0149055 -6.49572e-08 0)
(0.0149057 -7.10057e-08 0)
(0.0149058 -7.70179e-08 0)
(0.014906 -8.25802e-08 0)
(0.0149061 -8.81386e-08 0)
(0.0149063 -9.31759e-08 0)
(0.0149065 -9.84649e-08 0)
(0.0149049 -4.73445e-09 0)
(0.014905 -1.10458e-08 0)
(0.014905 -1.79534e-08 0)
(0.014905 -2.49252e-08 0)
(0.0149051 -3.18328e-08 0)
(0.0149051 -3.87158e-08 0)
(0.0149052 -4.54403e-08 0)
(0.0149053 -5.21251e-08 0)
(0.0149054 -5.85624e-08 0)
(0.0149055 -6.49572e-08 0)
(0.0149057 -7.10057e-08 0)
(0.0149058 -7.70179e-08 0)
(0.014906 -8.25802e-08 0)
(0.0149061 -8.81386e-08 0)
(0.0149063 -9.31759e-08 0)
(0.0149065 -9.84649e-08 0)
(0.0149049 -4.73445e-09 0)
)
;

boundaryField
{
    wireUpstream
    {
        type            calculated;
        value           nonuniform List<vector> 
16
(
(0.0149049 0 0)
(0.014905 0 0)
(0.014905 0 0)
(0.0149051 0 0)
(0.0149051 0 0)
(0.0149052 0 0)
(0.0149053 0 0)
(0.0149054 0 0)
(0.0149055 0 0)
(0.0149057 0 0)
(0.0149058 0 0)
(0.014906 0 0)
(0.0149061 0 0)
(0.0149063 0 0)
(0.0149065 0 0)
(0.0149049 0 0)
)
;
    }
    wireDownstream
    {
        type            calculated;
        value           nonuniform List<vector> 
16
(
(0.0149175 -6.28497e-08 0)
(0.0149176 -1.02604e-07 0)
(0.0149176 -1.43214e-07 0)
(0.0149176 -1.84627e-07 0)
(0.0149177 -2.26714e-07 0)
(0.0149177 -2.69849e-07 0)
(0.0149178 -3.1367e-07 0)
(0.0149179 -3.58419e-07 0)
(0.014918 -4.03656e-07 0)
(0.0149181 -4.50027e-07 0)
(0.0149182 -4.96703e-07 0)
(0.0149183 -5.43605e-07 0)
(0.0149184 -5.87618e-07 0)
(0.0149185 -6.2918e-07 0)
(0.0149186 -6.71203e-07 0)
(0.0149175 -2.69286e-08 0)
)
;
    }
    wireTopContact
    {
        type            calculated;
        value           nonuniform List<vector> 
122
(
(0.0149185 -7.24557e-07 1.03183e-14)
(0.0149184 -7.47406e-07 1.06486e-14)
(0.0149183 -7.64009e-07 1.08822e-14)
(0.0149182 -7.7576e-07 1.10476e-14)
(0.014918 -7.83808e-07 1.11601e-14)
(0.0149179 -7.89005e-07 1.12325e-14)
(0.0149178 -7.91985e-07 1.12738e-14)
(0.0149176 -7.93249e-07 1.12909e-14)
(0.0149175 -7.9321e-07 1.12896e-14)
(0.0149174 -7.92187e-07 1.12744e-14)
(0.0149172 -7.90421e-07 1.1249e-14)
(0.0149171 -7.88091e-07 1.12157e-14)
(0.014917 -7.85349e-07 1.11767e-14)
(0.0149168 -7.82303e-07 1.11334e-14)
(0.0149167 -7.79037e-07 1.10871e-14)
(0.0149166 -7.75617e-07 1.10386e-14)
(0.0149164 -7.72083e-07 1.09885e-14)
(0.0149163 -7.68469e-07 1.09373e-14)
(0.0149162 -7.64787e-07 1.08852e-14)
(0.0149161 -7.61054e-07 1.08323e-14)
(0.0149159 -7.57261e-07 1.07785e-14)
(0.0149158 -7.53418e-07 1.07238e-14)
(0.0149157 -7.49508e-07 1.06678e-14)
(0.0149156 -7.45559e-07 1.06107e-14)
(0.0149154 -7.41576e-07 1.05519e-14)
(0.0149153 -7.37765e-07 1.04969e-14)
(0.0149152 -7.34375e-07 1.04519e-14)
(0.0149151 -7.30988e-07 1.04068e-14)
(0.0149149 -7.27505e-07 1.03588e-14)
(0.0149148 -7.23945e-07 1.03093e-14)
(0.0149147 -7.20319e-07 1.02587e-14)
(0.0149146 -7.16708e-07 1.02082e-14)
(0.0149145 -7.13108e-07 1.01576e-14)
(0.0149143 -7.09666e-07 1.01092e-14)
(0.0149142 -7.06656e-07 1.0067e-14)
(0.0149141 -7.0427e-07 1.00336e-14)
(0.014914 -7.02685e-07 1.00114e-14)
(0.0149138 -7.02279e-07 1.00057e-14)
(0.0149137 -7.03478e-07 1.00225e-14)
(0.0149136 -7.06851e-07 1.00699e-14)
(0.0149135 -7.13204e-07 1.01591e-14)
(0.0149133 -7.23479e-07 1.03033e-14)
(0.0149132 -7.38862e-07 1.05191e-14)
(0.014913 -7.60921e-07 1.08285e-14)
(0.0149129 -7.91656e-07 1.12597e-14)
(0.0149127 -8.33535e-07 1.1847e-14)
(0.0149126 -8.89612e-07 1.26316e-14)
(0.0149124 -9.64793e-07 1.36898e-14)
(0.0149122 -1.06819e-06 1.51662e-14)
(0.014912 -1.21165e-06 1.71875e-14)
(0.0149119 -1.39905e-06 1.98314e-14)
(0.0149117 -1.63294e-06 2.3126e-14)
(0.0149115 -1.90972e-06 2.70278e-14)
(0.0149113 -2.22214e-06 3.14378e-14)
(0.0149111 -2.5601e-06 3.62303e-14)
(0.014911 -2.9104e-06 4.11695e-14)
(0.0149108 -3.24539e-06 4.59056e-14)
(0.0149107 -3.53666e-06 5.01185e-14)
(0.0149106 -3.75325e-06 5.29627e-14)
(0.0149104 -3.80241e-06 5.37496e-14)
(0.0149103 -3.72995e-06 5.2771e-14)
(0.0149102 -3.59288e-06 5.08632e-14)
(0.0149101 -3.42243e-06 4.84599e-14)
(0.0149099 -3.23705e-06 4.58307e-14)
(0.0149097 -3.04733e-06 4.31385e-14)
(0.0149096 -2.8594e-06 4.04717e-14)
(0.0149094 -2.67689e-06 3.7886e-14)
(0.0149093 -2.50238e-06 3.54143e-14)
(0.0149091 -2.33714e-06 3.30761e-14)
(0.014909 -2.18193e-06 3.08808e-14)
(0.0149088 -2.03696e-06 2.88312e-14)
(0.0149087 -1.90212e-06 2.69263e-14)
(0.0149086 -1.77717e-06 2.5161e-14)
(0.0149084 -1.66156e-06 2.3529e-14)
(0.0149083 -1.55482e-06 2.20222e-14)
(0.0149082 -1.45629e-06 2.0632e-14)
(0.0149081 -1.36538e-06 1.93496e-14)
(0.014908 -1.28149e-06 1.81663e-14)
(0.0149079 -1.20399e-06 1.70737e-14)
(0.0149078 -1.13237e-06 1.60639e-14)
(0.0149077 -1.06604e-06 1.51293e-14)
(0.0149076 -1.00456e-06 1.42628e-14)
(0.0149076 -9.4744e-07 1.34581e-14)
(0.0149075 -8.94279e-07 1.27092e-14)
(0.0149074 -8.44697e-07 1.20108e-14)
(0.0149074 -7.98347e-07 1.13581e-14)
(0.0149073 -7.54945e-07 1.07467e-14)
(0.0149072 -7.14188e-07 1.01729e-14)
(0.0149072 -6.75856e-07 9.63305e-15)
(0.0149071 -6.39708e-07 9.12411e-15)
(0.0149071 -6.05558e-07 8.64329e-15)
(0.014907 -5.7323e-07 8.18811e-15)
(0.014907 -5.42564e-07 7.75642e-15)
(0.014907 -5.13433e-07 7.34625e-15)
(0.0149069 -4.857e-07 6.95587e-15)
(0.0149069 -4.59269e-07 6.58373e-15)
(0.0149069 -4.34029e-07 6.22844e-15)
(0.0149068 -4.09901e-07 5.88877e-15)
(0.0149068 -3.86806e-07 5.56363e-15)
(0.0149068 -3.64672e-07 5.25208e-15)
(0.0149068 -3.43448e-07 4.95325e-15)
(0.0149067 -3.2307e-07 4.66642e-15)
(0.0149067 -3.03504e-07 4.39096e-15)
(0.0149067 -2.84702e-07 4.1263e-15)
(0.0149067 -2.66639e-07 3.87202e-15)
(0.0149067 -2.4929e-07 3.62777e-15)
(0.0149067 -2.32637e-07 3.39337e-15)
(0.0149067 -2.16679e-07 3.16869e-15)
(0.0149066 -2.01413e-07 2.9538e-15)
(0.0149066 -1.86858e-07 2.74888e-15)
(0.0149066 -1.73037e-07 2.55429e-15)
(0.0149066 -1.59992e-07 2.37061e-15)
(0.0149066 -1.47787e-07 2.1987e-15)
(0.0149066 -1.36508e-07 2.03989e-15)
(0.0149066 -1.26271e-07 1.89577e-15)
(0.0149066 -1.17181e-07 1.76745e-15)
(0.0149066 -1.09429e-07 1.65759e-15)
(0.0149066 -1.03637e-07 1.57907e-15)
(0.0149066 -1.01017e-07 1.54731e-15)
(0.0149066 -1.00836e-07 1.55607e-15)
(0.0149066 -1.00836e-07 1.55607e-15)
(0.0149187 -6.92371e-07 9.8424e-15)
)
;
    }
    front
    {
        type            wedge;
    }
    back
    {
        type            wedge;
    }
}


// ************************************************************************* //
