202
(
(0.9320971243283686 0.0 0.0)
(0.9321049271661692 0.0 0.0)
(0.9321187138156651 0.0 0.0)
(0.9321284735753128 0.0 0.0)
(0.9321390938658051 0.0 0.0)
(0.93215078740318 0.0 0.0)
(0.932163353762593 0.0 0.0)
(0.9321761137876159 0.0 0.0)
(0.9321890839240392 0.0 0.0)
(0.9322027601784265 0.0 0.0)
(0.9322171732045915 0.0 0.0)
(0.9322321817795658 0.0 0.0)
(0.9322482808049535 0.0 0.0)
(0.9322650789719977 0.0 0.0)
(0.9322825421917066 0.0 0.0)
(0.9323007933679602 0.0 0.0)
(0.9323205771644337 0.0 0.0)
(0.932341121696716 0.0 0.0)
(0.9323624337330709 0.0 0.0)
(0.932384936944078 0.0 0.0)
(0.9324087451351805 0.0 0.0)
(0.9324336844617986 0.0 0.0)
(0.9324598391152492 0.0 0.0)
(0.9324875811833174 0.0 0.0)
(0.9325172853212466 0.0 0.0)
(0.9325487602587504 0.0 0.0)
(0.9325819121009946 0.0 0.0)
(0.9326166393885567 0.0 0.0)
(0.9326554995719802 0.0 0.0)
(0.9326952393468915 0.0 0.0)
(0.9327363206048291 0.0 0.0)
(0.9327817837145546 0.0 0.0)
(0.9328309126478181 0.0 0.0)
(0.9328832645393197 0.0 0.0)
(0.9329391385975404 0.0 0.0)
(0.9329998192231578 0.0 0.0)
(0.9330656603827796 0.0 0.0)
(0.9331362659934239 0.0 0.0)
(0.9332119821334571 0.0 0.0)
(0.9332943350229513 0.0 0.0)
(0.933384368951404 0.0 0.0)
(0.933481144017159 0.0 0.0)
(0.9335850516761579 0.0 0.0)
(0.9336982712647536 0.0 0.0)
(0.9338227072972234 0.0 0.0)
(0.9339570468355936 0.0 0.0)
(0.9341013506817057 0.0 0.0)
(0.9342571166163259 0.0 0.0)
(0.9344270474790651 0.0 0.0)
(0.9346080295536033 0.0 0.0)
(0.9348007720015664 0.0 0.0)
(0.935011439483996 0.0 0.0)
(0.9352382090694636 0.0 0.0)
(0.9354773292250097 0.0 0.0)
(0.9357291723224443 0.0 0.0)
(0.9360002508932665 0.0 0.0)
(0.9362742267879636 0.0 0.0)
(0.9365722297600829 0.0 0.0)
(0.936890851969459 0.0 0.0)
(0.9371630587488797 0.0 0.0)
(0.9376821999152328 0.0 0.0)
(0.9386182869336335 0.0 0.0)
(0.9400486140722851 0.0 0.0)
(0.9419363958086079 0.0 0.0)
(0.9439392192977293 0.0 0.0)
(0.9459337815095842 0.0 0.0)
(0.9478494575031485 0.0 0.0)
(0.9496329245774076 0.0 0.0)
(0.9513798062729796 0.0 0.0)
(0.9531090133710465 0.0 0.0)
(0.9548378489912662 0.0 0.0)
(0.9565786772614197 0.0 0.0)
(0.9583384709923148 0.0 0.0)
(0.9601212660536534 0.0 0.0)
(0.9619426641115857 0.0 0.0)
(0.9638158105061074 0.0 0.0)
(0.9657339594529868 0.0 0.0)
(0.967699862177275 0.0 0.0)
(0.9697469305739728 0.0 0.0)
(0.9718550671427092 0.0 0.0)
(0.9740173549462099 0.0 0.0)
(0.9762361462330124 0.0 0.0)
(0.9785384793554613 0.0 0.0)
(0.9808931220224831 0.0 0.0)
(0.9832973456543193 0.0 0.0)
(0.9857479279755094 0.0 0.0)
(0.9881844711665183 0.0 0.0)
(0.9905631725863836 0.0 0.0)
(0.9928106008179535 0.0 0.0)
(0.9948174843299334 0.0 0.0)
(0.9965395133349481 0.0 0.0)
(0.9979426141003517 0.0 0.0)
(0.9987873033808213 0.0 0.0)
(0.9994305484544488 0.0 0.0)
(0.9998993967562323 0.0 0.0)
(1.0002043403245837 0.0 0.0)
(1.0004605693740731 0.0 0.0)
(1.0006910418304726 0.0 0.0)
(1.0009049053478938 0.0 0.0)
(1.0011047456107296 0.0 0.0)
(1.0012518671779376 0.0 0.0)
(0.9321049271661692 0.0 0.0)
(0.9320971243283686 0.0 0.0)
(0.9321187138156651 0.0 0.0)
(0.9321284735753128 0.0 0.0)
(0.9321390938658051 0.0 0.0)
(0.93215078740318 0.0 0.0)
(0.932163353762593 0.0 0.0)
(0.9321761137876159 0.0 0.0)
(0.9321890839240392 0.0 0.0)
(0.9322027601784265 0.0 0.0)
(0.9322171732045915 0.0 0.0)
(0.9322321817795658 0.0 0.0)
(0.9322482808049535 0.0 0.0)
(0.9322650789719977 0.0 0.0)
(0.9322825421917066 0.0 0.0)
(0.9323007933679602 0.0 0.0)
(0.9323205771644337 0.0 0.0)
(0.932341121696716 0.0 0.0)
(0.9323624337330709 0.0 0.0)
(0.932384936944078 0.0 0.0)
(0.9324087451351805 0.0 0.0)
(0.9324336844617986 0.0 0.0)
(0.9324598391152492 0.0 0.0)
(0.9324875811833174 0.0 0.0)
(0.9325172853212466 0.0 0.0)
(0.9325487602587504 0.0 0.0)
(0.9325819121009946 0.0 0.0)
(0.9326166393885567 0.0 0.0)
(0.9326554995719802 0.0 0.0)
(0.9326952393468915 0.0 0.0)
(0.9327363206048291 0.0 0.0)
(0.9327817837145546 0.0 0.0)
(0.9328309126478181 0.0 0.0)
(0.9328832645393197 0.0 0.0)
(0.9329391385975404 0.0 0.0)
(0.9329998192231578 0.0 0.0)
(0.9330656603827796 0.0 0.0)
(0.9331362659934239 0.0 0.0)
(0.9332119821334571 0.0 0.0)
(0.9332943350229513 0.0 0.0)
(0.933384368951404 0.0 0.0)
(0.933481144017159 0.0 0.0)
(0.9335850516761579 0.0 0.0)
(0.9336982712647536 0.0 0.0)
(0.9338227072972234 0.0 0.0)
(0.9339570468355936 0.0 0.0)
(0.9341013506817057 0.0 0.0)
(0.9342571166163259 0.0 0.0)
(0.9344270474790651 0.0 0.0)
(0.9346080295536033 0.0 0.0)
(0.9348007720015664 0.0 0.0)
(0.935011439483996 0.0 0.0)
(0.9352382090694636 0.0 0.0)
(0.9354773292250097 0.0 0.0)
(0.9357291723224443 0.0 0.0)
(0.9360002508932665 0.0 0.0)
(0.9362742267879636 0.0 0.0)
(0.9365722297600829 0.0 0.0)
(0.936890851969459 0.0 0.0)
(0.9371630587488797 0.0 0.0)
(0.9376821999152328 0.0 0.0)
(0.9386182869336335 0.0 0.0)
(0.9400486140722851 0.0 0.0)
(0.9419363958086079 0.0 0.0)
(0.9439392192977293 0.0 0.0)
(0.9459337815095842 0.0 0.0)
(0.9478494575031485 0.0 0.0)
(0.9496329245774076 0.0 0.0)
(0.9513798062729796 0.0 0.0)
(0.9531090133710465 0.0 0.0)
(0.9548378489912662 0.0 0.0)
(0.9565786772614197 0.0 0.0)
(0.9583384709923148 0.0 0.0)
(0.9601212660536534 0.0 0.0)
(0.9619426641115857 0.0 0.0)
(0.9638158105061074 0.0 0.0)
(0.9657339594529868 0.0 0.0)
(0.967699862177275 0.0 0.0)
(0.9697469305739728 0.0 0.0)
(0.9718550671427092 0.0 0.0)
(0.9740173549462099 0.0 0.0)
(0.9762361462330124 0.0 0.0)
(0.9785384793554613 0.0 0.0)
(0.9808931220224831 0.0 0.0)
(0.9832973456543193 0.0 0.0)
(0.9857479279755094 0.0 0.0)
(0.9881844711665183 0.0 0.0)
(0.9905631725863836 0.0 0.0)
(0.9928106008179535 0.0 0.0)
(0.9948174843299334 0.0 0.0)
(0.9965395133349481 0.0 0.0)
(0.9979426141003517 0.0 0.0)
(0.9987873033808213 0.0 0.0)
(0.9994305484544488 0.0 0.0)
(0.9998993967562323 0.0 0.0)
(1.0002043403245837 0.0 0.0)
(1.0004605693740731 0.0 0.0)
(1.0006910418304726 0.0 0.0)
(1.0009049053478938 0.0 0.0)
(1.0011047456107296 0.0 0.0)
(1.0012518671779376 0.0 0.0)
)