/*--------------------------------*- C++ -*----------------------------------*\
| =========                 |                                                 |
| \\      /  F ield         | foam-extend: Open Source CFD                    |
|  \\    /   O peration     | Version:     4.1-20200408                       |
|   \\  /    A nd           | Web:         http://www.foam-extend.org         |
|    \\/     M anipulation  |                                                 |
\*---------------------------------------------------------------------------*/
FoamFile
{
    version     2.0;
    format      ascii;
    class       volVectorField;
    location    "0.0860000";
    object      U;
}
// * * * * * * * * * * * * * * * * * * * * * * * * * * * * * * * * * * * * * //

dimensions      [0 1 0 0 0 0 0];

internalField   nonuniform List<vector> 
1952
(
(0.0829697 -3.23581e-06 0)
(0.0829693 -5.26318e-06 0)
(0.0829688 -7.31517e-06 0)
(0.0829682 -9.36279e-06 0)
(0.0829674 -1.14127e-05 0)
(0.0829665 -1.34443e-05 0)
(0.0829656 -1.54759e-05 0)
(0.0829646 -1.74823e-05 0)
(0.0829635 -1.94877e-05 0)
(0.0829625 -2.14608e-05 0)
(0.0829615 -2.34236e-05 0)
(0.0829607 -2.53489e-05 0)
(0.0829601 -2.72446e-05 0)
(0.0829598 -2.90998e-05 0)
(0.0829597 -3.09254e-05 0)
(0.0829698 -1.38664e-06 0)
(0.0829655 -3.23602e-06 0)
(0.0829652 -5.26362e-06 0)
(0.0829647 -7.31565e-06 0)
(0.082964 -9.36362e-06 0)
(0.0829633 -1.14135e-05 0)
(0.0829624 -1.34456e-05 0)
(0.0829614 -1.54773e-05 0)
(0.0829604 -1.74843e-05 0)
(0.0829594 -1.94899e-05 0)
(0.0829583 -2.14639e-05 0)
(0.0829574 -2.34271e-05 0)
(0.0829566 -2.53535e-05 0)
(0.0829559 -2.725e-05 0)
(0.0829556 -2.9107e-05 0)
(0.0829555 -3.09343e-05 0)
(0.0829656 -1.38674e-06 0)
(0.0829614 -3.23726e-06 0)
(0.082961 -5.26569e-06 0)
(0.0829605 -7.31851e-06 0)
(0.0829599 -9.36739e-06 0)
(0.0829591 -1.14181e-05 0)
(0.0829582 -1.34512e-05 0)
(0.0829573 -1.54837e-05 0)
(0.0829562 -1.74919e-05 0)
(0.0829552 -1.94984e-05 0)
(0.0829542 -2.14737e-05 0)
(0.0829532 -2.3438e-05 0)
(0.0829524 -2.53658e-05 0)
(0.0829518 -2.72635e-05 0)
(0.0829514 -2.9122e-05 0)
(0.0829513 -3.09506e-05 0)
(0.0829615 -1.38727e-06 0)
(0.0829572 -3.23878e-06 0)
(0.0829568 -5.26818e-06 0)
(0.0829564 -7.32197e-06 0)
(0.0829557 -9.37187e-06 0)
(0.0829549 -1.14236e-05 0)
(0.082954 -1.34577e-05 0)
(0.0829531 -1.54914e-05 0)
(0.0829521 -1.75007e-05 0)
(0.082951 -1.95085e-05 0)
(0.08295 -2.1485e-05 0)
(0.082949 -2.34506e-05 0)
(0.0829482 -2.53799e-05 0)
(0.0829476 -2.72789e-05 0)
(0.0829472 -2.91389e-05 0)
(0.0829471 -3.09687e-05 0)
(0.0829573 -1.38792e-06 0)
(0.082953 -3.24051e-06 0)
(0.0829527 -5.27101e-06 0)
(0.0829522 -7.32593e-06 0)
(0.0829515 -9.37698e-06 0)
(0.0829508 -1.14299e-05 0)
(0.0829499 -1.34652e-05 0)
(0.0829489 -1.55001e-05 0)
(0.0829479 -1.75108e-05 0)
(0.0829469 -1.95198e-05 0)
(0.0829458 -2.14977e-05 0)
(0.0829449 -2.34646e-05 0)
(0.0829441 -2.53954e-05 0)
(0.0829434 -2.72957e-05 0)
(0.0829431 -2.91571e-05 0)
(0.082943 -3.09881e-05 0)
(0.0829532 -1.38866e-06 0)
(0.0829489 -3.24242e-06 0)
(0.0829485 -5.27415e-06 0)
(0.082948 -7.33031e-06 0)
(0.0829474 -9.38262e-06 0)
(0.0829466 -1.14368e-05 0)
(0.0829457 -1.34734e-05 0)
(0.0829447 -1.55096e-05 0)
(0.0829437 -1.75217e-05 0)
(0.0829427 -1.95321e-05 0)
(0.0829417 -2.15114e-05 0)
(0.0829407 -2.34797e-05 0)
(0.0829399 -2.54118e-05 0)
(0.0829392 -2.73135e-05 0)
(0.0829389 -2.91763e-05 0)
(0.0829388 -3.10085e-05 0)
(0.082949 -1.38948e-06 0)
(0.0829447 -3.24449e-06 0)
(0.0829443 -5.27751e-06 0)
(0.0829438 -7.33499e-06 0)
(0.0829432 -9.38864e-06 0)
(0.0829424 -1.14442e-05 0)
(0.0829415 -1.34822e-05 0)
(0.0829406 -1.55198e-05 0)
(0.0829395 -1.75332e-05 0)
(0.0829385 -1.9545e-05 0)
(0.0829375 -2.15258e-05 0)
(0.0829365 -2.34955e-05 0)
(0.0829357 -2.5429e-05 0)
(0.0829351 -2.73321e-05 0)
(0.0829347 -2.91962e-05 0)
(0.0829346 -3.10297e-05 0)
(0.0829448 -1.39037e-06 0)
(0.0829405 -3.24666e-06 0)
(0.0829401 -5.28106e-06 0)
(0.0829397 -7.33993e-06 0)
(0.082939 -9.39499e-06 0)
(0.0829382 -1.1452e-05 0)
(0.0829373 -1.34914e-05 0)
(0.0829364 -1.55304e-05 0)
(0.0829354 -1.75453e-05 0)
(0.0829343 -1.95585e-05 0)
(0.0829333 -2.15407e-05 0)
(0.0829323 -2.35117e-05 0)
(0.0829315 -2.54468e-05 0)
(0.0829309 -2.73511e-05 0)
(0.0829305 -2.92166e-05 0)
(0.0829304 -3.10513e-05 0)
(0.0829406 -1.3913e-06 0)
(0.0829363 -3.24891e-06 0)
(0.082936 -5.28472e-06 0)
(0.0829355 -7.34503e-06 0)
(0.0829348 -9.40152e-06 0)
(0.0829341 -1.14599e-05 0)
(0.0829332 -1.35008e-05 0)
(0.0829322 -1.55413e-05 0)
(0.0829312 -1.75576e-05 0)
(0.0829301 -1.95723e-05 0)
(0.0829291 -2.15559e-05 0)
(0.0829281 -2.35284e-05 0)
(0.0829273 -2.54648e-05 0)
(0.0829267 -2.73704e-05 0)
(0.0829263 -2.92373e-05 0)
(0.0829262 -3.10733e-05 0)
(0.0829365 -1.39226e-06 0)
(0.0829321 -3.2512e-06 0)
(0.0829318 -5.28848e-06 0)
(0.0829313 -7.35025e-06 0)
(0.0829306 -9.40823e-06 0)
(0.0829299 -1.14681e-05 0)
(0.082929 -1.35105e-05 0)
(0.082928 -1.55524e-05 0)
(0.082927 -1.75702e-05 0)
(0.0829259 -1.95863e-05 0)
(0.0829249 -2.15714e-05 0)
(0.082924 -2.35452e-05 0)
(0.0829231 -2.54831e-05 0)
(0.0829225 -2.739e-05 0)
(0.0829221 -2.92582e-05 0)
(0.082922 -3.10955e-05 0)
(0.0829323 -1.39324e-06 0)
(0.082928 -3.25353e-06 0)
(0.0829276 -5.29226e-06 0)
(0.0829271 -7.35552e-06 0)
(0.0829264 -9.41498e-06 0)
(0.0829257 -1.14764e-05 0)
(0.0829248 -1.35202e-05 0)
(0.0829238 -1.55636e-05 0)
(0.0829228 -1.75829e-05 0)
(0.0829218 -1.96004e-05 0)
(0.0829207 -2.1587e-05 0)
(0.0829198 -2.35622e-05 0)
(0.0829189 -2.55014e-05 0)
(0.0829183 -2.74097e-05 0)
(0.0829179 -2.92793e-05 0)
(0.0829178 -3.11178e-05 0)
(0.0829281 -1.39424e-06 0)
(0.0829238 -3.25588e-06 0)
(0.0829234 -5.29609e-06 0)
(0.0829229 -7.36084e-06 0)
(0.0829223 -9.4218e-06 0)
(0.0829215 -1.14847e-05 0)
(0.0829206 -1.353e-05 0)
(0.0829196 -1.55748e-05 0)
(0.0829186 -1.75956e-05 0)
(0.0829176 -1.96146e-05 0)
(0.0829165 -2.16026e-05 0)
(0.0829156 -2.35792e-05 0)
(0.0829147 -2.55199e-05 0)
(0.0829141 -2.74295e-05 0)
(0.0829137 -2.93004e-05 0)
(0.0829136 -3.11403e-05 0)
(0.0829239 -1.39524e-06 0)
(0.0829196 -3.25823e-06 0)
(0.0829192 -5.29991e-06 0)
(0.0829187 -7.36615e-06 0)
(0.0829181 -9.4286e-06 0)
(0.0829173 -1.1493e-05 0)
(0.0829164 -1.35398e-05 0)
(0.0829154 -1.55861e-05 0)
(0.0829144 -1.76084e-05 0)
(0.0829134 -1.96288e-05 0)
(0.0829123 -2.16183e-05 0)
(0.0829114 -2.35962e-05 0)
(0.0829105 -2.55383e-05 0)
(0.0829099 -2.74493e-05 0)
(0.0829095 -2.93216e-05 0)
(0.0829094 -3.11628e-05 0)
(0.0829197 -1.39625e-06 0)
(0.0829154 -3.26057e-06 0)
(0.082915 -5.30374e-06 0)
(0.0829145 -7.37146e-06 0)
(0.0829139 -9.43541e-06 0)
(0.0829131 -1.15012e-05 0)
(0.0829122 -1.35495e-05 0)
(0.0829112 -1.55973e-05 0)
(0.0829102 -1.76211e-05 0)
(0.0829092 -1.9643e-05 0)
(0.0829081 -2.16339e-05 0)
(0.0829072 -2.36132e-05 0)
(0.0829063 -2.55567e-05 0)
(0.0829057 -2.7469e-05 0)
(0.0829053 -2.93427e-05 0)
(0.0829052 -3.11854e-05 0)
(0.0829155 -1.39725e-06 0)
(0.0829112 -3.26291e-06 0)
(0.0829108 -5.30755e-06 0)
(0.0829103 -7.37675e-06 0)
(0.0829097 -9.4422e-06 0)
(0.0829089 -1.15095e-05 0)
(0.082908 -1.35593e-05 0)
(0.082907 -1.56085e-05 0)
(0.082906 -1.76338e-05 0)
(0.082905 -1.96571e-05 0)
(0.0829039 -2.16494e-05 0)
(0.082903 -2.36301e-05 0)
(0.0829021 -2.55751e-05 0)
(0.0829015 -2.74887e-05 0)
(0.0829011 -2.93638e-05 0)
(0.082901 -3.12079e-05 0)
(0.0829113 -1.39826e-06 0)
(0.082907 -3.26523e-06 0)
(0.0829066 -5.31132e-06 0)
(0.0829061 -7.382e-06 0)
(0.0829055 -9.44891e-06 0)
(0.0829047 -1.15177e-05 0)
(0.0829038 -1.35689e-05 0)
(0.0829028 -1.56195e-05 0)
(0.0829018 -1.76463e-05 0)
(0.0829008 -1.9671e-05 0)
(0.0828997 -2.16648e-05 0)
(0.0828987 -2.3647e-05 0)
(0.0828979 -2.55933e-05 0)
(0.0828973 -2.75084e-05 0)
(0.0828969 -2.93849e-05 0)
(0.0828968 -3.12304e-05 0)
(0.0829071 -1.39925e-06 0)
(0.0829028 -3.26752e-06 0)
(0.0829024 -5.31507e-06 0)
(0.0829019 -7.3872e-06 0)
(0.0829012 -9.4556e-06 0)
(0.0829005 -1.15258e-05 0)
(0.0828996 -1.35785e-05 0)
(0.0828986 -1.56306e-05 0)
(0.0828976 -1.76588e-05 0)
(0.0828965 -1.96849e-05 0)
(0.0828955 -2.16802e-05 0)
(0.0828945 -2.36637e-05 0)
(0.0828937 -2.56116e-05 0)
(0.0828931 -2.7528e-05 0)
(0.0828927 -2.94059e-05 0)
(0.0828926 -3.12528e-05 0)
(0.0829029 -1.40023e-06 0)
(0.0828986 -3.26979e-06 0)
(0.0828982 -5.31876e-06 0)
(0.0828977 -7.39233e-06 0)
(0.082897 -9.46217e-06 0)
(0.0828963 -1.15338e-05 0)
(0.0828954 -1.3588e-05 0)
(0.0828944 -1.56415e-05 0)
(0.0828934 -1.76712e-05 0)
(0.0828923 -1.96987e-05 0)
(0.0828913 -2.16955e-05 0)
(0.0828903 -2.36804e-05 0)
(0.0828895 -2.56297e-05 0)
(0.0828888 -2.75475e-05 0)
(0.0828885 -2.94269e-05 0)
(0.0828884 -3.12752e-05 0)
(0.0828987 -1.4012e-06 0)
(0.0828943 -3.27203e-06 0)
(0.082894 -5.32243e-06 0)
(0.0828935 -7.39742e-06 0)
(0.0828928 -9.46873e-06 0)
(0.0828921 -1.15418e-05 0)
(0.0828912 -1.35975e-05 0)
(0.0828902 -1.56523e-05 0)
(0.0828892 -1.76835e-05 0)
(0.0828881 -1.97124e-05 0)
(0.0828871 -2.17107e-05 0)
(0.0828861 -2.36969e-05 0)
(0.0828853 -2.56477e-05 0)
(0.0828846 -2.75669e-05 0)
(0.0828843 -2.94478e-05 0)
(0.0828842 -3.12975e-05 0)
(0.0828945 -1.40216e-06 0)
(0.0828901 -3.27426e-06 0)
(0.0828898 -5.32605e-06 0)
(0.0828893 -7.40245e-06 0)
(0.0828886 -9.47517e-06 0)
(0.0828878 -1.15496e-05 0)
(0.0828869 -1.36067e-05 0)
(0.082886 -1.5663e-05 0)
(0.0828849 -1.76957e-05 0)
(0.0828839 -1.9726e-05 0)
(0.0828829 -2.17257e-05 0)
(0.0828819 -2.37133e-05 0)
(0.0828811 -2.56656e-05 0)
(0.0828804 -2.75862e-05 0)
(0.08288 -2.94685e-05 0)
(0.0828799 -3.13197e-05 0)
(0.0828903 -1.40312e-06 0)
(0.0828859 -3.27645e-06 0)
(0.0828855 -5.32962e-06 0)
(0.0828851 -7.40741e-06 0)
(0.0828844 -9.48155e-06 0)
(0.0828836 -1.15574e-05 0)
(0.0828827 -1.36159e-05 0)
(0.0828817 -1.56735e-05 0)
(0.0828807 -1.77077e-05 0)
(0.0828797 -1.97394e-05 0)
(0.0828786 -2.17406e-05 0)
(0.0828777 -2.37296e-05 0)
(0.0828768 -2.56834e-05 0)
(0.0828762 -2.76053e-05 0)
(0.0828758 -2.94892e-05 0)
(0.0828757 -3.13418e-05 0)
(0.082886 -1.40406e-06 0)
(0.0828817 -3.27861e-06 0)
(0.0828813 -5.33314e-06 0)
(0.0828808 -7.4123e-06 0)
(0.0828802 -9.48785e-06 0)
(0.0828794 -1.15651e-05 0)
(0.0828785 -1.3625e-05 0)
(0.0828775 -1.5684e-05 0)
(0.0828765 -1.77196e-05 0)
(0.0828754 -1.97526e-05 0)
(0.0828744 -2.17553e-05 0)
(0.0828734 -2.37457e-05 0)
(0.0828726 -2.5701e-05 0)
(0.0828719 -2.76243e-05 0)
(0.0828716 -2.95097e-05 0)
(0.0828715 -3.13639e-05 0)
(0.0828818 -1.40498e-06 0)
(0.0828775 -3.28074e-06 0)
(0.0828771 -5.3366e-06 0)
(0.0828766 -7.4171e-06 0)
(0.0828759 -9.49402e-06 0)
(0.0828752 -1.15726e-05 0)
(0.0828743 -1.36339e-05 0)
(0.0828733 -1.56942e-05 0)
(0.0828723 -1.77314e-05 0)
(0.0828712 -1.97657e-05 0)
(0.0828702 -2.17699e-05 0)
(0.0828692 -2.37616e-05 0)
(0.0828684 -2.57184e-05 0)
(0.0828677 -2.76432e-05 0)
(0.0828674 -2.95302e-05 0)
(0.0828672 -3.13858e-05 0)
(0.0828776 -1.4059e-06 0)
(0.0828732 -3.28284e-06 0)
(0.0828729 -5.34002e-06 0)
(0.0828724 -7.42185e-06 0)
(0.0828717 -9.50014e-06 0)
(0.0828709 -1.158e-05 0)
(0.08287 -1.36428e-05 0)
(0.0828691 -1.57044e-05 0)
(0.082868 -1.7743e-05 0)
(0.082867 -1.97786e-05 0)
(0.0828659 -2.17843e-05 0)
(0.082865 -2.37774e-05 0)
(0.0828641 -2.57358e-05 0)
(0.0828635 -2.7662e-05 0)
(0.0828631 -2.95505e-05 0)
(0.082863 -3.14076e-05 0)
(0.0828734 -1.4068e-06 0)
(0.082869 -3.28489e-06 0)
(0.0828686 -5.34337e-06 0)
(0.0828681 -7.4265e-06 0)
(0.0828675 -9.50613e-06 0)
(0.0828667 -1.15873e-05 0)
(0.0828658 -1.36515e-05 0)
(0.0828648 -1.57143e-05 0)
(0.0828638 -1.77544e-05 0)
(0.0828627 -1.97914e-05 0)
(0.0828617 -2.17986e-05 0)
(0.0828607 -2.37931e-05 0)
(0.0828599 -2.5753e-05 0)
(0.0828592 -2.76806e-05 0)
(0.0828589 -2.95707e-05 0)
(0.0828588 -3.14294e-05 0)
(0.0828691 -1.40768e-06 0)
(0.0828648 -3.28694e-06 0)
(0.0828644 -5.34671e-06 0)
(0.0828639 -7.43113e-06 0)
(0.0828632 -9.51211e-06 0)
(0.0828625 -1.15945e-05 0)
(0.0828616 -1.36602e-05 0)
(0.0828606 -1.57243e-05 0)
(0.0828595 -1.77658e-05 0)
(0.0828585 -1.98041e-05 0)
(0.0828575 -2.18128e-05 0)
(0.0828565 -2.38086e-05 0)
(0.0828556 -2.57701e-05 0)
(0.082855 -2.76992e-05 0)
(0.0828546 -2.95908e-05 0)
(0.0828545 -3.14512e-05 0)
(0.0828649 -1.40855e-06 0)
(0.0828605 -3.28897e-06 0)
(0.0828602 -5.35002e-06 0)
(0.0828597 -7.43573e-06 0)
(0.082859 -9.51805e-06 0)
(0.0828582 -1.16017e-05 0)
(0.0828573 -1.36687e-05 0)
(0.0828563 -1.57341e-05 0)
(0.0828553 -1.77771e-05 0)
(0.0828543 -1.98167e-05 0)
(0.0828532 -2.1827e-05 0)
(0.0828522 -2.38241e-05 0)
(0.0828514 -2.57871e-05 0)
(0.0828507 -2.77177e-05 0)
(0.0828504 -2.9611e-05 0)
(0.0828503 -3.1473e-05 0)
(0.0828606 -1.40942e-06 0)
(0.0828563 -3.29102e-06 0)
(0.0828559 -5.35337e-06 0)
(0.0828554 -7.44037e-06 0)
(0.0828548 -9.52405e-06 0)
(0.082854 -1.1609e-05 0)
(0.0828531 -1.36774e-05 0)
(0.0828521 -1.5744e-05 0)
(0.0828511 -1.77885e-05 0)
(0.08285 -1.98293e-05 0)
(0.082849 -2.18411e-05 0)
(0.082848 -2.38397e-05 0)
(0.0828472 -2.58042e-05 0)
(0.0828465 -2.77363e-05 0)
(0.0828461 -2.96312e-05 0)
(0.082846 -3.14949e-05 0)
(0.0828564 -1.41031e-06 0)
(0.082852 -3.29312e-06 0)
(0.0828517 -5.35678e-06 0)
(0.0828512 -7.44508e-06 0)
(0.0828505 -9.53014e-06 0)
(0.0828497 -1.16163e-05 0)
(0.0828488 -1.36862e-05 0)
(0.0828479 -1.57539e-05 0)
(0.0828468 -1.78e-05 0)
(0.0828458 -1.98421e-05 0)
(0.0828447 -2.18554e-05 0)
(0.0828437 -2.38553e-05 0)
(0.0828429 -2.58215e-05 0)
(0.0828422 -2.77551e-05 0)
(0.0828419 -2.96517e-05 0)
(0.0828418 -3.15171e-05 0)
(0.0828522 -1.4112e-06 0)
(0.0828478 -3.29529e-06 0)
(0.0828474 -5.36032e-06 0)
(0.0828469 -7.44996e-06 0)
(0.0828463 -9.53644e-06 0)
(0.0828455 -1.16239e-05 0)
(0.0828446 -1.36952e-05 0)
(0.0828436 -1.57642e-05 0)
(0.0828426 -1.78118e-05 0)
(0.0828415 -1.98551e-05 0)
(0.0828405 -2.18701e-05 0)
(0.0828395 -2.38714e-05 0)
(0.0828386 -2.58392e-05 0)
(0.082838 -2.77743e-05 0)
(0.0828376 -2.96725e-05 0)
(0.0828375 -3.15396e-05 0)
(0.0828479 -1.41213e-06 0)
(0.0828435 -3.2976e-06 0)
(0.0828432 -5.36408e-06 0)
(0.0828427 -7.45512e-06 0)
(0.082842 -9.54312e-06 0)
(0.0828412 -1.16319e-05 0)
(0.0828403 -1.37048e-05 0)
(0.0828394 -1.5775e-05 0)
(0.0828383 -1.78242e-05 0)
(0.0828372 -1.98687e-05 0)
(0.0828362 -2.18853e-05 0)
(0.0828352 -2.38879e-05 0)
(0.0828344 -2.58573e-05 0)
(0.0828337 -2.77939e-05 0)
(0.0828334 -2.96939e-05 0)
(0.0828332 -3.15627e-05 0)
(0.0828437 -1.41312e-06 0)
(0.0828393 -3.3001e-06 0)
(0.0828389 -5.36816e-06 0)
(0.0828384 -7.46071e-06 0)
(0.0828378 -9.55033e-06 0)
(0.082837 -1.16404e-05 0)
(0.0828361 -1.3715e-05 0)
(0.0828351 -1.57865e-05 0)
(0.082834 -1.78374e-05 0)
(0.082833 -1.9883e-05 0)
(0.0828319 -2.19012e-05 0)
(0.082831 -2.39051e-05 0)
(0.0828301 -2.58762e-05 0)
(0.0828295 -2.78143e-05 0)
(0.0828291 -2.97159e-05 0)
(0.082829 -3.15866e-05 0)
(0.0828394 -1.4142e-06 0)
(0.082835 -3.30291e-06 0)
(0.0828347 -5.37272e-06 0)
(0.0828342 -7.46694e-06 0)
(0.0828335 -9.55835e-06 0)
(0.0828327 -1.16499e-05 0)
(0.0828318 -1.37263e-05 0)
(0.0828308 -1.5799e-05 0)
(0.0828298 -1.78516e-05 0)
(0.0828287 -1.98984e-05 0)
(0.0828277 -2.19183e-05 0)
(0.0828267 -2.39234e-05 0)
(0.0828259 -2.58961e-05 0)
(0.0828252 -2.78357e-05 0)
(0.0828248 -2.9739e-05 0)
(0.0828247 -3.16115e-05 0)
(0.0828352 -1.4154e-06 0)
(0.0828308 -3.3061e-06 0)
(0.0828304 -5.37789e-06 0)
(0.0828299 -7.47398e-06 0)
(0.0828293 -9.56738e-06 0)
(0.0828285 -1.16606e-05 0)
(0.0828276 -1.37388e-05 0)
(0.0828266 -1.58129e-05 0)
(0.0828255 -1.78673e-05 0)
(0.0828245 -1.99153e-05 0)
(0.0828234 -2.19368e-05 0)
(0.0828224 -2.39431e-05 0)
(0.0828216 -2.59174e-05 0)
(0.0828209 -2.78585e-05 0)
(0.0828205 -2.97635e-05 0)
(0.0828204 -3.16378e-05 0)
(0.0828309 -1.41677e-06 0)
(0.0828265 -3.30981e-06 0)
(0.0828262 -5.3839e-06 0)
(0.0828257 -7.48215e-06 0)
(0.082825 -9.5778e-06 0)
(0.0828242 -1.16728e-05 0)
(0.0828233 -1.37532e-05 0)
(0.0828223 -1.58287e-05 0)
(0.0828213 -1.7885e-05 0)
(0.0828202 -1.99341e-05 0)
(0.0828191 -2.19574e-05 0)
(0.0828182 -2.39649e-05 0)
(0.0828173 -2.59408e-05 0)
(0.0828166 -2.78832e-05 0)
(0.0828163 -2.97899e-05 0)
(0.0828161 -3.16661e-05 0)
(0.0828267 -1.41836e-06 0)
(0.0828223 -3.31417e-06 0)
(0.0828219 -5.39096e-06 0)
(0.0828214 -7.49173e-06 0)
(0.0828207 -9.58998e-06 0)
(0.0828199 -1.16871e-05 0)
(0.082819 -1.37698e-05 0)
(0.082818 -1.5847e-05 0)
(0.082817 -1.79054e-05 0)
(0.0828159 -1.99557e-05 0)
(0.0828149 -2.19807e-05 0)
(0.0828139 -2.39893e-05 0)
(0.082813 -2.59668e-05 0)
(0.0828124 -2.79105e-05 0)
(0.082812 -2.98187e-05 0)
(0.0828119 -3.16968e-05 0)
(0.0828224 -1.42024e-06 0)
(0.082818 -3.31938e-06 0)
(0.0828176 -5.39937e-06 0)
(0.0828171 -7.50316e-06 0)
(0.0828165 -9.60447e-06 0)
(0.0828157 -1.17041e-05 0)
(0.0828148 -1.37895e-05 0)
(0.0828138 -1.58685e-05 0)
(0.0828127 -1.79292e-05 0)
(0.0828117 -1.99808e-05 0)
(0.0828106 -2.20077e-05 0)
(0.0828096 -2.40173e-05 0)
(0.0828087 -2.59962e-05 0)
(0.0828081 -2.79411e-05 0)
(0.0828077 -2.98509e-05 0)
(0.0828076 -3.17308e-05 0)
(0.0828181 -1.42247e-06 0)
(0.0828137 -3.32565e-06 0)
(0.0828134 -5.40949e-06 0)
(0.0828129 -7.51689e-06 0)
(0.0828122 -9.62185e-06 0)
(0.0828114 -1.17244e-05 0)
(0.0828105 -1.38131e-05 0)
(0.0828095 -1.58942e-05 0)
(0.0828084 -1.79575e-05 0)
(0.0828074 -2.00105e-05 0)
(0.0828063 -2.20393e-05 0)
(0.0828053 -2.40498e-05 0)
(0.0828045 -2.60302e-05 0)
(0.0828038 -2.79761e-05 0)
(0.0828034 -2.98872e-05 0)
(0.0828033 -3.17688e-05 0)
(0.0828139 -1.42516e-06 0)
(0.0828094 -3.3332e-06 0)
(0.0828091 -5.42169e-06 0)
(0.0828086 -7.53347e-06 0)
(0.0828079 -9.64278e-06 0)
(0.0828071 -1.17489e-05 0)
(0.0828062 -1.38414e-05 0)
(0.0828052 -1.59251e-05 0)
(0.0828042 -1.79914e-05 0)
(0.0828031 -2.00459e-05 0)
(0.082802 -2.20768e-05 0)
(0.082801 -2.40882e-05 0)
(0.0828002 -2.607e-05 0)
(0.0827995 -2.80167e-05 0)
(0.0827991 -2.99289e-05 0)
(0.082799 -3.18121e-05 0)
(0.0828096 -1.4284e-06 0)
(0.0828052 -3.34234e-06 0)
(0.0828048 -5.43643e-06 0)
(0.0828043 -7.55353e-06 0)
(0.0828036 -9.66811e-06 0)
(0.0828028 -1.17787e-05 0)
(0.0828019 -1.38756e-05 0)
(0.0828009 -1.59625e-05 0)
(0.0827999 -1.80323e-05 0)
(0.0827988 -2.00887e-05 0)
(0.0827978 -2.21219e-05 0)
(0.0827967 -2.41341e-05 0)
(0.0827959 -2.61171e-05 0)
(0.0827952 -2.80643e-05 0)
(0.0827948 -2.99774e-05 0)
(0.0827947 -3.1862e-05 0)
(0.0828053 -1.43232e-06 0)
(0.0828009 -3.35332e-06 0)
(0.0828005 -5.45416e-06 0)
(0.0828 -7.57768e-06 0)
(0.0827993 -9.69859e-06 0)
(0.0827985 -1.18146e-05 0)
(0.0827976 -1.39169e-05 0)
(0.0827967 -1.60078e-05 0)
(0.0827956 -1.80818e-05 0)
(0.0827945 -2.01404e-05 0)
(0.0827935 -2.21764e-05 0)
(0.0827925 -2.41893e-05 0)
(0.0827916 -2.61737e-05 0)
(0.0827909 -2.8121e-05 0)
(0.0827905 -3.00346e-05 0)
(0.0827903 -3.19203e-05 0)
(0.082801 -1.43703e-06 0)
(0.0827965 -3.36643e-06 0)
(0.0827962 -5.47534e-06 0)
(0.0827957 -7.60661e-06 0)
(0.082795 -9.73512e-06 0)
(0.0827942 -1.18577e-05 0)
(0.0827933 -1.39667e-05 0)
(0.0827924 -1.60625e-05 0)
(0.0827913 -1.81416e-05 0)
(0.0827902 -2.02031e-05 0)
(0.0827892 -2.22424e-05 0)
(0.0827882 -2.42563e-05 0)
(0.0827873 -2.62421e-05 0)
(0.0827866 -2.81891e-05 0)
(0.0827862 -3.01029e-05 0)
(0.082786 -3.19892e-05 0)
(0.0827967 -1.44266e-06 0)
(0.0827922 -3.38191e-06 0)
(0.0827918 -5.50039e-06 0)
(0.0827914 -7.64089e-06 0)
(0.0827907 -9.77847e-06 0)
(0.0827899 -1.19091e-05 0)
(0.082789 -1.4026e-05 0)
(0.082788 -1.61281e-05 0)
(0.082787 -1.82135e-05 0)
(0.0827859 -2.02789e-05 0)
(0.0827849 -2.23224e-05 0)
(0.0827839 -2.43376e-05 0)
(0.082783 -2.63252e-05 0)
(0.0827823 -2.82716e-05 0)
(0.0827819 -3.01852e-05 0)
(0.0827817 -3.20714e-05 0)
(0.0827923 -1.4493e-06 0)
(0.0827879 -3.39995e-06 0)
(0.0827875 -5.52958e-06 0)
(0.082787 -7.68095e-06 0)
(0.0827864 -9.82923e-06 0)
(0.0827856 -1.19696e-05 0)
(0.0827847 -1.40961e-05 0)
(0.0827837 -1.62061e-05 0)
(0.0827827 -1.82994e-05 0)
(0.0827816 -2.037e-05 0)
(0.0827806 -2.24192e-05 0)
(0.0827796 -2.44363e-05 0)
(0.0827787 -2.64264e-05 0)
(0.082778 -2.83721e-05 0)
(0.0827776 -3.02849e-05 0)
(0.0827774 -3.21697e-05 0)
(0.082788 -1.45704e-06 0)
(0.0827835 -3.42061e-06 0)
(0.0827831 -5.56307e-06 0)
(0.0827827 -7.72705e-06 0)
(0.082782 -9.88777e-06 0)
(0.0827812 -1.20398e-05 0)
(0.0827804 -1.41776e-05 0)
(0.0827794 -1.62974e-05 0)
(0.0827784 -1.84005e-05 0)
(0.0827773 -2.04783e-05 0)
(0.0827763 -2.25351e-05 0)
(0.0827753 -2.4556e-05 0)
(0.0827744 -2.65505e-05 0)
(0.0827737 -2.8496e-05 0)
(0.0827732 -3.04085e-05 0)
(0.082773 -3.22908e-05 0)
(0.0827836 -1.4659e-06 0)
(0.0827791 -3.4438e-06 0)
(0.0827787 -5.6007e-06 0)
(0.0827783 -7.77897e-06 0)
(0.0827776 -9.95387e-06 0)
(0.0827769 -1.21193e-05 0)
(0.082776 -1.42705e-05 0)
(0.082775 -1.64022e-05 0)
(0.082774 -1.85175e-05 0)
(0.082773 -2.06049e-05 0)
(0.0827719 -2.26723e-05 0)
(0.082771 -2.46998e-05 0)
(0.0827701 -2.67024e-05 0)
(0.0827694 -2.86514e-05 0)
(0.0827689 -3.0568e-05 0)
(0.0827687 -3.2451e-05 0)
(0.0827792 -1.47584e-06 0)
(0.0827747 -3.46921e-06 0)
(0.0827743 -5.64198e-06 0)
(0.0827738 -7.83609e-06 0)
(0.0827732 -1.00267e-05 0)
(0.0827725 -1.22075e-05 0)
(0.0827716 -1.43738e-05 0)
(0.0827707 -1.65197e-05 0)
(0.0827697 -1.86494e-05 0)
(0.0827686 -2.0749e-05 0)
(0.0827676 -2.28301e-05 0)
(0.0827666 -2.48677e-05 0)
(0.0827658 -2.68834e-05 0)
(0.0827651 -2.88413e-05 0)
(0.0827646 -3.07705e-05 0)
(0.0827644 -3.26639e-05 0)
(0.0827748 -1.48673e-06 0)
(0.0827702 -3.49628e-06 0)
(0.0827699 -5.68601e-06 0)
(0.0827694 -7.89717e-06 0)
(0.0827688 -1.01048e-05 0)
(0.082768 -1.23023e-05 0)
(0.0827672 -1.44853e-05 0)
(0.0827663 -1.66472e-05 0)
(0.0827653 -1.87931e-05 0)
(0.0827643 -2.09074e-05 0)
(0.0827632 -2.30045e-05 0)
(0.0827623 -2.50543e-05 0)
(0.0827614 -2.70861e-05 0)
(0.0827607 -2.90546e-05 0)
(0.0827603 -3.09989e-05 0)
(0.08276 -3.29035e-05 0)
(0.0827703 -1.49833e-06 0)
(0.0827657 -3.52422e-06 0)
(0.0827654 -5.73149e-06 0)
(0.0827649 -7.96039e-06 0)
(0.0827643 -1.01858e-05 0)
(0.0827636 -1.2401e-05 0)
(0.0827627 -1.46016e-05 0)
(0.0827618 -1.67809e-05 0)
(0.0827609 -1.89443e-05 0)
(0.0827599 -2.10748e-05 0)
(0.0827589 -2.31895e-05 0)
(0.0827579 -2.52529e-05 0)
(0.0827571 -2.73023e-05 0)
(0.0827564 -2.9281e-05 0)
(0.082756 -3.12407e-05 0)
(0.0827557 -3.31547e-05 0)
(0.0827658 -1.5103e-06 0)
(0.0827612 -3.55196e-06 0)
(0.0827608 -5.77667e-06 0)
(0.0827604 -8.02332e-06 0)
(0.0827598 -1.02665e-05 0)
(0.0827591 -1.24998e-05 0)
(0.0827583 -1.47181e-05 0)
(0.0827574 -1.69155e-05 0)
(0.0827564 -1.90968e-05 0)
(0.0827554 -2.12446e-05 0)
(0.0827545 -2.33774e-05 0)
(0.0827536 -2.54553e-05 0)
(0.0827527 -2.75229e-05 0)
(0.0827521 -2.95103e-05 0)
(0.0827516 -3.14859e-05 0)
(0.0827514 -3.34066e-05 0)
(0.0827613 -1.52219e-06 0)
(0.0827566 -3.57817e-06 0)
(0.0827563 -5.81939e-06 0)
(0.0827558 -8.08293e-06 0)
(0.0827552 -1.0343e-05 0)
(0.0827545 -1.25937e-05 0)
(0.0827537 -1.48292e-05 0)
(0.0827529 -1.70445e-05 0)
(0.0827519 -1.92434e-05 0)
(0.082751 -2.14089e-05 0)
(0.0827501 -2.35595e-05 0)
(0.0827492 -2.56524e-05 0)
(0.0827484 -2.7738e-05 0)
(0.0827478 -2.97327e-05 0)
(0.0827473 -3.17264e-05 0)
(0.0827471 -3.36484e-05 0)
(0.0827567 -1.53341e-06 0)
(0.0827519 -3.60134e-06 0)
(0.0827516 -5.85717e-06 0)
(0.0827512 -8.13573e-06 0)
(0.0827506 -1.04109e-05 0)
(0.0827499 -1.26774e-05 0)
(0.0827492 -1.49282e-05 0)
(0.0827483 -1.71601e-05 0)
(0.0827474 -1.93749e-05 0)
(0.0827465 -2.15576e-05 0)
(0.0827456 -2.37247e-05 0)
(0.0827448 -2.58331e-05 0)
(0.082744 -2.79356e-05 0)
(0.0827434 -2.99389e-05 0)
(0.082743 -3.19524e-05 0)
(0.0827428 -3.38654e-05 0)
(0.0827521 -1.54333e-06 0)
(0.0827473 -3.61974e-06 0)
(0.082747 -5.88716e-06 0)
(0.0827465 -8.17769e-06 0)
(0.082746 -1.04647e-05 0)
(0.0827453 -1.27439e-05 0)
(0.0827446 -1.50069e-05 0)
(0.0827438 -1.72526e-05 0)
(0.0827429 -1.94803e-05 0)
(0.082742 -2.1678e-05 0)
(0.0827411 -2.38593e-05 0)
(0.0827403 -2.59833e-05 0)
(0.0827396 -2.81019e-05 0)
(0.0827391 -3.0118e-05 0)
(0.0827387 -3.2147e-05 0)
(0.0827386 -3.40316e-05 0)
(0.0827474 -1.55121e-06 0)
(0.0827426 -3.63139e-06 0)
(0.0827423 -5.90613e-06 0)
(0.0827419 -8.20428e-06 0)
(0.0827413 -1.04988e-05 0)
(0.0827407 -1.27863e-05 0)
(0.08274 -1.50568e-05 0)
(0.0827392 -1.73122e-05 0)
(0.0827383 -1.95488e-05 0)
(0.0827375 -2.17588e-05 0)
(0.0827366 -2.39515e-05 0)
(0.0827359 -2.60895e-05 0)
(0.0827352 -2.82199e-05 0)
(0.0827347 -3.02435e-05 0)
(0.0827345 -3.22693e-05 0)
(0.0827344 -3.41018e-05 0)
(0.0827427 -1.5562e-06 0)
(0.0827378 -3.63447e-06 0)
(0.0827375 -5.91118e-06 0)
(0.0827371 -8.21163e-06 0)
(0.0827366 -1.05085e-05 0)
(0.082736 -1.27996e-05 0)
(0.0827353 -1.50735e-05 0)
(0.0827345 -1.73345e-05 0)
(0.0827337 -1.95743e-05 0)
(0.0827329 -2.17902e-05 0)
(0.0827321 -2.39854e-05 0)
(0.0827314 -2.6126e-05 0)
(0.0827308 -2.82482e-05 0)
(0.0827304 -3.02533e-05 0)
(0.0827303 -3.22454e-05 0)
(0.0827304 -3.40069e-05 0)
(0.0827379 -1.55751e-06 0)
(0.0827331 -3.62881e-06 0)
(0.0827328 -5.90197e-06 0)
(0.0827324 -8.19897e-06 0)
(0.0827319 -1.04921e-05 0)
(0.0827313 -1.27803e-05 0)
(0.0827306 -1.50503e-05 0)
(0.0827299 -1.7307e-05 0)
(0.0827291 -1.95358e-05 0)
(0.0827283 -2.17386e-05 0)
(0.0827276 -2.39104e-05 0)
(0.082727 -2.60244e-05 0)
(0.0827265 -2.81055e-05 0)
(0.0827262 -3.00619e-05 0)
(0.0827262 -3.19915e-05 0)
(0.0827265 -3.36716e-05 0)
(0.0827332 -1.55506e-06 0)
(0.0827283 -3.61233e-06 0)
(0.082728 -5.87439e-06 0)
(0.0827276 -8.15873e-06 0)
(0.0827272 -1.04364e-05 0)
(0.0827266 -1.27066e-05 0)
(0.0827259 -1.49526e-05 0)
(0.0827252 -1.71812e-05 0)
(0.0827245 -1.93723e-05 0)
(0.0827238 -2.15323e-05 0)
(0.0827232 -2.36481e-05 0)
(0.0827226 -2.57035e-05 0)
(0.0827222 -2.77116e-05 0)
(0.0827221 -2.9595e-05 0)
(0.0827223 -3.14392e-05 0)
(0.0827228 -3.30327e-05 0)
(0.0827284 -1.54799e-06 0)
(0.0827235 -3.57286e-06 0)
(0.0827232 -5.80788e-06 0)
(0.0827229 -8.06138e-06 0)
(0.0827224 -1.03024e-05 0)
(0.0827219 -1.25301e-05 0)
(0.0827213 -1.47245e-05 0)
(0.0827207 -1.68953e-05 0)
(0.08272 -1.90184e-05 0)
(0.0827194 -2.11054e-05 0)
(0.0827188 -2.31359e-05 0)
(0.0827184 -2.51059e-05 0)
(0.0827182 -2.70167e-05 0)
(0.0827182 -2.88104e-05 0)
(0.0827186 -3.05556e-05 0)
(0.0827193 -3.2066e-05 0)
(0.0827236 -1.53116e-06 0)
(0.0827187 -3.49411e-06 0)
(0.0827185 -5.67651e-06 0)
(0.0827182 -7.87233e-06 0)
(0.0827178 -1.00485e-05 0)
(0.0827173 -1.22048e-05 0)
(0.0827168 -1.43188e-05 0)
(0.0827162 -1.6403e-05 0)
(0.0827157 -1.84304e-05 0)
(0.0827151 -2.04185e-05 0)
(0.0827147 -2.23406e-05 0)
(0.0827144 -2.42055e-05 0)
(0.0827143 -2.60027e-05 0)
(0.0827145 -2.76976e-05 0)
(0.082715 -2.93388e-05 0)
(0.082716 -3.07758e-05 0)
(0.0827188 -1.49759e-06 0)
(0.0827141 -3.36332e-06 0)
(0.0827139 -5.46076e-06 0)
(0.0827137 -7.56691e-06 0)
(0.0827133 -9.64752e-06 0)
(0.0827129 -1.17029e-05 0)
(0.0827125 -1.37094e-05 0)
(0.082712 -1.56818e-05 0)
(0.0827115 -1.75911e-05 0)
(0.0827111 -1.94607e-05 0)
(0.0827108 -2.12583e-05 0)
(0.0827106 -2.30054e-05 0)
(0.0827106 -2.468e-05 0)
(0.082711 -2.62726e-05 0)
(0.0827117 -2.78098e-05 0)
(0.0827129 -2.9184e-05 0)
(0.0827142 -1.44176e-06 0)
(0.0827097 -3.17533e-06 0)
(0.0827096 -5.15331e-06 0)
(0.0827094 -7.13695e-06 0)
(0.0827091 -9.09198e-06 0)
(0.0827088 -1.10196e-05 0)
(0.0827084 -1.28952e-05 0)
(0.082708 -1.47358e-05 0)
(0.0827077 -1.65106e-05 0)
(0.0827073 -1.8248e-05 0)
(0.0827071 -1.99111e-05 0)
(0.0827071 -2.15333e-05 0)
(0.0827072 -2.30814e-05 0)
(0.0827077 -2.45715e-05 0)
(0.0827087 -2.6007e-05 0)
(0.0827101 -2.73271e-05 0)
(0.0827098 -1.36138e-06 0)
(0.0827057 -2.93416e-06 0)
(0.0827056 -4.76116e-06 0)
(0.0827054 -6.59285e-06 0)
(0.0827052 -8.39631e-06 0)
(0.0827049 -1.01736e-05 0)
(0.0827046 -1.19e-05 0)
(0.0827043 -1.35936e-05 0)
(0.0827041 -1.52224e-05 0)
(0.0827039 -1.6819e-05 0)
(0.0827038 -1.83421e-05 0)
(0.0827038 -1.98357e-05 0)
(0.0827041 -2.12563e-05 0)
(0.0827048 -2.26448e-05 0)
(0.0827059 -2.39811e-05 0)
(0.0827074 -2.52536e-05 0)
(0.0827057 -1.25809e-06 0)
(0.082702 -2.65172e-06 0)
(0.0827019 -4.30343e-06 0)
(0.0827018 -5.9606e-06 0)
(0.0827016 -7.59282e-06 0)
(0.0827014 -9.20295e-06 0)
(0.0827012 -1.07667e-05 0)
(0.082701 -1.23028e-05 0)
(0.0827009 -1.37783e-05 0)
(0.0827008 -1.52285e-05 0)
(0.0827008 -1.66087e-05 0)
(0.0827009 -1.7972e-05 0)
(0.0827013 -1.92655e-05 0)
(0.0827021 -2.05531e-05 0)
(0.0827033 -2.17922e-05 0)
(0.082705 -2.30201e-05 0)
(0.082702 -1.13698e-06 0)
(0.0826987 -2.34505e-06 0)
(0.0826986 -3.80712e-06 0)
(0.0826986 -5.27628e-06 0)
(0.0826984 -6.72541e-06 0)
(0.0826983 -8.15812e-06 0)
(0.0826982 -9.5511e-06 0)
(0.0826981 -1.09231e-05 0)
(0.082698 -1.22409e-05 0)
(0.082698 -1.35415e-05 0)
(0.0826981 -1.47776e-05 0)
(0.0826983 -1.60095e-05 0)
(0.0826988 -1.71767e-05 0)
(0.0826997 -1.83632e-05 0)
(0.082701 -1.95058e-05 0)
(0.0827028 -2.06888e-05 0)
(0.0826987 -1.00539e-06 0)
(0.0826959 -2.03306e-06 0)
(0.0826958 -3.30209e-06 0)
(0.0826958 -4.57966e-06 0)
(0.0826957 -5.84223e-06 0)
(0.0826956 -7.09408e-06 0)
(0.0826956 -8.31337e-06 0)
(0.0826955 -9.5187e-06 0)
(0.0826955 -1.06772e-05 0)
(0.0826956 -1.18267e-05 0)
(0.0826957 -1.29187e-05 0)
(0.0826961 -1.40185e-05 0)
(0.0826966 -1.50599e-05 0)
(0.0826976 -1.61439e-05 0)
(0.0826989 -1.71897e-05 0)
(0.0827007 -1.83241e-05 0)
(0.0826959 -8.71493e-07 0)
(0.0826935 -1.73336e-06 0)
(0.0826935 -2.81627e-06 0)
(0.0826934 -3.90807e-06 0)
(0.0826934 -4.98874e-06 0)
(0.0826934 -6.06303e-06 0)
(0.0826933 -7.11105e-06 0)
(0.0826933 -8.15112e-06 0)
(0.0826934 -9.15173e-06 0)
(0.0826935 -1.01507e-05 0)
(0.0826937 -1.10996e-05 0)
(0.0826941 -1.2067e-05 0)
(0.0826948 -1.29834e-05 0)
(0.0826957 -1.39626e-05 0)
(0.0826971 -1.491e-05 0)
(0.0826989 -1.59896e-05 0)
(0.0826935 -7.42912e-07 0)
(0.0826915 -1.45973e-06 0)
(0.0826915 -2.37172e-06 0)
(0.0826915 -3.29146e-06 0)
(0.0826915 -4.20205e-06 0)
(0.0826915 -5.10843e-06 0)
(0.0826915 -5.99296e-06 0)
(0.0826915 -6.87361e-06 0)
(0.0826916 -7.72101e-06 0)
(0.0826918 -8.57256e-06 0)
(0.0826921 -9.38116e-06 0)
(0.0826925 -1.02169e-05 0)
(0.0826932 -1.10094e-05 0)
(0.0826941 -1.18813e-05 0)
(0.0826955 -1.27284e-05 0)
(0.0826972 -1.37448e-05 0)
(0.0826915 -6.2558e-07 0)
(0.0826899 -1.22046e-06 0)
(0.0826899 -1.9821e-06 0)
(0.0826899 -2.74908e-06 0)
(0.0826899 -3.50702e-06 0)
(0.0826899 -4.2607e-06 0)
(0.08269 -4.9947e-06 0)
(0.0826901 -5.72648e-06 0)
(0.0826902 -6.42928e-06 0)
(0.0826904 -7.13964e-06 0)
(0.0826907 -7.81307e-06 0)
(0.0826912 -8.51983e-06 0)
(0.0826918 -9.19074e-06 0)
(0.0826928 -9.95318e-06 0)
(0.0826941 -1.06982e-05 0)
(0.0826957 -1.16422e-05 0)
(0.0826899 -5.23051e-07 0)
(0.0826886 -1.01813e-06 0)
(0.0826886 -1.65211e-06 0)
(0.0826886 -2.28847e-06 0)
(0.0826887 -2.91478e-06 0)
(0.0826887 -3.53521e-06 0)
(0.0826888 -4.13623e-06 0)
(0.0826889 -4.73439e-06 0)
(0.082689 -5.30559e-06 0)
(0.0826893 -5.88491e-06 0)
(0.0826896 -6.43147e-06 0)
(0.0826901 -7.01432e-06 0)
(0.0826907 -7.56777e-06 0)
(0.0826917 -8.21985e-06 0)
(0.0826929 -8.86241e-06 0)
(0.0826944 -9.72431e-06 0)
(0.0826886 -4.36392e-07 0)
(0.0826876 -8.50575e-07 0)
(0.0826876 -1.37888e-06 0)
(0.0826877 -1.90694e-06 0)
(0.0826877 -2.42381e-06 0)
(0.0826878 -2.93272e-06 0)
(0.0826879 -3.42155e-06 0)
(0.082688 -3.90539e-06 0)
(0.0826882 -4.36237e-06 0)
(0.0826884 -4.82531e-06 0)
(0.0826888 -5.25723e-06 0)
(0.0826893 -5.72467e-06 0)
(0.0826899 -6.16727e-06 0)
(0.0826908 -6.71021e-06 0)
(0.0826918 -7.25112e-06 0)
(0.0826932 -8.02209e-06 0)
(0.0826876 -3.64641e-07 0)
(0.0826868 -7.12828e-07 0)
(0.0826869 -1.15472e-06 0)
(0.0826869 -1.59477e-06 0)
(0.082687 -2.02323e-06 0)
(0.082687 -2.44226e-06 0)
(0.0826872 -2.8407e-06 0)
(0.0826873 -3.23181e-06 0)
(0.0826875 -3.59539e-06 0)
(0.0826878 -3.96104e-06 0)
(0.0826882 -4.29529e-06 0)
(0.0826886 -4.66032e-06 0)
(0.0826892 -5.00212e-06 0)
(0.08269 -5.44011e-06 0)
(0.082691 -5.88176e-06 0)
(0.0826922 -6.55357e-06 0)
(0.0826868 -3.05639e-07 0)
(0.0826862 -5.99202e-07 0)
(0.0826863 -9.70458e-07 0)
(0.0826863 -1.3395e-06 0)
(0.0826864 -1.69764e-06 0)
(0.0826865 -2.04617e-06 0)
(0.0826867 -2.37461e-06 0)
(0.0826868 -2.69418e-06 0)
(0.0826871 -2.98605e-06 0)
(0.0826874 -3.2764e-06 0)
(0.0826877 -3.53484e-06 0)
(0.0826882 -3.81639e-06 0)
(0.0826888 -4.07228e-06 0)
(0.0826895 -4.41369e-06 0)
(0.0826903 -4.76046e-06 0)
(0.0826914 -5.32551e-06 0)
(0.0826862 -2.56939e-07 0)
(0.0826858 -5.04866e-07 0)
(0.0826858 -8.17957e-07 0)
(0.0826859 -1.1294e-06 0)
(0.082686 -1.43161e-06 0)
(0.0826861 -1.72537e-06 0)
(0.0826863 -2.00083e-06 0)
(0.0826865 -2.26709e-06 0)
(0.0826868 -2.50664e-06 0)
(0.0826871 -2.7432e-06 0)
(0.0826875 -2.95058e-06 0)
(0.0826879 -3.17364e-06 0)
(0.0826884 -3.36507e-06 0)
(0.0826891 -3.62426e-06 0)
(0.0826898 -3.88392e-06 0)
(0.0826907 -4.3367e-06 0)
(0.0826858 -2.16479e-07 0)
(0.0826855 -4.26213e-07 0)
(0.0826855 -6.90809e-07 0)
(0.0826856 -9.54584e-07 0)
(0.0826857 -1.21101e-06 0)
(0.0826859 -1.46097e-06 0)
(0.0826861 -1.69559e-06 0)
(0.0826863 -1.92228e-06 0)
(0.0826866 -2.12561e-06 0)
(0.0826869 -2.32623e-06 0)
(0.0826873 -2.50276e-06 0)
(0.0826877 -2.69108e-06 0)
(0.0826882 -2.84648e-06 0)
(0.0826888 -3.04757e-06 0)
(0.0826894 -3.23524e-06 0)
(0.0826901 -3.57738e-06 0)
(0.0826855 -1.82747e-07 0)
(0.0826853 -3.61316e-07 0)
(0.0826854 -5.85392e-07 0)
(0.0826854 -8.08906e-07 0)
(0.0826856 -1.02602e-06 0)
(0.0826857 -1.2382e-06 0)
(0.0826859 -1.43803e-06 0)
(0.0826862 -1.63253e-06 0)
(0.0826865 -1.80963e-06 0)
(0.0826868 -1.98555e-06 0)
(0.0826872 -2.141e-06 0)
(0.0826876 -2.30683e-06 0)
(0.082688 -2.44968e-06 0)
(0.0826886 -2.6234e-06 0)
(0.0826891 -2.76901e-06 0)
(0.0826897 -3.0185e-06 0)
(0.0826853 -1.54946e-07 0)
(0.0826852 -3.07997e-07 0)
(0.0826852 -4.98705e-07 0)
(0.0826853 -6.88775e-07 0)
(0.0826855 -8.72918e-07 0)
(0.0826856 -1.05294e-06 0)
(0.0826858 -1.22252e-06 0)
(0.0826861 -1.38857e-06 0)
(0.0826863 -1.54145e-06 0)
(0.0826867 -1.69532e-06 0)
(0.082687 -1.83414e-06 0)
(0.0826874 -1.98312e-06 0)
(0.0826879 -2.11767e-06 0)
(0.0826884 -2.27821e-06 0)
(0.0826888 -2.41703e-06 0)
(0.0826894 -2.6086e-06 0)
(0.0826851 -1.3209e-07 0)
(0.0826851 -2.61193e-07 0)
(0.0826851 -4.2296e-07 0)
(0.0826852 -5.84332e-07 0)
(0.0826854 -7.40841e-07 0)
(0.0826855 -8.94358e-07 0)
(0.0826857 -1.03965e-06 0)
(0.082686 -1.18298e-06 0)
(0.0826863 -1.3165e-06 0)
(0.0826866 -1.45227e-06 0)
(0.0826869 -1.57796e-06 0)
(0.0826873 -1.71325e-06 0)
(0.0826877 -1.84028e-06 0)
(0.0826882 -1.98753e-06 0)
(0.0826886 -2.12717e-06 0)
(0.0826891 -2.29282e-06 0)
(0.082685 -1.12016e-07 0)
(0.082685 -2.21213e-07 0)
(0.0826851 -3.58356e-07 0)
(0.0826852 -4.95441e-07 0)
(0.0826853 -6.28769e-07 0)
(0.0826855 -7.60242e-07 0)
(0.0826857 -8.85592e-07 0)
(0.0826859 -1.01043e-06 0)
(0.0826862 -1.12842e-06 0)
(0.0826865 -1.24967e-06 0)
(0.0826868 -1.36451e-06 0)
(0.0826872 -1.4886e-06 0)
(0.0826876 -1.60848e-06 0)
(0.082688 -1.74503e-06 0)
(0.0826884 -1.87906e-06 0)
(0.0826889 -2.03411e-06 0)
(0.082685 -9.48678e-08 0)
(0.082685 -1.87637e-07 0)
(0.082685 -3.04181e-07 0)
(0.0826851 -4.21037e-07 0)
(0.0826853 -5.35189e-07 0)
(0.0826854 -6.48511e-07 0)
(0.0826856 -7.57513e-07 0)
(0.0826859 -8.67174e-07 0)
(0.0826861 -9.72348e-07 0)
(0.0826864 -1.08156e-06 0)
(0.0826867 -1.18718e-06 0)
(0.0826871 -1.30179e-06 0)
(0.0826875 -1.41476e-06 0)
(0.0826879 -1.5424e-06 0)
(0.0826883 -1.66966e-06 0)
(0.0826887 -1.81582e-06 0)
(0.0826849 -8.04643e-08 0)
(0.0826849 -1.59655e-07 0)
(0.082685 -2.59072e-07 0)
(0.0826851 -3.59155e-07 0)
(0.0826852 -4.57474e-07 0)
(0.0826854 -5.55862e-07 0)
(0.0826856 -6.51463e-07 0)
(0.0826858 -7.48698e-07 0)
(0.0826861 -8.43346e-07 0)
(0.0826864 -9.42619e-07 0)
(0.0826867 -1.04034e-06 0)
(0.082687 -1.1468e-06 0)
(0.0826874 -1.25332e-06 0)
(0.0826877 -1.37301e-06 0)
(0.0826881 -1.49355e-06 0)
(0.0826885 -1.63095e-06 0)
(0.0826849 -6.84593e-08 0)
(0.0826849 -1.36622e-07 0)
(0.082685 -2.2196e-07 0)
(0.0826851 -3.08273e-07 0)
(0.0826852 -3.93615e-07 0)
(0.0826854 -4.79762e-07 0)
(0.0826856 -5.64365e-07 0)
(0.0826858 -6.51351e-07 0)
(0.082686 -7.37218e-07 0)
(0.0826863 -8.28121e-07 0)
(0.0826866 -9.18948e-07 0)
(0.0826869 -1.01822e-06 0)
(0.0826872 -1.11864e-06 0)
(0.0826876 -1.23105e-06 0)
(0.0826879 -1.34483e-06 0)
(0.0826883 -1.47364e-06 0)
(0.0826849 -5.8577e-08 0)
(0.0826849 -1.17795e-07 0)
(0.082685 -1.91632e-07 0)
(0.0826851 -2.66694e-07 0)
(0.0826852 -3.41437e-07 0)
(0.0826853 -4.17565e-07 0)
(0.0826855 -4.93135e-07 0)
(0.0826857 -5.71649e-07 0)
(0.082686 -6.50159e-07 0)
(0.0826862 -7.33947e-07 0)
(0.0826865 -8.18692e-07 0)
(0.0826868 -9.1154e-07 0)
(0.0826871 -1.00622e-06 0)
(0.0826875 -1.11178e-06 0)
(0.0826878 -1.21899e-06 0)
(0.0826881 -1.33934e-06 0)
(0.0826849 -5.04989e-08 0)
(0.0826849 -1.0253e-07 0)
(0.082685 -1.67036e-07 0)
(0.0826851 -2.3296e-07 0)
(0.0826852 -2.99077e-07 0)
(0.0826853 -3.67013e-07 0)
(0.0826855 -4.35149e-07 0)
(0.0826857 -5.0661e-07 0)
(0.0826859 -5.78888e-07 0)
(0.0826862 -6.56538e-07 0)
(0.0826865 -7.3585e-07 0)
(0.0826867 -8.22855e-07 0)
(0.082687 -9.12099e-07 0)
(0.0826874 -1.01118e-06 0)
(0.0826877 -1.11199e-06 0)
(0.082688 -1.2242e-06 0)
(0.0826849 -4.39487e-08 0)
(0.0826849 -9.02205e-08 0)
(0.082685 -1.47195e-07 0)
(0.0826851 -2.05719e-07 0)
(0.0826852 -2.64831e-07 0)
(0.0826853 -3.26063e-07 0)
(0.0826855 -3.88061e-07 0)
(0.0826857 -4.53615e-07 0)
(0.0826859 -5.20569e-07 0)
(0.0826861 -5.92863e-07 0)
(0.0826864 -6.6727e-07 0)
(0.0826867 -7.48911e-07 0)
(0.082687 -8.32997e-07 0)
(0.0826872 -9.2592e-07 0)
(0.0826875 -1.02055e-06 0)
(0.0826878 -1.12499e-06 0)
(0.0826849 -3.8667e-08 0)
(0.0826849 -8.03414e-08 0)
(0.082685 -1.31257e-07 0)
(0.0826851 -1.83806e-07 0)
(0.0826852 -2.37229e-07 0)
(0.0826853 -2.92963e-07 0)
(0.0826855 -3.49867e-07 0)
(0.0826857 -4.10431e-07 0)
(0.0826859 -4.72785e-07 0)
(0.0826861 -5.40348e-07 0)
(0.0826863 -6.10287e-07 0)
(0.0826866 -6.86962e-07 0)
(0.0826869 -7.66144e-07 0)
(0.0826871 -8.53224e-07 0)
(0.0826874 -9.41918e-07 0)
(0.0826877 -1.03902e-06 0)
(0.0826849 -3.44283e-08 0)
(0.0826849 -7.24328e-08 0)
(0.082685 -1.18483e-07 0)
(0.0826851 -1.66205e-07 0)
(0.0826852 -2.15001e-07 0)
(0.0826853 -2.66206e-07 0)
(0.0826855 -3.1885e-07 0)
(0.0826856 -3.75161e-07 0)
(0.0826858 -4.33498e-07 0)
(0.0826861 -4.96837e-07 0)
(0.0826863 -5.62672e-07 0)
(0.0826865 -6.34726e-07 0)
(0.0826868 -7.09251e-07 0)
(0.0826871 -7.90799e-07 0)
(0.0826873 -8.73833e-07 0)
(0.0826876 -9.6404e-07 0)
(0.0826849 -3.10352e-08 0)
(0.0826849 -6.61038e-08 0)
(0.082685 -1.08244e-07 0)
(0.0826851 -1.52059e-07 0)
(0.0826852 -1.97072e-07 0)
(0.0826853 -2.4452e-07 0)
(0.0826855 -2.93572e-07 0)
(0.0826856 -3.46216e-07 0)
(0.0826858 -4.01005e-07 0)
(0.082686 -4.60535e-07 0)
(0.0826862 -5.22574e-07 0)
(0.0826865 -5.90314e-07 0)
(0.0826867 -6.60419e-07 0)
(0.082687 -7.36741e-07 0)
(0.0826872 -8.14399e-07 0)
(0.0826875 -8.98163e-07 0)
(0.0826849 -2.83202e-08 0)
(0.0826849 -6.10249e-08 0)
(0.082685 -1.0001e-07 0)
(0.0826851 -1.40643e-07 0)
(0.0826852 -1.82544e-07 0)
(0.0826853 -2.26846e-07 0)
(0.0826854 -2.72831e-07 0)
(0.0826856 -3.22276e-07 0)
(0.0826858 -3.73896e-07 0)
(0.082686 -4.2996e-07 0)
(0.0826862 -4.8847e-07 0)
(0.0826864 -5.52173e-07 0)
(0.0826866 -6.18091e-07 0)
(0.0826869 -6.89499e-07 0)
(0.0826871 -7.62091e-07 0)
(0.0826874 -8.39882e-07 0)
(0.0826849 -2.61419e-08 0)
(0.082685 -5.69228e-08 0)
(0.082685 -9.33422e-08 0)
(0.0826851 -1.31363e-07 0)
(0.0826852 -1.70673e-07 0)
(0.0826853 -2.12306e-07 0)
(0.0826854 -2.5564e-07 0)
(0.0826856 -3.02259e-07 0)
(0.0826857 -3.51016e-07 0)
(0.0826859 -4.03899e-07 0)
(0.0826861 -4.59113e-07 0)
(0.0826864 -5.19029e-07 0)
(0.0826866 -5.80986e-07 0)
(0.0826868 -6.47775e-07 0)
(0.0826871 -7.15596e-07 0)
(0.0826873 -7.87843e-07 0)
(0.0826849 -2.43828e-08 0)
(0.082685 -5.35725e-08 0)
(0.082685 -8.78804e-08 0)
(0.0826851 -1.23726e-07 0)
(0.0826852 -1.60847e-07 0)
(0.0826853 -2.00184e-07 0)
(0.0826854 -2.41191e-07 0)
(0.0826856 -2.85281e-07 0)
(0.0826857 -3.31424e-07 0)
(0.0826859 -3.81366e-07 0)
(0.0826861 -4.33489e-07 0)
(0.0826863 -4.8985e-07 0)
(0.0826865 -5.48062e-07 0)
(0.0826868 -6.1052e-07 0)
(0.082687 -6.73861e-07 0)
(0.0826872 -7.40976e-07 0)
(0.0826849 -2.29465e-08 0)
(0.082685 -5.07916e-08 0)
(0.082685 -8.33323e-08 0)
(0.0826851 -1.17335e-07 0)
(0.0826852 -1.52576e-07 0)
(0.0826853 -1.89903e-07 0)
(0.0826854 -2.28835e-07 0)
(0.0826855 -2.7063e-07 0)
(0.0826857 -3.14362e-07 0)
(0.0826859 -3.61568e-07 0)
(0.0826861 -4.10784e-07 0)
(0.0826863 -4.63804e-07 0)
(0.0826865 -5.1848e-07 0)
(0.0826867 -5.76882e-07 0)
(0.0826869 -6.36026e-07 0)
(0.0826872 -6.98395e-07 0)
(0.0826849 -2.17547e-08 0)
(0.082685 -4.8434e-08 0)
(0.082685 -7.94637e-08 0)
(0.0826851 -1.11874e-07 0)
(0.0826851 -1.45465e-07 0)
(0.0826852 -1.81e-07 0)
(0.0826854 -2.1805e-07 0)
(0.0826855 -2.57739e-07 0)
(0.0826857 -2.99227e-07 0)
(0.0826858 -3.43873e-07 0)
(0.082686 -3.90348e-07 0)
(0.0826862 -4.40224e-07 0)
(0.0826864 -4.91564e-07 0)
(0.0826866 -5.46172e-07 0)
(0.0826869 -6.0139e-07 0)
(0.0826871 -6.59373e-07 0)
(0.0826849 -2.07445e-08 0)
(0.082685 -4.6384e-08 0)
(0.082685 -7.60896e-08 0)
(0.0826851 -1.0709e-07 0)
(0.0826851 -1.39201e-07 0)
(0.0826852 -1.73109e-07 0)
(0.0826854 -2.08428e-07 0)
(0.0826855 -2.46161e-07 0)
(0.0826856 -2.85545e-07 0)
(0.0826858 -3.27783e-07 0)
(0.082686 -3.71667e-07 0)
(0.0826862 -4.18584e-07 0)
(0.0826864 -4.6678e-07 0)
(0.0826866 -5.17843e-07 0)
(0.0826868 -5.69396e-07 0)
(0.082687 -6.23332e-07 0)
(0.0826849 -1.98665e-08 0)
(0.0826849 -4.45513e-08 0)
(0.082685 -7.30655e-08 0)
(0.082685 -1.02787e-07 0)
(0.0826851 -1.33544e-07 0)
(0.0826852 -1.65948e-07 0)
(0.0826853 -1.99651e-07 0)
(0.0826855 -2.35548e-07 0)
(0.0826856 -2.72943e-07 0)
(0.0826858 -3.12909e-07 0)
(0.082686 -3.54339e-07 0)
(0.0826861 -3.98469e-07 0)
(0.0826863 -4.43704e-07 0)
(0.0826865 -4.91455e-07 0)
(0.0826868 -5.39588e-07 0)
(0.082687 -5.89789e-07 0)
(0.0826849 -1.90817e-08 0)
(0.0826849 -4.28666e-08 0)
(0.082685 -7.02807e-08 0)
(0.082685 -9.88159e-08 0)
(0.0826851 -1.28306e-07 0)
(0.0826852 -1.59298e-07 0)
(0.0826853 -1.91473e-07 0)
(0.0826854 -2.25633e-07 0)
(0.0826856 -2.61139e-07 0)
(0.0826857 -2.98951e-07 0)
(0.0826859 -3.38055e-07 0)
(0.0826861 -3.79557e-07 0)
(0.0826863 -4.22005e-07 0)
(0.0826865 -4.66662e-07 0)
(0.0826867 -5.11606e-07 0)
(0.0826869 -5.58356e-07 0)
(0.0826849 -1.83605e-08 0)
(0.0826849 -4.1278e-08 0)
(0.082685 -6.76519e-08 0)
(0.082685 -9.50631e-08 0)
(0.0826851 -1.23348e-07 0)
(0.0826852 -1.52996e-07 0)
(0.0826853 -1.83711e-07 0)
(0.0826854 -2.16215e-07 0)
(0.0826856 -2.49916e-07 0)
(0.0826857 -2.85683e-07 0)
(0.0826859 -3.22577e-07 0)
(0.0826861 -3.61602e-07 0)
(0.0826863 -4.01424e-07 0)
(0.0826865 -4.43193e-07 0)
(0.0826867 -4.85163e-07 0)
(0.0826869 -5.28727e-07 0)
(0.0826849 -1.76805e-08 0)
(0.0826849 -3.97471e-08 0)
(0.082685 -6.51179e-08 0)
(0.082685 -9.14456e-08 0)
(0.0826851 -1.18568e-07 0)
(0.0826852 -1.46921e-07 0)
(0.0826853 -1.76229e-07 0)
(0.0826854 -2.07144e-07 0)
(0.0826855 -2.39117e-07 0)
(0.0826857 -2.72934e-07 0)
(0.0826859 -3.07728e-07 0)
(0.082686 -3.44414e-07 0)
(0.0826862 -3.81763e-07 0)
(0.0826864 -4.20833e-07 0)
(0.0826866 -4.60029e-07 0)
(0.0826868 -5.00642e-07 0)
(0.0826849 -1.70253e-08 0)
(0.0826849 -3.82468e-08 0)
(0.082685 -6.26353e-08 0)
(0.082685 -8.79047e-08 0)
(0.0826851 -1.13893e-07 0)
(0.0826852 -1.40987e-07 0)
(0.0826853 -1.68932e-07 0)
(0.0826854 -1.98315e-07 0)
(0.0826855 -2.28627e-07 0)
(0.0826857 -2.60583e-07 0)
(0.0826858 -2.93378e-07 0)
(0.082686 -3.27854e-07 0)
(0.0826862 -3.62874e-07 0)
(0.0826864 -3.99421e-07 0)
(0.0826866 -4.36028e-07 0)
(0.0826868 -4.7391e-07 0)
(0.0826849 -1.63831e-08 0)
(0.0826849 -3.67585e-08 0)
(0.082685 -6.01747e-08 0)
(0.082685 -8.44001e-08 0)
(0.0826851 -1.09272e-07 0)
(0.0826852 -1.35136e-07 0)
(0.0826853 -1.61753e-07 0)
(0.0826854 -1.89655e-07 0)
(0.0826855 -2.18366e-07 0)
(0.0826856 -2.48542e-07 0)
(0.0826858 -2.79432e-07 0)
(0.082686 -3.1182e-07 0)
(0.0826862 -3.44645e-07 0)
(0.0826864 -3.78832e-07 0)
(0.0826866 -4.13022e-07 0)
(0.0826868 -4.48371e-07 0)
(0.0826849 -1.57461e-08 0)
(0.0826849 -3.52709e-08 0)
(0.0826849 -5.77176e-08 0)
(0.082685 -8.09066e-08 0)
(0.0826851 -1.04675e-07 0)
(0.0826851 -1.29331e-07 0)
(0.0826852 -1.5465e-07 0)
(0.0826854 -1.81114e-07 0)
(0.0826855 -2.0828e-07 0)
(0.0826856 -2.36752e-07 0)
(0.0826858 -2.65826e-07 0)
(0.082686 -2.96238e-07 0)
(0.0826861 -3.26993e-07 0)
(0.0826863 -3.58971e-07 0)
(0.0826865 -3.90904e-07 0)
(0.0826867 -4.23903e-07 0)
(0.0826849 -1.51093e-08 0)
(0.0826849 -3.37775e-08 0)
(0.0826849 -5.52539e-08 0)
(0.082685 -7.74105e-08 0)
(0.082685 -1.00084e-07 0)
(0.0826851 -1.23551e-07 0)
(0.0826852 -1.47598e-07 0)
(0.0826853 -1.72666e-07 0)
(0.0826855 -1.98338e-07 0)
(0.0826856 -2.25175e-07 0)
(0.0826858 -2.52516e-07 0)
(0.0826859 -2.81055e-07 0)
(0.0826861 -3.09857e-07 0)
(0.0826863 -3.39763e-07 0)
(0.0826865 -3.69586e-07 0)
(0.0826867 -4.00403e-07 0)
(0.0826849 -1.447e-08 0)
(0.0826849 -3.22763e-08 0)
(0.0826849 -5.27801e-08 0)
(0.082685 -7.39068e-08 0)
(0.082685 -9.54927e-08 0)
(0.0826851 -1.17788e-07 0)
(0.0826852 -1.40587e-07 0)
(0.0826853 -1.64297e-07 0)
(0.0826854 -1.88523e-07 0)
(0.0826856 -2.13791e-07 0)
(0.0826857 -2.39476e-07 0)
(0.0826859 -2.66238e-07 0)
(0.0826861 -2.93193e-07 0)
(0.0826863 -3.21154e-07 0)
(0.0826865 -3.48997e-07 0)
(0.0826867 -3.77775e-07 0)
(0.0826849 -1.38273e-08 0)
(0.0826849 -3.07683e-08 0)
(0.0826849 -5.02979e-08 0)
(0.082685 -7.03974e-08 0)
(0.082685 -9.09039e-08 0)
(0.0826851 -1.12043e-07 0)
(0.0826852 -1.33619e-07 0)
(0.0826853 -1.56007e-07 0)
(0.0826854 -1.78833e-07 0)
(0.0826856 -2.02592e-07 0)
(0.0826857 -2.26693e-07 0)
(0.0826859 -2.51767e-07 0)
(0.0826861 -2.76973e-07 0)
(0.0826862 -3.03104e-07 0)
(0.0826864 -3.29088e-07 0)
(0.0826867 -3.55963e-07 0)
(0.0826849 -1.31816e-08 0)
(0.0826849 -2.9257e-08 0)
(0.0826849 -4.78127e-08 0)
(0.0826849 -6.68896e-08 0)
(0.082685 -8.63259e-08 0)
(0.0826851 -1.06326e-07 0)
(0.0826852 -1.26703e-07 0)
(0.0826853 -1.47803e-07 0)
(0.0826854 -1.69275e-07 0)
(0.0826856 -1.91582e-07 0)
(0.0826857 -2.14166e-07 0)
(0.0826859 -2.37633e-07 0)
(0.082686 -2.61182e-07 0)
(0.0826862 -2.85588e-07 0)
(0.0826864 -3.09822e-07 0)
(0.0826866 -3.34915e-07 0)
(0.0826849 -1.25344e-08 0)
(0.0826849 -2.77476e-08 0)
(0.0826849 -4.5333e-08 0)
(0.0826849 -6.33946e-08 0)
(0.082685 -8.17722e-08 0)
(0.0826851 -1.00652e-07 0)
(0.0826852 -1.19854e-07 0)
(0.0826853 -1.39702e-07 0)
(0.0826854 -1.59861e-07 0)
(0.0826855 -1.80772e-07 0)
(0.0826857 -2.01902e-07 0)
(0.0826859 -2.23838e-07 0)
(0.082686 -2.45813e-07 0)
(0.0826862 -2.68589e-07 0)
(0.0826864 -2.91174e-07 0)
(0.0826866 -3.14594e-07 0)
(0.0826848 -1.1888e-08 0)
(0.0826848 -2.6247e-08 0)
(0.0826849 -4.28696e-08 0)
(0.0826849 -5.99268e-08 0)
(0.082685 -7.72604e-08 0)
(0.0826851 -9.5041e-08 0)
(0.0826852 -1.13095e-07 0)
(0.0826853 -1.31726e-07 0)
(0.0826854 -1.50614e-07 0)
(0.0826855 -1.7018e-07 0)
(0.0826857 -1.89915e-07 0)
(0.0826858 -2.10391e-07 0)
(0.082686 -2.30868e-07 0)
(0.0826862 -2.52103e-07 0)
(0.0826864 -2.7313e-07 0)
(0.0826866 -2.94978e-07 0)
(0.0826848 -1.12453e-08 0)
(0.0826848 -2.47633e-08 0)
(0.0826849 -4.04354e-08 0)
(0.0826849 -5.65034e-08 0)
(0.082685 -7.28117e-08 0)
(0.0826851 -8.95167e-08 0)
(0.0826852 -1.06452e-07 0)
(0.0826853 -1.239e-07 0)
(0.0826854 -1.41559e-07 0)
(0.0826855 -1.5983e-07 0)
(0.0826857 -1.78227e-07 0)
(0.0826858 -1.97308e-07 0)
(0.082686 -2.16359e-07 0)
(0.0826862 -2.36131e-07 0)
(0.0826864 -2.55683e-07 0)
(0.0826866 -2.7605e-07 0)
(0.0826848 -1.06098e-08 0)
(0.0826848 -2.33054e-08 0)
(0.0826849 -3.80448e-08 0)
(0.0826849 -5.3144e-08 0)
(0.082685 -6.845e-08 0)
(0.0826851 -8.41069e-08 0)
(0.0826851 -9.99538e-08 0)
(0.0826852 -1.16257e-07 0)
(0.0826854 -1.32729e-07 0)
(0.0826855 -1.49753e-07 0)
(0.0826856 -1.66866e-07 0)
(0.0826858 -1.84612e-07 0)
(0.082686 -2.02302e-07 0)
(0.0826862 -2.20685e-07 0)
(0.0826863 -2.38837e-07 0)
(0.0826866 -2.57806e-07 0)
(0.0826848 -9.98535e-09 0)
(0.0826848 -2.18834e-08 0)
(0.0826849 -3.57139e-08 0)
(0.0826849 -4.98702e-08 0)
(0.082685 -6.42021e-08 0)
(0.082685 -7.88425e-08 0)
(0.0826851 -9.3636e-08 0)
(0.0826852 -1.08833e-07 0)
(0.0826854 -1.2416e-07 0)
(0.0826855 -1.39985e-07 0)
(0.0826856 -1.55865e-07 0)
(0.0826858 -1.72333e-07 0)
(0.082686 -1.88722e-07 0)
(0.0826861 -2.05782e-07 0)
(0.0826863 -2.22604e-07 0)
(0.0826865 -2.40251e-07 0)
(0.0826848 -9.37626e-09 0)
(0.0826848 -2.05081e-08 0)
(0.0826849 -3.346e-08 0)
(0.0826849 -4.67055e-08 0)
(0.082685 -6.00972e-08 0)
(0.082685 -7.37577e-08 0)
(0.0826851 -8.75364e-08 0)
(0.0826852 -1.0167e-07 0)
(0.0826854 -1.15896e-07 0)
(0.0826855 -1.30569e-07 0)
(0.0826856 -1.45266e-07 0)
(0.0826858 -1.60508e-07 0)
(0.082686 -1.75653e-07 0)
(0.0826861 -1.9145e-07 0)
(0.0826863 -2.07002e-07 0)
(0.0826865 -2.23394e-07 0)
(0.0826848 -8.78716e-09 0)
(0.0826848 -1.9191e-08 0)
(0.0826849 -3.13017e-08 0)
(0.0826849 -4.36753e-08 0)
(0.082685 -5.61671e-08 0)
(0.082685 -6.88899e-08 0)
(0.0826851 -8.16972e-08 0)
(0.0826852 -9.48125e-08 0)
(0.0826853 -1.07984e-07 0)
(0.0826855 -1.21554e-07 0)
(0.0826856 -1.35117e-07 0)
(0.0826858 -1.49185e-07 0)
(0.0826859 -1.63137e-07 0)
(0.0826861 -1.77725e-07 0)
(0.0826863 -1.92063e-07 0)
(0.0826865 -2.07264e-07 0)
(0.0826848 -8.22299e-09 0)
(0.0826848 -1.79443e-08 0)
(0.0826849 -2.92585e-08 0)
(0.0826849 -4.08065e-08 0)
(0.082685 -5.24456e-08 0)
(0.082685 -6.42794e-08 0)
(0.0826851 -7.61646e-08 0)
(0.0826852 -8.83119e-08 0)
(0.0826853 -1.0048e-07 0)
(0.0826855 -1.12996e-07 0)
(0.0826856 -1.25475e-07 0)
(0.0826858 -1.38417e-07 0)
(0.0826859 -1.51226e-07 0)
(0.0826861 -1.64652e-07 0)
(0.0826863 -1.77827e-07 0)
(0.0826865 -1.91891e-07 0)
(0.0826848 -7.68899e-09 0)
(0.0826848 -1.67805e-08 0)
(0.0826849 -2.7351e-08 0)
(0.0826849 -3.81273e-08 0)
(0.082685 -4.89684e-08 0)
(0.082685 -5.99691e-08 0)
(0.0826851 -7.0988e-08 0)
(0.0826852 -8.22238e-08 0)
(0.0826853 -9.34428e-08 0)
(0.0826855 -1.0496e-07 0)
(0.0826856 -1.16407e-07 0)
(0.0826858 -1.2827e-07 0)
(0.0826859 -1.39982e-07 0)
(0.0826861 -1.5229e-07 0)
(0.0826863 -1.64343e-07 0)
(0.0826865 -1.77317e-07 0)
(0.0826848 -7.19051e-09 0)
(0.0826848 -1.57123e-08 0)
(0.0826848 -2.55996e-08 0)
(0.0826849 -3.56663e-08 0)
(0.082685 -4.57723e-08 0)
(0.082685 -5.60038e-08 0)
(0.0826851 -6.622e-08 0)
(0.0826852 -7.66083e-08 0)
(0.0826853 -8.69406e-08 0)
(0.0826855 -9.75183e-08 0)
(0.0826856 -1.0799e-07 0)
(0.0826858 -1.18824e-07 0)
(0.0826859 -1.29484e-07 0)
(0.0826861 -1.4071e-07 0)
(0.0826863 -1.51678e-07 0)
(0.0826865 -1.63599e-07 0)
(0.0826848 -6.73299e-09 0)
(0.0826848 -1.4752e-08 0)
(0.0826848 -2.40246e-08 0)
(0.0826849 -3.34519e-08 0)
(0.082685 -4.28941e-08 0)
(0.082685 -5.24289e-08 0)
(0.0826851 -6.19153e-08 0)
(0.0826852 -7.15291e-08 0)
(0.0826853 -8.10456e-08 0)
(0.0826855 -9.07525e-08 0)
(0.0826856 -1.00311e-07 0)
(0.0826858 -1.10172e-07 0)
(0.0826859 -1.19829e-07 0)
(0.0826861 -1.30008e-07 0)
(0.0826863 -1.39921e-07 0)
(0.0826865 -1.50816e-07 0)
(0.0826848 -6.32173e-09 0)
(0.0826848 -1.39112e-08 0)
(0.0826848 -2.26452e-08 0)
(0.0826849 -3.15111e-08 0)
(0.0826849 -4.0369e-08 0)
(0.082685 -4.92889e-08 0)
(0.0826851 -5.81277e-08 0)
(0.0826852 -6.70506e-08 0)
(0.0826853 -7.58335e-08 0)
(0.0826855 -8.47501e-08 0)
(0.0826856 -9.34697e-08 0)
(0.0826857 -1.02424e-07 0)
(0.0826859 -1.11133e-07 0)
(0.0826861 -1.20301e-07 0)
(0.0826863 -1.29191e-07 0)
(0.0826865 -1.39078e-07 0)
(0.0826848 -5.96167e-09 0)
(0.0826848 -1.32001e-08 0)
(0.0826848 -2.1478e-08 0)
(0.0826849 -2.98678e-08 0)
(0.0826849 -3.82292e-08 0)
(0.082685 -4.66245e-08 0)
(0.0826851 -5.49083e-08 0)
(0.0826852 -6.32357e-08 0)
(0.0826853 -7.13806e-08 0)
(0.0826855 -7.96025e-08 0)
(0.0826856 -8.75739e-08 0)
(0.0826857 -9.57024e-08 0)
(0.0826859 -1.03533e-07 0)
(0.0826861 -1.11733e-07 0)
(0.0826863 -1.19631e-07 0)
(0.0826865 -1.28509e-07 0)
(0.0826848 -5.65717e-09 0)
(0.0826848 -1.2626e-08 0)
(0.0826848 -2.05355e-08 0)
(0.0826849 -2.85402e-08 0)
(0.0826849 -3.64989e-08 0)
(0.082685 -4.44679e-08 0)
(0.0826851 -5.22986e-08 0)
(0.0826852 -6.01375e-08 0)
(0.0826853 -6.77543e-08 0)
(0.0826855 -7.53954e-08 0)
(0.0826856 -8.27301e-08 0)
(0.0826857 -9.01407e-08 0)
(0.0826859 -9.71831e-08 0)
(0.0826861 -1.04475e-07 0)
(0.0826863 -1.11413e-07 0)
(0.0826865 -1.19251e-07 0)
(0.0826848 -5.41137e-09 0)
(0.0826848 -1.21921e-08 0)
(0.0826848 -1.98229e-08 0)
(0.0826849 -2.75359e-08 0)
(0.0826849 -3.51894e-08 0)
(0.082685 -4.28347e-08 0)
(0.0826851 -5.03208e-08 0)
(0.0826852 -5.77872e-08 0)
(0.0826853 -6.49993e-08 0)
(0.0826855 -7.21927e-08 0)
(0.0826856 -7.90294e-08 0)
(0.0826857 -8.58678e-08 0)
(0.0826859 -9.2259e-08 0)
(0.0826861 -9.87608e-08 0)
(0.0826863 -1.04812e-07 0)
(0.0826865 -1.11588e-07 0)
(0.0826848 -5.22558e-09 0)
(0.0826848 -1.19007e-08 0)
(0.0826848 -1.93444e-08 0)
(0.0826849 -2.68613e-08 0)
(0.0826849 -3.43097e-08 0)
(0.082685 -4.17375e-08 0)
(0.0826851 -4.89923e-08 0)
(0.0826852 -5.62095e-08 0)
(0.0826853 -6.31519e-08 0)
(0.0826855 -7.00489e-08 0)
(0.0826856 -7.65569e-08 0)
(0.0826857 -8.30192e-08 0)
(0.0826859 -8.89755e-08 0)
(0.0826861 -9.49323e-08 0)
(0.0826863 -1.00334e-07 0)
(0.0826865 -1.06211e-07 0)
(0.0826848 -5.10084e-09 0)
(0.0826848 -1.17631e-08 0)
(0.0826848 -1.91184e-08 0)
(0.0826849 -2.65425e-08 0)
(0.0826849 -3.3894e-08 0)
(0.082685 -4.12193e-08 0)
(0.0826851 -4.83656e-08 0)
(0.0826852 -5.5467e-08 0)
(0.0826853 -6.2286e-08 0)
(0.0826855 -6.9051e-08 0)
(0.0826856 -7.54179e-08 0)
(0.0826857 -8.17284e-08 0)
(0.0826859 -8.75192e-08 0)
(0.0826861 -9.32788e-08 0)
(0.0826863 -9.84361e-08 0)
(0.0826865 -1.03836e-07 0)
(0.0826848 -5.04192e-09 0)
(0.0826848 -1.17626e-08 0)
(0.0826848 -1.91175e-08 0)
(0.0826849 -2.65413e-08 0)
(0.0826849 -3.38925e-08 0)
(0.082685 -4.12174e-08 0)
(0.0826851 -4.83633e-08 0)
(0.0826852 -5.54643e-08 0)
(0.0826853 -6.22829e-08 0)
(0.0826855 -6.90476e-08 0)
(0.0826856 -7.54142e-08 0)
(0.0826857 -8.17243e-08 0)
(0.0826859 -8.75149e-08 0)
(0.0826861 -9.32742e-08 0)
(0.0826863 -9.84314e-08 0)
(0.0826865 -1.03831e-07 0)
(0.0826848 -5.04169e-09 0)
)
;

boundaryField
{
    wireUpstream
    {
        type            calculated;
        value           nonuniform List<vector> 
16
(
(0.0826848 0 0)
(0.0826848 0 0)
(0.0826849 0 0)
(0.0826849 0 0)
(0.082685 0 0)
(0.0826851 0 0)
(0.0826852 0 0)
(0.0826853 0 0)
(0.0826854 0 0)
(0.0826856 0 0)
(0.0826857 0 0)
(0.0826859 0 0)
(0.0826861 0 0)
(0.0826862 0 0)
(0.0826864 0 0)
(0.0826848 0 0)
)
;
    }
    wireDownstream
    {
        type            calculated;
        value           nonuniform List<vector> 
16
(
(0.0829697 -3.24197e-06 2.19276e-14)
(0.0829693 -5.26671e-06 1.49001e-14)
(0.0829688 -7.32717e-06 -1.66739e-14)
(0.0829682 -9.37099e-06 -4.66987e-14)
(0.0829674 -1.14306e-05 1.1915e-14)
(0.0829665 -1.34579e-05 6.29235e-14)
(0.0829656 -1.55003e-05 1.6679e-14)
(0.0829645 -1.75021e-05 -3.04596e-14)
(0.0829635 -1.95191e-05 4.9553e-15)
(0.0829625 -2.14879e-05 2.32022e-14)
(0.0829615 -2.34635e-05 -8.56773e-15)
(0.0829607 -2.53848e-05 -1.20061e-14)
(0.0829601 -2.72952e-05 1.1745e-15)
(0.0829597 -2.91492e-05 1.26485e-14)
(0.0829596 -3.09952e-05 5.45915e-15)
(0.0829698 -1.387e-06 4.78361e-15)
)
;
    }
    wireTopContact
    {
        type            calculated;
        value           nonuniform List<vector> 
122
(
(0.0829555 -3.18376e-05 4.57495e-13)
(0.0829513 -3.18544e-05 4.57744e-13)
(0.0829472 -3.18732e-05 4.58017e-13)
(0.082943 -3.18932e-05 4.58311e-13)
(0.0829388 -3.19142e-05 4.58619e-13)
(0.0829346 -3.19359e-05 4.58938e-13)
(0.0829304 -3.19582e-05 4.59264e-13)
(0.0829262 -3.19808e-05 4.59596e-13)
(0.082922 -3.20036e-05 4.59931e-13)
(0.0829178 -3.20267e-05 4.60269e-13)
(0.0829136 -3.20498e-05 4.60608e-13)
(0.0829094 -3.2073e-05 4.60948e-13)
(0.0829052 -3.20962e-05 4.61288e-13)
(0.082901 -3.21194e-05 4.61628e-13)
(0.0828968 -3.21426e-05 4.61968e-13)
(0.0828926 -3.21657e-05 4.62307e-13)
(0.0828884 -3.21888e-05 4.62645e-13)
(0.0828842 -3.22118e-05 4.62983e-13)
(0.0828799 -3.22348e-05 4.63318e-13)
(0.0828757 -3.22576e-05 4.63653e-13)
(0.0828715 -3.22804e-05 4.63986e-13)
(0.0828673 -3.23031e-05 4.64317e-13)
(0.082863 -3.23257e-05 4.64648e-13)
(0.0828588 -3.23482e-05 4.64977e-13)
(0.0828545 -3.23708e-05 4.65307e-13)
(0.0828503 -3.23934e-05 4.65637e-13)
(0.082846 -3.24162e-05 4.6597e-13)
(0.0828418 -3.24392e-05 4.66306e-13)
(0.0828375 -3.24626e-05 4.66648e-13)
(0.0828333 -3.24866e-05 4.66998e-13)
(0.082829 -3.25114e-05 4.67359e-13)
(0.0828247 -3.25372e-05 4.67737e-13)
(0.0828204 -3.25645e-05 4.68135e-13)
(0.0828162 -3.25937e-05 4.68561e-13)
(0.0828119 -3.26254e-05 4.69024e-13)
(0.0828076 -3.26603e-05 4.69534e-13)
(0.0828033 -3.26992e-05 4.70105e-13)
(0.082799 -3.27434e-05 4.70751e-13)
(0.0827947 -3.27941e-05 4.71494e-13)
(0.0827903 -3.2853e-05 4.72357e-13)
(0.082786 -3.29224e-05 4.73376e-13)
(0.0827817 -3.30047e-05 4.74586e-13)
(0.0827773 -3.31028e-05 4.76018e-13)
(0.082773 -3.32231e-05 4.7779e-13)
(0.0827686 -3.33829e-05 4.80216e-13)
(0.0827643 -3.36023e-05 4.83361e-13)
(0.08276 -3.38482e-05 4.86944e-13)
(0.0827556 -3.41048e-05 4.90687e-13)
(0.0827513 -3.43612e-05 4.94408e-13)
(0.082747 -3.46043e-05 4.97995e-13)
(0.0827428 -3.48164e-05 5.01232e-13)
(0.0827385 -3.49672e-05 5.03689e-13)
(0.0827344 -3.50093e-05 5.04661e-13)
(0.0827305 -3.48769e-05 5.03095e-13)
(0.0827267 -3.45006e-05 4.9781e-13)
(0.0827232 -3.38183e-05 4.87984e-13)
(0.0827198 -3.28105e-05 4.73271e-13)
(0.0827167 -3.14851e-05 4.53761e-13)
(0.0827137 -2.98636e-05 4.29831e-13)
(0.082711 -2.79818e-05 4.02062e-13)
(0.0827084 -2.58863e-05 3.71196e-13)
(0.0827061 -2.36319e-05 3.3809e-13)
(0.0827039 -2.12793e-05 3.03668e-13)
(0.0827018 -1.88912e-05 2.68872e-13)
(0.0827 -1.65296e-05 2.34617e-13)
(0.0826983 -1.42535e-05 2.01747e-13)
(0.0826967 -1.21147e-05 1.70994e-13)
(0.0826953 -1.01563e-05 1.42945e-13)
(0.0826941 -8.40937e-06 1.18016e-13)
(0.0826929 -6.89257e-06 9.64369e-14)
(0.082692 -5.6128e-06 7.82904e-14)
(0.0826912 -4.56912e-06 6.35877e-14)
(0.0826905 -3.755e-06 5.22285e-14)
(0.08269 -3.14896e-06 4.38923e-14)
(0.0826896 -2.7061e-06 3.80049e-14)
(0.0826893 -2.37367e-06 3.3583e-14)
(0.0826891 -2.11037e-06 2.98147e-14)
(0.0826889 -1.88804e-06 2.66466e-14)
(0.0826887 -1.69872e-06 2.39805e-14)
(0.0826885 -1.53711e-06 2.17044e-14)
(0.0826883 -1.39856e-06 1.97571e-14)
(0.0826881 -1.27936e-06 1.80821e-14)
(0.082688 -1.17629e-06 1.66347e-14)
(0.0826878 -1.08667e-06 1.5377e-14)
(0.0826877 -1.00829e-06 1.4277e-14)
(0.0826876 -9.39237e-07 1.33087e-14)
(0.0826875 -8.78022e-07 1.24499e-14)
(0.0826874 -8.23261e-07 1.16821e-14)
(0.0826873 -7.73875e-07 1.09897e-14)
(0.0826873 -7.2897e-07 1.03601e-14)
(0.0826872 -6.878e-07 9.78288e-15)
(0.0826871 -6.49779e-07 9.2497e-15)
(0.0826871 -6.14409e-07 8.7536e-15)
(0.082687 -5.81287e-07 8.28903e-15)
(0.082687 -5.50101e-07 7.85139e-15)
(0.0826869 -5.20573e-07 7.43702e-15)
(0.0826869 -4.92504e-07 7.043e-15)
(0.0826869 -4.65727e-07 6.66701e-15)
(0.0826868 -4.40108e-07 6.30725e-15)
(0.0826868 -4.15539e-07 5.96206e-15)
(0.0826868 -3.91912e-07 5.63014e-15)
(0.0826868 -3.69167e-07 5.31051e-15)
(0.0826867 -3.47244e-07 5.0024e-15)
(0.0826867 -3.26102e-07 4.70523e-15)
(0.0826867 -3.05714e-07 4.4186e-15)
(0.0826867 -2.86059e-07 4.14224e-15)
(0.0826867 -2.67127e-07 3.87606e-15)
(0.0826866 -2.48923e-07 3.62002e-15)
(0.0826866 -2.31448e-07 3.37429e-15)
(0.0826866 -2.14733e-07 3.13918e-15)
(0.0826866 -1.98802e-07 2.91508e-15)
(0.0826866 -1.83692e-07 2.70253e-15)
(0.0826866 -1.69459e-07 2.50224e-15)
(0.0826866 -1.56175e-07 2.31533e-15)
(0.0826866 -1.43946e-07 2.14326e-15)
(0.0826866 -1.32889e-07 1.98767e-15)
(0.0826866 -1.23136e-07 1.8501e-15)
(0.0826866 -1.14958e-07 1.73546e-15)
(0.0826866 -1.09114e-07 1.65574e-15)
(0.0826865 -1.06415e-07 1.62436e-15)
(0.0826865 -1.06216e-07 1.63447e-15)
(0.0829597 -3.18275e-05 4.57377e-13)
)
;
    }
    front
    {
        type            wedge;
    }
    back
    {
        type            wedge;
    }
}


// ************************************************************************* //
