202
(
(0 -4.6353838274284365e-06 2.0238522864839308e-07)
(0 -4.6353838274284365e-06 2.0238522864839308e-07)
(0 -4.6353838274284365e-06 2.0238522864839308e-07)
(0 -4.6353838274284365e-06 2.0238522864839308e-07)
(0 -4.6353838274284365e-06 2.0238522864839308e-07)
(0 -4.6353838274284365e-06 2.0238522864839308e-07)
(0 -4.6353838274284365e-06 2.0238522864839308e-07)
(0 -4.6353838274284365e-06 2.0238522864839308e-07)
(0 -4.6353838274284365e-06 2.0238522864839308e-07)
(0 -4.6353838274284365e-06 2.0238522864839308e-07)
(0 -4.6353838274284365e-06 2.0238522864839308e-07)
(0 -4.6353838274284365e-06 2.0238522864839308e-07)
(0 -4.6353838274284365e-06 2.0238522864839308e-07)
(0 -4.6353838274284365e-06 2.0238522864839308e-07)
(0 -4.6353838274284365e-06 2.0238522864839308e-07)
(0 -4.6353838274284365e-06 2.0238522864839308e-07)
(0 -4.6353838274284365e-06 2.0238522864839308e-07)
(0 -4.6353838274284365e-06 2.0238522864839308e-07)
(0 -4.6353838274284365e-06 2.0238522864839308e-07)
(0 -4.6353838274284365e-06 2.0238522864839308e-07)
(0 -4.6353838274284365e-06 2.0238522864839308e-07)
(0 -4.6353838274284365e-06 2.0238522864839308e-07)
(0 -4.6353838274284365e-06 2.0238522864839308e-07)
(0 -4.6353838274284365e-06 2.0238522864839308e-07)
(0 -4.6353838274284365e-06 2.0238522864839308e-07)
(0 -4.6353838274284365e-06 2.0238522864839308e-07)
(0 -4.6353838274284365e-06 2.0238522864839308e-07)
(0 -4.6353838274284365e-06 2.0238522864839308e-07)
(0 -4.6353838274284365e-06 2.0238522864839308e-07)
(0 -4.6353838274284365e-06 2.0238522864839308e-07)
(0 -4.6353838274284365e-06 2.0238522864839308e-07)
(0 -4.6353838274284365e-06 2.0238522864839308e-07)
(0 -4.6353838274284365e-06 2.0238522864839308e-07)
(0 -4.6353838274284365e-06 2.0238522864839308e-07)
(0 -4.6353838274284365e-06 2.0238522864839308e-07)
(0 -4.6353838274284365e-06 2.0238522864839308e-07)
(0 -4.6353838274284365e-06 2.0238522864839308e-07)
(0 -4.6353838274284365e-06 2.0238522864839308e-07)
(0 -4.6353838274284365e-06 2.0238522864839308e-07)
(0 -4.6353838274284365e-06 2.0238522864839308e-07)
(0 -4.6353838274284365e-06 2.0238522864839308e-07)
(0 -4.6353838274284365e-06 2.0238522864839308e-07)
(0 -4.6353838274284365e-06 2.0238522864839308e-07)
(0 -4.6353838274284365e-06 2.0238522864839308e-07)
(0 -4.6353838274284365e-06 2.0238522864839308e-07)
(0 -4.6353838274284365e-06 2.0238522864839308e-07)
(0 -4.6353838274284365e-06 2.0238522864839308e-07)
(0 -4.6353838274284365e-06 2.0238522864839308e-07)
(0 -4.6353838274284365e-06 2.0238522864839308e-07)
(0 -4.6353838274284365e-06 2.0238522864839308e-07)
(0 -4.6353838274284365e-06 2.0238522864839308e-07)
(0 -4.6353838274284365e-06 2.0238522864839308e-07)
(0 -4.6353838274284365e-06 2.0238522864839308e-07)
(0 -4.6353838274284365e-06 2.0238522864839308e-07)
(0 -4.6353838274284365e-06 2.0238522864839308e-07)
(0 -4.6353838274284365e-06 2.0238522864839308e-07)
(0 -4.6353838274284365e-06 2.0238522864839308e-07)
(0 -4.6353838274284365e-06 2.0238522864839308e-07)
(0 -4.6353838274284365e-06 2.0238522864839308e-07)
(0 -4.6353838274284365e-06 2.0238522864839308e-07)
(0 -4.6353838274284365e-06 2.0238522864839308e-07)
(0 -4.6353838274284365e-06 2.0238522864839308e-07)
(0 -4.6353838274284365e-06 2.0238522864839308e-07)
(0 -4.6353838274284365e-06 2.0238522864839308e-07)
(0 -4.6353838274284365e-06 2.0238522864839308e-07)
(0 -4.6353838274284365e-06 2.0238522864839308e-07)
(0 -4.6353838274284365e-06 2.0238522864839308e-07)
(0 -4.6353838274284365e-06 2.0238522864839308e-07)
(0 -4.6353838274284365e-06 2.0238522864839308e-07)
(0 -4.6353838274284365e-06 2.0238522864839308e-07)
(0 -4.6353838274284365e-06 2.0238522864839308e-07)
(0 -4.6353838274284365e-06 2.0238522864839308e-07)
(0 -4.6353838274284365e-06 2.0238522864839308e-07)
(0 -4.6353838274284365e-06 2.0238522864839308e-07)
(0 -4.6353838274284365e-06 2.0238522864839308e-07)
(0 -4.6353838274284365e-06 2.0238522864839308e-07)
(0 -4.6353838274284365e-06 2.0238522864839308e-07)
(0 -4.6353838274284365e-06 2.0238522864839308e-07)
(0 -4.6353838274284365e-06 2.0238522864839308e-07)
(0 -4.6353838274284365e-06 2.0238522864839308e-07)
(0 -4.6353838274284365e-06 2.0238522864839308e-07)
(0 -4.6353838274284365e-06 2.0238522864839308e-07)
(0 -4.6353838274284365e-06 2.0238522864839308e-07)
(0 -4.6353838274284365e-06 2.0238522864839308e-07)
(0 -4.6353838274284365e-06 2.0238522864839308e-07)
(0 -4.6353838274284365e-06 2.0238522864839308e-07)
(0 -4.6353838274284365e-06 2.0238522864839308e-07)
(0 -4.6353838274284365e-06 2.0238522864839308e-07)
(0 -4.6353838274284365e-06 2.0238522864839308e-07)
(0 -4.6353838274284365e-06 2.0238522864839308e-07)
(0 -4.6353838274284365e-06 2.0238522864839308e-07)
(0 -4.6353838274284365e-06 2.0238522864839308e-07)
(0 -4.6353838274284365e-06 2.0238522864839308e-07)
(0 -4.6353838274284365e-06 2.0238522864839308e-07)
(0 -4.6353838274284365e-06 2.0238522864839308e-07)
(0 -4.6353838274284365e-06 2.0238522864839308e-07)
(0 -4.6353838274284365e-06 2.0238522864839308e-07)
(0 -4.6353838274284365e-06 2.0238522864839308e-07)
(0 -4.6353838274284365e-06 2.0238522864839308e-07)
(0 -4.6353838274284365e-06 2.0238522864839308e-07)
(0 -4.6353838274284365e-06 2.0238522864839308e-07)
(0 -4.6353838274284365e-06 -2.0238522864839308e-07)
(0 -4.6353838274284365e-06 -2.0238522864839308e-07)
(0 -4.6353838274284365e-06 -2.0238522864839308e-07)
(0 -4.6353838274284365e-06 -2.0238522864839308e-07)
(0 -4.6353838274284365e-06 -2.0238522864839308e-07)
(0 -4.6353838274284365e-06 -2.0238522864839308e-07)
(0 -4.6353838274284365e-06 -2.0238522864839308e-07)
(0 -4.6353838274284365e-06 -2.0238522864839308e-07)
(0 -4.6353838274284365e-06 -2.0238522864839308e-07)
(0 -4.6353838274284365e-06 -2.0238522864839308e-07)
(0 -4.6353838274284365e-06 -2.0238522864839308e-07)
(0 -4.6353838274284365e-06 -2.0238522864839308e-07)
(0 -4.6353838274284365e-06 -2.0238522864839308e-07)
(0 -4.6353838274284365e-06 -2.0238522864839308e-07)
(0 -4.6353838274284365e-06 -2.0238522864839308e-07)
(0 -4.6353838274284365e-06 -2.0238522864839308e-07)
(0 -4.6353838274284365e-06 -2.0238522864839308e-07)
(0 -4.6353838274284365e-06 -2.0238522864839308e-07)
(0 -4.6353838274284365e-06 -2.0238522864839308e-07)
(0 -4.6353838274284365e-06 -2.0238522864839308e-07)
(0 -4.6353838274284365e-06 -2.0238522864839308e-07)
(0 -4.6353838274284365e-06 -2.0238522864839308e-07)
(0 -4.6353838274284365e-06 -2.0238522864839308e-07)
(0 -4.6353838274284365e-06 -2.0238522864839308e-07)
(0 -4.6353838274284365e-06 -2.0238522864839308e-07)
(0 -4.6353838274284365e-06 -2.0238522864839308e-07)
(0 -4.6353838274284365e-06 -2.0238522864839308e-07)
(0 -4.6353838274284365e-06 -2.0238522864839308e-07)
(0 -4.6353838274284365e-06 -2.0238522864839308e-07)
(0 -4.6353838274284365e-06 -2.0238522864839308e-07)
(0 -4.6353838274284365e-06 -2.0238522864839308e-07)
(0 -4.6353838274284365e-06 -2.0238522864839308e-07)
(0 -4.6353838274284365e-06 -2.0238522864839308e-07)
(0 -4.6353838274284365e-06 -2.0238522864839308e-07)
(0 -4.6353838274284365e-06 -2.0238522864839308e-07)
(0 -4.6353838274284365e-06 -2.0238522864839308e-07)
(0 -4.6353838274284365e-06 -2.0238522864839308e-07)
(0 -4.6353838274284365e-06 -2.0238522864839308e-07)
(0 -4.6353838274284365e-06 -2.0238522864839308e-07)
(0 -4.6353838274284365e-06 -2.0238522864839308e-07)
(0 -4.6353838274284365e-06 -2.0238522864839308e-07)
(0 -4.6353838274284365e-06 -2.0238522864839308e-07)
(0 -4.6353838274284365e-06 -2.0238522864839308e-07)
(0 -4.6353838274284365e-06 -2.0238522864839308e-07)
(0 -4.6353838274284365e-06 -2.0238522864839308e-07)
(0 -4.6353838274284365e-06 -2.0238522864839308e-07)
(0 -4.6353838274284365e-06 -2.0238522864839308e-07)
(0 -4.6353838274284365e-06 -2.0238522864839308e-07)
(0 -4.6353838274284365e-06 -2.0238522864839308e-07)
(0 -4.6353838274284365e-06 -2.0238522864839308e-07)
(0 -4.6353838274284365e-06 -2.0238522864839308e-07)
(0 -4.6353838274284365e-06 -2.0238522864839308e-07)
(0 -4.6353838274284365e-06 -2.0238522864839308e-07)
(0 -4.6353838274284365e-06 -2.0238522864839308e-07)
(0 -4.6353838274284365e-06 -2.0238522864839308e-07)
(0 -4.6353838274284365e-06 -2.0238522864839308e-07)
(0 -4.6353838274284365e-06 -2.0238522864839308e-07)
(0 -4.6353838274284365e-06 -2.0238522864839308e-07)
(0 -4.6353838274284365e-06 -2.0238522864839308e-07)
(0 -4.6353838274284365e-06 -2.0238522864839308e-07)
(0 -4.6353838274284365e-06 -2.0238522864839308e-07)
(0 -4.6353838274284365e-06 -2.0238522864839308e-07)
(0 -4.6353838274284365e-06 -2.0238522864839308e-07)
(0 -4.6353838274284365e-06 -2.0238522864839308e-07)
(0 -4.6353838274284365e-06 -2.0238522864839308e-07)
(0 -4.6353838274284365e-06 -2.0238522864839308e-07)
(0 -4.6353838274284365e-06 -2.0238522864839308e-07)
(0 -4.6353838274284365e-06 -2.0238522864839308e-07)
(0 -4.6353838274284365e-06 -2.0238522864839308e-07)
(0 -4.6353838274284365e-06 -2.0238522864839308e-07)
(0 -4.6353838274284365e-06 -2.0238522864839308e-07)
(0 -4.6353838274284365e-06 -2.0238522864839308e-07)
(0 -4.6353838274284365e-06 -2.0238522864839308e-07)
(0 -4.6353838274284365e-06 -2.0238522864839308e-07)
(0 -4.6353838274284365e-06 -2.0238522864839308e-07)
(0 -4.6353838274284365e-06 -2.0238522864839308e-07)
(0 -4.6353838274284365e-06 -2.0238522864839308e-07)
(0 -4.6353838274284365e-06 -2.0238522864839308e-07)
(0 -4.6353838274284365e-06 -2.0238522864839308e-07)
(0 -4.6353838274284365e-06 -2.0238522864839308e-07)
(0 -4.6353838274284365e-06 -2.0238522864839308e-07)
(0 -4.6353838274284365e-06 -2.0238522864839308e-07)
(0 -4.6353838274284365e-06 -2.0238522864839308e-07)
(0 -4.6353838274284365e-06 -2.0238522864839308e-07)
(0 -4.6353838274284365e-06 -2.0238522864839308e-07)
(0 -4.6353838274284365e-06 -2.0238522864839308e-07)
(0 -4.6353838274284365e-06 -2.0238522864839308e-07)
(0 -4.6353838274284365e-06 -2.0238522864839308e-07)
(0 -4.6353838274284365e-06 -2.0238522864839308e-07)
(0 -4.6353838274284365e-06 -2.0238522864839308e-07)
(0 -4.6353838274284365e-06 -2.0238522864839308e-07)
(0 -4.6353838274284365e-06 -2.0238522864839308e-07)
(0 -4.6353838274284365e-06 -2.0238522864839308e-07)
(0 -4.6353838274284365e-06 -2.0238522864839308e-07)
(0 -4.6353838274284365e-06 -2.0238522864839308e-07)
(0 -4.6353838274284365e-06 -2.0238522864839308e-07)
(0 -4.6353838274284365e-06 -2.0238522864839308e-07)
(0 -4.6353838274284365e-06 -2.0238522864839308e-07)
(0 -4.6353838274284365e-06 -2.0238522864839308e-07)
(0 -4.6353838274284365e-06 -2.0238522864839308e-07)
(0 -4.6353838274284365e-06 -2.0238522864839308e-07)
)