/*--------------------------------*- C++ -*----------------------------------*\
  =========                 |
  \\      /  F ield         | OpenFOAM: The Open Source CFD Toolbox
   \\    /   O peration     | Website:  https://openfoam.org
    \\  /    A nd           | Version:  8
     \\/     M anipulation  |
\*---------------------------------------------------------------------------*/
FoamFile
{
    version     2.0;
    format      ascii;
    class       surfaceScalarField;
    location    "0.0040000";
    object      meshPhi;
}
// * * * * * * * * * * * * * * * * * * * * * * * * * * * * * * * * * * * * * //

dimensions      [0 3 -1 0 0 0 0];

internalField   nonuniform List<scalar> 
1691
(
-7.2522567471013e-19
-6.05653064015957e-14
-1.43303858531256e-18
-6.02881747914433e-14
-2.12184519467403e-18
-5.98768865719094e-14
-2.79251719293226e-18
-5.94342846701617e-14
-3.44495602814796e-18
-5.89949826627304e-14
-4.07965854463709e-18
-5.85590552958812e-14
-4.69848785404696e-18
-5.81319901816643e-14
-5.30294525266594e-18
-5.77203801944803e-14
-5.89531804524791e-18
-5.7326947845541e-14
-6.47380843704584e-18
-5.69495974430279e-14
-7.04364543218438e-18
-5.65931915150085e-14
-7.61262958921208e-18
-5.6270945813828e-14
-8.18007548496883e-18
-5.59919994012825e-14
-8.75975120253007e-18
-5.5768730420743e-14
-9.35151097193636e-18
-5.55901305871736e-14
-9.90617826887576e-18
-5.54116841145486e-14
-1.0482542782776e-17
-5.5239109932784e-14
-1.1070765120579e-17
-5.50972184535636e-14
-1.1624265905565e-17
-5.49585639843173e-14
-1.22048689661901e-17
-5.48285305310614e-14
-1.2809587259748e-17
-5.47479661943065e-14
-1.34324952528246e-17
-5.47176478369174e-14
-1.40711870512911e-17
-5.47201730287935e-14
-1.47215524515298e-17
-5.47456216210645e-14
-1.53846870931801e-17
-5.47897929451568e-14
-1.60713378637307e-17
-5.4861620832458e-14
-1.67995382376893e-17
-5.49748065685895e-14
-1.75379992534391e-17
-5.51057791882187e-14
-1.82250585454335e-17
-5.52151980381008e-14
-1.8978979701039e-17
-5.5328473920013e-14
-1.97637307353315e-17
-5.54812931251774e-14
-2.05499309392525e-17
-5.56592874025897e-14
-2.13913584524947e-17
-5.58608081545341e-14
-2.22566570261982e-17
-5.6092901246813e-14
-2.31463308561895e-17
-5.63501348339891e-14
-2.40984257218297e-17
-5.66374325670944e-14
-2.50586995146059e-17
-5.69470577072389e-14
-2.60479395976559e-17
-5.72722317768619e-14
-2.71141676160962e-17
-5.76280159023329e-14
-2.81929846533972e-17
-5.80179515876306e-14
-2.93804876044214e-17
-5.84680787857473e-14
-3.0756674694961e-17
-5.9032603543603e-14
-3.21918830939746e-17
-5.96713493107886e-14
-3.34535702372317e-17
-6.02320423286232e-14
-3.45662200173387e-17
-6.06602199151881e-14
-3.59297116268655e-17
-6.1105948639727e-14
-3.74840633644685e-17
-6.16995278863393e-14
-3.912592301471e-17
-6.23962954427638e-14
-4.07975035723313e-17
-6.31561560212857e-14
-4.28806590422583e-17
-6.40637231744959e-14
-4.51078465060623e-17
-6.51279954405343e-14
-4.72334917269997e-17
-6.61886171570723e-14
-4.92114118236845e-17
-6.71302802106628e-14
-5.122773020107e-17
-6.79991569049488e-14
-5.34782887958577e-17
-6.89686639997895e-14
-5.64278569855213e-17
-7.02217662501792e-14
-5.9554738630931e-17
-7.17383811713411e-14
-6.2836944640624e-17
-7.337352828481e-14
-6.63203781362013e-17
-7.50689709292796e-14
-6.98805388584449e-17
-7.68265051092677e-14
-7.3854640419837e-17
-7.87272069757818e-14
-7.83864830939533e-17
-8.08353562604552e-14
-8.27399500777161e-17
-8.30402957515145e-14
-8.74924529910582e-17
-8.52943935172881e-14
-9.22548856075957e-17
-8.74411584887571e-14
-9.55882105028835e-17
-8.94049937259135e-14
-1.02782166441189e-16
-9.20962149874469e-14
-1.11872476994462e-16
-9.60290905785308e-14
-1.1920866193021e-16
-1.00165106355285e-13
-1.26568654918982e-16
-1.0381599930254e-13
-1.33859480968004e-16
-1.07202195769747e-13
-1.40919150850012e-16
-1.104766831462e-13
-1.48866649117566e-16
-1.13950263845576e-13
-1.5909979556139e-16
-1.18162792549652e-13
-1.6995109771737e-16
-1.22582815105632e-13
-1.75768287627868e-16
-1.273027083072e-13
-2.04491816173064e-16
-1.37105470567015e-13
-2.44154810244498e-16
-1.52228779617012e-13
-2.35384736848061e-16
-1.47530115324883e-13
-3.78206627561579e-17
-9.85769167289317e-14
2.04411024392825e-17
-4.20401955310194e-14
-4.57181064893484e-18
-2.65848958918909e-14
-6.34984555381283e-17
-4.41628589893272e-14
-9.9327555118278e-17
-6.68432540014722e-14
-1.23238339982997e-16
-8.36994612544104e-14
-1.53096813744991e-16
-9.64705725444904e-14
-1.4738245709811e-16
-1.04818524376878e-13
-1.37125685204917e-16
-1.07785239777536e-13
-1.26380387211153e-16
-1.08162700412436e-13
-1.11922638407798e-16
-1.0729226740404e-13
-9.82729218103862e-17
-1.05545425291155e-13
-8.5956167769184e-17
-1.03809535240184e-13
-7.32647477711302e-17
-1.01939295114865e-13
-6.00647266469173e-17
-9.9382390941306e-14
-4.8173864682224e-17
-9.66174326113284e-14
-3.78607155790022e-17
-9.47143977705668e-14
-2.85118451860136e-17
-9.41264153515513e-14
-1.90847090684411e-17
-9.40883352007539e-14
-9.40585368579507e-18
-9.41676373463142e-14
-9.46597104747838e-14
-1.87551030015071e-18
-1.14806863265693e-13
-3.73393306569647e-18
-1.14470291062828e-13
-5.57127635081874e-18
-1.14019053120593e-13
-7.38927366567314e-18
-1.13541943324438e-13
-9.18789037766668e-18
-1.13067794234075e-13
-1.09676762961516e-17
-1.12596740123271e-13
-1.27299586532255e-17
-1.12133625001826e-13
-1.44764800510066e-17
-1.11684274797367e-13
-1.62082600283793e-17
-1.11251106943295e-13
-1.79256585575025e-17
-1.10832270213307e-13
-1.96325004732985e-17
-1.10432065316719e-13
-2.13336732805104e-17
-1.10062171367277e-13
-2.30329830935243e-17
-1.09730680429287e-13
-2.47387658724147e-17
-1.09448474701316e-13
-2.64423517446686e-17
-1.09205727387823e-13
-2.81298695801801e-17
-1.08963136943616e-13
-2.98201153072038e-17
-1.08725797212142e-13
-3.15118627205821e-17
-1.08515576089889e-13
-3.31891640331431e-17
-1.0830824677685e-13
-3.48736753713979e-17
-1.08108654009478e-13
-3.65783158874105e-17
-1.07952820983724e-13
-3.82963099994834e-17
-1.07841321979438e-13
-4.00248280622852e-17
-1.07758803308312e-13
-4.17612842551514e-17
-1.07696530820945e-13
-4.35069576813196e-17
-1.0765077550778e-13
-4.52722371422095e-17
-1.07629432131523e-13
-4.7064673664924e-17
-1.07644577436373e-13
-4.88548328634054e-17
-1.07675361978915e-13
-5.06293396831845e-17
-1.07687091208064e-13
-5.24302409963078e-17
-1.07702249043509e-13
-5.42591890240701e-17
-1.07752277954568e-13
-5.61007196968008e-17
-1.07824441455257e-13
-5.79717228675156e-17
-1.07917321831179e-13
-5.98673513249186e-17
-1.08037139264685e-13
-6.17886681052312e-17
-1.0817908628239e-13
-6.37448269013874e-17
-1.08347496572305e-13
-6.57184930152974e-17
-1.08535490543695e-13
-6.77197979516807e-17
-1.08737083116745e-13
-6.97640076609577e-17
-1.08965600081995e-13
-7.18449658939882e-17
-1.09224202357933e-13
-7.40163027991892e-17
-1.09535843283284e-13
-7.63221830893516e-17
-1.09948078589291e-13
-7.86615181056441e-17
-1.10425416476424e-13
-8.08765782739631e-17
-1.108339743063e-13
-8.30203179210898e-17
-1.11125866940289e-13
-8.53009336172826e-17
-1.11433128956933e-13
-8.77549252743797e-17
-1.11870432292964e-13
-9.02764788566539e-17
-1.12398385326034e-13
-9.29071491641092e-17
-1.12981873699785e-13
-9.57827635701661e-17
-1.13695156337486e-13
-9.88009838020634e-17
-1.14545855480411e-13
-1.0174925803202e-16
-1.15393285737679e-13
-1.04597367467895e-16
-1.16136136372288e-13
-1.0746200814187e-16
-1.16814872641141e-13
-1.10600210655653e-16
-1.17582002894114e-13
-1.14175173252343e-16
-1.1859784746507e-13
-1.1800938580085e-16
-1.1984493999932e-13
-1.21976933485718e-16
-1.21196221684418e-13
-1.2608126375499e-16
-1.22600079967862e-13
-1.30331141727573e-16
-1.24058561325712e-13
-1.3492428936932e-16
-1.25642611299631e-13
-1.39836189298466e-16
-1.27407435387512e-13
-1.44837794536653e-16
-1.29257269420341e-13
-1.50051721343643e-16
-1.31151031315762e-13
-1.54947813609055e-16
-1.32950168109931e-13
-1.59852913537813e-16
-1.34590249427331e-13
-1.66864517180395e-16
-1.36865555286095e-13
-1.75345983313278e-16
-1.40223581186524e-13
-1.83221111752134e-16
-1.43763082695756e-13
-1.90681341115642e-16
-1.46881315219752e-13
-1.98093999593373e-16
-1.49764845827771e-13
-2.05502232919165e-16
-1.52550590340479e-13
-2.1377105734169e-16
-1.55516405978625e-13
-2.23631330823832e-16
-1.5911911604807e-13
-2.32825325765753e-16
-1.6289240220573e-13
-2.44157511896411e-16
-1.67045892075251e-13
-2.69474534391069e-16
-1.75656895536273e-13
-2.97574291158235e-16
-1.88594353039552e-13
-2.59639398959634e-16
-1.83355412531223e-13
-1.48355032113631e-16
-1.40967210469671e-13
-8.41165162250192e-17
-9.2781617310527e-14
-1.00352438472122e-16
-7.88620489213139e-14
-1.43834670329645e-16
-9.36324170272635e-14
-1.79077458659143e-16
-1.13248257190792e-13
-2.05090904660596e-16
-1.28059407261123e-13
-2.24965649903531e-16
-1.39118242517551e-13
-2.16971960411996e-16
-1.46319465420167e-13
-2.01621144866048e-16
-1.48969495350957e-13
-1.84581448449151e-16
-1.49281434327629e-13
-1.6585949056977e-16
-1.48497351053032e-13
-1.47180386862914e-16
-1.46972729683125e-13
-1.29254182138795e-16
-1.45418527727068e-13
-1.11228594568751e-16
-1.43735043915025e-13
-9.31800260912333e-17
-1.41487395583604e-13
-7.60740217426104e-17
-1.39078098782638e-13
-6.02499033030293e-17
-1.3739707140466e-13
-4.52045317125261e-17
-1.36860758891397e-13
-3.01039762910682e-17
-1.36818176889225e-13
-1.50823777559442e-17
-1.36847442190778e-13
-1.37181254920354e-13
-3.05234393043546e-18
-1.70283584505797e-13
-6.08534543486669e-18
-1.69871317109639e-13
-9.0957775669026e-18
-1.69367259559734e-13
-1.20850590141706e-17
-1.68842508162829e-13
-1.50531493717053e-17
-1.68320372712259e-13
-1.8000573992712e-17
-1.67801045635207e-13
-2.09284814818308e-17
-1.67288699895162e-13
-2.38384086540539e-17
-1.66788370074646e-13
-2.67312438940936e-17
-1.66302150656771e-13
-2.96073487043446e-17
-1.65828446074914e-13
-3.24700389765302e-17
-1.65370968120603e-13
-3.53235877067993e-17
-1.64939808370358e-13
-3.81713752875234e-17
-1.64541972953697e-13
-4.10206550770383e-17
-1.64186842214164e-13
-4.38638422691835e-17
-1.63865925131305e-13
-4.66888404280882e-17
-1.63545274683731e-13
-4.95120435489087e-17
-1.63229213290655e-13
-5.2332408347384e-17
-1.62936620772851e-13
-5.5135988313008e-17
-1.62646594956996e-13
-5.7941740747337e-17
-1.6236327879552e-13
-6.07609259291138e-17
-1.62117817341294e-13
-6.35876282279921e-17
-1.6191074628563e-13
-6.64193690285591e-17
-1.61728771228167e-13
-6.92538994730888e-17
-1.61564326389136e-13
-7.20923164080814e-17
-1.61414182583802e-13
-7.49437035884594e-17
-1.61285126735989e-13
-7.78146463511072e-17
-1.61187584086272e-13
-8.0679432410539e-17
-1.61103597184874e-13
-8.352637867678e-17
-1.61003168905193e-13
-8.6392184748159e-17
-1.60905633369991e-13
-8.92783247878887e-17
-1.60838199174851e-13
-9.21712749322548e-17
-1.60789928743635e-13
-9.50857767581174e-17
-1.60759526229139e-13
-9.8017570516888e-17
-1.60752309436807e-13
-1.00967614779817e-16
-1.6076416403108e-13
-1.0394389688663e-16
-1.60798878077834e-13
-1.06931243881296e-16
-1.60850526585696e-13
-1.09938510819299e-16
-1.60913908456059e-13
-1.12978990738757e-16
-1.61000454140068e-13
-1.16047308155417e-16
-1.61112829469411e-13
-1.19190254788166e-16
-1.61270842763226e-13
-1.22446231816484e-16
-1.61515570623115e-13
-1.25727216572477e-16
-1.61816536201894e-13
-1.28895770876519e-16
-1.62058367481616e-13
-1.31997701491652e-16
-1.62199436860481e-13
-1.35214585043363e-16
-1.62353357751488e-13
-1.38578465459863e-16
-1.62619322157635e-13
-1.41996938811161e-16
-1.62963520563617e-13
-1.45506308533212e-16
-1.63355437513775e-13
-1.49224485212159e-16
-1.63858932987558e-13
-1.5306272331399e-16
-1.64480857609958e-13
-1.56836090265889e-16
-1.65100251522957e-13
-1.6051775200843e-16
-1.65629485159548e-13
-1.64209321986184e-16
-1.6610308324079e-13
-1.68134616154092e-16
-1.66652369594077e-13
-1.72435097961345e-16
-1.67415420198762e-13
-1.76957500443028e-16
-1.68377567827141e-13
-1.81591521191271e-16
-1.69429561430895e-13
-1.86339921819476e-16
-1.70526651514136e-13
-1.91210843009423e-16
-1.71670372043856e-13
-1.96375364789787e-16
-1.729217383416e-13
-2.01811918315553e-16
-1.74328615434216e-13
-2.07323463878851e-16
-1.75808716909087e-13
-2.13015202552992e-16
-1.77326538579281e-13
-2.18425099002514e-16
-1.7876224518817e-13
-2.2383895586841e-16
-1.80058983859143e-13
-2.31073246573301e-16
-1.81900752387179e-13
-2.39579204668268e-16
-1.8467455825324e-13
-2.475614235883e-16
-1.87605214636391e-13
-2.55177450621744e-16
-1.90173641944258e-13
-2.62744530919821e-16
-1.92539625846109e-13
-2.70305483824484e-16
-1.94820436855137e-13
-2.78613788384886e-16
-1.97254392158171e-13
-2.88278726413667e-16
-2.00235490419332e-13
-2.97362543685553e-16
-2.03362124631455e-13
-3.08458730812666e-16
-2.06798537802661e-13
-3.31498866936832e-16
-2.14039561879337e-13
-3.56619963846597e-16
-2.25013116536206e-13
-3.23494423803049e-16
-2.20443571702047e-13
-2.30447441201313e-16
-1.84028878987638e-13
-1.7584721223524e-16
-1.42596368699348e-13
-1.9041285854863e-16
-1.30505462213559e-13
-2.28835667030922e-16
-1.43035799298125e-13
-2.60576452784861e-16
-1.59748928765563e-13
-2.84369305952382e-16
-1.72345111455397e-13
-3.01330995284502e-16
-1.81726583538755e-13
-2.86857938558725e-16
-1.87881944588596e-13
-2.65970517868852e-16
-1.90142311139078e-13
-2.43544979337814e-16
-1.90400853320252e-13
-2.1973047765802e-16
-1.89719177263048e-13
-1.95928434826339e-16
-1.88402203267037e-13
-1.72762306559964e-16
-1.87060093723275e-13
-1.49525587720468e-16
-1.85607606172532e-13
-1.26298257576873e-16
-1.83672497750426e-13
-1.03880673063406e-16
-1.81599375215965e-13
-8.25661453721754e-17
-1.80150941718816e-13
-6.19363899254879e-17
-1.79685164721348e-13
-4.12611932460874e-17
-1.7964361094572e-13
-2.06520594485174e-17
-1.79664659210344e-13
-1.79938871368575e-13
-4.25521748442894e-18
-2.2696635524064e-13
-8.48834373078867e-18
-2.26463077561134e-13
-1.26967969881948e-17
-2.25894094251664e-13
-1.68817462658358e-17
-2.2530919790424e-13
-2.10431845758405e-17
-2.2472653154967e-13
-2.51815397737076e-17
-2.24146369175143e-13
-2.9297804183152e-17
-2.2357218959776e-13
-3.33933066914007e-17
-2.23008198492278e-13
-3.74688088156972e-17
-2.22456172786546e-13
-4.15246104318376e-17
-2.2191478040637e-13
-4.55635686885333e-17
-2.21387107766182e-13
-4.95893344638323e-17
-2.20881627628047e-13
-5.36047832922005e-17
-2.20404227454835e-13
-5.76161007740178e-17
-2.19962775816125e-13
-6.16169006186925e-17
-2.19550240234786e-13
-6.55967949138014e-17
-2.19138120168066e-13
-6.95697355832419e-17
-2.18729881579793e-13
-7.35349049383674e-17
-2.18341397095094e-13
-7.74803637345046e-17
-2.17955135387125e-13
-8.14222499161588e-17
-2.17574452105334e-13
-8.53702468513798e-17
-2.17225569110366e-13
-8.93193011183176e-17
-2.16909058221574e-13
-9.32672781509642e-17
-2.16613716759898e-13
-9.72122694435623e-17
-2.16333146510197e-13
-1.01155201714353e-16
-2.16064625046753e-13
-1.0510377683304e-16
-2.15813794385815e-13
-1.09063651656165e-16
-2.15589418734101e-13
-1.1301297339939e-16
-2.15376541218382e-13
-1.16941643236441e-16
-2.15149899666568e-13
-1.20880935678017e-16
-2.14925557933436e-13
-1.24832232935305e-16
-2.14726475041151e-13
-1.28783987527134e-16
-2.14543586387061e-13
-1.32748660254304e-16
-2.14375685582242e-13
-1.3672262446022e-16
-2.14227141810292e-13
-1.40706734556165e-16
-2.14094544655313e-13
-1.44707879830762e-16
-2.13981194440714e-13
-1.487131333827e-16
-2.1388218944849e-13
-1.52729933928863e-16
-2.13793070533574e-13
-1.56769537892133e-16
-2.13723289437919e-13
-1.60827293079342e-16
-2.13674983031513e-13
-1.64943081442765e-16
-2.1366473493516e-13
-1.69149751879905e-16
-2.13727170231717e-13
-1.73372658641104e-16
-2.13837093639321e-13
-1.77494655906945e-16
-2.13897819296826e-13
-1.81553976937257e-16
-2.13873817254227e-13
-1.85705347272837e-16
-2.13859977341116e-13
-1.89976660992119e-16
-2.13939969735053e-13
-1.94289087875467e-16
-2.14085750495089e-13
-1.98673059940481e-16
-2.14271345285755e-13
-2.03228987563061e-16
-2.14550075407415e-13
-2.07882104233458e-16
-2.14928189716017e-13
-2.12475044495312e-16
-2.15304691138706e-13
-2.16984164406782e-16
-2.15605698572134e-13
-2.21495745421475e-16
-2.15859628995005e-13
-2.26199933021146e-16
-2.161762950634e-13
-2.31217251241371e-16
-2.16671443675545e-13
-2.36418269164738e-16
-2.17333385043606e-13
-2.41708769633148e-16
-2.18070839106908e-13
-2.47090741431734e-16
-2.18845983656163e-13
-2.52570770813794e-16
-2.19659798129642e-13
-2.58294306712051e-16
-2.20563239534705e-13
-2.64243966851399e-16
-2.21596823265393e-13
-2.70251917885444e-16
-2.22691958266164e-13
-2.76407415036734e-16
-2.23818676816483e-13
-2.82316184361541e-16
-2.24875944264493e-13
-2.88218550153087e-16
-2.25814679209091e-13
-2.95661236565162e-16
-2.27207672288523e-13
-3.04180728757556e-16
-2.2938117400721e-13
-3.12250663131467e-16
-2.31687248353199e-13
-3.20004008572815e-16
-2.33690672162312e-13
-3.27708601972613e-16
-2.35524181053854e-13
-3.35400894548991e-16
-2.37285413650462e-13
-3.4371807654027e-16
-2.39172843046374e-13
-3.53183723519519e-16
-2.41517286788093e-13
-3.62144688501765e-16
-2.43982444504807e-13
-3.72757248380544e-16
-2.46688835474531e-13
-3.93458647974696e-16
-2.52547078137088e-13
-4.16013092415538e-16
-2.61543820671152e-13
-3.89336341427201e-16
-2.57644213149517e-13
-3.11867356870623e-16
-2.2719616480113e-13
-2.66795768512548e-16
-1.9249402340489e-13
-2.80277646226654e-16
-1.82217739292189e-13
-3.14028305014915e-16
-1.92497118024892e-13
-3.42138123781019e-16
-2.06291764132214e-13
-3.6349927509732e-16
-2.16654398976071e-13
-3.77796558004552e-16
-2.24347183172862e-13
-3.56758342925215e-16
-2.2946791805439e-13
-3.30301013477589e-16
-2.31344522778742e-13
-3.02544292959714e-16
-2.31553937032785e-13
-2.73612425516044e-16
-2.30979123175916e-13
-2.44693565112886e-16
-2.2987410288775e-13
-2.16315403008288e-16
-2.28748462652121e-13
-1.8788004997267e-16
-2.27531212211043e-13
-1.59455350493231e-16
-2.2591208420908e-13
-1.31717450566056e-16
-2.24178065078114e-13
-1.04915261604477e-16
-2.22965102741574e-13
-7.86946191004597e-17
-2.22572217775896e-13
-5.2436793476318e-17
-2.2253362128326e-13
-2.62362164304477e-17
-2.22548181806766e-13
-2.22763556900907e-13
-5.48353419431679e-18
-2.84827578660419e-13
-1.0941720665414e-17
-2.84218780466476e-13
-1.63726257968121e-17
-2.83573381826924e-13
-2.17771341170981e-17
-2.82916383226017e-13
-2.71552612848608e-17
-2.82261194717336e-13
-3.25073715138852e-17
-2.81608166925895e-13
-3.7834278646999e-17
-2.80960071869432e-13
-4.31370962992675e-17
-2.80320262010375e-13
-4.84164508869992e-17
-2.79690194481906e-13
-5.36726143214263e-17
-2.79068806097292e-13
-5.89079094273345e-17
-2.78458537156419e-13
-6.41253700507962e-17
-2.77866212731113e-13
-6.93273722324577e-17
-2.77296574197242e-13
-7.4519030685733e-17
-2.76755963843255e-13
-7.96951152168708e-17
-2.76238873300934e-13
-8.48470731210118e-17
-2.75722338569749e-13
-8.99863211833019e-17
-2.75208940517008e-13
-9.51122512265525e-17
-2.74711509287092e-13
-1.00214988043339e-16
-2.74215933062155e-13
-1.05307763687631e-16
-2.73724744723269e-13
-1.10398688558797e-16
-2.73259168514345e-13
-1.15483613309092e-16
-2.72819837999078e-13
-1.20560730711225e-16
-2.72397683877214e-13
-1.25628472281201e-16
-2.71987489066933e-13
-1.30687589297559e-16
-2.71587047058702e-13
-1.3574437923699e-16
-2.71200836270899e-13
-1.40803589744508e-16
-2.70835939529389e-13
-1.45847280317266e-16
-2.70480463061731e-13
-1.50866950269899e-16
-2.70113949697349e-13
-1.55888329698752e-16
-2.69749128178752e-13
-1.60912764746061e-16
-2.69404647771022e-13
-1.65930702187911e-16
-2.69073353985087e-13
-1.70952281461755e-16
-2.68754134069184e-13
-1.75974492380929e-16
-2.68450392120197e-13
-1.80998110799146e-16
-2.68159421759908e-13
-1.8602895810552e-16
-2.67884044563278e-13
-1.91056370099404e-16
-2.67620420831908e-13
-1.9608633091765e-16
-2.67364828485526e-13
-2.01128014048611e-16
-2.67124702836908e-13
-2.06177490630533e-16
-2.6690164925333e-13
-2.11267598583652e-16
-2.66708960719643e-13
-2.16425725843032e-16
-2.66574759984698e-13
-2.21590862757477e-16
-2.66479263676836e-13
-2.26666226439684e-16
-2.66344663078103e-13
-2.31682339635057e-16
-2.66141576238074e-13
-2.36766736131384e-16
-2.65945954793656e-13
-2.41943233628362e-16
-2.65825742372479e-13
-2.47146769221452e-16
-2.65758755091183e-13
-2.52401691945766e-16
-2.65723620627903e-13
-2.57790861080227e-16
-2.65763017595119e-13
-2.63253707958459e-16
-2.65882600664261e-13
-2.68660639764612e-16
-2.66001502971003e-13
-2.73991323281482e-16
-2.66059791014038e-13
-2.79316380911808e-16
-2.66079737902194e-13
-2.8479192243565e-16
-2.6614936997819e-13
-2.9051759147393e-16
-2.66361947607953e-13
-2.96387921413144e-16
-2.66708773274614e-13
-3.02324993787965e-16
-2.67116668245305e-13
-3.08330061867265e-16
-2.67554877183817e-13
-3.14408107896848e-16
-2.68023853147006e-13
-3.20678702424126e-16
-2.68564386650559e-13
-3.27128710462725e-16
-2.69209521657431e-13
-3.33619928948348e-16
-2.69904521100996e-13
-3.40225238369132e-16
-2.70624985881013e-13
-3.46619025947755e-16
-2.71288936151724e-13
-3.52996175508745e-16
-2.71855505822193e-13
-3.60630761533022e-16
-2.72785145560815e-13
-3.69145753209088e-16
-2.74342537423446e-13
-3.77285939757305e-16
-2.76008174698013e-13
-3.85158722901257e-16
-2.77431212418673e-13
-3.92983014038288e-16
-2.78717219532941e-13
-4.00788549716898e-16
-2.79944261691009e-13
-4.09095876727634e-16
-2.81270784723146e-13
-4.18341457428021e-16
-2.82963669177455e-13
-4.27160484710056e-16
-2.84752830074626e-13
-4.37279109243674e-16
-2.86719974877253e-13
-4.55626992242583e-16
-2.91189226663152e-13
-4.75587460405034e-16
-2.98193554815677e-13
-4.5535422506594e-16
-2.949417713228e-13
-3.93440268775101e-16
-2.70448475206013e-13
-3.57884933974955e-16
-2.42475334599425e-13
-3.70270529867896e-16
-2.34010166250669e-13
-3.99323636842103e-16
-2.42026111113059e-13
-4.23769991409568e-16
-2.52884558381683e-13
-4.42669893362289e-16
-2.60997182784705e-13
-4.54285150078257e-16
-2.6698978921966e-13
-4.26691814818641e-16
-2.71084190230897e-13
-3.94667598552382e-16
-2.72581384158482e-13
-3.61581960329981e-16
-2.72744607886386e-13
-3.27534348916815e-16
-2.72279850541468e-13
-2.9349910575045e-16
-2.71390281321549e-13
-2.59908379193557e-16
-2.70484415796148e-13
-2.26272669824807e-16
-2.69505653462329e-13
-1.92647385018013e-16
-2.68205661816809e-13
-1.59585258261925e-16
-2.66813781652584e-13
-1.2729056378019e-16
-2.6583907552723e-13
-9.54732670009596e-17
-2.65521363087698e-13
-6.36265047570295e-17
-2.65487699664283e-13
-3.18276076921872e-17
-2.65497320413155e-13
-2.65654561250999e-13
-6.73670843788355e-18
-3.43840761057885e-13
-1.34443843232723e-17
-3.43112684603503e-13
-2.01216314402222e-17
-3.42379955092451e-13
-2.67690861069659e-17
-3.41639409830069e-13
-3.3386781449353e-17
-3.40900230727108e-13
-3.99750185151486e-17
-3.40162809627827e-13
-4.65344308537248e-17
-3.39429208677874e-13
-5.30658841727865e-17
-3.38701917150294e-13
-5.95699015704289e-17
-3.37982062457053e-13
-6.60466768280605e-17
-3.37268852898546e-13
-7.24980354576029e-17
-3.36564078370549e-13
-7.89263665948482e-17
-3.35872889853165e-13
-8.53335222290468e-17
-3.35198861076572e-13
-9.17235063863596e-17
-3.34546788275478e-13
-9.80923430752794e-17
-3.33912693966552e-13
-1.04433257887864e-16
-3.33279238239866e-13
-1.10755125751688e-16
-3.32648145854094e-13
-1.17057581639418e-16
-3.32029154738545e-13
-1.23332792543561e-16
-3.31411621435394e-13
-1.29591068103999e-16
-3.30797271785173e-13
-1.35838902315016e-16
-3.30202232097622e-13
-1.42073057756722e-16
-3.29627170487527e-13
-1.48292097693663e-16
-3.29065199888208e-13
-1.54494767313094e-16
-3.2851231436433e-13
-1.60681662971042e-16
-3.27966834819725e-13
-1.668576486257e-16
-3.27432075089879e-13
-1.73026528665708e-16
-3.26913407533517e-13
-1.79174367490782e-16
-3.26402017490843e-13
-1.85294275946629e-16
-3.2588235121349e-13
-1.91406361954222e-16
-3.2536379576889e-13
-1.97511911558793e-16
-3.24860589712147e-13
-2.03603408843704e-16
-3.24367485979177e-13
-2.09688651175947e-16
-3.23883504218273e-13
-2.1576526939939e-16
-3.23411097791945e-13
-2.21833921774609e-16
-3.22948256868333e-13
-2.2789935286093e-16
-3.22497283635139e-13
-2.33953224063539e-16
-3.22055403737258e-13
-2.40000011359705e-16
-3.21619666796793e-13
-2.46046825864107e-16
-3.21195502150821e-13
-2.5209046056212e-16
-3.20784009877718e-13
-2.58156604017035e-16
-3.20395147279885e-13
-2.64267135104036e-16
-3.20050403909293e-13
-2.70374792145257e-16
-3.19735391461323e-13
-2.7640341506161e-16
-3.19391390153693e-13
-2.82375869791745e-16
-3.18995424198914e-13
-2.88392130277559e-16
-3.18604382654167e-13
-2.94471759697146e-16
-3.18270126875796e-13
-3.0056370219198e-16
-3.17976327501477e-13
-3.06686220679956e-16
-3.1770639125771e-13
-3.12904436738582e-16
-3.1749229043771e-13
-3.19171983541235e-16
-3.17338931175921e-13
-3.25387321322196e-16
-3.17185679651129e-13
-3.31533709999808e-16
-3.16986861133806e-13
-3.37665924775242e-16
-3.16758699159126e-13
-3.4390570415511e-16
-3.16567236250078e-13
-3.50331660393918e-16
-3.16483006253925e-13
-3.56862253666447e-16
-3.16500155656475e-13
-3.63436156725169e-16
-3.16563708683501e-13
-3.70054001157886e-16
-3.1665017596786e-13
-3.76719210175466e-16
-3.16759580641799e-13
-3.83525202595091e-16
-3.1692247579505e-13
-3.90462905071178e-16
-3.17164213097862e-13
-3.97424211227373e-16
-3.17443972451569e-13
-4.04465347548296e-16
-3.17743037699429e-13
-4.11330572607836e-16
-3.17998905415066e-13
-4.1816969631119e-16
-3.18179561855049e-13
-4.25980556393029e-16
-3.18631920354829e-13
-4.34473037643818e-16
-3.19557779212479e-13
-4.42665638625309e-16
-3.20567034182982e-13
-4.5063974147606e-16
-3.21394106051114e-13
-4.58565783811381e-16
-3.22117473718711e-13
-4.66466555363437e-16
-3.22795690614868e-13
-4.74745916477685e-16
-3.23547133634918e-13
-4.83750560542864e-16
-3.24573781471913e-13
-4.92409346176968e-16
-3.25672570559491e-13
-5.02031403429922e-16
-3.26892732459338e-13
-5.18021649462103e-16
-3.29971294596851e-13
-5.35349907004078e-16
-3.34970038221127e-13
-5.2151336980038e-16
-3.32335421083488e-13
-4.75144143368758e-16
-3.13773095147644e-13
-4.49117607978617e-16
-2.92528364872865e-13
-4.6040357387725e-16
-2.85879963290585e-13
-4.84730664681152e-16
-2.91624937831896e-13
-5.05481435056e-16
-2.99529764550952e-13
-5.21893440237202e-16
-3.05375476011514e-13
-5.30805107608027e-16
-3.09655944958763e-13
-4.96663514878473e-16
-3.12731576332346e-13
-4.59074220644981e-16
-3.13853222102869e-13
-4.20660262919192e-16
-3.13973074047735e-13
-3.81497791563405e-16
-3.1362149304e-13
-3.42345914908295e-16
-3.1295082542708e-13
-3.03541337011853e-16
-3.12268028931641e-13
-2.64703163944133e-16
-3.11530957420266e-13
-2.25874167395124e-16
-3.10553199516989e-13
-1.87483947768255e-16
-3.09506472209017e-13
-1.49691874860376e-16
-3.08772810540389e-13
-1.12272212783287e-16
-3.08532548075543e-13
-7.48302457402528e-17
-3.08505775479146e-13
-3.74261687525557e-17
-3.08512003669207e-13
-3.08611830190392e-13
-8.01423655385069e-18
-4.03980464666238e-13
-1.5995267187414e-17
-4.03120056449369e-13
-2.39422438998505e-17
-4.02289615083925e-13
-3.18555532368321e-17
-4.01454560804211e-13
-3.97352449166155e-17
-4.00620417695051e-13
-4.75815296432782e-17
-3.99787550649187e-13
-5.53948868153606e-17
-3.9895731671427e-13
-6.31759165850595e-17
-3.98131347700008e-13
-7.09250092527179e-17
-3.97310423911073e-13
-7.86423104475653e-17
-3.96494024314098e-13
-8.63291168874963e-17
-3.95683301419464e-13
-9.3987174479322e-17
-3.94881708178986e-13
-1.01617777405445e-16
-3.94091635553349e-13
-1.09223856328009e-16
-3.93316308268447e-13
-1.16802612122154e-16
-3.92553226383718e-13
-1.24349120290485e-16
-3.91790758205464e-13
-1.3186971451384e-16
-3.91029859581734e-13
-1.39364210578533e-16
-3.90277114682549e-13
-1.46826905116398e-16
-3.89525394346637e-13
-1.5426514597149e-16
-3.88775684559339e-13
-1.616837409305e-16
-3.88038893398243e-13
-1.69080388550851e-16
-3.87315639662185e-13
-1.76453998147451e-16
-3.86601270824521e-13
-1.83803676268064e-16
-3.85893041463166e-13
-1.91129844772386e-16
-3.85189813623342e-13
-1.98435945938541e-16
-3.84493752184412e-13
-2.05724791327837e-16
-3.83808484130358e-13
-2.1298646281257e-16
-3.83128244065718e-13
-2.2021580572775e-16
-3.82442502079663e-13
-2.27427227166599e-16
-3.81757356968003e-13
-2.34621867658639e-16
-3.81082501688681e-13
-2.41794307336231e-16
-3.80414550942121e-13
-2.48950000109561e-16
-3.79752726000708e-13
-2.56087234932188e-16
-3.7909857577698e-13
-2.63206546657394e-16
-3.78450776530492e-13
-2.70311503753654e-16
-3.77811020737688e-13
-2.7739613940191e-16
-3.77177560019868e-13
-2.84463465626651e-16
-3.76548291666892e-13
-2.9151853277518e-16
-3.75926701300447e-13
-2.98558921242234e-16
-3.75313434697135e-13
-3.05603058538218e-16
-3.74715098220652e-13
-3.12667110459362e-16
-3.74146337925295e-13
-3.19717574197168e-16
-3.73597982156391e-13
-3.26699291796121e-16
-3.73030638810778e-13
-3.33627768641349e-16
-3.72428200580006e-13
-3.40575014501969e-16
-3.71828459231026e-13
-3.47555927614772e-16
-3.71266706476731e-13
-3.5453371518035e-16
-3.707323496109e-13
-3.61520749876213e-16
-3.70213860493677e-13
-3.68564128807125e-16
-3.69732488593515e-13
-3.7563146357023e-16
-3.6929207658193e-13
-3.82649617715452e-16
-3.68852270298071e-13
-3.89605867018028e-16
-3.68382050878446e-13
-3.96539094011637e-16
-3.67891811338354e-13
-4.03536418119217e-16
-3.6742552633358e-13
-4.10655001335155e-16
-3.67030669656452e-13
-4.17837068054497e-16
-3.66703918857789e-13
-4.25038230811901e-16
-3.66408582827416e-13
-4.32258659988338e-16
-3.6612867411317e-13
-4.39500386408447e-16
-3.65863948549593e-13
-4.46830413031127e-16
-3.65634708978466e-13
-4.5424329379697e-16
-3.65458310260684e-13
-4.61661408489987e-16
-3.65307775018653e-13
-4.69124358821979e-16
-3.65170278382478e-13
-4.76447633962095e-16
-3.65003382746415e-13
-4.83736620690335e-16
-3.64784671949879e-13
-4.91709133289871e-16
-3.64746423730094e-13
-5.00161259904545e-16
-3.6502579798955e-13
-5.08387953914194e-16
-3.65362632952954e-13
-5.16445041391041e-16
-3.65577918351767e-13
-5.24454649007731e-16
-3.65723357057493e-13
-5.3243261626529e-16
-3.65837998082685e-13
-5.40666404527491e-16
-3.66000322942652e-13
-5.49409462803252e-16
-3.66346328908751e-13
-5.57889839237667e-16
-3.66740480495587e-13
-5.67015936550415e-16
-3.67206533933325e-13
-5.80655625241977e-16
-3.6889696055256e-13
-5.95313944781069e-16
-3.71881476375834e-13
-5.87799084425121e-16
-3.69825364373147e-13
-5.56947702989239e-16
-3.57155834818272e-13
-5.40479628461378e-16
-3.42638686977248e-13
-5.50678061967227e-16
-3.37822495660683e-13
-5.70252514204734e-16
-3.41293919304618e-13
-5.87274236947895e-16
-3.46227668361107e-13
-6.0117103715124e-16
-3.49788866566328e-13
-6.0735725843692e-16
-3.52345177018405e-13
-5.66673489255642e-16
-3.54409756967532e-13
-5.23520708749687e-16
-3.55159646223114e-13
-4.79779078192871e-16
-3.55238953476105e-13
-4.35502523286121e-16
-3.55003678371808e-13
-3.91233871772158e-16
-3.54555394910964e-13
-3.47214212481305e-16
-3.54099090677049e-13
-3.031713917866e-16
-3.5360691241745e-13
-2.59135561234467e-16
-3.52954433897746e-13
-2.15413408177182e-16
-3.52255881097604e-13
-1.72119123338564e-16
-3.51766087938741e-13
-1.2909140035888e-16
-3.51605585062201e-13
-8.60479699689694e-17
-3.51587640206937e-13
-4.30318850836927e-17
-3.51592055281078e-13
-3.51635301346256e-13
-9.31553577672188e-18
-4.65221789092219e-13
-1.85933565775512e-17
-4.64216597594948e-13
-2.78329474057693e-17
-4.63278532929173e-13
-3.70345557097946e-17
-4.62338456318515e-13
-4.61982121207941e-17
-4.61398839864811e-13
-5.53240524110082e-17
-4.60459917526085e-13
-6.44123487458815e-17
-4.59522355454688e-13
-7.34634935984602e-17
-4.58586949604425e-13
-8.24777174593838e-17
-4.57654108021594e-13
-9.14550995552456e-17
-4.56723576174905e-13
-1.00396417137699e-16
-4.55795899898525e-13
-1.09302740087903e-16
-4.54872812957605e-13
-1.1817482598195e-16
-4.53955514663454e-13
-1.27014474093922e-16
-4.53045627935307e-13
-1.35820068054126e-16
-4.52142013692162e-13
-1.44588556886691e-16
-4.51238828406489e-13
-1.53323739925871e-16
-4.50336408289478e-13
-1.62025591284579e-16
-4.49438107430143e-13
-1.70690572917158e-16
-4.4854035663625e-13
-1.79323110050683e-16
-4.47643525164197e-13
-1.87926169848601e-16
-4.46753155927316e-13
-1.96498401770524e-16
-4.45869676646355e-13
-2.05039113250376e-16
-4.4499072815394e-13
-2.13547772676215e-16
-4.44114893317815e-13
-2.22024606422201e-16
-4.4324159159365e-13
-2.30471667238853e-16
-4.42371873502912e-13
-2.38890716472783e-16
-4.41507577240571e-13
-2.4727583448016e-16
-4.40645906818076e-13
-2.55623752237382e-16
-4.39781505597599e-13
-2.63943133771677e-16
-4.38917300948222e-13
-2.72234846033709e-16
-4.38058263194132e-13
-2.80495568036278e-16
-4.37202779025424e-13
-2.8872851835817e-16
-4.36350376319142e-13
-2.96932652569266e-16
-4.35501779751924e-13
-3.05108306619954e-16
-4.34656334843144e-13
-3.13257786837566e-16
-4.33814981531265e-13
-3.2137749289776e-16
-4.32976918636757e-13
-3.2946909982807e-16
-4.32141007772629e-13
-3.3753561012749e-16
-4.31308904729624e-13
-3.45575489880821e-16
-4.30480883327814e-13
-3.5359980991576e-16
-4.29660207518281e-13
-3.61618673977639e-16
-4.28854386735817e-13
-3.69612206205542e-16
-4.28059130327194e-13
-3.77546788878839e-16
-4.27254630435651e-13
-3.85431107397155e-16
-4.2643232985322e-13
-3.93308728885878e-16
-4.25610988569749e-13
-4.01189278437668e-16
-4.24808684310645e-13
-4.0905048085046e-16
-4.24020334194871e-13
-4.16899242989291e-16
-4.23239882180088e-13
-4.24764222470705e-16
-4.2247788432932e-13
-4.32626546629522e-16
-4.21736636500535e-13
-4.40441936828142e-16
-4.20996040381996e-13
-4.48202216350436e-16
-4.20240246275231e-13
-4.55930505754313e-16
-4.19474172937578e-13
-4.63679128992248e-16
-4.18719726632791e-13
-4.71483111912338e-16
-4.18000905389882e-13
-4.79308150262821e-16
-4.17316434420062e-13
-4.8712720749825e-16
-4.16647957441274e-13
-4.94940208917789e-16
-4.15987286631169e-13
-5.02748064604449e-16
-4.1533414558684e-13
-5.1059112094425e-16
-4.14698615673538e-13
-5.18466869916864e-16
-4.14089650048779e-13
-5.26328505762879e-16
-4.13493939835209e-13
-5.34199314268294e-16
-4.12904841626632e-13
-5.41967558062439e-16
-4.12300749075903e-13
-5.49695134680891e-16
-4.11669797479894e-13
-5.57815848274179e-16
-4.11128471233536e-13
-5.6621012478705e-16
-4.10747018236943e-13
-5.74452298251697e-16
-4.10395540369951e-13
-5.82574037961222e-16
-4.09983274354536e-13
-5.90649035092758e-16
-4.09535668103919e-13
-5.98686402993433e-16
-4.09072278808821e-13
-6.06857855019233e-16
-4.08632020720982e-13
-6.1531927939016e-16
-4.08283623392586e-13
-6.23603625898152e-16
-4.07959469225025e-13
-6.32238196271963e-16
-4.07666346410242e-13
-6.43546465480938e-16
-4.07976527656028e-13
-6.55498400876076e-16
-4.08941513601974e-13
-6.5420169296658e-16
-4.07416905819343e-13
-6.38824418936657e-16
-4.00589710321616e-13
-6.31962473525906e-16
-3.92800389932504e-13
-6.41102175768161e-16
-3.89842160178854e-13
-6.55900308943188e-16
-3.91043632645784e-13
-6.69159225661155e-16
-3.92990238364919e-13
-6.80514819598432e-16
-3.94250431300003e-13
-6.83955365566797e-16
-3.95072157294101e-13
-6.36733063820331e-16
-3.96133301864283e-13
-5.88016486837875e-16
-3.96513782236745e-13
-5.38946069332446e-16
-3.96554025608955e-13
-4.89554416753208e-16
-3.96436658194854e-13
-4.40167423935142e-16
-3.96212657719875e-13
-3.90930163533693e-16
-3.95984664551475e-13
-3.41679294757358e-16
-3.95738920266113e-13
-2.92432591364764e-16
-3.95413101735795e-13
-2.43373992333823e-16
-3.95064152633491e-13
-1.94572230773921e-16
-3.94819556851905e-13
-1.4593051045061e-16
-3.94739733376279e-13
-9.72792973014446e-17
-3.94731266722364e-13
-4.86444902085475e-17
-3.9473418772874e-13
-3.94720533936705e-13
-1.06445191568753e-17
-2.12463741034968e-17
-3.18054059523587e-17
-4.23216765158302e-17
-5.27952164176834e-17
-6.32260654839735e-17
-7.36143198471292e-17
-8.39601009945481e-17
-9.42634976740172e-17
-1.04524529871078e-16
-1.14743463859196e-16
-1.24920656781359e-16
-1.35056364743092e-16
-1.45151187447248e-16
-1.55204610889885e-16
-1.65215587226155e-16
-1.75185402263969e-16
-1.85114029778771e-16
-1.95000300770872e-16
-2.04845657352768e-16
-2.14651148676993e-16
-2.24416313723313e-16
-2.34140912975589e-16
-2.43824764512134e-16
-2.53467956072146e-16
-2.63071157317868e-16
-2.72634972664742e-16
-2.82157432628438e-16
-2.91637410005757e-16
-3.01077793961248e-16
-3.10478921864779e-16
-3.19839675729446e-16
-3.2916110734619e-16
-3.38442867035075e-16
-3.47685066495986e-16
-3.56888526842589e-16
-3.66052030511303e-16
-3.75176109604073e-16
-3.84261759588281e-16
-3.93308444143596e-16
-4.02319855168764e-16
-4.11299479080829e-16
-4.2024075311164e-16
-4.29132305197115e-16
-4.37976855333551e-16
-4.46789056905075e-16
-4.55572307432377e-16
-4.64319118420279e-16
-4.73031646927879e-16
-4.81719566170028e-16
-4.90376739854184e-16
-4.98988270857737e-16
-5.07551287737768e-16
-5.16073449163564e-16
-5.24572212721852e-16
-5.33059492846985e-16
-5.41523922361794e-16
-5.49956363380452e-16
-5.58356769801643e-16
-5.66725329518391e-16
-5.75075539569045e-16
-5.8340679117768e-16
-5.91703382429508e-16
-5.9997295549672e-16
-6.0817799696741e-16
-6.16338741179089e-16
-6.24600713513525e-16
-6.32924854399788e-16
-6.41168433615721e-16
-6.49341449500796e-16
-6.57468662682727e-16
-6.65552987486556e-16
-6.73651494842061e-16
-6.81817160096243e-16
-6.89893313394377e-16
-6.98051182620865e-16
-7.07066095913208e-16
-7.16278816197193e-16
-7.21062960125491e-16
-7.2110406160949e-16
-7.23928719100194e-16
-7.32065907764257e-16
-7.42073684092354e-16
-7.51540794422738e-16
-7.60339768062575e-16
-7.61030730439006e-16
-7.07221379809426e-16
-6.52908006553977e-16
-5.98476315076814e-16
-5.43937401959652e-16
-4.89399937970654e-16
-4.34912434016925e-16
-3.80420394478481e-16
-3.25929655284238e-16
-2.71501535883712e-16
-2.17159008715567e-16
-1.62869806247701e-16
-1.08577364522473e-16
-5.42903469111789e-17
)
;

boundaryField
{
    dieWall
    {
        type            calculated;
        value           nonuniform List<scalar> 
100
(
-5.2784600498617e-13
-5.26790683965109e-13
-5.25735371571957e-13
-5.24680043220817e-13
-5.23624717945736e-13
-5.22569401368839e-13
-5.21514083342257e-13
-5.20458765327271e-13
-5.19403442575167e-13
-5.18348119281045e-13
-5.17292801392843e-13
-5.16237482711181e-13
-5.15182159160575e-13
-5.14126833719129e-13
-5.13071515455962e-13
-5.1201619837587e-13
-5.10960877393502e-13
-5.09905553160981e-13
-5.08850232167412e-13
-5.07794912641974e-13
-5.06739590872287e-13
-5.05684270924623e-13
-5.04628947626497e-13
-5.03573617575826e-13
-5.02518296403798e-13
-5.01462981857633e-13
-5.00407664135753e-13
-4.99352347034829e-13
-4.98297025488435e-13
-4.97241704282345e-13
-4.96186383844182e-13
-4.95131063072646e-13
-4.94075739975841e-13
-4.93020418983821e-13
-4.9196509771723e-13
-4.90909776257777e-13
-4.89854456976313e-13
-4.88799132112793e-13
-4.87743808821354e-13
-4.86688489540303e-13
-4.8563316950477e-13
-4.84577846524963e-13
-4.83522525175611e-13
-4.82467206022788e-13
-4.81411880077701e-13
-4.80356556573533e-13
-4.79301240862637e-13
-4.78245922567902e-13
-4.77190602610656e-13
-4.76135281508902e-13
-4.75079961541467e-13
-4.74024642152031e-13
-4.72969318040742e-13
-4.71913998163113e-13
-4.70858675854846e-13
-4.69803352430387e-13
-4.68748031260761e-13
-4.67692702099868e-13
-4.66637385383141e-13
-4.65582074219036e-13
-4.64526750795711e-13
-4.63471430581601e-13
-4.62416108390239e-13
-4.61360782687043e-13
-4.6030546297571e-13
-4.59250146698793e-13
-4.58194828399638e-13
-4.57139500818616e-13
-4.56084178209108e-13
-4.55028856799015e-13
-4.53973529389547e-13
-4.52918209201222e-13
-4.51862895399841e-13
-4.50807578466518e-13
-4.49752254172522e-13
-4.48696932963015e-13
-4.47641608612594e-13
-4.46586288950504e-13
-4.4553097113646e-13
-4.44475651204207e-13
-4.43420332838467e-13
-4.42365010561086e-13
-4.41309680408425e-13
-4.40254357866818e-13
-4.39199045531582e-13
-4.38286036368616e-13
-4.38348064694575e-13
-4.38348062466075e-13
-4.3834806761896e-13
-4.38348067969415e-13
-4.38348058515477e-13
-4.38348057073404e-13
-4.38348065335115e-13
-4.38348068660265e-13
-4.38348069330997e-13
-4.3834806610143e-13
-4.38348063425216e-13
-4.38348059898856e-13
-4.3834806144824e-13
-4.38348066815758e-13
)
;
    }
    outlet
    {
        type            calculated;
        value           nonuniform List<scalar> 9(5.11544568680466e-26 0 -4.40678869771229e-29 5.32324176372896e-26 0 5.33893253755952e-26 0 0 5.35908322349044e-26);
    }
    Wire
    {
        type            calculated;
        value           nonuniform List<scalar> 
100
(
7.55639593739346e-15
7.29747777254534e-15
6.86834385745794e-15
6.44940212188634e-15
6.0318831415587e-15
5.61599516751737e-15
5.2101825556965e-15
4.82168029481261e-15
4.45680467733754e-15
4.1079246469112e-15
3.77465566486165e-15
3.48676962428432e-15
3.244060585075e-15
3.05776142448588e-15
2.96098725251693e-15
2.82895701109695e-15
2.67944334821238e-15
2.62553939932789e-15
2.53496583502896e-15
2.43672119361653e-15
2.42736928296146e-15
2.46786241280768e-15
2.54473672522744e-15
2.64616816665619e-15
2.76461281350952e-15
2.90824172754449e-15
3.10768211762981e-15
3.35490880153647e-15
3.53157801051757e-15
3.70586214377111e-15
3.97141275964293e-15
4.23354359443053e-15
4.52480461536635e-15
4.86641478267998e-15
5.21460816917612e-15
5.61150853097508e-15
6.03940987914811e-15
6.45809898805236e-15
6.93465388614976e-15
7.44136815965753e-15
7.98166349121723e-15
8.69220584880844e-15
9.54135942027501e-15
1.02803094761963e-14
1.07555841362364e-14
1.12729870468537e-14
1.20438368679004e-14
1.29280054970557e-14
1.37972210514802e-14
1.48643076164386e-14
1.621104074358e-14
1.75084124753016e-14
1.86141407315328e-14
1.96192890891267e-14
2.06865604058378e-14
2.2176257502272e-14
2.40314845056482e-14
2.59207407495161e-14
2.79126372423735e-14
2.99369632402537e-14
3.2068820812646e-14
3.45967710286873e-14
3.71668739228485e-14
3.96961083216564e-14
4.24809793126084e-14
4.42982617609655e-14
4.69497915922516e-14
5.21824418066061e-14
5.70604730396747e-14
6.09964377330067e-14
6.4951675675322e-14
6.86185633458042e-14
7.2312173176459e-14
7.70769086863165e-14
8.32143473120481e-14
8.6075634350282e-14
9.44290994022199e-14
1.17375503004374e-13
1.37123929183737e-13
6.22942229777386e-14
-3.16938848868152e-14
-3.56808780567737e-14
-5.87592812396485e-15
2.39239868729603e-14
3.89693143448609e-14
5.49116422785302e-14
6.59127384997591e-14
6.67154442447179e-14
6.75024421044668e-14
6.65725361744947e-14
6.39514758572238e-14
6.22551995849026e-14
6.06543379862717e-14
5.75876654904982e-14
5.39788691179813e-14
5.16998974369093e-14
5.12846749498829e-14
5.19136063068055e-14
5.10827626467377e-14
5.30787645106401e-14
)
;
    }
    inlet
    {
        type            calculated;
        value           nonuniform List<scalar> 9(-3.54387449331638e-24 -3.63072418781935e-24 3.71747013708804e-24 3.80398735677225e-24 0 0 0 -4.15127922382849e-24 4.23798883918788e-24);
    }
    back
    {
        type            wedge;
        value           nonuniform List<scalar> 
900
(
3.01673597711037e-26
-5.1166682376792e-26
-2.50169974141247e-26
3.75286508345594e-27
-9.55156931210748e-27
3.73825810853398e-26
5.04575589836227e-26
1.7575334510519e-26
4.56661662703113e-26
6.60329218250501e-26
-3.9625507061511e-28
-1.35211215760772e-26
1.82288466765442e-26
3.69118115845586e-26
5.36959700615693e-26
2.54114619717446e-26
-4.23375775350728e-26
-1.70073256093166e-26
2.15971031739478e-26
8.7361285674769e-27
-3.78261969800821e-26
1.47841103224199e-26
5.76035615481095e-27
3.21426272509185e-26
-2.52667965464428e-26
9.24592824228728e-27
-1.5238920684964e-27
1.59330660858477e-26
4.24624169159211e-26
6.59792904438578e-26
-3.27762080481962e-26
-5.09696958546677e-26
8.80581312645428e-27
3.50084310699369e-26
-4.14765062939994e-27
6.58391188550929e-27
-1.91023010453069e-26
-3.16375220303476e-26
2.38354193314728e-26
-4.42408276481879e-26
-9.07662696311349e-27
2.75347997354315e-26
-6.27378299768326e-26
-4.76741488550376e-26
3.78755790275624e-26
-8.24593792518965e-26
2.54004631062028e-26
5.59455063910393e-26
2.16961926457447e-26
-1.28758648285116e-26
2.46499372346717e-26
3.52721029163857e-26
-2.8351735081946e-26
1.27951162032391e-26
4.29569652568262e-26
-2.73590887206616e-27
1.70660664726204e-26
-4.59883984241316e-26
2.68443337885984e-26
2.4744408110798e-26
-1.94884048601734e-26
-1.87107303980461e-26
-1.69720168936695e-26
3.21806421112938e-26
7.92964389863197e-26
-3.8480080288857e-27
4.71107340992233e-26
3.21541427070443e-26
8.41077078985103e-26
1.36389543836643e-26
-5.2294414668082e-27
6.14664554105237e-27
4.08780376697133e-26
-1.67128940536258e-26
-3.3954144919547e-26
-3.14167623104722e-26
2.24531533300848e-26
7.29658621201358e-26
5.48327702730142e-26
1.03986574993138e-26
2.95330724233548e-26
5.26416083660757e-26
-1.84237216973493e-26
-4.5200592768026e-26
-5.01026060825181e-26
2.93945057762102e-26
4.57698053754437e-26
-4.23200234861005e-26
-6.33620318965166e-26
4.52638074060964e-26
-4.78821822028732e-26
-1.2322771853493e-26
1.10076927206857e-27
2.82097579338582e-26
3.04425727778214e-26
2.09059494845532e-26
-4.85783729639274e-27
-4.74764802327246e-26
-1.80379789943473e-26
-1.15926992702011e-26
-2.21452151875705e-26
2.88815664343551e-26
1.32818448422574e-26
-1.4900679238481e-26
-2.73934645639918e-26
2.64911463232762e-26
-5.74803822787498e-27
5.88275301513081e-27
-4.48175511943096e-27
1.44155806182959e-26
-1.7181572114858e-26
1.41043774226728e-26
-4.73798326545258e-26
5.09411278938259e-26
-2.45869833996146e-26
-2.66157098547835e-26
7.78725698888674e-27
-2.44456402348133e-26
1.53923079648838e-26
5.00978514429679e-27
1.50679743406294e-26
-3.66492431354739e-27
-3.11520572828553e-26
-2.35932637336215e-26
2.40938249632299e-26
1.744589596884e-26
3.13322259289362e-26
1.97361928000236e-26
-5.84254922754173e-27
-4.04161213654522e-26
-3.76605469430946e-26
-3.39178130536169e-26
-3.03900310015261e-26
1.63756406493278e-26
6.30172302511605e-26
-4.54138638052237e-27
-2.34629224122811e-26
3.00743139075958e-26
3.04874710196499e-27
2.04296830587224e-26
3.70799492810577e-26
-1.43600747154455e-26
-7.07054422803031e-26
1.01373328799848e-26
1.32502947306139e-26
-1.24789978739038e-26
3.63207316475641e-26
-3.32303864649773e-26
2.21192151333213e-26
2.23551315206236e-26
-2.00618906246552e-26
-2.92334097610703e-26
9.06342631828633e-27
1.56556014588842e-26
-4.8919726492521e-26
1.2617730030653e-26
2.92892817912278e-27
4.86404641428636e-27
2.56508991997265e-26
2.82840065455684e-26
-5.46881850947933e-27
-3.64440914728561e-26
-1.7560245081369e-26
-1.26045293858258e-26
2.48690368430586e-26
1.25396797134797e-26
-1.0613318441032e-26
1.19813305546545e-26
1.8772560773969e-26
-1.65487937883904e-26
-4.84481118896679e-26
4.98445653242075e-26
-2.00359407248316e-28
-4.87325476683296e-28
2.79505598621761e-27
3.57954242243473e-26
1.75001028720664e-26
1.81400934049403e-26
-4.99431350707688e-26
1.53163791799148e-26
9.43379449557505e-27
-5.54133729504936e-26
-1.60244493301458e-26
-1.43895855794892e-26
7.92775959686086e-27
4.50735817005477e-26
1.37334854451013e-27
-4.7543085309968e-26
-4.2210125108649e-26
-4.26769737872061e-26
-5.18535321895368e-26
-2.64918484852351e-26
3.15058666630555e-26
-4.81377763656083e-26
-1.34379555074891e-26
-2.21910864252563e-26
-2.03345100206373e-26
-1.94730776676993e-26
2.34136528987933e-26
-5.50353339672691e-26
2.3918354689703e-26
2.08464863975202e-27
1.41740419198799e-27
3.20291177548212e-26
4.28595647353125e-27
-7.78523075009108e-27
1.57295914618372e-26
-2.72275005916463e-26
-1.08812107823979e-26
1.57284680027029e-26
1.15536136128385e-26
-2.73398795756433e-26
2.24650499598454e-26
-2.8825172798171e-26
-3.3649787803023e-26
4.19973098497942e-26
5.19768681914767e-27
1.37003634624119e-26
3.32523791806183e-26
-4.44957024083802e-27
-3.30627101891941e-26
4.28300538712688e-26
-5.57922645589538e-26
3.97604224664694e-28
-2.82804957357739e-26
3.05845270429525e-26
-1.49892017997269e-26
-1.35687833267583e-26
-3.19114855649366e-26
-1.47486009890703e-26
-1.69836125968763e-26
-3.95517800558275e-27
-5.75534071224744e-27
4.31379418593575e-26
-5.66527736002624e-26
-5.81449484801849e-26
1.57671771884081e-26
1.81931266946069e-26
9.13582924713314e-28
2.77703650417544e-26
-2.14819028467762e-26
1.77512762356469e-26
3.14888342201098e-26
-2.81249193719078e-26
-4.38812680630887e-26
4.08339779471884e-27
8.90072536152612e-27
-1.65951264467921e-26
4.42121292858395e-26
-1.04428335174132e-26
-5.91565431834743e-27
-1.4111188393674e-26
-2.56996699901444e-26
-7.427674834296e-27
-1.25503425443697e-27
-3.16221848069883e-26
1.25299999093321e-26
1.71319392952495e-26
1.40361573729239e-26
-1.26407208193641e-27
-1.76317080849329e-26
-2.78330619921127e-26
1.07687244365835e-26
5.4240501676132e-26
-3.30481553748748e-26
-1.50494372649147e-27
-3.55373797044548e-26
-1.65336872753891e-26
2.77147939381507e-26
-5.84563874016085e-27
1.69975749620428e-26
5.145437819312e-27
1.23966392915684e-26
4.47168232401202e-26
-6.71258105829907e-26
2.49856308363325e-26
1.21751473170787e-26
-1.54565908922203e-27
-7.36822679359074e-27
-1.28444239594765e-26
7.94210125487122e-27
3.74646939109896e-26
-1.53557303422681e-26
-4.70227832984296e-28
3.44149938749375e-26
-2.22183503710316e-26
-3.87083832343479e-27
7.10708273019398e-27
-6.48684802557767e-29
-7.9204846974225e-27
-7.93663693019827e-28
-6.12665398699423e-27
-2.039790521464e-26
-7.44802248477616e-27
-2.07384738264725e-26
-1.44799036691729e-26
7.0519931090764e-27
8.81553932344557e-27
2.2403731159064e-26
2.07356451168667e-26
-3.0495054368806e-26
-1.12879757129049e-26
1.69445422993066e-26
-4.70324129481515e-27
1.35204093832332e-26
1.17530677327041e-26
2.87376486234603e-26
-3.86152464659435e-27
-3.88794449338615e-26
-4.03215000260491e-26
4.21676744027914e-26
-2.69613942180307e-26
7.3730014949112e-27
1.54551665065322e-26
-1.00504252912443e-26
-2.47830618131698e-26
-2.8152837676205e-26
-1.22605101495097e-26
-1.57614094294601e-26
-3.06281842762117e-26
-3.8757273768457e-26
-4.2675518055002e-26
1.56970512704851e-26
9.52574981379054e-27
-9.58387440458936e-27
-1.32215817921355e-26
-2.93903529897676e-26
-8.27925184259666e-27
-2.63777070433747e-26
-3.64272997711535e-26
-1.59797817986752e-26
-1.99833487941107e-26
-2.18315795023041e-26
9.05369134427056e-27
-1.49190959435742e-26
-3.2445529889099e-26
2.73790702438346e-26
-2.31139579495973e-26
-2.76317683019544e-26
-3.07434592080914e-27
3.38332727537664e-26
-9.76805587491876e-27
-1.66636054187632e-26
1.12139176880121e-26
-1.32382807081507e-26
-1.3302187477295e-26
-1.50944859700201e-26
-6.41800104550843e-27
4.76449188557774e-26
1.80079665860473e-26
3.71038629112005e-26
6.72012440930065e-27
3.78079357537084e-26
-2.33919739617777e-27
2.75668785060677e-26
-2.57192697127522e-26
2.52036220319128e-26
1.3677623445829e-26
-1.52325009184827e-27
-1.38608175009037e-26
1.79119415496566e-27
2.15892558871269e-26
-5.49340922436822e-27
-1.77759823057147e-27
-5.64375714609451e-27
4.11680264836883e-26
-1.36072066322373e-26
-2.80674196739059e-26
5.54396990085094e-27
-8.46732153477342e-27
-3.01512558119626e-26
1.43987036540697e-26
-1.59668720495167e-26
6.75915144867827e-27
-2.53066693148226e-26
1.10487591643958e-26
-7.47244769006044e-27
-1.77359490431728e-26
1.99603169414636e-26
2.80196902147502e-26
1.49135689258692e-27
1.91274434588777e-27
-5.74785767194269e-27
2.17123022472587e-26
-1.76550098310829e-26
-1.78932935072752e-27
2.22715541857453e-26
-9.9008644805353e-27
4.05101308208626e-27
-3.61153342282607e-26
2.49121044483514e-27
-2.06480153043971e-26
1.24246655846133e-26
2.82634031075175e-26
-3.13431857680655e-26
3.27571192737995e-26
-2.54748621811899e-27
1.12001553136178e-26
2.32044114562301e-26
1.06629261834276e-26
-8.38295113303976e-27
3.39962846679656e-26
7.82980800359554e-27
-3.00072123015386e-26
-1.74804824607579e-26
4.32807741404024e-27
-2.01372275874017e-27
2.23047263228603e-27
1.48834060542923e-26
1.46724264474157e-26
-1.45217324601526e-26
1.03749946412992e-26
1.70004444221194e-27
9.62202624923965e-28
-1.74956673400493e-26
-1.96489065453695e-26
-2.17990593727223e-26
9.21742046675629e-27
1.36899614345352e-26
2.67754216077758e-26
-2.91204218709996e-26
2.19250974443432e-26
4.98027428025311e-27
-1.69954415181623e-27
-2.53527787860303e-26
3.53881602573053e-27
1.53060172755786e-26
-3.03509205804159e-26
-7.78015512221681e-27
-1.7994284458734e-26
-3.47722137560808e-26
2.03765996146303e-26
-9.11855042057153e-27
-9.40688131731411e-27
-3.07590070800383e-27
-1.36875189140068e-26
1.68846779768685e-26
3.84283209216016e-28
1.07314521751728e-26
1.08754756238265e-26
1.42094509443783e-26
3.59299001511511e-26
1.12212051260569e-26
-1.52856144552303e-27
1.67194893605968e-26
1.64678345145302e-26
4.16737736809074e-26
-8.4015684558355e-28
1.05426107317716e-26
-3.09015459576932e-27
9.53229559326624e-27
-1.11280533113248e-26
2.63242775337457e-26
1.41519539108302e-26
3.2391353078528e-26
1.95247166643332e-27
3.30967148897747e-26
1.39681880953033e-26
-6.02765918167569e-28
-7.961867114014e-27
-1.95449088360939e-26
-3.98838023535317e-27
3.8589858295687e-26
-3.12507210689647e-27
-4.60378607186929e-26
-7.42985655181113e-27
2.01039902495333e-26
1.00842093123521e-26
-3.29228257345159e-27
-1.53136507791603e-26
-1.02221339828486e-26
-7.31340299092903e-27
-2.03224729584849e-26
-1.45036768669239e-26
1.86031792477142e-27
-1.82640952068805e-26
-1.21589674993689e-26
1.78024331228644e-26
-1.07099008184774e-27
8.02826906583357e-27
1.17977352641747e-26
1.1512782894929e-26
2.49610852604267e-26
7.4723574120943e-27
-8.78248128764884e-27
1.65774119036578e-26
9.71614729824709e-28
2.20341707814931e-26
2.63040251766742e-26
1.15981708045727e-26
6.94558547964901e-27
2.47885239435866e-27
-7.25338318977152e-27
1.76578184789185e-26
1.11865333716153e-26
-1.40254450145386e-26
1.6925463555795e-27
1.77711022801004e-26
1.08816696953925e-26
1.36237275000415e-26
3.78110804361957e-26
2.30526993341266e-26
3.36063239777677e-26
-8.83152228503483e-27
-1.13913759575851e-26
8.1296562372549e-28
8.54163973574917e-27
1.77659012661621e-27
4.14098009079048e-27
2.55877848705073e-27
7.17350725150509e-27
1.43959953150854e-26
1.81775888535451e-26
-2.07336477168658e-26
8.10542161878802e-27
4.31934929011909e-28
2.80885647797536e-26
8.10922332425116e-27
2.37924068960482e-26
2.1158647542673e-26
1.06571634399222e-26
-1.49123250961135e-26
-2.67191433267706e-29
-2.28627193852634e-26
-5.43920984430566e-27
-2.22613828682265e-26
-3.90517404322457e-27
4.12327557854129e-27
2.94880136873642e-26
-5.50129851552062e-27
1.47741897770293e-26
-1.81193627000344e-26
-3.51216471626443e-26
-1.54108625946475e-26
-1.61296432224728e-26
-2.36070862933265e-26
3.51468171611493e-27
-1.45378420616665e-26
6.87824814779135e-27
-1.02216825930178e-26
-1.47150219741773e-26
-6.39606349973564e-27
3.39149015892088e-26
1.10820717339026e-27
-7.27769805531941e-27
7.79698694745995e-27
1.1171898310215e-26
-1.62853426214144e-27
4.6241377347035e-28
-2.43980341241982e-27
9.52410224090843e-27
9.75462953517625e-27
1.48336127405218e-26
1.05620204944924e-27
1.28671178966809e-27
1.28574782160738e-26
6.06651883065776e-27
1.38127394684899e-26
9.74864611219798e-27
6.01235706641443e-27
-2.48509536648959e-26
-6.69196458009752e-27
4.06897839734875e-27
-9.05298918231167e-27
8.85270751442309e-27
-6.48194793819316e-27
3.69098455310738e-27
2.76038047019415e-27
-9.1747992358516e-27
1.33646071677191e-26
-1.15227636256304e-26
-1.10390442521502e-26
-1.28318192119189e-26
1.21956504462784e-26
3.39409342438347e-26
-8.06405926396677e-27
-9.38216145477921e-27
1.01165739632144e-27
-1.86353282345463e-27
-4.93276800829155e-27
-1.67224183790539e-26
7.50148208706059e-27
-6.78940459822136e-28
2.70830588237363e-26
-9.44930443823754e-27
-1.21403012760081e-26
-7.20362999954152e-27
2.11913482281871e-27
-5.15092471347648e-27
-1.40465293081453e-26
1.43998020359911e-26
5.81822433110871e-27
2.0901194845003e-26
-8.31514234958113e-27
-3.29825784633569e-27
-9.54137040965459e-27
-2.27725918823972e-26
-3.10822021988308e-27
9.95646599025951e-27
7.12479727332829e-27
-9.41069556138366e-27
-3.25081928284875e-27
-4.35153840049169e-27
9.33445331125448e-27
5.69812705120422e-27
4.49887204123731e-27
-1.95409717136816e-26
-3.37830280501652e-26
1.4710157621821e-26
-5.00390704561236e-28
-1.62795548006961e-26
6.89932303744321e-27
1.35707217953091e-27
-2.82341831391425e-27
-1.38453724455293e-26
1.39111825751264e-27
-2.72457898731519e-27
-9.96709872849415e-27
-2.89845936554946e-27
-6.53721811524303e-27
-7.16867236487386e-27
1.06772089099879e-26
-8.48068706227485e-27
-1.61971736488692e-26
-4.84245493405046e-27
1.5184939476653e-26
3.29643974840642e-27
-1.05026878089661e-27
1.3675416651101e-26
9.70337672761975e-28
1.03335996861012e-26
-3.8547011369867e-27
-3.93196653739883e-27
-5.27261941183745e-27
-3.3895313778277e-27
-7.68741958921754e-27
-2.98758879534557e-27
-1.19922040341322e-26
-6.12604210300148e-27
-1.12082840921526e-26
2.68365297599696e-27
-8.62652359341527e-27
-7.36313862711006e-27
-1.91105915718643e-27
6.13437776854203e-27
-2.49077911677468e-27
3.7090551926637e-27
7.54974569084924e-28
-1.17915825700099e-26
-8.06368310577451e-27
6.13102243746704e-27
-2.97123092942469e-27
5.78098467007466e-27
-1.03534733772592e-26
-1.31738423020948e-26
8.31008678347711e-28
-1.4108740857703e-27
-2.53138790135077e-27
-4.57889593505937e-27
1.55787169186417e-28
4.90526582899455e-27
4.50156031845135e-27
-4.85119183499609e-27
1.39166494075206e-26
-2.6718416087599e-27
5.33121984274948e-27
7.4587166621822e-27
-1.38140836070969e-27
7.56346794170299e-27
-3.87420619311618e-27
-1.48718404437408e-26
3.21253139431893e-27
5.64147511972811e-27
6.47747917886908e-27
1.98670707737183e-27
5.07382607652959e-27
1.02000033425371e-26
3.87658602061257e-27
-2.911690103032e-28
4.19419895183187e-27
1.71782920154214e-27
7.6618608939139e-27
-6.85245874212978e-27
4.54646357572244e-27
-7.20478731291305e-27
-4.88432384857063e-27
-8.98058374574358e-27
-4.01746729450024e-27
3.59814369581427e-27
8.94524242971982e-28
-6.77696128522129e-27
5.4801483942303e-27
-7.24061888844739e-27
-7.5857252219392e-27
-7.60885268146018e-28
2.09540927177203e-27
-6.23641945521789e-27
4.48248909810361e-27
5.11047516920178e-27
-1.22870819642111e-27
-1.16193409876333e-26
-1.68783234111406e-26
6.13783591618957e-28
-1.18665872596866e-27
2.25039647786957e-27
-5.79994555068601e-27
1.22578419340659e-27
-6.02462483892477e-28
-5.54182329143376e-27
1.55650247604433e-27
-1.08536233405773e-26
1.21699917555886e-27
-5.31741044858118e-27
-4.88611937700836e-27
-1.30074750568207e-27
-2.08613070302954e-27
4.27602589725551e-27
-6.95423962579234e-27
-6.79436988635923e-28
6.7855778155454e-27
3.70610501530829e-27
5.60656137018289e-27
7.46170900060165e-27
-7.64796059484914e-28
3.40202986069596e-27
-4.46215649395115e-27
-2.03190875347545e-27
1.04478915912385e-26
5.1734891895697e-27
3.94530173714601e-27
-2.20632139555178e-27
1.02495145376634e-26
-3.65415365064225e-27
3.46526330667604e-27
5.11919451609844e-27
5.71618765987541e-27
1.16042445055171e-26
-2.46916255932596e-27
-2.5411507737658e-28
3.57097629730839e-28
8.55597073594407e-27
1.42632917202975e-28
4.57209123336133e-27
2.48615237100985e-27
4.15203663392173e-27
2.95801774599113e-27
2.88073228380874e-27
1.2995077509734e-27
3.09274131027145e-28
2.4655288711887e-29
-3.03880022550092e-27
-1.73156649872359e-27
2.13959532075654e-27
1.18401308001641e-27
-1.29738465144323e-27
-3.25894429980163e-27
1.24162296102215e-28
-3.53779851782046e-27
-7.15088008237982e-28
2.12930112489494e-27
2.13058883977312e-27
-1.59218985760498e-27
-5.68353462106569e-27
1.20774364650565e-27
3.76802676632543e-27
-3.65764941410902e-28
2.78212554835857e-27
2.57310635259403e-27
-1.01486727956208e-27
-2.09450022280739e-27
2.91957688646312e-28
1.84046680310505e-28
3.26664049641534e-27
-4.07770526740926e-28
1.87994303805727e-27
-6.31680571476516e-28
2.93638363449343e-27
2.48269798494423e-27
2.07101415914313e-27
4.66999016447973e-27
-3.91001394529835e-28
-2.10255376970375e-27
3.68435413803842e-27
-3.40905304761068e-27
-1.80083477596821e-27
-1.64370785668701e-27
-3.58934159411531e-27
1.48696085718001e-27
8.87419868580772e-29
-1.79385829536237e-27
-8.87557793251269e-29
6.97036176591274e-28
3.49684335424233e-27
2.69765546470396e-27
1.68210044258035e-27
-9.44340126234029e-28
-1.58257650807137e-27
4.34721759672323e-27
-2.47889502562045e-28
1.7379561725495e-27
8.35775856504326e-27
4.36842884371978e-27
2.17877345034139e-27
-1.88418265434923e-28
3.51289371084104e-27
-1.38524768199206e-27
1.99870526984438e-27
3.82131584356271e-28
-1.75900096954598e-27
-2.23893619161195e-27
3.01468723151621e-27
-1.8663232903109e-27
1.18245327737915e-29
3.66950215874723e-27
-1.62392632428622e-27
2.98000043074698e-28
-4.58459347781152e-27
-3.67157980582916e-28
4.03753157247555e-28
3.19361972773774e-27
4.06821354235782e-28
3.09861878202556e-27
4.2964086558336e-27
3.51031201178147e-27
-3.50082906375452e-28
2.79360276173483e-27
9.06272917177e-28
-1.09564348976867e-27
-1.10236292894313e-28
-3.48940012401292e-28
2.47032363427941e-27
2.31725358110178e-27
1.3141838763097e-28
1.94066029919626e-27
-6.24467738139871e-28
-2.36802365231153e-27
-4.59113612263561e-28
2.73421333901453e-27
1.59850743444404e-27
3.92444086583228e-27
4.71832899990683e-27
-1.90996955228951e-27
-7.51172863621784e-28
3.17839879995297e-27
-1.97159053348542e-27
1.77204362793239e-27
3.25914523096933e-27
3.33031780906228e-27
1.83769827881e-27
9.72447920220571e-28
-2.62281064225904e-27
-6.16129439491974e-27
-5.05330413942035e-27
-3.39510604223704e-27
5.50708132079634e-28
4.44977023161024e-27
1.99770782370457e-27
-1.25268828117789e-28
-2.66816152777893e-27
-2.29525459615759e-28
1.6797920851405e-27
3.87731325978428e-29
-4.20502227688392e-27
-8.47183480615026e-28
6.77316083361879e-28
1.11076692988861e-27
1.30117068364836e-27
-2.11137342545168e-27
1.00862430743116e-27
7.37117085837552e-28
1.17310950788334e-27
-3.09903945227058e-27
-1.76350985241058e-27
1.96453944817144e-28
1.98170229262377e-27
9.10781800041594e-28
-3.65991514028708e-27
5.30328131994946e-27
2.409699472293e-27
-2.04327876176692e-27
-2.81646440279995e-27
3.00720920665402e-28
7.02152304164245e-27
1.74143187424601e-27
4.71218006732397e-27
2.09200566706237e-27
6.66336652660039e-28
4.02345698678171e-27
1.60220068096174e-27
2.31790935021696e-27
3.64919087022566e-27
3.25553254499781e-27
2.00795123821021e-27
3.33624041979946e-27
-9.74187024929468e-30
6.29118307256884e-28
2.51845558270076e-27
3.46720804453004e-27
7.93201018443344e-28
-1.58882700336614e-27
)
;
    }
    front
    {
        type            wedge;
        value           nonuniform List<scalar> 
900
(
4.17271072701974e-26
7.04097418176438e-27
-3.65734297056839e-26
-2.53543661736016e-26
-3.26716962560579e-26
3.73825810853398e-26
2.13486726305192e-26
-5.49949496237478e-26
7.78099771656748e-27
1.71456057493047e-26
-2.91783753098209e-26
-2.21971651416433e-26
2.69052814466302e-26
-1.1983818214166e-26
6.5129794844221e-26
-1.48096188632979e-26
-4.8723018327459e-27
-6.5909094309739e-26
6.13599123641471e-26
-4.54650269617444e-26
-4.91302522018456e-26
-1.6406535775519e-26
5.41112487058278e-26
-5.32594460026118e-26
2.30887102117326e-26
1.78281730010306e-26
-6.70444701354957e-26
4.75481509069571e-27
1.16247727119296e-26
9.69057731819768e-27
-3.27766092836013e-26
-2.2823634041366e-26
4.54387059191711e-26
2.65232852792231e-26
-2.38108536937968e-26
-6.08918863104482e-26
4.7588281970629e-26
2.40067217722295e-26
2.3835429362358e-26
-1.37542192846589e-26
4.39106410024619e-26
1.64837134056863e-26
-2.38595837337438e-26
-4.7673867990254e-26
-2.88327762090972e-26
4.52869386271996e-29
1.71096907920378e-26
2.84396658209694e-26
-5.8099789435343e-27
-2.11691197867456e-26
2.46500174817527e-26
-3.06681071990173e-26
-4.4933430173553e-26
-4.48537849456445e-26
7.58248806722962e-27
-2.73419359070944e-27
-1.01185249703716e-26
-8.00734463945862e-27
7.85233737159082e-27
8.17195347056999e-26
4.82851701916647e-26
2.81245957191299e-28
1.84107266856672e-26
5.0944487299948e-26
5.24350025385797e-26
-6.41767002629924e-27
-6.29219669351092e-26
3.21541427070443e-26
6.53387381814168e-26
5.11770141884729e-26
-2.39984713692125e-26
-4.75894079374845e-26
3.5418862602423e-26
2.03697485200885e-26
2.16731316408377e-26
-3.14168124648978e-26
-1.46335768293188e-26
1.73333293759446e-26
6.28322005441076e-26
1.83980476468667e-26
4.5537891311307e-26
-2.31137516895218e-27
2.86269875852739e-26
-4.52005727062557e-26
-1.59721482950936e-26
3.98090321357949e-26
4.57682004338233e-26
-1.6094113827353e-26
-7.37795675216394e-26
1.90378977473488e-26
6.39987931113099e-27
-2.01303213229917e-26
-2.48041620934996e-26
-7.98280909443793e-27
3.04425727778214e-26
5.28844313312532e-27
-5.91509459495734e-26
-7.3383327497352e-26
-3.61365244730915e-26
-1.15932556708605e-26
-4.27202858953239e-27
1.87210421479566e-26
4.65786357667756e-26
3.87221255469719e-26
-2.9841161029146e-26
9.03321329228376e-28
1.21263771535912e-26
-2.98678231218136e-26
-1.97104964935146e-26
-1.84643718593265e-26
8.08306779128247e-27
-3.54496495831339e-27
-3.73446543086746e-26
2.56735489383433e-26
6.79171170180057e-28
-8.96474247040674e-27
4.82876578511762e-26
4.97989718166536e-28
1.53923480884243e-26
4.73817385226999e-26
2.76150267546775e-29
-2.10915308902881e-26
-1.37240564130819e-26
-8.33962774017618e-26
3.16139996047247e-26
1.87778169577755e-29
4.85332194047258e-26
3.69369991371126e-26
-5.84255925842686e-27
-6.00898167356919e-27
-6.22883560451761e-26
-7.81051861149629e-26
-2.06095167672796e-26
2.37979539755234e-26
-3.44440533491505e-27
2.78459439996045e-27
2.5150729174638e-26
4.70572594506112e-26
2.73567916479675e-26
1.31040774960364e-26
-1.38648097931842e-26
-4.70795581082485e-27
1.18749028634569e-26
-2.38263213186626e-26
1.32502853266591e-26
-3.87603883582889e-26
2.67962808333975e-26
1.47450600866205e-26
1.48888127013757e-26
1.28289403478874e-26
-3.30375226366402e-27
-2.92333896993e-26
1.85908613207782e-26
-1.74113361214607e-26
-3.23867865180739e-26
4.56842118326548e-26
1.94624348985796e-26
3.07995418868366e-26
2.56509192614967e-26
2.82841269161899e-26
-2.91377351787288e-26
1.08936816803321e-26
3.13681853982559e-26
-1.26045168472194e-26
1.52112855964391e-27
-2.0083828170428e-26
2.9047718015599e-26
5.86807783018999e-26
2.80463949386796e-26
-2.5823651103384e-26
-3.43717507291549e-26
1.7670953296062e-26
-9.34726525928296e-27
-4.87360584781241e-28
2.79730290448606e-27
1.27660667599113e-26
-5.52960567334906e-27
8.99373172842382e-27
-1.77645370657848e-26
1.53163591181446e-26
-1.5448572766887e-26
-5.32400487784975e-26
-2.28696607577713e-26
1.73419158136133e-26
1.6949397247708e-26
-2.5245731687676e-27
-5.52431337835604e-26
-4.75429850011167e-26
-4.90573677905127e-26
1.09961840040609e-26
-1.3819540408606e-26
1.36871578021422e-26
3.15030881078753e-26
-3.35294372432691e-27
8.95324707605118e-27
9.09458224749085e-27
2.05633145103846e-27
-5.07586460315953e-26
-2.94968966630745e-26
-1.08920892773182e-26
-1.35741348039735e-26
-1.54475330029506e-26
3.01441138217522e-26
-1.21150823769382e-26
3.51255717464502e-26
-5.19297318084042e-26
2.23817133662102e-26
-4.24232365920801e-26
-2.60781547208266e-26
-1.25798835010687e-26
2.01927535520223e-26
-1.8700849976196e-26
2.45480435035515e-26
-3.09075845505397e-26
-3.1566794259317e-26
-4.91799652685351e-26
-7.81831803218726e-26
5.01070848727273e-26
3.12004362418229e-26
1.05224085291258e-26
-2.66019876039297e-26
4.28301541801201e-26
-3.43589513197329e-26
-4.24724327547204e-26
-2.1819963737327e-26
3.10311653687697e-27
8.14644292351496e-27
-2.19553907174268e-26
-2.40889700148284e-27
-2.95001911819084e-26
-2.53689711423465e-26
-1.87056146466313e-26
-1.84859984476604e-26
4.31380020446683e-26
-4.21236356824322e-26
-5.18747450038592e-26
-5.02906450551092e-27
3.89910937007677e-26
2.1711539899989e-26
6.97250837532992e-27
1.384394555212e-26
1.77512561738766e-26
3.97480242924524e-26
-1.99926267359229e-26
1.13826497144549e-26
-1.0221301419383e-26
-1.15785403623792e-26
-3.0901295185565e-26
-4.87628409414132e-27
7.34299911749629e-26
-1.40487361028732e-26
1.25373425172451e-26
-1.96213573462985e-26
1.27314451598954e-26
2.08348656171006e-26
-1.14632754613846e-26
1.86063389765292e-26
5.13756357448729e-26
2.01139107949239e-26
-2.33540873086529e-26
3.06895933549593e-26
-2.18548970784447e-26
-9.07319389267876e-27
6.0219736759857e-26
-7.2269417765767e-27
-1.50494372649147e-27
-1.83508021779184e-27
-5.02347329014112e-26
1.38554810700161e-26
-5.8456588019311e-27
-2.52581292347627e-27
-2.80158885092871e-26
3.19193397479911e-26
2.51937416100627e-26
4.01110620869694e-26
1.90997180923866e-26
-1.46298453400515e-27
-3.47033316679136e-26
-1.4830864277997e-27
-2.04715474279978e-26
-3.04677151913923e-26
1.0632863620702e-26
1.14755933883206e-26
-1.3886275887356e-26
-3.9892830150146e-27
-2.22183503710316e-26
-1.72850808184837e-26
-1.78832024368374e-26
-6.48734956983408e-29
-1.36114396657609e-26
-3.28739540083165e-26
-1.93170873730891e-26
-1.47054380903687e-26
-7.44806260831667e-27
-2.64311816919869e-26
1.00970689070849e-26
-1.18303256099524e-26
-4.1547932465407e-27
1.68052659670392e-26
-3.49666775105957e-26
3.2582942984454e-26
1.68287156687449e-27
-8.99532663915901e-27
-4.70211783568093e-27
-6.8216839865601e-27
-3.27500976542106e-26
4.52434603825466e-26
1.61376629151319e-26
1.0372055591957e-26
8.92474933140532e-27
4.2167644310136e-26
-8.71178360927363e-27
-2.5369873922008e-26
-2.79183607209184e-27
3.36907338761115e-26
-1.93788788793322e-26
-2.10316665678501e-26
-6.06523337272873e-26
-1.57625429194794e-26
-2.52230017019782e-26
4.00858243799898e-26
-4.80799182201957e-26
-2.7282442727406e-26
-1.01173513568117e-26
-9.58386938914679e-27
1.66991768182146e-26
-2.93903279125548e-26
4.02484250278988e-27
-1.40717268915843e-26
-1.88153023754952e-26
-3.67734254933463e-27
-2.69771627694504e-26
-1.6523174907776e-26
9.05248042835663e-27
-9.70494656114213e-27
-5.66117878738311e-26
1.00820627029349e-26
-3.51973427295341e-26
-3.28451402907891e-26
1.42204648562477e-26
3.90452805422239e-26
1.96054452278355e-26
7.06015542838335e-27
1.63318106967653e-26
-8.11886802030079e-27
-2.51628966382971e-26
-2.02119025117298e-26
-4.54907963056357e-26
1.36914660673042e-26
-2.78034669626735e-26
7.10526312763194e-26
3.00030664113296e-26
3.27851907058275e-26
9.29922233496712e-27
-7.34782397324238e-28
-9.05972492167446e-27
6.95109243558374e-27
2.37183187785e-26
-1.52333033892929e-27
-7.24482684475818e-27
1.79170510317682e-27
1.01720698351796e-26
-5.49338916259796e-27
1.45654470575361e-26
-5.64375714609451e-27
1.99218394065118e-27
9.22437187014932e-27
-1.17242790923896e-26
6.18825365255924e-28
-1.96633720221182e-26
1.90533653722147e-27
-1.91910793941235e-26
-1.59668570031891e-26
3.95287090200353e-28
-9.28345378354745e-27
1.10487691952809e-26
-7.47357114919467e-27
-1.71494030662556e-27
3.09362490586508e-26
-3.40381285052729e-27
1.49140704701256e-27
-1.53021955083452e-26
1.14644390440593e-26
2.79503793062438e-26
-1.7655019861968e-26
-1.78936947426803e-27
2.22719754829206e-26
-5.25980307529672e-27
-5.89597873717078e-28
1.00680746336253e-26
7.13122205525215e-27
-1.60087409640369e-26
7.78669525931963e-27
8.23165529266897e-27
1.16588175360507e-26
2.8117975334946e-26
-1.30823393141055e-26
-1.44126741693303e-26
1.86611978872888e-26
9.21803736619161e-27
-3.83909057200778e-27
8.39111627353315e-27
-4.93622665748335e-26
-8.94995694572952e-27
-2.40911768095564e-27
1.32293469510845e-26
-2.70892253103681e-26
2.23047764772859e-27
-1.15993093100346e-26
2.49815282043155e-26
6.09720330826131e-27
-2.49988716047001e-26
-1.30538428233203e-26
5.4096964725407e-27
-3.33246448117249e-26
-2.97414615541473e-26
7.091961170865e-27
-1.96702898847391e-26
-9.46009767063421e-27
2.10418980706797e-26
-3.05037009917855e-26
1.0455452370903e-26
6.28194211964557e-28
8.17183736307464e-27
-4.25969561626872e-27
-2.47192255736866e-26
2.09181671026379e-26
-6.35507730310665e-27
-1.7650044542945e-26
-3.21162761156898e-26
-2.06498810490307e-26
2.59851483539289e-26
-9.1202211898755e-27
2.42822651712261e-28
-3.61882236550362e-26
1.39374033088484e-26
7.23513700972548e-27
5.86909094958781e-27
-3.07610132570637e-27
1.2299470107343e-27
1.00480379405841e-26
2.64992644439955e-26
1.52903540484528e-26
7.89999912227185e-27
3.22380610920169e-27
2.05375852900338e-26
5.11008697394737e-26
4.51765988908021e-27
-2.58632630687506e-26
-1.6579327802717e-26
-1.81019559796874e-26
2.05420741111281e-27
3.93465983005543e-27
1.41519739726005e-26
1.00028889266273e-26
7.186768081643e-27
1.50819373327262e-27
-4.43967978810279e-27
-5.83504612546672e-27
-3.1056261702962e-26
-3.75259274492474e-26
-1.29768557799704e-26
1.28572424902733e-26
9.74231662368283e-27
-7.44770149645209e-27
-3.3152887846486e-26
2.13632775992641e-27
6.20836557723891e-27
2.68052860605202e-26
-1.03256652559658e-26
-5.23634773121816e-27
1.0221612376822e-26
-2.78663004271092e-27
1.05915514203063e-26
2.81581791225351e-26
-7.36236875667656e-28
-4.22297555508425e-26
-1.15443576135876e-26
-1.33121280844558e-26
-4.21142198159495e-27
-5.30163374706734e-27
2.00583798148608e-26
1.64148112557488e-26
2.45627086576072e-26
-2.38263614422031e-28
1.2890981372398e-26
-2.62419427747625e-27
-2.32182816626395e-26
2.15676618991697e-26
1.99281789259121e-26
-2.16342017756597e-26
-1.11457177000335e-27
-3.66039035346997e-27
1.00713095940787e-27
1.95090283599946e-26
2.20261498349734e-27
1.69254886330078e-27
1.42713615673822e-26
3.88371296449531e-27
1.01244331617114e-26
2.15944694396716e-26
1.95537259841206e-26
-1.20688600582729e-27
-2.96471737416746e-26
-6.90181696625791e-27
-3.67564482202688e-27
1.64339251073583e-26
5.18240664644762e-27
-3.45222942531412e-28
-8.44600527694819e-28
1.05770066368722e-26
-8.18712819359014e-27
-8.88249924325033e-27
-2.07347761914426e-26
-1.3869471647047e-26
1.57818523733489e-26
-1.55307692877346e-27
8.10768358338417e-27
1.8306465665657e-27
1.01807967052401e-26
-1.12962913166752e-26
8.08864496341309e-27
-2.67272934209363e-29
-2.18402461870538e-26
-5.43919981342053e-27
-2.971650220423e-26
2.52688027234682e-27
-3.33147763015509e-27
7.03566282808962e-28
-8.71623732227002e-27
-1.2326954732591e-28
-1.81193608192434e-26
1.1439692850451e-26
1.19721372484356e-27
-1.6129653253358e-26
1.15826028708556e-26
-3.71919140208455e-27
-1.45378320307814e-26
-3.47406666223564e-27
-2.78053126455369e-26
-6.68286405956603e-28
1.06783110534912e-26
6.79339689050191e-27
-1.29302773648831e-26
9.7875258229503e-27
4.76930470426169e-27
1.1293673255657e-27
-1.46956981009104e-26
3.48805974698782e-27
-2.43981093558367e-27
2.71834228448747e-27
-9.72265107339132e-27
-8.51134646266558e-27
-2.80863780467959e-27
5.1503579684668e-27
-3.67372139980378e-27
-1.04600164236358e-26
2.35390568303951e-26
-2.53040612846896e-27
8.85544594606276e-27
-8.83409771479119e-27
6.47869793141201e-27
-5.35737537571818e-27
-2.46936819247106e-27
-5.69824491410446e-28
-3.64229463670084e-27
-1.23031414112995e-26
-1.27387852600871e-26
6.32087449254481e-27
6.23467157348451e-28
-5.15382363927819e-27
-4.6704553467775e-27
-1.28318091810338e-26
2.21778556877738e-26
2.75759664879928e-26
-2.62781304467188e-26
2.77886864534389e-28
9.82496359396561e-27
1.63328890169165e-27
4.71872898145127e-27
-1.67224334253816e-26
-4.80078162179027e-27
5.46970122737051e-27
-2.81337238245954e-27
-1.82470427021646e-26
-2.32106644592462e-26
-1.31448229514223e-26
-6.3835073392779e-27
-1.19033554691197e-26
6.32418217691544e-27
5.90484603962307e-27
-2.67610975038145e-27
-1.05068305645235e-26
-2.38473259921186e-27
-1.1498199241815e-26
-3.81539762133777e-27
-8.068618301257e-27
-1.13006948752459e-26
-1.21453505728089e-26
-1.84564775527316e-27
1.24097095348889e-27
-6.50012390204332e-27
-1.8857060950279e-27
1.96044722319781e-26
8.07568004438642e-27
1.36759332416851e-27
-8.52521416135368e-27
9.51215796444343e-27
-1.04951144906952e-27
-8.37736894546658e-27
-8.40434701101569e-27
-1.12171376021379e-26
5.93104294999291e-27
-1.04051499897123e-26
1.31455251133812e-27
8.96885513330882e-27
-4.4064173730216e-28
2.89584130453131e-27
-1.64828858576633e-26
6.3168897234281e-27
-1.24520198083547e-26
8.48196600012855e-27
3.87719288916275e-27
1.23693853766783e-27
-2.64974356882508e-27
5.03109074430657e-27
1.1065520773443e-27
4.02453154535094e-27
-5.91956636354696e-27
3.15841476905867e-27
5.46187337538952e-27
-1.75427642265116e-27
-8.79681040705279e-27
-8.0392328232774e-27
1.47452506734379e-27
-2.82591098886831e-27
-2.98759381078814e-27
-7.13247090045046e-27
-1.26897718476352e-27
1.17796445628481e-28
-7.99491135734368e-27
-1.32792217657967e-26
-7.36314865799518e-27
9.39514267399422e-27
-9.81580790356592e-27
8.80718735771669e-27
1.70495957592418e-27
-1.11690294770687e-26
-3.50920109125365e-27
8.19859349529032e-28
8.04654784625628e-27
-2.97126603752263e-27
1.34392294299003e-27
-4.00457008394818e-27
-6.82682481518769e-27
3.35119333487224e-27
4.92961831036167e-27
1.70104878458529e-27
1.47320099050702e-27
6.20690859117421e-27
6.79722868862043e-28
-1.603860290906e-26
-3.02881071777505e-27
5.47635170420972e-27
3.36847654994609e-27
-9.13485123583326e-27
5.17210994286474e-27
4.91532179133439e-27
-4.63146028084622e-28
5.88038321851955e-27
-1.14111750440349e-26
8.9514716093837e-27
3.91139820744588e-27
6.47784530617621e-27
-9.47368450453876e-27
5.07478402605922e-27
2.59710399139978e-27
-3.20355625985153e-27
5.14616004304115e-27
-7.20568633099256e-28
-4.39553386265879e-28
7.66184083214365e-27
6.15954525932571e-27
6.70252710213626e-27
6.67656842528819e-27
-4.88432384857063e-27
-3.84564826315957e-27
1.11468712518231e-27
3.59902139826288e-27
1.16393174953638e-26
-1.16220844347155e-27
-1.67636653786962e-27
-7.24061888844739e-27
6.33113107258718e-28
-2.67952275904591e-27
-1.13960961159677e-26
-6.23642948610302e-27
-8.99678111750243e-27
5.57357104286077e-27
5.04272155561135e-27
3.28972407081388e-27
2.83286239226134e-27
6.13782337758316e-28
-7.07212760324761e-27
-9.05776388363213e-28
-1.03187213757366e-26
5.73977027080903e-27
-4.68495248350732e-27
-6.90264326042025e-27
4.70591954114407e-27
-4.55772324427752e-27
-5.95970228592886e-27
-1.10338545229577e-27
2.26576379388416e-27
-2.56921060758283e-27
3.79030285447125e-27
1.33839592528504e-27
3.11929180934202e-27
2.25501319274928e-27
6.7845747270327e-27
-2.07407828108427e-28
-1.02354211440599e-27
6.2870929791583e-27
-3.11572708354001e-27
-2.84103505591857e-27
-1.74183060192981e-27
3.03545868689298e-27
1.16214976279356e-26
9.17153919818532e-28
-1.08964705798626e-27
2.98744052632479e-28
6.31865892079238e-27
-4.73416400594047e-27
6.19033506122309e-28
2.61916441551537e-27
2.13835901416464e-27
3.03573453623397e-27
1.10853718951094e-26
4.34398639785169e-27
3.57098570126319e-28
3.00579861343303e-27
1.12691978959471e-27
3.58842878356875e-27
1.19092185214764e-27
1.87514858843171e-27
-6.12809341900995e-28
6.1338461316303e-27
1.2995053999847e-27
-1.46844948560842e-27
-8.62861754068553e-28
-2.15187939345521e-27
3.26460924217712e-27
9.72569544702736e-28
6.17310200057488e-27
-4.23356766823413e-27
-3.26052416420914e-27
1.17441195562405e-27
4.56728769324613e-27
-1.50272439315711e-27
3.03120809932041e-28
5.77930449681589e-27
-4.20118546332283e-27
-1.5052145603899e-27
-1.39861132870252e-27
1.94987868262799e-27
3.36555380079221e-27
4.81568375550709e-28
9.66874509671873e-28
-4.22300765391666e-27
-7.10328353245212e-28
-2.00297215760529e-27
1.85052276544489e-28
-3.8258247264273e-27
-4.07752972691953e-28
3.75193659965137e-28
2.18535371098471e-28
2.9363917845876e-27
3.12558618975923e-27
5.79673566744536e-28
-4.48882109434004e-28
-2.52517251415394e-27
-6.11156753576319e-28
7.03139970191064e-28
-2.56480767594239e-27
-1.16569605684415e-27
2.57623661568398e-27
3.57703871350703e-27
2.95966281115196e-27
8.8325705125306e-29
-1.15970573763236e-27
-1.56032424327773e-27
-7.74502194705944e-28
-1.5143432927858e-27
6.16667471092974e-28
2.28990688052425e-28
1.95925505250047e-27
6.9368586095885e-28
-8.25416459889399e-30
4.73209012044045e-27
-3.39841372660767e-28
6.28271199007907e-27
1.49807037592334e-27
-2.72965461518946e-27
-8.05173506772759e-28
1.46613673965632e-27
-4.04816180298891e-27
1.38325153585178e-27
-2.47461685311378e-27
-3.30911377176441e-28
1.23230677646043e-27
4.42398552792609e-27
-1.26054622581426e-27
6.19471103485975e-28
3.6685166242835e-27
-4.11519570057148e-28
9.04392126215685e-28
2.3923410255807e-28
-9.73843467113868e-28
-1.00281767880326e-27
4.57881443411771e-27
-1.89813812328219e-28
5.21075016623465e-28
3.37140556840318e-28
1.53016387942207e-27
-1.73279152056973e-27
2.18087742849678e-28
3.66997486420884e-27
-2.47673587759686e-27
3.19772706173209e-27
2.95736323073659e-27
9.08634375614996e-27
3.67785663219739e-27
1.30994582734354e-28
3.30251219549019e-27
7.35877017663724e-28
3.52442672101582e-28
9.00429926590513e-28
3.88962209623061e-27
1.78093349987621e-27
5.26356591107999e-27
4.71833025376747e-27
-7.52787836127234e-28
-1.32874495993221e-27
6.86640418017762e-28
-6.33114361119359e-28
-2.05526316177243e-27
1.37410775712818e-27
6.96394199943145e-28
1.08809023326803e-27
3.42699673377711e-27
-7.35989865121403e-28
-3.52673633231632e-27
2.15385673168588e-28
-1.51070897771822e-27
2.43478671599567e-27
4.62519944120116e-27
7.00552628758614e-28
2.85260630884291e-27
1.04688586488752e-27
-2.29519190312554e-28
2.23957064509624e-27
1.15882803518375e-27
-1.60814648812078e-27
-4.00149812537803e-27
-4.66975318481861e-29
1.11077131840085e-27
2.58160313922694e-27
-2.11137593317296e-27
-1.3770436718188e-27
-1.64824996685859e-27
6.83253740426753e-29
7.40264276046153e-28
-1.76499943885194e-27
-2.3252419272448e-27
-1.81071206316672e-27
-1.79969752436693e-28
6.77914801817898e-28
4.20894686068986e-28
2.95497964165828e-27
2.29702504738251e-27
2.24127464170719e-27
-4.16076099626096e-28
2.65085260856194e-28
1.74187009854e-27
9.61803897240166e-28
-2.36342072989887e-28
4.24606615110239e-27
-8.05110186810395e-28
-7.26267429712042e-28
5.26427120769049e-28
4.36019254663502e-27
3.94576809493812e-27
-1.00799863097136e-27
1.5605718807543e-27
1.7671422866872e-27
9.390663883785e-29
-4.9995436105821e-28
-8.62994663296486e-29
7.93193495279499e-28
-4.0703877367091e-27
)
;
    }
}


// ************************************************************************* //
