
                    FoamFile
                    {
                         version   2.0;
                         format    ascii;
                         class     scalarField;
                         object    values;
                    }
                    //***********************************************************************// //

                    244
(
1383371.46903978
1383371.46903978
1992897.7384379474
6128078.458483882
10423740.501481283
14892343.493030969
19518174.201381184
24341910.239297196
29347450.02195981
34559817.260066
39991106.340725824
45638643.56358304
51550371.239275575
57697872.07631806
64145064.180444404
70870715.24816623
77915801.14874929
85302623.64009216
93030227.77774894
101177775.83827336
109704308.12890488
118717263.48033792
128187279.7769936
138188186.33829305
148762920.34148115
159917048.75862762
171795084.532726
184334252.59398386
197735168.49790668
211957408.8565445
227146643.63793483
243398902.3844786
260740161.8162586
279463909.56929946
299472802.8113045
321180223.773353
344536059.01848465
369863329.2537969
397382866.0125903
427190341.50378877
459923452.2192595
495394693.42754686
534532201.8331835
577183667.1946315
624004484.8349373
675346336.8691051
730835759.1361134
790828674.3475795
853635601.4750308
918243021.4352176
982905744.8398261
1045371421.1299293
1103774101.5876586
1156480642.00489
1200832827.8678
1236829613.570274
1261653270.3880415
1275471103.2368958
1275423289.3234859
1259221702.9755278
1225625167.4289927
1160228476.7082448
1051102822.6326579
948051658.2566588
839480186.3404644
730700316.8758044
622472992.1502275
512863201.90586334
401378248.421771
288642019.116124
174235053.55592147
58429422.20976032
40986142.6411381
40986142.6411381
40986142.6411381
40986142.6411381
40986142.6411381
40986142.6411381
40986142.6411381
40986142.6411381
40986142.6411381
40986142.6411381
40986142.6411381
40986142.6411381
40986142.6411381
40986142.6411381
40986142.6411381
40986142.6411381
40986142.6411381
40986142.6411381
40986142.6411381
40986142.6411381
40986142.6411381
40986142.6411381
40986142.6411381
40986142.6411381
40986142.6411381
40986142.6411381
40986142.6411381
40986142.6411381
40986142.6411381
40986142.6411381
40986142.6411381
40986142.6411381
40986142.6411381
40986142.6411381
40986142.6411381
40986142.6411381
40986142.6411381
40986142.6411381
40986142.6411381
40986142.6411381
40986142.6411381
40986142.6411381
40986142.6411381
40986142.6411381
40986142.6411381
40986142.6411381
40986142.6411381
40986142.6411381
40986142.6411381
40986142.6411381
1383371.46903978
1383371.46903978
1992897.7384379474
6128078.458483882
10423740.501481283
14892343.493030969
19518174.201381184
24341910.239297196
29347450.02195981
34559817.260066
39991106.340725824
45638643.56358304
51550371.239275575
57697872.07631806
64145064.180444404
70870715.24816623
77915801.14874929
85302623.64009216
93030227.77774894
101177775.83827336
109704308.12890488
118717263.48033792
128187279.7769936
138188186.33829305
148762920.34148115
159917048.75862762
171795084.532726
184334252.59398386
197735168.49790668
211957408.8565445
227146643.63793483
243398902.3844786
260740161.8162586
279463909.56929946
299472802.8113045
321180223.773353
344536059.01848465
369863329.2537969
397382866.0125903
427190341.50378877
459923452.2192595
495394693.42754686
534532201.8331835
577183667.1946315
624004484.8349373
675346336.8691051
730835759.1361134
790828674.3475795
853635601.4750308
918243021.4352176
982905744.8398261
1045371421.1299293
1103774101.5876586
1156480642.00489
1200832827.8678
1236829613.570274
1261653270.3880415
1275471103.2368958
1275423289.3234859
1259221702.9755278
1225625167.4289927
1160228476.7082448
1051102822.6326579
948051658.2566588
839480186.3404644
730700316.8758044
622472992.1502275
512863201.90586334
401378248.421771
288642019.116124
174235053.55592147
58429422.20976032
40986142.6411381
40986142.6411381
40986142.6411381
40986142.6411381
40986142.6411381
40986142.6411381
40986142.6411381
40986142.6411381
40986142.6411381
40986142.6411381
40986142.6411381
40986142.6411381
40986142.6411381
40986142.6411381
40986142.6411381
40986142.6411381
40986142.6411381
40986142.6411381
40986142.6411381
40986142.6411381
40986142.6411381
40986142.6411381
40986142.6411381
40986142.6411381
40986142.6411381
40986142.6411381
40986142.6411381
40986142.6411381
40986142.6411381
40986142.6411381
40986142.6411381
40986142.6411381
40986142.6411381
40986142.6411381
40986142.6411381
40986142.6411381
40986142.6411381
40986142.6411381
40986142.6411381
40986142.6411381
40986142.6411381
40986142.6411381
40986142.6411381
40986142.6411381
40986142.6411381
40986142.6411381
40986142.6411381
40986142.6411381
40986142.6411381
40986142.6411381
)