/*--------------------------------*- C++ -*----------------------------------*\
  =========                 |
  \\      /  F ield         | OpenFOAM: The Open Source CFD Toolbox
   \\    /   O peration     | Website:  https://openfoam.org
    \\  /    A nd           | Version:  8
     \\/     M anipulation  |
\*---------------------------------------------------------------------------*/
FoamFile
{
    version     2.0;
    format      ascii;
    class       surfaceScalarField;
    location    "0.0865000";
    object      phi;
}
// * * * * * * * * * * * * * * * * * * * * * * * * * * * * * * * * * * * * * //

dimensions      [0 3 -1 0 0 0 0];

internalField   nonuniform List<scalar> 
1691
(
7.59880843498794e-10
9.51207176606195e-12
7.5059121124294e-10
9.64043222240822e-12
7.41277119375943e-10
9.740556436555e-12
7.31833145937513e-10
9.94163543476834e-12
7.2232081256295e-10
1.00516151310357e-11
7.12786683922886e-10
1.0112570658039e-11
7.03250045361904e-10
1.01519525270911e-11
6.93724062574237e-10
1.01861676040884e-11
6.8420343608272e-10
1.02140357754374e-11
6.74687989576238e-10
1.02374065550159e-11
6.65177411424914e-10
1.02599249104997e-11
6.55674755936072e-10
1.0284047762934e-11
6.46178964915931e-10
1.03075424505247e-11
6.36687155208496e-10
1.03276989117816e-11
6.27200115792828e-10
1.03465625352543e-11
6.17717962527256e-10
1.03671867797497e-11
6.08244369485069e-10
1.03894125045998e-11
5.98774476718532e-10
1.04085680615699e-11
5.893098697096e-10
1.04263306982877e-11
5.79848781646169e-10
1.04461682941363e-11
5.70397946465407e-10
1.04699595354174e-11
5.60951268402415e-10
1.04912497306136e-11
5.51510183990037e-10
1.05110528331908e-11
5.42073032110792e-10
1.0533016208117e-11
5.32645240151063e-10
1.0560154868799e-11
5.23224077085057e-10
1.05874986634709e-11
5.13809360142727e-10
1.06135058644089e-11
5.04400658173387e-10
1.06418722504682e-11
4.95000490343235e-10
1.06771169392525e-11
4.85611772168835e-10
1.07168555112038e-11
4.76229928436118e-10
1.07552159688878e-11
4.66856322769899e-10
1.07954307566621e-11
4.57489691815329e-10
1.08451641472761e-11
4.48143318435857e-10
1.09083461917232e-11
4.38805420224576e-10
1.09707356697355e-11
4.29480575604234e-10
1.10353518628905e-11
4.20160613838302e-10
1.11149589807204e-11
4.10874209513641e-10
1.12229778020338e-11
4.01600886893394e-10
1.1331592082727e-11
3.92347406437577e-10
1.14439860774622e-11
3.83104512426121e-10
1.15794274583345e-11
3.73903917376119e-10
1.17615184353427e-11
3.64735271887854e-10
1.19618757823609e-11
3.55595582575087e-10
1.21682799687217e-11
3.46479604747716e-10
1.24045593274279e-11
3.3741200849819e-10
1.27132430246879e-11
3.28417762759939e-10
1.30794335558679e-11
3.19464205598974e-10
1.3449492005744e-11
3.1055974933128e-10
1.38547608380775e-11
3.0170485350238e-10
1.43761744402983e-11
2.93002688695536e-10
1.50373171958112e-11
2.84357869787068e-10
1.5693728105263e-11
2.75813052543823e-10
1.63839388459831e-11
2.67299463275192e-10
1.7249665879361e-11
2.59089621193405e-10
1.84261412955707e-11
2.50931281163405e-10
1.96570134291305e-11
2.43042689403114e-10
2.11408513049311e-11
2.35179991748653e-10
2.3377214026349e-11
2.28350783784421e-10
2.72403162392796e-11
2.22233209871785e-10
3.19317225250175e-11
2.16904440662318e-10
3.70633815294729e-11
2.11949478016024e-10
4.32132407896393e-11
2.08828622105207e-10
5.10163269441529e-11
2.06448961357773e-10
5.82583034805735e-11
2.04835796111084e-10
6.46217534021472e-11
2.03610401320059e-10
7.12754573872405e-11
2.04350420309052e-10
7.8858259237214e-11
2.05632652942965e-10
8.51275495399793e-11
2.07507705543981e-10
9.00692588521364e-11
2.09786234370809e-10
9.4703643001741e-11
2.13569562793366e-10
9.90144833659087e-11
2.17187642080579e-10
1.01450387981763e-10
2.21069880467299e-10
1.02639133793366e-10
2.25458939242288e-10
1.0283125574554e-10
2.29414200321238e-10
1.01466862773125e-10
2.33133473571319e-10
9.90243745676902e-11
2.36974311894457e-10
9.55706745069046e-11
2.40057991683483e-10
9.0434558348938e-11
2.41680083796311e-10
8.41702129557442e-11
2.43045599552859e-10
7.76869766895052e-11
2.44701318780174e-10
7.02340609100788e-11
2.4288781127022e-10
6.108736527358e-11
2.40609409068811e-10
5.25013932079145e-11
2.38387799936216e-10
4.3867559260429e-11
2.34116619130839e-10
3.5338080212804e-11
2.28426976312511e-10
2.51203215036276e-11
2.29859522108694e-10
1.12026615395954e-11
2.31368589190033e-10
4.91898970095607e-12
2.29935006398824e-10
5.90761722002147e-13
2.290880892356e-10
-3.07430237062776e-12
2.28021034112839e-10
-5.1733869213999e-12
2.26509414839037e-10
-6.84628524803537e-12
2.24880997727726e-10
-7.82450143936649e-12
2.23346968269717e-10
-8.42170801608097e-12
2.21697181972574e-10
-8.68309213212332e-12
2.2007083787727e-10
-8.73151615024933e-12
2.18470297969642e-10
-8.53787815579817e-12
2.16624827377309e-10
-8.00144603987792e-12
2.14488072305736e-10
-6.673795803082e-12
-3.03009877180299e-12
3.86326919943061e-10
1.33722828655879e-11
3.82021427295727e-10
1.39992824188459e-11
3.77258903891792e-10
1.45563568501477e-11
3.72131803458078e-10
1.51219323793874e-11
3.66817472958189e-10
1.54190613901e-11
3.61436813205952e-10
1.55462670182298e-11
3.56043437227789e-10
1.55982861140797e-11
3.50656433643314e-10
1.56260462036706e-11
3.45279047517792e-10
1.56442101493426e-11
3.39910705968201e-10
1.56584525358496e-11
3.34551253115415e-10
1.56720034508636e-11
3.29201141923007e-10
1.56867001377421e-11
3.23859948875045e-10
1.57011865491568e-11
3.18526713203442e-10
1.57133044879873e-11
3.13201281253007e-10
1.57242935878943e-11
3.07884205456043e-10
1.57364884810918e-11
3.02575937163373e-10
1.57498262197032e-11
2.97275711211516e-10
1.57608586774756e-11
2.91983262057789e-10
1.5770764360109e-11
2.86699120057221e-10
1.57822082742984e-11
2.81424242490612e-10
1.57966429727324e-11
2.76157958887402e-10
1.58092447975246e-11
2.70899888624217e-10
1.58207467154267e-11
2.65650472835604e-10
1.5833983501105e-11
2.60410788081231e-10
1.5851324344074e-11
2.55180835563705e-10
1.58688570870569e-11
2.49960441431484e-10
1.58852110469079e-11
2.44750031968807e-10
1.59034884299219e-11
2.39550769424667e-10
1.59274811628053e-11
2.34363407781491e-10
1.59552184389783e-11
2.29187557114257e-10
1.59819769232283e-11
2.24023535708483e-10
1.60102854739986e-11
2.18873137727394e-10
1.60463219482327e-11
2.13738683868908e-10
1.60934690620352e-11
2.08619743409195e-10
1.61402285941331e-11
2.03516563087735e-10
1.61889592256634e-11
1.98431656462624e-10
1.62501799402776e-11
1.93369674187217e-10
1.6335170193612e-11
1.88330690667122e-10
1.6420671633079e-11
1.83315306043232e-10
1.65093348891785e-11
1.78327234734744e-10
1.66173165514784e-11
1.73373553418255e-10
1.67648578902479e-11
1.68456900060992e-10
1.69279997766812e-11
1.63578371770573e-10
1.70960424673314e-11
1.58743052254158e-10
1.72888808083554e-11
1.5396156630799e-10
1.75435555187504e-11
1.49241867150218e-10
1.78477458071064e-11
1.44585346195372e-10
1.81542929460347e-11
1.39999140788179e-10
1.84888674482832e-11
1.35499660044725e-10
1.89231862947875e-11
1.31104568096868e-10
1.94795640003392e-11
1.26815863239877e-10
2.00291528137458e-11
1.22643302992666e-10
2.06027013679448e-11
1.18612676354603e-10
2.13259232368225e-11
1.14763716729977e-10
2.23201029079175e-11
1.11117067164086e-10
2.33478730980842e-11
1.07745661395132e-10
2.4555294197954e-11
1.04807763990113e-10
2.63566062187271e-11
1.02532820932757e-10
2.95547369862149e-11
1.01038511835261e-10
3.34627034880594e-11
1.00408750499226e-10
3.77259436578727e-11
1.00760926115713e-10
4.28895622560638e-11
1.02227930539369e-10
4.95736978355166e-11
1.04766963204825e-10
5.57391776015706e-11
1.08324117566344e-10
6.10790513307293e-11
1.12916308350658e-10
6.66919129869345e-11
1.1859431948151e-10
7.31834492181271e-11
1.2523092030537e-10
7.84885668616147e-11
1.3268273539429e-10
8.26091139018825e-11
1.40863206765342e-10
8.65093150817775e-11
1.49694527835258e-10
9.01650021836141e-11
1.58956300200554e-10
9.21668528339854e-11
1.68463373817346e-10
9.31062735999692e-11
1.78056958351164e-10
9.32070300700507e-11
1.87522525538613e-10
9.19657113241481e-11
1.96703095940217e-10
8.98043151557883e-11
2.05447684598592e-10
8.67838616164833e-11
2.13513194796848e-10
8.2323989249003e-11
2.20691716197175e-10
7.69441543863461e-11
2.27034404510545e-10
7.12957883997014e-11
2.32361514392139e-10
6.48577088199003e-11
2.36330189975217e-10
5.70670233878886e-11
2.39024483602156e-10
4.9753402390338e-11
2.40790261201711e-10
4.20478726103846e-11
2.40870809904797e-10
3.52021311377208e-11
2.40206934548727e-10
2.57277428319758e-11
2.42050734194708e-10
9.30380526040184e-12
2.4324331419243e-10
3.67252384566436e-12
2.43030386207802e-10
7.49396919981164e-13
2.42384982058584e-10
-2.48393933255291e-12
2.4131383503287e-10
-4.15744636021601e-12
2.3997196129551e-10
-5.55965769345935e-12
2.38416093722885e-10
-6.32357638536758e-12
2.36795275925952e-10
-6.8552062315258e-12
2.35114383271956e-10
-7.05609042729732e-12
2.33428396017529e-10
-7.09923280586374e-12
2.31751496264144e-10
-6.91479562790245e-12
2.30084642619359e-10
-6.38859854134047e-12
2.28463209358076e-10
-5.10597229480413e-12
-2.10513733230842e-12
7.83546141513085e-11
1.2726384141263e-11
7.86456907884248e-11
1.37629882502739e-11
7.77204572256844e-11
1.55362779559558e-11
7.62241585610538e-11
1.66728229915588e-11
7.4467013358461e-11
1.72307024649518e-11
7.26195886151105e-11
1.7448093850968e-11
7.07514453818199e-11
1.75207379800802e-11
6.88871433733564e-11
1.75445588626694e-11
6.70319725949086e-11
1.75534893289891e-11
6.51859047994629e-11
1.75585302780305e-11
6.3348767341403e-11
1.75630571310072e-11
6.15208623776843e-11
1.75684211246965e-11
5.97018938867781e-11
1.75738655857884e-11
5.78909993449795e-11
1.75778142212512e-11
5.60879348759359e-11
1.75808886196982e-11
5.42932440852985e-11
1.75846213630888e-11
5.25073144460425e-11
1.75891019489213e-11
5.07294458363441e-11
1.75919778858079e-11
4.89592855719031e-11
1.75940801955758e-11
4.71974122136064e-11
1.75971363956536e-11
4.54446901120415e-11
1.7602312183579e-11
4.37005265117214e-11
1.76062439984822e-11
4.19644837174074e-11
1.76095217831919e-11
4.02370911963747e-11
1.76140236172668e-11
3.85194306095969e-11
1.76215523060255e-11
3.68114914776335e-11
1.76292692234338e-11
3.51129131931357e-11
1.76361522004405e-11
3.34241322738093e-11
1.76445119102166e-11
3.17464818544331e-11
1.7657252038635e-11
3.0080749701795e-11
1.76729546229109e-11
2.84265110878364e-11
1.76881139628197e-11
2.67839869013669e-11
1.77046166138358e-11
2.51551164132615e-11
1.77269129900031e-11
2.35423069361594e-11
1.77578951365291e-11
2.19451394330777e-11
1.77888788418125e-11
2.03636221051364e-11
1.78218143164574e-11
1.88006715456221e-11
1.78643391919747e-11
1.72612927904065e-11
1.79256404322905e-11
1.57454217394399e-11
1.79875058924046e-11
1.42532085040039e-11
1.80523648647339e-11
1.27888343926561e-11
1.81323460255799e-11
1.13602830552732e-11
1.82438866832043e-11
9.97038737845481e-12
1.83681659321552e-11
8.619600824437e-12
1.84968448557274e-11
7.31311050477196e-12
1.86451379994714e-11
6.06334849093385e-12
1.88429019485502e-11
4.8794357643225e-12
1.90810150668576e-11
3.76153558545415e-12
1.93211873020471e-11
2.71567192627402e-12
1.95833198504309e-11
1.76161230495323e-12
1.99254518855669e-11
9.21021010949888e-13
2.0367976457967e-11
1.93427346489068e-13
2.08041144668263e-11
-4.15136284842092e-13
2.12580848386207e-11
-8.74303686142527e-13
2.18313253751971e-11
-1.13620542084817e-12
2.26276058851942e-11
-1.18773469767663e-12
2.34441986443533e-11
-9.76076990173096e-13
2.43872417717742e-11
-3.53235018941153e-13
2.5775755979711e-11
9.45446286064785e-13
2.82961120303881e-11
3.05027807149782e-12
3.13951748985698e-11
6.03200720487484e-12
3.47774639598801e-11
1.00457939533788e-11
3.89045033935325e-11
1.53146679227574e-11
4.43295230373968e-11
2.17579455820062e-11
4.93162247983707e-11
2.92581554745855e-11
5.35935022174371e-11
3.78589634359253e-11
5.80997727177986e-11
4.76778852613642e-11
6.33677820799501e-11
5.85257333766179e-11
6.76384336070489e-11
7.02076456204747e-11
7.09188517830851e-11
8.26632699325154e-11
7.40397753053646e-11
9.58255492219299e-11
7.69845109822123e-11
1.0941859482455e-10
7.8552013387242e-11
1.23240624132768e-10
7.92584604318674e-11
1.37122776029522e-10
7.92942889135415e-11
1.50829044859938e-10
7.82239961507244e-11
1.64183537601263e-10
7.64105743343832e-11
1.77018525438766e-10
7.39068858910637e-11
1.890720587746e-10
7.02259405475417e-11
2.00171893180616e-10
6.57977357766673e-11
2.10265046774126e-10
6.11549820302068e-11
2.1920287850893e-10
5.58711893052217e-11
2.26715533487954e-10
4.95038901647736e-11
2.32913913967084e-10
4.35029162534446e-11
2.3775257708398e-10
3.71562675188078e-11
2.41146635591886e-10
3.17545021299555e-11
2.42983291688137e-10
2.38372456350274e-11
2.45162702677714e-10
7.07114413960771e-12
2.46111585105309e-10
2.67124056500843e-12
2.46160673761367e-10
6.48034658404813e-13
2.45518060970314e-10
-1.89419101707097e-12
2.4449661135162e-10
-3.18942475047033e-12
2.43156381304805e-10
-4.2728652223227e-12
2.41633578233804e-10
-4.85375320067941e-12
2.39999075696337e-10
-5.27314108030335e-12
2.38317062688616e-10
-5.42606622525267e-12
2.36623462772878e-10
-5.45747569903286e-12
2.34959703298729e-10
-5.3031922457231e-12
2.33383397041835e-10
-4.86475645075901e-12
2.32041501431171e-10
-3.81630004326055e-12
-1.50306106520002e-12
-1.58041654950431e-10
9.18864767020674e-12
-1.54685335041214e-10
1.04628464814188e-11
-1.52807523108748e-10
1.37145352907683e-11
-1.51523845326194e-10
1.54451044772014e-11
-1.50479941261021e-10
1.6242647216685e-11
-1.49513994937691e-10
1.65378882524404e-11
-1.48565849522275e-10
1.66282254659202e-11
-1.47615172093913e-10
1.66494018123907e-11
-1.46657463590882e-10
1.66511843807589e-11
-1.45692585144779e-10
1.66489424803063e-11
-1.44720712479598e-10
1.66463669195815e-11
-1.43741668388682e-10
1.66444446594889e-11
-1.42755642965809e-10
1.66427877821597e-11
-1.41763291579966e-10
1.66403008727028e-11
-1.40764850322595e-10
1.66371865399619e-11
-1.39759931872933e-10
1.66343392036989e-11
-1.38748240074375e-10
1.66319359926529e-11
-1.37730341856048e-10
1.66284955539569e-11
-1.36706525638079e-10
1.66245703441899e-11
-1.35676345606803e-10
1.66211473637438e-11
-1.34639093394321e-10
1.66191284771087e-11
-1.33595237348534e-10
1.66163300411862e-11
-1.32545097858852e-10
1.66132065820229e-11
-1.31488210362884e-10
1.66108616196573e-11
-1.30423629268393e-10
1.66106022358365e-11
-1.29351354391007e-10
1.66105163523767e-11
-1.28271714847815e-10
1.6609909581991e-11
-1.27184301159334e-10
1.6610359730212e-11
-1.26087865015051e-10
1.66139401399424e-11
-1.24981645682494e-10
1.66197280979534e-11
-1.2386594636913e-10
1.66252871095222e-11
-1.22740497972645e-10
1.66319347230209e-11
-1.21603541085989e-10
1.66426218351666e-11
-1.2045281827753e-10
1.66597192810471e-11
-1.19288587517116e-10
1.66770456100403e-11
-1.18110683232552e-10
1.66961468322286e-11
-1.16916322231452e-10
1.67220706781452e-11
-1.15700708840626e-10
1.67619871701942e-11
-1.14463819936891e-10
1.68024334510758e-11
-1.13205340243099e-10
1.68455398457637e-11
-1.11921178855852e-10
1.68996622057084e-11
-1.10603473739164e-10
1.69774645021509e-11
-1.09249282700981e-10
1.70650338846447e-11
-1.0785799508174e-10
1.7156344817185e-11
-1.06424494178635e-10
1.72621587865653e-11
-1.04936305284451e-10
1.74050355545014e-11
-1.03384070885373e-10
1.75788577396013e-11
-1.01767611003269e-10
1.77544230357785e-11
-1.00081265349808e-10
1.79462451712849e-11
-9.83048340172088e-11
1.81978895590317e-11
-9.64156454985084e-11
1.85272529325119e-11
-9.44145475560218e-11
1.88510086349132e-11
-9.22967639157674e-11
1.91877245041278e-11
-9.00312537976698e-11
1.96126320729113e-11
-8.75681592615577e-11
2.02106718526633e-11
-8.4897350124925e-11
2.08187182452574e-11
-8.19782270223068e-11
2.15122259262217e-11
-7.86773459281212e-11
2.25173386235893e-11
-7.47267916092096e-11
2.43860489215027e-11
-6.99899980653956e-11
2.66960741826169e-11
-6.43993862363478e-11
2.92204446101616e-11
-5.77813827005072e-11
3.23155246010948e-11
-4.98740968131372e-11
3.64471833605103e-11
-4.07687175001206e-11
4.02313691219228e-11
-3.06125209552733e-11
4.34521218402376e-11
-1.93509325641201e-11
4.68469603172208e-11
-6.83927863867775e-12
5.08594447464329e-11
6.71066134233427e-12
5.40862355674558e-11
2.1079679005447e-11
5.65414824099147e-11
3.62214093367208e-11
5.88841054660259e-11
5.20782546110681e-11
6.11094178073407e-11
6.8349820629308e-11
6.22586056163072e-11
8.48296915491941e-11
6.27527592626284e-11
1.01350989776374e-10
6.2742371006623e-11
1.17664695020226e-10
6.18748373577874e-11
1.33590799728346e-10
6.04452577443347e-11
1.48966069195268e-10
5.84897319932209e-11
1.6350932093595e-10
5.56383720589657e-11
1.77057390506855e-10
5.22033747122608e-11
1.89533707338941e-10
4.86313793889288e-11
2.00821928776393e-10
4.45347463524292e-11
2.10598419820522e-10
3.96775447411717e-11
2.19060443860216e-10
3.49895497024092e-11
2.25971696933138e-10
3.01929616558923e-11
2.31593019710972e-10
2.60807753945298e-11
2.35113506889708e-10
2.0264328524166e-11
2.37302719371003e-10
4.8300879192065e-12
2.3800125908598e-10
1.92166596719615e-12
2.38099163816356e-10
4.99313678385426e-13
2.37430567481292e-10
-1.27694355386576e-12
2.36457098921381e-10
-2.26794357468354e-12
2.35151046520935e-10
-3.01883016005458e-12
2.33697508806977e-10
-3.4517482203961e-12
2.32121891525979e-10
-3.74854250566403e-12
2.30508958119931e-10
-3.86374533386919e-12
2.28883238630576e-10
-3.88225563305947e-12
2.27296461686744e-10
-3.76726978144001e-12
2.25818131992914e-10
-3.4376602651431e-12
2.24609607128039e-10
-2.65885395679091e-12
-9.8198793234512e-13
-3.18021550127439e-10
4.37371499351127e-12
-3.13634791070413e-10
6.13363824942983e-12
-3.10187163064132e-10
1.0324335941052e-11
-3.07076561775495e-10
1.2391808009406e-11
-3.04075451282109e-10
1.32987172745614e-11
-3.01101729228963e-10
1.36212249116251e-11
-2.98131268418389e-10
1.37147017257341e-11
-2.95157255111553e-10
1.37321990439871e-11
-2.92178750760849e-10
1.37293597293181e-11
-2.89196077385316e-10
1.37228220179679e-11
-2.86209441258231e-10
1.37161615655955e-11
-2.83218742271553e-10
1.37100474713596e-11
-2.80224065545278e-10
1.37042787977451e-11
-2.77225839205254e-10
1.36981189616944e-11
-2.74224261724024e-10
1.36915409109149e-11
-2.71219114943331e-10
1.36850074499406e-11
-2.68210206285265e-10
1.36787179494937e-11
-2.65197945897796e-10
1.36718018659464e-11
-2.62182537820398e-10
1.36646054399666e-11
-2.59163693395849e-10
1.3657616692524e-11
-2.56140889543599e-10
1.36515015685773e-11
-2.53114450534501e-10
1.36449270870966e-11
-2.50084562562626e-10
1.36382227265486e-11
-2.47050863034537e-10
1.36319536540262e-11
-2.44012600841201e-10
1.36270233354238e-11
-2.40969752906434e-10
1.36222285649095e-11
-2.37922556762626e-10
1.36171340611282e-11
-2.3487065312517e-10
1.36127266663676e-11
-2.31812981534745e-10
1.36103871182256e-11
-2.28748851380649e-10
1.36095704613795e-11
-2.25678409281029e-10
1.36086828217319e-11
-2.22601337248127e-10
1.36085803560799e-11
-2.19516164060111e-10
1.36110514209781e-11
-2.16420913457977e-10
1.36179382166439e-11
-2.13315645754933e-10
1.36250830148458e-11
-2.10200009504108e-10
1.36336397951135e-11
-2.07071565021233e-10
1.36465961056941e-11
-2.0392602985297e-10
1.36692746573405e-11
-2.00763226395418e-10
1.36922940100315e-11
-1.97582602150577e-10
1.37174027909507e-11
-1.9438044793289e-10
1.37498026236389e-11
-1.91149573629299e-10
1.37986740381573e-11
-1.87887070341854e-10
1.38543740711864e-11
-1.84592052631373e-10
1.39128828759802e-11
-1.81259752002293e-10
1.39811315884047e-11
-1.77878595279558e-10
1.40749362239897e-11
-1.74439605895961e-10
1.41906630370699e-11
-1.70942318961002e-10
1.43075310506347e-11
-1.67381505873792e-10
1.44353834974508e-11
-1.6373819357605e-10
1.46041084606712e-11
-1.59990410609457e-10
1.48285785819879e-11
-1.56138848831035e-10
1.50480623933901e-11
-1.52179481412157e-10
1.5276383058419e-11
-1.48083126865721e-10
1.5563676649972e-11
-1.43801430229197e-10
1.59756965961975e-11
-1.39326383441011e-10
1.63895366628433e-11
-1.34627065023823e-10
1.68575234437983e-11
-1.29589084126469e-10
1.75222984063877e-11
-1.23958294845206e-10
1.87961948693643e-11
-1.17600822533391e-10
2.03767002597457e-11
-1.104531529484e-10
2.21067227819825e-11
-1.02340572541392e-10
2.42322715165089e-11
-9.29885991560995e-11
2.71204125566091e-11
-8.24888072842825e-11
2.97523123596473e-11
-7.09992039595517e-11
3.19774954261018e-11
-5.84633921666171e-11
3.43200316346784e-11
-4.47257696704408e-11
3.71252013794682e-11
-3.00014064325875e-11
3.93596444694097e-11
-1.4513974934776e-11
4.10456982784099e-11
1.69988615114158e-12
4.26562822779071e-11
1.85919907321333e-11
4.41990303866921e-11
3.58606560280225e-11
4.4968048198035e-11
5.33064298348305e-11
4.52811042821715e-11
7.07717598291006e-11
4.52463860403473e-11
8.80107470473473e-11
4.4600382377223e-11
1.0485012168181e-10
4.3566695685813e-11
1.21137299232125e-10
4.21607484929212e-11
1.36594644374683e-10
4.0136851877553e-11
1.51069348986767e-10
3.7682588411902e-11
1.64481334850831e-10
3.51723878469704e-11
1.76733140938475e-10
3.22350923811605e-11
1.87491534991328e-10
2.88697864794779e-11
1.96977769515909e-10
2.54525883710028e-11
2.04893681384712e-10
2.22257608000975e-11
2.11675598273526e-10
1.92473912401214e-11
2.16205483884215e-10
1.56831066672229e-11
2.18160572297766e-10
2.82433050905504e-12
2.18626607219889e-10
1.40579383385989e-12
2.18709095940365e-10
3.67227907815537e-13
2.18056154233545e-10
-6.74111578042657e-13
2.17159265636301e-10
-1.42181103370974e-12
2.15954130661076e-10
-1.86449294048841e-12
2.14631443678429e-10
-2.17938629438749e-12
2.13193500466972e-10
-2.36043304552781e-12
2.11726631705439e-10
-2.44632895592875e-12
2.10247734828394e-10
-2.45272387237096e-12
2.08808023499457e-10
-2.37730267400279e-12
2.07474541726124e-10
-2.1543262600899e-12
2.064019055871e-10
-1.63624464524358e-12
-5.27720560528418e-13
-3.98337488016189e-10
-1.02525301549158e-13
-3.94341087872542e-10
2.19613893785207e-12
-3.90463167668825e-10
6.50518173550395e-12
-3.86493828351989e-10
8.48109756328591e-12
-3.82436163472314e-10
9.29954370235716e-12
-3.78334800117853e-10
9.57821779406565e-12
-3.74216689076619e-10
9.65481199712785e-12
-3.70092840040165e-10
9.66643131882564e-12
-3.65967022514741e-10
9.66147916871167e-12
-3.61840286526382e-10
9.65388282816481e-12
-3.57712851824025e-10
9.64638808857351e-12
-3.535846356519e-10
9.63934989348254e-12
-3.49455622967467e-10
9.63263704360386e-12
-3.45326043460365e-10
9.62577378213076e-12
-3.41196050562499e-10
9.61865653652517e-12
-3.37065563032036e-10
9.61149818394569e-12
-3.3293447671071e-10
9.60447197921001e-12
-3.28803063255531e-10
9.59709133463146e-12
-3.24671453947907e-10
9.58956198076169e-12
-3.20539497276618e-10
9.58208286184856e-12
-3.16406838877123e-10
9.57511535579431e-12
-3.12273679916584e-10
9.56788537569714e-12
-3.08140099741602e-10
9.56061407873999e-12
-3.04005841525732e-10
9.55354102645255e-12
-2.99870349370176e-10
9.54725514517694e-12
-2.95733584398759e-10
9.54105074779033e-12
-2.91595696554284e-10
9.53467985523308e-12
-2.87456394599336e-10
9.52869409385703e-12
-2.83314838583716e-10
9.52393412350202e-12
-2.79170436843723e-10
9.52011141607633e-12
-2.75023213373506e-10
9.51625330562513e-12
-2.70872841529561e-10
9.5128684704936e-12
-2.66718175499972e-10
9.51091671019103e-12
-2.625575752365e-10
9.511721996994e-12
-2.58390959554766e-10
9.51267235708288e-12
-2.54217868614646e-10
9.51456315484614e-12
-2.50036322309969e-10
9.51889008750321e-12
-2.45842695254532e-10
9.52932603184172e-12
-2.41636718977363e-10
9.53982288554891e-12
-2.37417701097612e-10
9.55169855132063e-12
-2.33182528314624e-10
9.56773584970607e-12
-2.28925008400684e-10
9.59403354133616e-12
-2.24642472327483e-10
9.62446092412118e-12
-2.20333892100459e-10
9.65662175366318e-12
-2.15995149614356e-10
9.69440963422765e-12
-2.11616209818123e-10
9.74778449305001e-12
-2.07188993768409e-10
9.81495548899725e-12
-2.02712874964914e-10
9.88250301403007e-12
-1.98183332351377e-10
9.95646936941107e-12
-1.93583859129672e-10
1.00548253356263e-11
-1.88894466973852e-10
1.01889355939358e-11
-1.84115770171153e-10
1.03186018828335e-11
-1.79244446272781e-10
1.04536854041387e-11
-1.74255305938074e-10
1.06225154587045e-11
-1.69104204828474e-10
1.08718756646506e-11
-1.6378557585758e-10
1.11173076747303e-11
-1.58276745767491e-10
1.13938165615576e-11
-1.52486527066198e-10
1.17754962328733e-11
-1.46188274099178e-10
1.25393202532522e-11
-1.39260693910744e-10
1.34876234330929e-11
-1.31647347364294e-10
1.45276790174429e-11
-1.23188804657066e-10
1.58033580698499e-11
-1.13620470295345e-10
1.75775357850118e-11
-1.03027977497983e-10
1.91807644798463e-11
-9.15634676286071e-11
2.0528121497228e-11
-7.91760821306396e-11
2.194163453733e-11
-6.5712312102702e-11
2.36648706879808e-11
-5.13742218201474e-11
2.50193531518026e-11
-3.63707800665798e-11
2.60338988647534e-11
-2.0731058846495e-11
2.70025713334089e-11
-4.49214744092382e-12
2.79417957921641e-11
1.2064786419936e-11
2.83891676627183e-11
2.87599716019275e-11
2.85599830503576e-11
4.54537224247673e-11
2.85219401484951e-11
6.19194063241514e-11
2.80992114399808e-11
7.80019609231793e-11
2.74449721900559e-11
9.35654459924904e-11
2.65555279432505e-11
1.08358763309062e-10
2.52994896283901e-11
1.22242103435573e-10
2.37533611462662e-11
1.35148442973613e-10
2.22193047628825e-11
1.46985416232613e-10
2.03506205938336e-11
1.57464199521125e-10
1.83420936559319e-11
1.66763522279521e-10
1.61031086746051e-11
1.74639257339566e-10
1.4299441390962e-11
1.81542246802358e-10
1.22937844545599e-11
1.86434031573072e-10
1.0740969272325e-11
1.87945539948533e-10
1.26322087005339e-12
1.88226621264735e-10
1.07597572379587e-12
1.88262917029764e-10
2.82451529431466e-13
1.87686132165705e-10
-1.46304595454318e-13
1.86904582888896e-10
-6.89884874945127e-13
1.85871422201539e-10
-8.81004522664873e-13
1.84742831564635e-10
-1.10000869279856e-12
1.8351840013994e-10
-1.18474278055716e-12
1.82270498887189e-10
-1.24680724910106e-12
1.81013180318866e-10
-1.24371952658527e-12
1.79789826529174e-10
-1.20266122656023e-12
1.78659124097503e-10
-1.07275471937211e-12
1.7775547391894e-10
-7.81625879303888e-13
-1.5189571489794e-13
-3.95570537728061e-10
-2.65553431222217e-12
-3.93171762063589e-10
-1.42407624118017e-13
-3.89824072235292e-10
3.21757415408193e-12
-3.85920969596224e-10
4.6379272947164e-12
-3.81742859004102e-10
5.1812151382333e-12
-3.77461274845776e-10
5.35626785606973e-12
-3.73147997600435e-10
5.4010212995253e-12
-3.68828038834476e-10
5.40580619221037e-12
-3.64508474701256e-10
5.4010913223379e-12
-3.60190728595151e-10
5.3951599258519e-12
-3.5587492783643e-10
5.38946205035328e-12
-3.51560949451395e-10
5.38409047576808e-12
-3.47248698205913e-10
5.37894392804337e-12
-3.42938263887802e-10
5.37374809152858e-12
-3.38629758036846e-10
5.36842078143987e-12
-3.34323184253701e-10
5.36305136652784e-12
-3.30018494092165e-10
5.35775784591852e-12
-3.25715860801854e-10
5.35228358538392e-12
-3.21415364722394e-10
5.34674128829456e-12
-3.17116952702942e-10
5.34119007762768e-12
-3.1282039364001e-10
5.33591151529614e-12
-3.08525809973825e-10
5.33048842348609e-12
-3.04233218097884e-10
5.32504978522024e-12
-2.99942456345212e-10
5.31966791999234e-12
-2.95653131896043e-10
5.31468484210674e-12
-2.91365208377502e-10
5.30973140291435e-12
-2.87078781310694e-10
5.30468993415675e-12
-2.82793641759825e-10
5.2998136650224e-12
-2.78509166770157e-10
5.29553796081255e-12
-2.74224883663925e-10
5.29173291525867e-12
-2.6994076415686e-10
5.2878759883658e-12
-2.65656528565968e-10
5.28422763903178e-12
-2.61371361697934e-10
5.28120265272229e-12
-2.57083969326312e-10
5.27962158909062e-12
-2.52794240275149e-10
5.27804212455897e-12
-2.48501725788065e-10
5.27694231290279e-12
-2.4420498292564e-10
5.27685250020156e-12
-2.39901094301816e-10
5.27996662979831e-12
-2.35589846533695e-10
5.28291683019235e-12
-2.31270575618343e-10
5.28656347773376e-12
-2.26940944804978e-10
5.29201855267572e-12
-2.22595964486953e-10
5.30272489079822e-12
-2.18233458904117e-10
5.31535479113664e-12
-2.1385250962554e-10
5.3287520139058e-12
-2.09449956312782e-10
5.34462127028694e-12
-2.05017783964006e-10
5.36812900019608e-12
-2.00549285735078e-10
5.39867833541394e-12
-1.9604400637089e-10
5.42900924968142e-12
-1.91498480007266e-10
5.46224780711316e-12
-1.86899701917252e-10
5.50689555891102e-12
-1.8223074199784e-10
5.57036503919711e-12
-1.77492569198619e-10
5.63028645749695e-12
-1.72682675900893e-10
5.69301934696065e-12
-1.6778180107214e-10
5.77020060205869e-12
-1.62752324628076e-10
5.89023939262937e-12
-1.57592096643407e-10
6.00401663044298e-12
-1.52285618611874e-10
6.13297175681049e-12
-1.46768715605142e-10
6.3024887102444e-12
-1.4085445416489e-10
6.66688357993388e-12
-1.34444836300859e-10
7.11691718505123e-12
-1.27494517854256e-10
7.61202123843144e-12
-1.19875287739529e-10
8.21406016195468e-12
-1.11353533230456e-10
9.08149337007785e-12
-1.02004851867008e-10
9.85323659708553e-12
-9.1959840285114e-11
1.04984021482404e-11
-8.11792966885186e-11
1.11701804298722e-11
-6.95234627204697e-11
1.20125305248417e-11
-5.71667211799136e-11
1.26604286964493e-11
-4.42840470547421e-11
1.31428513878291e-11
-3.08976385018527e-11
1.36021317862564e-11
-1.70308483167597e-11
1.40566282073353e-11
-2.92277467156048e-12
1.42590864201885e-11
1.12805082928081e-11
1.43307055655695e-11
2.54669878962119e-11
1.43047190054388e-11
3.94460821897036e-11
1.40846047688835e-11
5.30936512895563e-11
1.37582470734657e-11
6.62970225971297e-11
1.33104874055844e-11
7.88550415461128e-11
1.26975544781778e-11
9.06437908603073e-11
1.1918920655823e-11
1.01626487609467e-10
1.11901321821592e-11
1.11701107869868e-10
1.02288568898559e-11
1.20678638888408e-10
9.31611055783965e-12
1.28627957867868e-10
8.10420214216035e-12
1.35471674240789e-10
7.40583648075294e-12
1.41489340485394e-10
6.22633180596227e-12
1.46107666759706e-10
6.07324612236365e-12
1.46998730639176e-10
3.23590878058198e-13
1.47171038213006e-10
8.56002189939911e-13
1.47138587888504e-10
2.67508515030369e-13
1.46700810496353e-10
2.43594037611759e-13
1.46072597722375e-10
-1.10193396972567e-13
1.45278360450512e-10
-1.35342776714683e-13
1.44401613732602e-10
-2.7138982058462e-13
1.43459441229523e-10
-2.90241986888553e-13
1.4249592332864e-10
-3.30616390629118e-13
1.41527651534761e-10
-3.22728325707238e-13
1.40584203247561e-10
-3.06908440752079e-13
1.39711624249581e-10
-2.48303134487705e-13
1.39011065578263e-10
-1.29109769217925e-13
1.32722798445865e-13
-3.07026117695342e-10
-2.12304362832319e-12
-3.06714304643874e-10
-3.92699065079246e-13
-3.0455935848538e-10
1.12399053349547e-12
-3.01572956498951e-10
1.71272549268852e-12
-2.98241861273159e-10
1.91115719954142e-12
-2.94795047232862e-10
1.97033077101341e-12
-2.91316745787678e-10
1.98343662122309e-12
-2.87833825204207e-10
1.98343678871961e-12
-2.84353050151434e-10
1.98069727951727e-12
-2.80875450399429e-10
1.97777535936396e-12
-2.77400953690432e-10
1.97501932014809e-12
-2.73929383828023e-10
1.97240587254864e-12
-2.70460610550148e-10
1.96988199651413e-12
-2.66994655062283e-10
1.96734163936643e-12
-2.63531593483036e-10
1.96475711545483e-12
-2.60071457341514e-10
1.9621572804556e-12
-2.56614216848207e-10
1.95959553956578e-12
-2.53159987078556e-10
1.95696852437499e-12
-2.4970881813072e-10
1.95432388790436e-12
-2.46260710978408e-10
1.95166525011123e-12
-2.42815506918936e-10
1.94911248058356e-12
-2.39373295670434e-10
1.94650013134096e-12
-2.3593407419716e-10
1.94387865768552e-12
-2.32497760898367e-10
1.9412529755971e-12
-2.29064089046909e-10
1.93876396502852e-12
-2.25633043104144e-10
1.93627330980113e-12
-2.22204699781087e-10
1.93375390917376e-12
-2.18778942075376e-10
1.93127141844292e-12
-2.15355354691288e-10
1.92897170370303e-12
-2.11933604164152e-10
1.92681523034396e-12
-2.08513684394527e-10
1.92461277056286e-12
-2.0509541414005e-10
1.92245287411266e-12
-2.01678309925531e-10
1.92043848729075e-12
-1.98261429418664e-10
1.9189065636078e-12
-1.94844752500669e-10
1.91732325644385e-12
-1.91427954869096e-10
1.9158828554176e-12
-1.88010203673049e-10
1.91463641536809e-12
-1.84589335908918e-10
1.91444337862346e-12
-1.81165358002575e-10
1.91408137161286e-12
-1.7773779283027e-10
1.91392019437728e-12
-1.74305250799043e-10
1.91416105542002e-12
-1.70864148137047e-10
1.91604931554458e-12
-1.67413077956482e-10
1.91842333341604e-12
-1.63951481618407e-10
1.92095784861601e-12
-1.60477438813406e-10
1.92404947668935e-12
-1.56985437333185e-10
1.92933439842805e-12
-1.53470644997858e-10
1.93678048735077e-12
-1.49933127937012e-10
1.94393294960963e-12
-1.46370756319979e-10
1.95181699217077e-12
-1.42775060163157e-10
1.96266488499512e-12
-1.39133285083516e-10
1.9795778367468e-12
-1.35447255697357e-10
1.9946933233044e-12
-1.31715231354171e-10
2.01078043550101e-12
-1.27925795330238e-10
2.02986186712907e-12
-1.24050191304213e-10
2.06299142576192e-12
-1.20090765673491e-10
2.09202049531555e-12
-1.1603764502257e-10
2.12594977156239e-12
-1.11857078597194e-10
2.16625204894416e-12
-1.07414300513103e-10
2.26633221668769e-12
-1.02645979515862e-10
2.38787260718808e-12
-9.75215557887147e-11
2.52257435792399e-12
-9.19598964643873e-11
2.68259596751369e-12
-8.57805139816658e-11
2.92803925563384e-12
-7.90456958345264e-11
3.13974508889201e-12
-7.18479799147243e-11
3.31610366755113e-12
-6.41654591602574e-11
3.49682463916822e-12
-5.58845668020649e-11
3.73516664707785e-12
-4.71376519415261e-11
3.91133551815664e-12
-3.80454023509657e-11
4.04220708546043e-12
-2.86232414637711e-11
4.16590133137284e-12
-1.88781032404587e-11
4.2930695616277e-12
-8.98460538259993e-12
4.34354117091031e-12
9.60145727807647e-13
4.35993277131719e-12
1.08826253505946e-11
4.35149311138632e-12
2.06461969103135e-11
4.28554853746006e-12
3.01717809419306e-11
4.19358299177514e-12
3.93771502195437e-11
4.06358670194812e-12
4.81358482128373e-11
3.89514849844268e-12
5.63427530391794e-11
3.66660706881452e-12
6.40102271092439e-11
3.47654175173111e-12
7.10101414201722e-11
3.18224915739658e-12
7.73116219257866e-11
2.96673211724376e-12
8.280329808781e-11
2.56360386702185e-12
8.76882941977122e-11
2.47173817725102e-12
9.18451510362305e-11
2.02059849170186e-12
9.55577177831206e-11
2.31230095761534e-12
9.56941397134042e-11
1.39691971991518e-13
9.58692744894483e-11
6.34326897734874e-13
9.5747187732906e-11
3.43343946427028e-13
9.55094986800229e-11
4.34558268741906e-13
9.50680054717839e-11
2.83936845663148e-13
9.45731150706116e-11
3.12126679437311e-13
9.39983082120856e-11
2.56433088248765e-13
9.33987707283837e-11
2.62753324875222e-13
9.27764645527497e-11
2.45477062250539e-13
9.21563781020308e-11
2.51175888130116e-13
9.15491315778596e-11
2.53728246394083e-13
9.09849772010244e-11
2.68801324376914e-13
9.05164471204792e-11
2.92450400071616e-13
3.21953135665793e-13
-1.30727558514595e-10
-1.315749184276e-10
-1.30904706470367e-10
-1.29644878870439e-10
-1.28185739575393e-10
-1.26666544147076e-10
-1.25133360088521e-10
-1.23599298597689e-10
-1.22067104151081e-10
-1.20536954817915e-10
-1.19008679992063e-10
-1.17482144768284e-10
-1.15957265039127e-10
-1.14434045537608e-10
-1.12912518888296e-10
-1.11392705155877e-10
-1.09874574557073e-10
-1.08358192095537e-10
-1.0684357504074e-10
-1.05330743494511e-10
-1.03819599847314e-10
-1.02310208768242e-10
-1.00802570058625e-10
-9.92966669223236e-11
-9.77923577082991e-11
-9.62896599874153e-11
-9.47886203115139e-11
-9.32892133879536e-11
-9.17912592335732e-11
-9.02946086796412e-11
-8.87992956007278e-11
-8.73052619693115e-11
-8.58123564469088e-11
-8.43201157724882e-11
-8.28286247209082e-11
-8.13377534372573e-11
-7.98472912909342e-11
-7.83561721883992e-11
-7.68645764963224e-11
-7.53723220589504e-11
-7.38790239464053e-11
-7.23830553092706e-11
-7.08839618495565e-11
-6.93816318685765e-11
-6.78755031286662e-11
-6.63633145627096e-11
-6.48429531649907e-11
-6.33148556963743e-11
-6.17783381797881e-11
-6.0230411951562e-11
-5.86650137752807e-11
-5.7084015577504e-11
-5.54865462099086e-11
-5.3869649249963e-11
-5.22193296370494e-11
-5.05398739847405e-11
-4.88267889778586e-11
-4.70741438102214e-11
-4.52224954720764e-11
-4.3251231756357e-11
-4.11485498258767e-11
-3.88896204066894e-11
-3.63885011771601e-11
-3.36792551554192e-11
-3.07985396414077e-11
-2.77423401952467e-11
-2.44524116154045e-11
-2.0990984424636e-11
-1.74038610507909e-11
-1.36976732230367e-11
-9.86761134465857e-12
-5.98963633257312e-12
-2.09816789774053e-12
1.78121781661299e-12
5.59100861155093e-12
9.30633628795953e-12
1.28903257583253e-11
1.63048174371612e-11
1.94901829071515e-11
2.24858921177498e-11
2.51878594151696e-11
2.76742417283335e-11
2.97576089157047e-11
3.17500702274461e-11
3.32927500615536e-11
3.51285801410627e-11
3.47927032155522e-11
3.49524621954513e-11
3.48215421101773e-11
3.47813703334983e-11
3.45899427376739e-11
3.44266448916899e-11
3.42080829855353e-11
3.39962737357741e-11
3.37675077024308e-11
3.35444609753154e-11
3.33235315912736e-11
3.31172316518402e-11
3.29346689330816e-11
)
;

boundaryField
{
    dieWall
    {
        type            calculated;
        value           nonuniform List<scalar> 
100
(
5.18855974306187e-13
5.17800653284113e-13
5.1674534060214e-13
5.15690012503926e-13
5.14634687382038e-13
5.13579370662909e-13
5.12524052535496e-13
5.11468734409778e-13
5.10413411723913e-13
5.09358088507785e-13
5.08302770517008e-13
5.07247451746697e-13
5.06192128280914e-13
5.05136802986916e-13
5.04081484643718e-13
5.03026167421227e-13
5.01970846438136e-13
5.0091552231847e-13
4.99860201332743e-13
4.98804881753202e-13
4.9774956000526e-13
4.96694240006831e-13
4.95638916815106e-13
4.94583587080916e-13
4.93528265911185e-13
4.92472951137598e-13
4.91417633287282e-13
4.90362316063678e-13
4.89306994536709e-13
4.88251673326693e-13
4.87196352874414e-13
4.86141032093667e-13
4.85085709080333e-13
4.84030388096064e-13
4.82975066827609e-13
4.81919745388953e-13
4.80864426047082e-13
4.79809101315326e-13
4.78753778110109e-13
4.77698458776125e-13
4.76643138698757e-13
4.75587815798246e-13
4.74532494458108e-13
4.73477175238002e-13
4.72421849475617e-13
4.71366526064503e-13
4.70311210165112e-13
4.6925589176907e-13
4.68200571769611e-13
4.67145250676273e-13
4.66089930674862e-13
4.65034611219549e-13
4.63979287218259e-13
4.62923967310498e-13
4.61868645045971e-13
4.60813321715719e-13
4.59758000554927e-13
4.58702671708607e-13
4.57647354817653e-13
4.56592043289742e-13
4.55536719952599e-13
4.54481399706408e-13
4.53426077567872e-13
4.5237075204457e-13
4.51315432287054e-13
4.50260115824779e-13
4.49204797428913e-13
4.48149470103803e-13
4.47094147557883e-13
4.4603882616537e-13
4.4498349901342e-13
4.43928178790932e-13
4.42872864708729e-13
4.41817547600543e-13
4.40762223452534e-13
4.397069022523e-13
4.38651578036717e-13
4.37596258320138e-13
4.36540940384593e-13
4.35485620410256e-13
4.3443030192824e-13
4.33374979713966e-13
4.32319649935382e-13
4.31264327452872e-13
4.3020901476091e-13
4.29294452833176e-13
4.29345737493941e-13
4.29345735353747e-13
4.29345740302281e-13
4.29345740624371e-13
4.29345731560635e-13
4.29345730194173e-13
4.29345738120285e-13
4.2934574129581e-13
4.29345741934891e-13
4.293457388372e-13
4.29345736272558e-13
4.29345732899469e-13
4.29345734384267e-13
4.29345739524645e-13
)
;
    }
    outlet
    {
        type            calculated;
        value           nonuniform List<scalar> 9(2.10340615662789e-10 2.27485190826453e-10 2.31387666988577e-10 2.24037878248037e-10 2.05898005623342e-10 1.7733099095285e-10 1.38678765727838e-10 9.02806109825316e-11 3.27820554310533e-11);
    }
    Wire
    {
        type            calculated;
        value           nonuniform List<scalar> 
100
(
-1.59490894416538e-13
-2.9878180947016e-13
-3.74496046446176e-13
-4.45766266869113e-13
-4.87464379605871e-13
-5.26682135450929e-13
-5.6360416302136e-13
-6.08536815924578e-13
-6.41862739694519e-13
-6.70504106583719e-13
-6.97892546636688e-13
-7.30008451935839e-13
-7.60515386244179e-13
-7.84717274558435e-13
-8.08349038221218e-13
-8.33909594828541e-13
-8.64803649534991e-13
-8.87720076662792e-13
-9.1080435886231e-13
-9.34244898470883e-13
-9.6836522545672e-13
-9.93909239654598e-13
-1.01944990442351e-12
-1.04534074053896e-12
-1.08183038461921e-12
-1.11589034037976e-12
-1.1484220760136e-12
-1.18292568433602e-12
-1.22680529355454e-12
-1.2780865405781e-12
-1.32341919749381e-12
-1.37191962737125e-12
-1.42861846980378e-12
-1.51209079156093e-12
-1.58311260892887e-12
-1.66098893094441e-12
-1.74555382326077e-12
-1.88712892693307e-12
-2.00893974131164e-12
-2.14130308529407e-12
-2.28745890003516e-12
-2.5119767517377e-12
-2.74437530586788e-12
-2.97995400801015e-12
-3.24071303551601e-12
-3.59740711779271e-12
-4.03671315008287e-12
-4.44838131604464e-12
-4.90308876659334e-12
-5.47441264770574e-12
-6.28850549666538e-12
-7.00244106794058e-12
-7.79353974926548e-12
-8.69098309403412e-12
-1.01714950296398e-11
-1.14543429781865e-11
-1.32081996783151e-11
-1.54736407168278e-11
-2.03705065922764e-11
-2.5774376715263e-11
-3.17006274718073e-11
-3.823312246653e-11
-4.78708226617726e-11
-5.58544672333891e-11
-6.299408174398e-11
-7.00445003455755e-11
-7.95946372883056e-11
-8.64098415424296e-11
-9.19548305504566e-11
-9.70001145423407e-11
-1.0281832792082e-10
-1.05089199955385e-10
-1.0654523726003e-10
-1.07250987629736e-10
-1.05461907018747e-10
-1.02788135077009e-10
-9.94531546349246e-11
-9.35653319959087e-11
-8.5846793541898e-11
-7.91028612611894e-11
-7.19357090588231e-11
-5.93287078897419e-11
-5.02847128184143e-11
-4.1698530918254e-11
-3.11259508585284e-11
-1.94952043093196e-11
-1.26921867422677e-11
-6.48083661711213e-12
7.87420843778781e-13
3.86271217496395e-12
6.18162089321335e-12
8.29871031894498e-12
9.39568153265452e-12
9.89880746461377e-12
1.02770250132002e-11
1.03028301778524e-11
1.00828285556918e-11
9.78835270621564e-12
8.75425028453592e-12
7.12382022732991e-12
)
;
    }
    inlet
    {
        type            calculated;
        value           nonuniform List<scalar> 9(-7.69181324929007e-10 -3.90133692900349e-10 -7.76538342415781e-11 1.61635685066673e-10 3.22894165182621e-10 4.02872776018899e-10 3.98183937304172e-10 3.06555326036911e-10 1.28148904205364e-10);
    }
    back
    {
        type            wedge;
        value           nonuniform List<scalar> 
900
(
-6.41928407478186e-26
-5.70917201229261e-25
-8.56831942495034e-25
-1.67269529732573e-24
-2.29445880579414e-24
-2.43207933470266e-24
-2.41135699429201e-24
-1.81525659423373e-24
-8.52409662525004e-25
8.79807496130177e-28
-5.24708293543023e-25
-9.74639173602073e-25
-1.64786562645655e-24
-2.35856995325984e-24
-2.64771084782808e-24
-2.61338240560372e-24
-2.10652687192294e-24
-1.00438916710274e-24
-4.99715189586933e-26
-5.59186833191602e-25
-1.14140639880725e-24
-1.82052762066744e-24
-2.54568897766208e-24
-2.94046191890626e-24
-2.90994580019565e-24
-2.25946381304596e-24
-9.22494769586064e-25
-1.44061271289376e-25
-5.69917282882857e-25
-1.2537525915763e-24
-1.99157177418298e-24
-2.77999255334003e-24
-3.06203476966797e-24
-2.94773182715783e-24
-2.39088385481615e-24
-1.04006714238855e-24
5.96298342718136e-26
-5.33265103709745e-25
-1.34593499364173e-24
-2.12393294075279e-24
-2.7118664132083e-24
-3.14269288493564e-24
-3.0161413766603e-24
-2.27370281759282e-24
-1.01479330462297e-24
-7.2927123562807e-26
-6.51333373325366e-25
-1.22485650778767e-24
-2.13434367424871e-24
-2.78094437041943e-24
-3.1626969367031e-24
-3.08206625729836e-24
-2.39414330300252e-24
-8.97026613567029e-25
-1.38047060576177e-25
-5.98178799867273e-25
-1.29108847734046e-24
-2.04526911216649e-24
-2.79077969690912e-24
-3.18837384404095e-24
-3.09646087353e-24
-2.2664545839167e-24
-1.00069769330086e-24
-1.26357157133895e-25
-6.35986121404162e-25
-1.29415468368073e-24
-2.18199501377227e-24
-2.78169022517665e-24
-3.0092347329257e-24
-3.022196757642e-24
-2.27753545624268e-24
-9.28312422885326e-25
-1.12822175478304e-25
-6.35348261218389e-25
-1.27650418163399e-24
-2.04517146192928e-24
-2.78679862833218e-24
-3.07173253585462e-24
-3.00553626838763e-24
-2.35047644095767e-24
-1.06854298325379e-24
2.67165353593404e-27
-5.16867186152606e-25
-1.16365620328808e-24
-1.97261796936831e-24
-2.62444040557039e-24
-2.98294162902987e-24
-2.92636776114913e-24
-2.30262658523645e-24
-9.78679122374564e-25
-1.07528004498402e-25
-5.19380709518719e-25
-1.19738705041518e-24
-1.97394180832837e-24
-2.6532346175778e-24
-2.87621860857054e-24
-2.90913313742926e-24
-2.22844403800945e-24
-8.86755297222476e-25
-7.18553494890909e-26
-5.27697231546703e-25
-1.17658558167597e-24
-1.87954500370991e-24
-2.48670609486583e-24
-2.82895985441034e-24
-2.80813999889141e-24
-2.22817670256573e-24
-9.15132387158087e-25
-4.08857131818712e-26
-4.23666763306241e-25
-1.11874540213086e-24
-1.85426848260259e-24
-2.45307303583383e-24
-2.85833850378739e-24
-2.80048021461653e-24
-2.17171844459776e-24
-9.01067233322153e-25
-9.8613377009513e-26
-5.55866361493605e-25
-1.17418660957618e-24
-1.71280239059434e-24
-2.43034823483784e-24
-2.87620477548471e-24
-2.81442360528874e-24
-2.06313066982105e-24
-8.06432569101263e-25
5.72349134739134e-26
-3.70743298160147e-25
-1.12339407275321e-24
-1.80586044904842e-24
-2.40732481223562e-24
-2.79752013907105e-24
-2.80750401903317e-24
-2.09291838019687e-24
-7.96988296271347e-25
2.31421671714187e-26
-4.94053657096867e-25
-1.08639690813518e-24
-1.77861147358129e-24
-2.48456028579749e-24
-2.65072377812883e-24
-2.72984257644128e-24
-2.13578441660461e-24
-8.80813304272227e-25
-9.52624728375984e-27
-5.71924405989802e-25
-1.12811152843156e-24
-1.85907502571697e-24
-2.42227733653513e-24
-2.79838986837195e-24
-2.63860723613568e-24
-2.1043064804408e-24
-9.67068019480062e-25
-5.31843504649611e-26
-6.40839780553821e-25
-1.2335137315628e-24
-2.0207134349964e-24
-2.50242670730381e-24
-2.75766655878332e-24
-2.67039897111828e-24
-2.08164842996047e-24
-9.88497725155269e-25
-1.06953410970848e-25
-5.47845103268329e-25
-1.13972526239064e-24
-1.86504598138183e-24
-2.41264674061847e-24
-2.76127036223445e-24
-2.64735898162255e-24
-2.04699523680545e-24
-8.43074032923103e-25
-1.04815000876403e-26
-4.90856550028527e-25
-1.21844767331562e-24
-1.80076672819241e-24
-2.32911959617779e-24
-2.67051329583989e-24
-2.61823986889696e-24
-1.9995803047978e-24
-8.30830002578154e-25
-3.33753759740561e-26
-5.33842672706637e-25
-1.15433096531759e-24
-1.86626010211396e-24
-2.3980121573584e-24
-2.7184767117685e-24
-2.62116673894444e-24
-1.96507831120522e-24
-8.30911381689312e-25
-4.8906221831797e-26
-4.69036695181808e-25
-1.07449802562783e-24
-1.81349585758e-24
-2.34376939921745e-24
-2.5915221560394e-24
-2.64681928904405e-24
-1.8799966440025e-24
-7.84457824641738e-25
-6.03070670672303e-26
-5.16419627308417e-25
-1.07167271332409e-24
-1.7296298300365e-24
-2.18170959500385e-24
-2.55635178921189e-24
-2.52311357721106e-24
-1.91496378043788e-24
-8.05043105761014e-25
-3.31133124890659e-26
-5.09562523631511e-25
-9.95286011486099e-25
-1.65588478152502e-24
-2.1185509853375e-24
-2.46448038099515e-24
-2.41925831868597e-24
-1.88650500176214e-24
-6.91833324681229e-25
-8.26048082140046e-26
-4.94620429443487e-25
-1.00059429365883e-24
-1.59869462619403e-24
-2.20781170615762e-24
-2.51813170086782e-24
-2.39705990228602e-24
-1.87902241114374e-24
-7.6346119067939e-25
-6.9501217978639e-26
-6.04162755101254e-25
-1.02618665330023e-24
-1.67381072095059e-24
-2.20498812944593e-24
-2.53668427967322e-24
-2.40873133905498e-24
-1.88801467992287e-24
-7.27432484608159e-25
-1.14837454855758e-25
-5.74226882894883e-25
-1.057848974552e-24
-1.66874032255722e-24
-2.25010111098031e-24
-2.40054105498307e-24
-2.45853612562363e-24
-1.79351444873861e-24
-7.20584820108439e-25
-1.05444916627885e-25
-5.25806724438096e-25
-1.07891241103066e-24
-1.69343456832017e-24
-2.09608287386307e-24
-2.41953343625379e-24
-2.33984357660002e-24
-1.81070574693964e-24
-7.27843229248609e-25
-1.40230495053808e-25
-4.11769716372534e-25
-1.05127666871737e-24
-1.66866605540658e-24
-2.1454644837962e-24
-2.41481779260599e-24
-2.29579664752127e-24
-1.72823857264851e-24
-7.68010985809105e-25
-1.0412193504541e-25
-4.25794338384797e-25
-1.01678568210955e-24
-1.61461851165495e-24
-2.12314374564489e-24
-2.38062503081128e-24
-2.35628560805625e-24
-1.83289722633277e-24
-7.99546337665073e-25
-3.27117962621304e-26
-4.21008662998547e-25
-9.4412310676149e-25
-1.58647950732947e-24
-2.022174268486e-24
-2.34988083874479e-24
-2.28173056853663e-24
-1.79244791292867e-24
-7.52442671006156e-25
-7.83416828455117e-26
-4.48214635233279e-25
-9.15079132860038e-25
-1.47741069944832e-24
-2.11183056510143e-24
-2.42771266675085e-24
-2.29321298620845e-24
-1.80993471408337e-24
-6.74373260733937e-25
8.53044042956311e-27
-4.29736385883554e-25
-9.43281894770712e-25
-1.51832839788527e-24
-2.01054308124558e-24
-2.33905380596634e-24
-2.20278819854438e-24
-1.72045374598199e-24
-7.32547267903425e-25
-8.19254706512994e-26
-4.99513896122961e-25
-1.02606871857351e-24
-1.45823807855659e-24
-1.87844901147245e-24
-2.19961916913925e-24
-2.18180819163412e-24
-1.68129346708934e-24
-7.36819866343474e-25
-1.10764579081074e-25
-4.05944733043941e-25
-8.54203888601484e-25
-1.29793084196804e-24
-1.76704688342775e-24
-2.11111421991792e-24
-2.08084997516619e-24
-1.62449311961588e-24
-6.1315827099787e-25
-2.0602132072836e-26
-4.17453839332886e-25
-8.49807460158537e-25
-1.26494543752218e-24
-1.77490596579768e-24
-2.12131984303778e-24
-2.03016193516815e-24
-1.52417876457838e-24
-6.60759035461878e-25
1.56798131086192e-27
-4.0053045503913e-25
-8.14956642838122e-25
-1.36778974496497e-24
-1.86071301563654e-24
-2.12693866647633e-24
-2.00796462469955e-24
-1.50741290424547e-24
-6.65540833272778e-25
-4.02464459662843e-26
-3.82206541103725e-25
-8.32618302424411e-25
-1.28855637281578e-24
-1.80910962282368e-24
-2.02229355089755e-24
-1.97791591407536e-24
-1.56911318910839e-24
-6.45255048585696e-25
-3.71793294227335e-26
-4.01290889720397e-25
-7.97847052271758e-25
-1.24503273719784e-24
-1.67068573369131e-24
-1.92721230288236e-24
-1.92221661597075e-24
-1.47710788950416e-24
-6.20338233469265e-25
-4.25984952724131e-26
-4.18508150434717e-25
-8.78232910259771e-25
-1.39278164653341e-24
-1.77750015950795e-24
-2.02273762508527e-24
-1.88677100916695e-24
-1.43199243735965e-24
-6.09364058066406e-25
-8.9114975490023e-26
-3.68213385201348e-25
-8.28747545643873e-25
-1.27839507113534e-24
-1.72177538613649e-24
-1.93551380194502e-24
-1.8717371222634e-24
-1.4486255013093e-24
-6.25585263161781e-25
-8.41456740250775e-26
-4.56812451352069e-25
-9.05538219949951e-25
-1.32087524728037e-24
-1.67400403332209e-24
-1.94038296767007e-24
-1.88826004346392e-24
-1.38223878728872e-24
-5.09501845124299e-25
-1.01960718078003e-25
-5.15842140645237e-25
-9.61077269081439e-25
-1.44496868761145e-24
-1.82585248000581e-24
-2.05689803803872e-24
-2.01192502409511e-24
-1.44410850927575e-24
-6.62785683087315e-25
-8.74302577111992e-26
-3.94509585163087e-25
-8.2290746877398e-25
-1.28845789575561e-24
-1.70684620802214e-24
-1.9447085702381e-24
-1.87273536300824e-24
-1.40529195357588e-24
-5.77754576378689e-25
-1.13415623076631e-25
-4.50998367507506e-25
-8.71988553272228e-25
-1.35725183233787e-24
-1.70380300255601e-24
-1.91645289895385e-24
-1.83512806802847e-24
-1.41339315561951e-24
-5.96099617886145e-25
-4.43582929738997e-26
-4.21860907382224e-25
-8.10930691278388e-25
-1.28912919906638e-24
-1.69448817867398e-24
-1.89741403112513e-24
-1.79258884670411e-24
-1.38984358720119e-24
-5.87434056484574e-25
-6.08049112621749e-26
-3.78631757689254e-25
-7.39309274199318e-25
-1.14938286574156e-24
-1.52814684557902e-24
-1.69746210699204e-24
-1.68785269048342e-24
-1.25130522626352e-24
-5.29068303561628e-25
-8.95923965145684e-26
-4.72346897375969e-25
-9.20931926542034e-25
-1.35077231498015e-24
-1.64390164495068e-24
-1.86934448209412e-24
-1.77350763505327e-24
-1.36802573645384e-24
-5.78286385884987e-25
-5.3811741463158e-26
-4.06396390748294e-25
-8.02835868342353e-25
-1.24244211337009e-24
-1.56074421914706e-24
-1.75327741970957e-24
-1.66915974341234e-24
-1.26212298911269e-24
-5.20240341789178e-25
-9.79156979344206e-26
-3.09044888360498e-25
-7.35847000726877e-25
-1.15774205325517e-24
-1.47270371675986e-24
-1.7161124830222e-24
-1.59520902983828e-24
-1.24798415537793e-24
-5.04436176697767e-25
-1.28324383691258e-25
-4.17309949714721e-25
-8.28086181569048e-25
-1.24793916819561e-24
-1.53166302477395e-24
-1.75679994984343e-24
-1.66646846484309e-24
-1.21109949482577e-24
-5.27516693753222e-25
-8.22528030659638e-26
-4.16537654968633e-25
-8.01612510845775e-25
-1.16816325901861e-24
-1.50028424020829e-24
-1.65156112488003e-24
-1.61416639152699e-24
-1.20214571670574e-24
-5.44022470766416e-25
-6.94947337071819e-26
-4.64620297487609e-25
-8.21672364730215e-25
-1.19196378629934e-24
-1.50565731878391e-24
-1.66648861602103e-24
-1.61286338219893e-24
-1.18148214982386e-24
-4.99613866617167e-25
-1.17254162805913e-25
-4.36077769025976e-25
-8.11933505627013e-25
-1.18617132491814e-24
-1.47185652433388e-24
-1.61873378171297e-24
-1.54175123654941e-24
-1.12042698001469e-24
-4.99817839965569e-25
-1.00234004668749e-25
-4.58988408675021e-25
-8.15589203875852e-25
-1.17754612406612e-24
-1.49055355400337e-24
-1.59173425307394e-24
-1.48101637466914e-24
-1.09268979727861e-24
-4.6960448108819e-25
-1.21477330096066e-25
-4.55251983273255e-25
-8.35202923309061e-25
-1.21183931612027e-24
-1.43785591590309e-24
-1.52203016679624e-24
-1.47854278494703e-24
-1.1028630488089e-24
-4.53788593127452e-25
-1.49603847186817e-25
-4.50342571655793e-25
-8.25910269814488e-25
-1.12178291105363e-24
-1.38972257697032e-24
-1.47978712775663e-24
-1.42283798584433e-24
-1.04603216839348e-24
-4.26426798641712e-25
-1.44948214761908e-25
-5.20538406280281e-25
-8.81777282369232e-25
-1.22272162165482e-24
-1.42952077566701e-24
-1.53983075653535e-24
-1.43225064637841e-24
-1.03758276102176e-24
-4.17910160504081e-25
-1.39296142454086e-25
-4.95802926090602e-25
-8.12166905014988e-25
-1.16514904203297e-24
-1.34370942999958e-24
-1.46471147636259e-24
-1.34237801067357e-24
-9.70447844232302e-25
-3.86267912530277e-25
-1.45189229368203e-25
-5.89369280216025e-25
-9.75032578468733e-25
-1.29829202916628e-24
-1.4905554163402e-24
-1.52351784095653e-24
-1.39588456278113e-24
-9.91010455464476e-25
-3.62844356707592e-25
-2.27065772282952e-25
-6.27190004771243e-25
-1.003523381834e-24
-1.2712327434838e-24
-1.45953898475373e-24
-1.47152232258557e-24
-1.29269412373044e-24
-9.521459350368e-25
-3.849479996023e-25
-1.95588514573472e-25
-6.5494603863468e-25
-1.053728697229e-24
-1.33150396204157e-24
-1.45014221423868e-24
-1.49123783110631e-24
-1.33673511072061e-24
-9.44063456265089e-25
-3.76910740756777e-25
-2.6985064298591e-25
-7.50897973379314e-25
-1.1376415823413e-24
-1.3957130408339e-24
-1.55091124864966e-24
-1.54008375668886e-24
-1.31742367390022e-24
-9.37308664312313e-25
-3.37163396083433e-25
-3.1401574124204e-25
-8.59810599638194e-25
-1.22607014187908e-24
-1.50541546136943e-24
-1.57117172541161e-24
-1.51796471405162e-24
-1.28139597546802e-24
-8.763759083415e-25
-3.32851548664647e-25
-3.23155169416856e-25
-8.47689978840479e-25
-1.30345145212325e-24
-1.53744926158928e-24
-1.59619669295729e-24
-1.55224786235331e-24
-1.27240178475806e-24
-8.36908824586017e-25
-2.77326369660983e-25
-3.82344539549569e-25
-9.23240506387384e-25
-1.31315904484997e-24
-1.55521488321037e-24
-1.60304653776894e-24
-1.51362495316737e-24
-1.22750292241118e-24
-7.97030752676389e-25
-2.56893415030632e-25
-3.6261795663237e-25
-9.7467765902103e-25
-1.33609277462113e-24
-1.53518765487337e-24
-1.5722883811298e-24
-1.44099229422394e-24
-1.15097186241534e-24
-7.18628606788975e-25
-2.67216953309155e-25
-3.81543637511948e-25
-9.20821828514219e-25
-1.27106907717161e-24
-1.47155826053694e-24
-1.48528625558748e-24
-1.35076206944688e-24
-1.05936324130471e-24
-6.59859538135362e-25
-2.24789017614061e-25
-3.59149256574095e-25
-8.7478738907554e-25
-1.22653177283345e-24
-1.37864972876539e-24
-1.32016667064238e-24
-1.15100927665677e-24
-8.670545109635e-25
-5.46710075589787e-25
-1.71621467805829e-25
-3.21420687863093e-25
-8.42481795989003e-25
-1.13466080206902e-24
-1.29028734538109e-24
-1.24804719867444e-24
-1.07344619479938e-24
-8.45936980117024e-25
-5.22932476828208e-25
-1.64868053056991e-25
-3.10191924216518e-25
-7.80375195867684e-25
-1.05558159601806e-24
-1.13086738335937e-24
-1.07869856070073e-24
-9.08347376730138e-25
-6.40808781657788e-25
-4.12395068526296e-25
-1.29544147728486e-25
-3.23340578998693e-25
-7.26276364958969e-25
-9.30910680005729e-25
-1.00895406117776e-24
-9.21335932928819e-25
-7.73751092826181e-25
-5.53245619054449e-25
-2.8284269731107e-25
-1.06220487225712e-25
-2.8687078815384e-25
-5.99798685001795e-25
-8.29973736078258e-25
-8.62599794132785e-25
-7.83993799596682e-25
-6.14034724072386e-25
-4.42076200853844e-25
-2.33207877252918e-25
-5.39147701736809e-26
-2.50985535528125e-25
-5.77365593935337e-25
-7.77668704563003e-25
-7.64944450896946e-25
-6.71359401755173e-25
-4.83184114943599e-25
-3.30311411027504e-25
-1.54024403409854e-25
-6.86697937208537e-27
-2.15578618366533e-25
-4.4132704541016e-25
-6.00726307248736e-25
-5.92496359041626e-25
-4.68916324564675e-25
-3.15893385390857e-25
-1.78611982646686e-25
-7.18349416680536e-26
2.27252289575783e-26
-2.16698690705646e-25
-3.67318051839654e-25
-4.47641350646605e-25
-4.05568456760037e-25
-2.67609351250918e-25
-1.65773850409184e-25
-3.63097646514337e-26
5.77975390434186e-26
1.23292579878074e-26
-1.12342480188377e-25
-2.23292292527806e-25
-2.60472260349527e-25
-1.70368536083457e-25
-2.82085907230915e-26
1.09291882256747e-25
1.7549999953978e-25
1.92886231243219e-25
1.07236051087801e-25
-6.87829442089828e-26
-1.16153658869217e-25
-4.22812257823576e-26
8.34019846679647e-26
2.1880529689389e-25
3.08175403037057e-25
3.45459151921208e-25
3.16323229268752e-25
1.36732682556317e-25
-6.88416114909514e-27
2.09799169436813e-26
1.54257813052839e-25
2.89060595780276e-25
4.12005757800319e-25
4.95447552782959e-25
4.80180076783705e-25
3.83277350284722e-25
1.69328452507148e-25
1.82814849647292e-26
1.11824268244883e-25
2.92623602243568e-25
4.52304835296284e-25
5.63256077425645e-25
6.51766828276849e-25
6.00033802060256e-25
4.79634471710135e-25
2.06416264403935e-25
4.30521454716558e-26
1.4467461319858e-25
3.32287282060547e-25
4.67014121737344e-25
6.27592161667968e-25
6.80974100954138e-25
6.45584666389332e-25
5.05477896310637e-25
2.055459840799e-25
7.11266496148198e-26
2.31410274965264e-25
4.28287157626408e-25
6.47444360843882e-25
7.88545239592061e-25
8.57931272515399e-25
8.07239923703355e-25
5.84415572955169e-25
2.59166261668371e-25
5.14768883160007e-26
2.57652800764746e-25
4.41245840077015e-25
6.5906926097932e-25
7.91788521270387e-25
8.84645141029287e-25
8.30606051725701e-25
6.23602052946569e-25
2.5612258421602e-25
6.62995497825297e-26
2.90906584106384e-25
5.20371032774439e-25
7.25105461857928e-25
9.10467067753895e-25
9.79235585120435e-25
8.8204574695779e-25
6.60716091596536e-25
2.77157757464972e-25
8.18125957648807e-26
3.25750756247308e-25
5.71091266648741e-25
7.99103590113258e-25
1.00122865160103e-24
1.06019111575159e-24
9.78593577289737e-25
7.16868707449926e-25
3.09439084871474e-25
6.16557840630065e-26
3.01785772347373e-25
4.96168987438731e-25
6.95008535718753e-25
8.89265851017474e-25
9.32998949342806e-25
8.9307466349396e-25
6.66133636305072e-25
2.83510423593013e-25
3.38760880884032e-26
1.35127968623265e-26
3.1992271087068e-26
3.91240484374582e-26
6.55055039830732e-26
4.60147665801353e-26
3.52510201710062e-26
3.9555868959879e-26
3.70996308220333e-26
1.54472774979914e-26
6.15086941990642e-26
5.63316446225802e-26
3.08994048373916e-26
2.44390303801306e-26
2.28922184529614e-26
1.50761845949746e-26
1.41137920009454e-26
1.93792489783388e-27
-1.72609629892343e-26
-5.48437405323815e-27
3.2578339938807e-27
-8.6273638557234e-27
-1.28320121906996e-28
3.39141799313061e-26
-5.02334069856413e-27
-1.29068528132976e-26
5.19997415392987e-27
-2.91409264829793e-26
-3.23832582661055e-26
-2.50872345947431e-26
-2.90007151334759e-26
-2.38129720718192e-26
-5.56933962941444e-27
-2.8396040216141e-27
-2.35175574301347e-26
2.99647230851672e-27
-1.46882035504742e-26
-1.24865699151653e-26
-3.8083081856805e-26
-2.03364868107127e-26
-5.72176904874352e-27
-6.26625350231472e-27
-2.03183481837834e-27
4.96936828915401e-27
1.19428490667952e-26
-9.86520277296114e-27
-1.17287894973685e-26
-2.66069348840975e-26
-2.53786984444318e-26
-2.83037174843167e-27
7.29340157477168e-27
-8.72636702400534e-27
-1.73830982754316e-26
5.27394645036545e-27
9.48474003840835e-28
-2.13241251598446e-26
-4.46758820777138e-26
-6.61662050089323e-26
-4.75802400858764e-26
-3.19436900028375e-26
-2.22455899541244e-26
-9.7684799862794e-28
1.33962782835223e-26
9.54506413204938e-27
-3.9100981949647e-26
-7.23296492096445e-26
-7.93876906301961e-26
-4.13390072296705e-26
-4.73874562473394e-26
-2.82011885735717e-26
-2.30801458100002e-26
1.61676317458059e-26
3.88832523071293e-27
-1.5550552270178e-26
-3.88214942706799e-26
-3.52526018317535e-26
-3.13801520351155e-26
-4.48115475526625e-26
-7.77753196571657e-27
-2.13161882169608e-27
-1.10161511358948e-26
-8.39263754086778e-27
-2.43109058344839e-26
-4.67257052652134e-26
-3.46037042501214e-26
-2.89969736456537e-26
-2.48949727154681e-26
-7.31191892130954e-27
-2.19902753328244e-27
-1.89090814450459e-26
-2.0616651638631e-26
-6.28366302778307e-26
-3.65697156695292e-26
-2.41001655412634e-26
-5.16290656163915e-26
-4.44145994438253e-26
-1.32401428619559e-26
-2.07347735295028e-26
-1.05423468069089e-26
1.99049662866543e-26
-4.26610748628026e-26
-5.1287743041946e-26
-4.98347589960852e-26
-3.09502071372094e-26
-6.56976274416977e-27
1.08142495428383e-27
8.34997673227509e-27
-1.71517408642314e-26
-2.02457515002422e-26
-3.99013325032824e-26
-4.12754042431583e-26
-3.32257539850664e-26
-2.45760483544383e-26
-2.56886893798805e-26
-2.42808451952472e-26
-8.78060463764218e-27
-7.58778897826092e-27
-3.94114564939121e-26
-9.34317242292281e-27
-3.77717517269199e-26
-1.47345982184171e-26
-7.46938010067439e-27
-1.20318247222398e-26
-1.29855084977479e-26
6.22800467761959e-27
4.34237438330526e-28
)
;
    }
    front
    {
        type            wedge;
        value           nonuniform List<scalar> 
900
(
-4.76736086216281e-26
-5.45676648411669e-25
-1.05554163261881e-24
-1.64227391066157e-24
-2.14719250392286e-24
-2.46330340888491e-24
-2.37304732484056e-24
-1.85592208683044e-24
-8.36551717121701e-25
-3.34761085180553e-26
-5.81224033616927e-25
-1.01153613002552e-24
-1.60693918315223e-24
-2.33620597010069e-24
-2.70564747522311e-24
-2.62163572572246e-24
-2.06355730176803e-24
-9.62298096916579e-25
-1.65675377002038e-25
-5.69209267659434e-25
-1.11790284988343e-24
-1.90800225547437e-24
-2.59296659309665e-24
-2.97611525989469e-24
-2.9050772111929e-24
-2.31459953843754e-24
-9.51868178478525e-25
-1.22966423795766e-25
-6.3635163039517e-25
-1.32068236370225e-24
-1.92015275763431e-24
-2.71466570318675e-24
-3.07768742843433e-24
-2.99042837945163e-24
-2.31975652302635e-24
-1.09194262022055e-24
6.49383691179376e-26
-5.45034368517225e-25
-1.33671007661691e-24
-2.03675427553468e-24
-2.75444312318447e-24
-3.1345433480527e-24
-3.01195090730989e-24
-2.3488040451817e-24
-9.86069963406672e-25
-1.67457008295068e-26
-6.22517985263069e-25
-1.21411604516216e-24
-2.11501297193734e-24
-2.76486608027377e-24
-3.10390572821713e-24
-3.04394894917686e-24
-2.33166841089422e-24
-8.72161334480527e-25
-1.20551813066032e-25
-6.12574140599212e-25
-1.24472812373767e-24
-2.02717678029922e-24
-2.81166282019846e-24
-3.08983768937113e-24
-3.00888357445854e-24
-2.27908308098658e-24
-9.50590882726359e-25
-1.05766099816148e-25
-6.69132351391139e-25
-1.29627516655009e-24
-2.03858043600219e-24
-2.68780997606476e-24
-3.13366105254917e-24
-3.04605345408441e-24
-2.30503370203631e-24
-1.00616091984425e-24
-2.11843447778811e-25
-5.68484049268594e-25
-1.2613779940674e-24
-2.08212844949089e-24
-2.70525532455618e-24
-3.03634698889069e-24
-2.93345454510881e-24
-2.36847363486596e-24
-9.816373861496e-25
-6.21304349209292e-26
-5.58960272641778e-25
-1.22671545064593e-24
-2.03752325585998e-24
-2.621980580056e-24
-2.95513734991952e-24
-2.95910624439537e-24
-2.31799934036492e-24
-8.89729168718379e-25
-8.66049552410414e-26
-5.88700427052091e-25
-1.29611529770848e-24
-2.07225926987163e-24
-2.71399122937047e-24
-3.05433696642145e-24
-2.95806445754038e-24
-2.26021639358955e-24
-9.44687160027168e-25
-2.19871139397116e-26
-6.00159324152966e-25
-1.32647398849266e-24
-1.98574943280369e-24
-2.60579509925491e-24
-2.94211388255137e-24
-2.91866926539683e-24
-2.2191932547406e-24
-9.04238372885733e-25
-5.93220790679347e-26
-4.86623790694801e-25
-1.26375421255345e-24
-1.97623808927397e-24
-2.57146266297327e-24
-2.95434848836848e-24
-2.83773041203395e-24
-2.23667786809612e-24
-8.47968031265388e-25
-1.28919094067523e-25
-5.34474646913031e-25
-1.24735492263318e-24
-1.97918928613768e-24
-2.65498830983512e-24
-3.01650565999676e-24
-2.9348768882306e-24
-2.15630468465188e-24
-8.9026445401227e-25
1.56306040301376e-26
-5.33407472964432e-25
-1.3127947906347e-24
-2.02626154703025e-24
-2.53582462796476e-24
-2.83090401653442e-24
-2.87827942312502e-24
-2.0958392621873e-24
-8.57857575424133e-25
-4.71516258385839e-26
-5.67827923937571e-25
-1.22946615137197e-24
-2.04321987368158e-24
-2.55668074724653e-24
-2.81434256462776e-24
-2.74726901808825e-24
-2.16957121518918e-24
-7.98472705630484e-25
-5.12878379678127e-26
-5.75256884088707e-25
-1.16325595674562e-24
-1.7939210438683e-24
-2.43727818158429e-24
-2.77957739867051e-24
-2.73517080243952e-24
-2.01255344688316e-24
-9.37958940634174e-25
-3.91606999645232e-26
-5.15766139549719e-25
-1.2041658540716e-24
-1.82494144293036e-24
-2.42348395571451e-24
-2.75474609911844e-24
-2.67539012087051e-24
-2.02064134343471e-24
-9.72939854229642e-25
7.8897517893529e-27
-5.5588085885068e-25
-1.13563713612751e-24
-1.81295795925315e-24
-2.4063018217479e-24
-2.65008707018273e-24
-2.62909249891584e-24
-2.14931071279932e-24
-7.91018481179186e-25
-6.17451926462017e-27
-4.8189949155908e-25
-1.14085314596476e-24
-1.79616684384534e-24
-2.35002801700756e-24
-2.68695097990447e-24
-2.63774929905357e-24
-2.00084375613615e-24
-8.81268838172038e-25
-3.43151731388596e-26
-4.53693807585506e-25
-1.1284607652346e-24
-1.76625030649275e-24
-2.36704135251318e-24
-2.70257667952756e-24
-2.51384385915732e-24
-1.95746164893416e-24
-8.82954555570357e-25
-2.10708631564381e-26
-5.03928379718021e-25
-1.08631872116908e-24
-1.80238869101961e-24
-2.32440180155035e-24
-2.62236151949612e-24
-2.49631634284909e-24
-1.8877738390985e-24
-8.09037255344215e-25
-7.57594002299051e-26
-4.70887592738191e-25
-1.11358204237582e-24
-1.73658553076206e-24
-2.31226410605181e-24
-2.6734077492592e-24
-2.56736871575473e-24
-1.98362501697615e-24
-7.45215272557021e-25
-3.47500046198012e-26
-5.13700082319536e-25
-1.06502841667718e-24
-1.76119102307124e-24
-2.21430443371641e-24
-2.59254485955374e-24
-2.57084692403297e-24
-1.92888172956858e-24
-7.50412700139407e-25
-9.52598723518476e-26
-5.03023505583444e-25
-1.01787542550011e-24
-1.66862340047159e-24
-2.22303615494732e-24
-2.52949569057982e-24
-2.43265881795523e-24
-1.92134510845057e-24
-7.6961877737909e-25
-9.96357985401306e-26
-5.45434875528115e-25
-1.04813897628509e-24
-1.61008986813926e-24
-2.18440596507382e-24
-2.4037818722661e-24
-2.31577549865598e-24
-1.84679650355342e-24
-7.65066384079157e-25
-1.18512019496496e-25
-5.65762205795253e-25
-9.92132831517672e-25
-1.62469295766846e-24
-2.1435125113939e-24
-2.39551264076023e-24
-2.23918536740079e-24
-1.77607503692651e-24
-7.52159263696983e-25
-3.54231861105465e-26
-4.64468297053085e-25
-9.11841804332582e-25
-1.56557538655121e-24
-2.03499655640835e-24
-2.40454902665223e-24
-2.30910010934708e-24
-1.75553274492132e-24
-7.51700139420721e-25
-7.43855532413891e-26
-3.40935129782618e-25
-8.83414392514913e-25
-1.53136345432729e-24
-1.97852461907145e-24
-2.3519001984914e-24
-2.21375519350846e-24
-1.74553029092435e-24
-7.47762409907909e-25
-3.41307818674397e-26
-3.97685556145412e-25
-8.80906529866434e-25
-1.48502692396373e-24
-2.00531876114972e-24
-2.25761830959552e-24
-2.24500102399365e-24
-1.68827181116646e-24
-7.72193137735501e-25
-6.89175526204501e-26
-4.29546638989692e-25
-8.91919592845382e-25
-1.43467180401916e-24
-1.98207950751205e-24
-2.21240715979671e-24
-2.10685533359109e-24
-1.6705077934963e-24
-6.9576007558116e-25
-8.34674844916332e-26
-5.26335369019593e-25
-9.63219519057326e-25
-1.45691946576689e-24
-1.97387715269258e-24
-2.23407745231346e-24
-2.16016250190566e-24
-1.66343705096655e-24
-6.2509683651087e-25
-5.15862671027694e-26
-4.14602915893735e-25
-9.42740746905757e-25
-1.48822653117685e-24
-1.9712240647813e-24
-2.29460821809666e-24
-2.17124420977661e-24
-1.66351777598846e-24
-7.30454134290539e-25
-4.22930831836309e-26
-4.4363848597559e-25
-9.8959566544829e-25
-1.5390198253627e-24
-1.95910734366048e-24
-2.27291840789689e-24
-2.20504958361902e-24
-1.6775793584926e-24
-7.57186602436289e-25
1.15793587262937e-26
-5.11870145535968e-25
-9.73945081987394e-25
-1.47461688684342e-24
-1.97148968815811e-24
-2.29940944428456e-24
-2.16050927412934e-24
-1.6367758961235e-24
-6.36110156357461e-25
1.51112861035194e-26
-5.57276872626128e-25
-1.01801245435968e-24
-1.45879310712152e-24
-1.9485033888717e-24
-2.25784572357528e-24
-2.10871880127132e-24
-1.59859145072191e-24
-6.7422058109138e-25
-7.04145983611046e-26
-5.16262746495817e-25
-9.33333027729414e-25
-1.48803395668947e-24
-1.91428231932002e-24
-2.10044377148738e-24
-2.01515636122237e-24
-1.52090244062928e-24
-7.11436819299911e-25
-5.93530092861762e-26
-4.98134604103199e-25
-9.28951680230384e-25
-1.50807837326402e-24
-1.9676018215758e-24
-2.19676645961718e-24
-2.01823561480298e-24
-1.52512757910809e-24
-6.68723057339608e-25
-1.39106024428019e-25
-5.56058399872628e-25
-1.00632565817855e-24
-1.45214294057294e-24
-1.9383823141424e-24
-2.18790768952219e-24
-2.08086158707458e-24
-1.61439403588371e-24
-5.9687883558897e-25
-4.06629333787517e-26
-4.22831085625935e-25
-8.94974949123977e-25
-1.34189890616317e-24
-1.76649532358935e-24
-2.0561155362671e-24
-1.92673908047494e-24
-1.51515019055905e-24
-5.97252227943205e-25
-9.45301393564798e-26
-4.37117964332408e-25
-8.7098758919892e-25
-1.35076505436586e-24
-1.82454555457008e-24
-2.0023272612375e-24
-1.91442404381342e-24
-1.43045741310804e-24
-5.96946868761162e-25
-7.48276465155603e-26
-4.73824570629166e-25
-9.48505980003785e-25
-1.28841503949462e-24
-1.71869228210152e-24
-1.98312220450974e-24
-1.92168248058952e-24
-1.45621225996375e-24
-5.72629646071006e-25
-3.33432613219881e-26
-3.4478177217951e-25
-7.47672436700109e-25
-1.19492700989116e-24
-1.54229410459921e-24
-1.82822787845842e-24
-1.79860139261122e-24
-1.33731988357169e-24
-5.84357841980582e-25
-6.54709892983367e-26
-3.68992969762987e-25
-7.50334678229018e-25
-1.15338073573038e-24
-1.59028730257987e-24
-1.86082199451033e-24
-1.75387743561329e-24
-1.31914270996595e-24
-5.60231552300317e-25
-8.53943593929257e-26
-3.16528220006238e-25
-7.33990541148561e-25
-1.13764644453071e-24
-1.56697331947406e-24
-1.74386844484197e-24
-1.70757448239915e-24
-1.34181838736948e-24
-5.96501465825168e-25
-6.83053729472442e-26
-4.0843106279631e-25
-7.66459860033043e-25
-1.24356301609287e-24
-1.59910677544533e-24
-1.76801402289865e-24
-1.70337595672585e-24
-1.32278719486907e-24
-5.51028348852934e-25
-6.98669788684941e-26
-4.05799760326751e-25
-8.44118904432151e-25
-1.27419762721691e-24
-1.65897293268694e-24
-1.82528856617486e-24
-1.77812248533007e-24
-1.28981212589253e-24
-5.45725189623037e-25
-1.78982665336171e-26
-2.75504096819309e-25
-7.00257754864018e-25
-1.07152909585035e-24
-1.47419168601207e-24
-1.67326703453326e-24
-1.64189137080764e-24
-1.29888874603381e-24
-5.49357288821865e-25
-4.90553551348398e-26
-3.76231534940555e-25
-7.44429973032109e-25
-1.16959733923223e-24
-1.51271389507144e-24
-1.68257005774261e-24
-1.67442189467267e-24
-1.20319860475e-24
-5.52974151508825e-25
-7.39386283220997e-26
-3.96624227881955e-25
-8.38345049417544e-25
-1.22294199146704e-24
-1.53870567176677e-24
-1.70108349642581e-24
-1.62258052092978e-24
-1.2163798245211e-24
-4.95672475574319e-25
-1.15009023620511e-25
-3.74280551341119e-25
-7.43737494822348e-25
-1.09257198163306e-24
-1.42933662440772e-24
-1.58107960548354e-24
-1.52102902624767e-24
-1.11567895545554e-24
-4.89254041975716e-25
-7.98744800167822e-26
-3.83495905892773e-25
-7.65342243680497e-25
-1.12807719827848e-24
-1.43126218353366e-24
-1.61318564488834e-24
-1.5789509407147e-24
-1.18466718891924e-24
-5.3695018432247e-25
-8.90857291147929e-26
-3.8273901903041e-25
-7.77197430970516e-25
-1.14966056166965e-24
-1.41946655262227e-24
-1.57959052398668e-24
-1.52688127240546e-24
-1.13125701986918e-24
-4.76665039875094e-25
-8.3201173858036e-26
-4.00112806548815e-25
-7.67706840078064e-25
-1.1225372984381e-24
-1.42537560981432e-24
-1.59607164157172e-24
-1.45128968677903e-24
-1.12011532812712e-24
-4.82994877028392e-25
-6.99983285132831e-26
-4.08189611534022e-25
-7.82043627154059e-25
-1.12352455073686e-24
-1.38744147650605e-24
-1.51185856234166e-24
-1.44571603753378e-24
-1.09138233587952e-24
-4.48354870026017e-25
-7.88089767692906e-26
-4.08451492954349e-25
-7.97252540759156e-25
-1.14170767502756e-24
-1.40134830408288e-24
-1.50073885306604e-24
-1.4379304417528e-24
-1.06396614565331e-24
-4.35229753333822e-25
-1.54892369441558e-25
-4.85983764926489e-25
-8.34194453610613e-25
-1.13281933350357e-24
-1.39300320513687e-24
-1.5056757847855e-24
-1.41624644033936e-24
-1.06148901545754e-24
-4.27670285927011e-25
-1.30736040406824e-25
-4.23671501177246e-25
-8.14608174399531e-25
-1.10108689960095e-24
-1.3149321424711e-24
-1.41413887099058e-24
-1.35734602832252e-24
-9.68960991753097e-25
-4.17430533370625e-25
-1.69353751880964e-25
-5.54260359545467e-25
-8.85890229606507e-25
-1.24254660595504e-24
-1.48076959653366e-24
-1.53681055950054e-24
-1.39194426798803e-24
-9.99051114907344e-25
-3.82699934852015e-25
-1.71619349978957e-25
-5.58445924315421e-25
-9.25395436937038e-25
-1.20794697290442e-24
-1.45125236345574e-24
-1.49866347984318e-24
-1.3624309502584e-24
-1.01126523505581e-24
-3.6649082695849e-25
-2.26410852817857e-25
-6.53671745298007e-25
-1.02369888253645e-24
-1.30884422298325e-24
-1.49957899367488e-24
-1.52552069290237e-24
-1.32335596882634e-24
-9.81118043011224e-25
-3.71736752910393e-25
-2.40861410573765e-25
-6.7644509185574e-25
-1.07283808887423e-24
-1.34474382105332e-24
-1.50667019971626e-24
-1.53306616899094e-24
-1.34223612051203e-24
-9.5171165127808e-25
-3.92644157500669e-25
-2.99360732284155e-25
-7.83369467993885e-25
-1.19362653450597e-24
-1.41237886489346e-24
-1.58368738334838e-24
-1.53640210958364e-24
-1.30745792150104e-24
-8.83800921763868e-25
-3.08624518059609e-25
-3.03832824741957e-25
-8.25287714377653e-25
-1.2227728864555e-24
-1.46294563386836e-24
-1.558210000375e-24
-1.51830038708591e-24
-1.32062396467077e-24
-8.75029690099358e-25
-3.17348710827725e-25
-3.14106784715754e-25
-8.6628476028739e-25
-1.28922296554515e-24
-1.48492392817765e-24
-1.53703863307601e-24
-1.47292992308357e-24
-1.21551049199178e-24
-7.85064846084308e-25
-2.78616206610487e-25
-3.74812470924017e-25
-8.71754020506588e-25
-1.23562581911483e-24
-1.46161103809535e-24
-1.50193136205126e-24
-1.42699295980653e-24
-1.1812800393165e-24
-8.04987098482298e-25
-2.77499674867339e-25
-3.578531790887e-25
-9.24944290365708e-25
-1.30505573008974e-24
-1.513070629429e-24
-1.55321660753279e-24
-1.41615710624676e-24
-1.13413457700831e-24
-7.13142587510285e-25
-2.3039231748877e-25
-3.74549647779441e-25
-9.44132911094264e-25
-1.32695703830061e-24
-1.49302526544094e-24
-1.4928179570721e-24
-1.34647647921305e-24
-1.02546969078306e-24
-6.58629934854962e-25
-2.18784164763792e-25
-3.76480582132274e-25
-9.24857216705134e-25
-1.28858063482386e-24
-1.46645986537863e-24
-1.45975133480064e-24
-1.29425413101912e-24
-1.00832870730758e-24
-6.3613936948947e-25
-1.9689291067154e-25
-3.57316812184692e-25
-8.91095311236131e-25
-1.26328576619229e-24
-1.36181435158439e-24
-1.30841745338361e-24
-1.13950013153539e-24
-8.9168249383877e-25
-5.50473304106457e-25
-1.61429670224116e-25
-3.30824868798107e-25
-8.39247779489439e-25
-1.16495220913251e-24
-1.28570720128018e-24
-1.2591239108952e-24
-1.0484238621963e-24
-7.93499095381627e-25
-4.72839349991295e-25
-1.50091625847815e-25
-3.17121058788309e-25
-7.3498831014577e-25
-1.01107411354302e-24
-1.11258805059883e-24
-1.05686542881962e-24
-9.0476959089711e-25
-6.44544816861125e-25
-3.76717043811482e-25
-9.22405763238501e-26
-2.85928341646128e-25
-6.41581089292713e-25
-8.6983949560876e-25
-9.20335730506739e-25
-8.88845050781832e-25
-6.74700218272834e-25
-4.44116179030335e-25
-2.8023731686216e-25
-7.32509041204329e-26
-2.3151278521234e-25
-4.96203170007474e-25
-6.92148195708726e-25
-7.15782400057164e-25
-6.3912969344543e-25
-4.50396568547697e-25
-3.04631467038786e-25
-1.42042609944613e-25
-2.61657535956733e-26
-2.28592367943966e-25
-4.72813822587527e-25
-5.7164039030134e-25
-5.34120441668666e-25
-4.2858702289333e-25
-2.56432459301958e-25
-1.15275983339457e-25
-1.96478127705238e-26
2.61574818076286e-26
-1.70228277429602e-25
-3.13535478798624e-25
-3.56360536457233e-25
-3.19678873578769e-25
-2.15132223943302e-25
-8.00943041114031e-26
3.63810157766268e-26
5.96355102746493e-26
2.95013987354538e-26
-8.77505311167822e-26
-2.29735755602987e-25
-2.36883202212945e-25
-1.70878180335719e-25
-5.81676259432406e-26
5.87991717026339e-26
9.85621145191891e-26
8.95964983708904e-26
7.99004737255674e-26
-9.48750433928552e-26
-1.4758103215491e-25
-1.05721503812245e-25
-3.61647898327104e-26
1.00787800280734e-25
2.02048432936623e-25
2.45416021004836e-25
2.34946827039513e-25
1.20436117332475e-25
-4.07350772507846e-26
-5.67421732497267e-26
1.91282351632058e-27
1.29291035458385e-25
2.32548562512713e-25
3.33534129248024e-25
3.66360569713602e-25
3.12441196456664e-25
1.42707001165277e-25
-1.19991756259762e-26
5.7063427766717e-27
9.44152552285154e-26
2.41958034704292e-25
3.67928463532977e-25
4.71999493771273e-25
4.7878540493421e-25
3.60856172909396e-25
1.66437531086636e-25
1.16351660286324e-26
1.0917586660379e-25
2.73541404220969e-25
4.53214598979158e-25
6.26595056534599e-25
7.18062014742687e-25
6.79634398863812e-25
4.80918349665027e-25
2.32319803415172e-25
5.10205253707109e-26
1.59664208213839e-25
3.39053288774111e-25
5.37360561846785e-25
6.84037573822785e-25
8.02166371577152e-25
7.54472458384759e-25
5.74996008069086e-25
2.45557944585051e-25
6.20819538451711e-26
2.3764317185201e-25
4.44555819869406e-25
6.76472516634528e-25
8.4460672193204e-25
9.53999601317998e-25
8.94432131322562e-25
6.55883750009849e-25
2.53727679629221e-25
8.20004534595063e-26
2.92499993555112e-25
5.49202181446056e-25
7.78800425621116e-25
9.63367660661136e-25
1.07437907654329e-24
9.93519901054673e-25
7.32973189019932e-25
3.17189019627719e-25
3.94634677057083e-26
2.55211065275813e-25
4.97357983292209e-25
7.40791044649416e-25
9.63193491334344e-25
1.0368728159207e-24
9.96001460584157e-25
7.37460252312102e-25
3.0137402473172e-25
4.95763717135057e-26
2.97256361747122e-25
5.03069247516457e-25
7.19637116140338e-25
8.98315269115235e-25
9.64721485411666e-25
9.04696923067394e-25
6.57754931903724e-25
2.86100237939351e-25
3.33318353848976e-27
2.75305376893845e-26
4.34083923766095e-26
5.5674267293078e-26
6.71808752399338e-26
5.39202404973866e-26
3.86268753061269e-26
2.17766508711794e-26
3.81695510104838e-26
3.63607368481336e-26
5.03698503330049e-26
8.08217055329468e-26
4.63838417132022e-26
5.53117232895551e-26
6.11184791424706e-26
3.5281214315895e-26
2.30895195809658e-26
-3.12994493883395e-28
-9.78950678526629e-27
9.49649562852019e-27
9.44957530253441e-27
4.4993339729832e-26
1.68720140802951e-26
2.00978294158624e-26
1.42701238362421e-26
-2.89238240676818e-27
4.51354676161349e-27
-2.5822709041624e-26
-3.0314539763937e-26
-3.76206387869154e-27
-1.26788765970224e-26
6.30393885558757e-27
2.03939318038236e-26
1.41476251823003e-26
-4.29836390451032e-27
1.35684955013494e-26
-3.39949447662102e-26
-1.34857540950445e-26
-2.55564726113362e-26
-2.68504436644569e-26
-5.44364479127401e-27
-1.48474288242576e-26
3.12985632547456e-27
9.40785788019181e-29
-1.34273539777069e-27
-1.94813321299544e-26
-2.62314413553777e-26
-2.78538821988203e-26
-9.43224197454747e-27
-1.55770709534456e-26
9.8115249480867e-27
-1.96196904813671e-26
-1.35574360528804e-26
-1.66074947631501e-27
-1.71589621648946e-27
-4.7545955970899e-26
-3.83787769259074e-26
-4.22924445543782e-26
-4.8347632728942e-26
-2.25699901104793e-26
-3.67555703496319e-26
7.70891833842186e-28
2.80769872452186e-26
6.43603289400673e-28
-3.13969158818679e-26
-5.51205187545679e-26
-3.98842370348956e-26
-1.13670851947174e-26
-3.14027833572235e-26
-2.03342004510863e-26
-5.35849973863047e-27
1.38734028194011e-26
-1.78200351754643e-26
-9.92751730373892e-27
-9.72443954692867e-27
-1.87377441808362e-26
-2.77808328958566e-26
-2.55221396444916e-26
-1.16049340889526e-26
1.19774010920035e-27
-1.27748531849694e-26
-2.09811454840783e-26
-3.4611360607292e-26
-5.48117959319373e-26
-3.87359420473615e-26
-5.53794384411876e-26
-2.72802324178663e-26
-3.25368759526565e-26
3.05550716767396e-27
-1.57799545699637e-26
-3.58163597642636e-26
-5.51589864361698e-26
-4.45186057746496e-26
-3.93610200968051e-26
-4.89111353555769e-26
-2.89307527513675e-26
-1.63082079400296e-26
-2.26122142077092e-26
-2.42634231244461e-26
6.66733710487471e-27
-2.77960203932284e-26
-4.44109036236367e-26
-4.823596620354e-26
-3.26149888293008e-26
-2.95636979673e-26
-1.07718214563455e-26
-2.67273966913859e-26
-1.29759333115314e-26
-2.48603178365791e-26
-4.66349616166071e-26
-4.6890391791752e-26
-3.91136834505039e-26
-2.67683038197176e-26
-1.4213003562751e-26
-3.31688923926648e-26
-1.63390450237386e-26
-1.33811370431343e-27
-1.80246570949517e-26
-1.94567008810158e-26
-3.78152442806289e-26
-3.85886662171654e-26
-1.09950251410111e-26
-1.81562085031522e-26
-8.20527293733147e-27
-5.6271137896304e-27
5.88571388354489e-27
)
;
    }
}


// ************************************************************************* //
