202
(
(0 -3.3892113931706892e-06 1.479761651421041e-07)
(0 -3.3892113931706892e-06 1.479761651421041e-07)
(0 -3.3892113931706892e-06 1.479761651421041e-07)
(0 -3.3892113931706892e-06 1.479761651421041e-07)
(0 -3.3892113931706892e-06 1.479761651421041e-07)
(0 -3.3892113931706892e-06 1.479761651421041e-07)
(0 -3.3892113931706892e-06 1.479761651421041e-07)
(0 -3.3892113931706892e-06 1.479761651421041e-07)
(0 -3.3892113931706892e-06 1.479761651421041e-07)
(0 -3.3892113931706892e-06 1.479761651421041e-07)
(0 -3.3892113931706892e-06 1.479761651421041e-07)
(0 -3.3892113931706892e-06 1.479761651421041e-07)
(0 -3.3892113931706892e-06 1.479761651421041e-07)
(0 -3.3892113931706892e-06 1.479761651421041e-07)
(0 -3.3892113931706892e-06 1.479761651421041e-07)
(0 -3.3892113931706892e-06 1.479761651421041e-07)
(0 -3.3892113931706892e-06 1.479761651421041e-07)
(0 -3.3892113931706892e-06 1.479761651421041e-07)
(0 -3.3892113931706892e-06 1.479761651421041e-07)
(0 -3.3892113931706892e-06 1.479761651421041e-07)
(0 -3.3892113931706892e-06 1.479761651421041e-07)
(0 -3.3892113931706892e-06 1.479761651421041e-07)
(0 -3.3892113931706892e-06 1.479761651421041e-07)
(0 -3.3892113931706892e-06 1.479761651421041e-07)
(0 -3.3892113931706892e-06 1.479761651421041e-07)
(0 -3.3892113931706892e-06 1.479761651421041e-07)
(0 -3.3892113931706892e-06 1.479761651421041e-07)
(0 -3.3892113931706892e-06 1.479761651421041e-07)
(0 -3.3892113931706892e-06 1.479761651421041e-07)
(0 -3.3892113931706892e-06 1.479761651421041e-07)
(0 -3.3892113931706892e-06 1.479761651421041e-07)
(0 -3.3892113931706892e-06 1.479761651421041e-07)
(0 -3.3892113931706892e-06 1.479761651421041e-07)
(0 -3.3892113931706892e-06 1.479761651421041e-07)
(0 -3.3892113931706892e-06 1.479761651421041e-07)
(0 -3.3892113931706892e-06 1.479761651421041e-07)
(0 -3.3892113931706892e-06 1.479761651421041e-07)
(0 -3.3892113931706892e-06 1.479761651421041e-07)
(0 -3.3892113931706892e-06 1.479761651421041e-07)
(0 -3.3892113931706892e-06 1.479761651421041e-07)
(0 -3.3892113931706892e-06 1.479761651421041e-07)
(0 -3.3892113931706892e-06 1.479761651421041e-07)
(0 -3.3892113931706892e-06 1.479761651421041e-07)
(0 -3.3892113931706892e-06 1.479761651421041e-07)
(0 -3.3892113931706892e-06 1.479761651421041e-07)
(0 -3.3892113931706892e-06 1.479761651421041e-07)
(0 -3.3892113931706892e-06 1.479761651421041e-07)
(0 -3.3892113931706892e-06 1.479761651421041e-07)
(0 -3.3892113931706892e-06 1.479761651421041e-07)
(0 -3.3892113931706892e-06 1.479761651421041e-07)
(0 -3.3892113931706892e-06 1.479761651421041e-07)
(0 -3.3892113931706892e-06 1.479761651421041e-07)
(0 -3.3892113931706892e-06 1.479761651421041e-07)
(0 -3.3892113931706892e-06 1.479761651421041e-07)
(0 -3.3892113931706892e-06 1.479761651421041e-07)
(0 -3.3892113931706892e-06 1.479761651421041e-07)
(0 -3.3892113931706892e-06 1.479761651421041e-07)
(0 -3.3892113931706892e-06 1.479761651421041e-07)
(0 -3.3892113931706892e-06 1.479761651421041e-07)
(0 -3.3892113931706892e-06 1.479761651421041e-07)
(0 -3.3892113931706892e-06 1.479761651421041e-07)
(0 -3.3892113931706892e-06 1.479761651421041e-07)
(0 -3.3892113931706892e-06 1.479761651421041e-07)
(0 -3.3892113931706892e-06 1.479761651421041e-07)
(0 -3.3892113931706892e-06 1.479761651421041e-07)
(0 -3.3892113931706892e-06 1.479761651421041e-07)
(0 -3.3892113931706892e-06 1.479761651421041e-07)
(0 -3.3892113931706892e-06 1.479761651421041e-07)
(0 -3.3892113931706892e-06 1.479761651421041e-07)
(0 -3.3892113931706892e-06 1.479761651421041e-07)
(0 -3.3892113931706892e-06 1.479761651421041e-07)
(0 -3.3892113931706892e-06 1.479761651421041e-07)
(0 -3.3892113931706892e-06 1.479761651421041e-07)
(0 -3.3892113931706892e-06 1.479761651421041e-07)
(0 -3.3892113931706892e-06 1.479761651421041e-07)
(0 -3.3892113931706892e-06 1.479761651421041e-07)
(0 -3.3892113931706892e-06 1.479761651421041e-07)
(0 -3.3892113931706892e-06 1.479761651421041e-07)
(0 -3.3892113931706892e-06 1.479761651421041e-07)
(0 -3.3892113931706892e-06 1.479761651421041e-07)
(0 -3.3892113931706892e-06 1.479761651421041e-07)
(0 -3.3892113931706892e-06 1.479761651421041e-07)
(0 -3.3892113931706892e-06 1.479761651421041e-07)
(0 -3.3892113931706892e-06 1.479761651421041e-07)
(0 -3.3892113931706892e-06 1.479761651421041e-07)
(0 -3.3892113931706892e-06 1.479761651421041e-07)
(0 -3.3892113931706892e-06 1.479761651421041e-07)
(0 -3.3892113931706892e-06 1.479761651421041e-07)
(0 -3.3892113931706892e-06 1.479761651421041e-07)
(0 -3.3892113931706892e-06 1.479761651421041e-07)
(0 -3.3892113931706892e-06 1.479761651421041e-07)
(0 -3.3892113931706892e-06 1.479761651421041e-07)
(0 -3.3892113931706892e-06 1.479761651421041e-07)
(0 -3.3892113931706892e-06 1.479761651421041e-07)
(0 -3.3892113931706892e-06 1.479761651421041e-07)
(0 -3.3892113931706892e-06 1.479761651421041e-07)
(0 -3.3892113931706892e-06 1.479761651421041e-07)
(0 -3.3892113931706892e-06 1.479761651421041e-07)
(0 -3.3892113931706892e-06 1.479761651421041e-07)
(0 -3.3892113931706892e-06 1.479761651421041e-07)
(0 -3.3892113931706892e-06 1.479761651421041e-07)
(0 -3.3892113931706892e-06 -1.479761651421041e-07)
(0 -3.3892113931706892e-06 -1.479761651421041e-07)
(0 -3.3892113931706892e-06 -1.479761651421041e-07)
(0 -3.3892113931706892e-06 -1.479761651421041e-07)
(0 -3.3892113931706892e-06 -1.479761651421041e-07)
(0 -3.3892113931706892e-06 -1.479761651421041e-07)
(0 -3.3892113931706892e-06 -1.479761651421041e-07)
(0 -3.3892113931706892e-06 -1.479761651421041e-07)
(0 -3.3892113931706892e-06 -1.479761651421041e-07)
(0 -3.3892113931706892e-06 -1.479761651421041e-07)
(0 -3.3892113931706892e-06 -1.479761651421041e-07)
(0 -3.3892113931706892e-06 -1.479761651421041e-07)
(0 -3.3892113931706892e-06 -1.479761651421041e-07)
(0 -3.3892113931706892e-06 -1.479761651421041e-07)
(0 -3.3892113931706892e-06 -1.479761651421041e-07)
(0 -3.3892113931706892e-06 -1.479761651421041e-07)
(0 -3.3892113931706892e-06 -1.479761651421041e-07)
(0 -3.3892113931706892e-06 -1.479761651421041e-07)
(0 -3.3892113931706892e-06 -1.479761651421041e-07)
(0 -3.3892113931706892e-06 -1.479761651421041e-07)
(0 -3.3892113931706892e-06 -1.479761651421041e-07)
(0 -3.3892113931706892e-06 -1.479761651421041e-07)
(0 -3.3892113931706892e-06 -1.479761651421041e-07)
(0 -3.3892113931706892e-06 -1.479761651421041e-07)
(0 -3.3892113931706892e-06 -1.479761651421041e-07)
(0 -3.3892113931706892e-06 -1.479761651421041e-07)
(0 -3.3892113931706892e-06 -1.479761651421041e-07)
(0 -3.3892113931706892e-06 -1.479761651421041e-07)
(0 -3.3892113931706892e-06 -1.479761651421041e-07)
(0 -3.3892113931706892e-06 -1.479761651421041e-07)
(0 -3.3892113931706892e-06 -1.479761651421041e-07)
(0 -3.3892113931706892e-06 -1.479761651421041e-07)
(0 -3.3892113931706892e-06 -1.479761651421041e-07)
(0 -3.3892113931706892e-06 -1.479761651421041e-07)
(0 -3.3892113931706892e-06 -1.479761651421041e-07)
(0 -3.3892113931706892e-06 -1.479761651421041e-07)
(0 -3.3892113931706892e-06 -1.479761651421041e-07)
(0 -3.3892113931706892e-06 -1.479761651421041e-07)
(0 -3.3892113931706892e-06 -1.479761651421041e-07)
(0 -3.3892113931706892e-06 -1.479761651421041e-07)
(0 -3.3892113931706892e-06 -1.479761651421041e-07)
(0 -3.3892113931706892e-06 -1.479761651421041e-07)
(0 -3.3892113931706892e-06 -1.479761651421041e-07)
(0 -3.3892113931706892e-06 -1.479761651421041e-07)
(0 -3.3892113931706892e-06 -1.479761651421041e-07)
(0 -3.3892113931706892e-06 -1.479761651421041e-07)
(0 -3.3892113931706892e-06 -1.479761651421041e-07)
(0 -3.3892113931706892e-06 -1.479761651421041e-07)
(0 -3.3892113931706892e-06 -1.479761651421041e-07)
(0 -3.3892113931706892e-06 -1.479761651421041e-07)
(0 -3.3892113931706892e-06 -1.479761651421041e-07)
(0 -3.3892113931706892e-06 -1.479761651421041e-07)
(0 -3.3892113931706892e-06 -1.479761651421041e-07)
(0 -3.3892113931706892e-06 -1.479761651421041e-07)
(0 -3.3892113931706892e-06 -1.479761651421041e-07)
(0 -3.3892113931706892e-06 -1.479761651421041e-07)
(0 -3.3892113931706892e-06 -1.479761651421041e-07)
(0 -3.3892113931706892e-06 -1.479761651421041e-07)
(0 -3.3892113931706892e-06 -1.479761651421041e-07)
(0 -3.3892113931706892e-06 -1.479761651421041e-07)
(0 -3.3892113931706892e-06 -1.479761651421041e-07)
(0 -3.3892113931706892e-06 -1.479761651421041e-07)
(0 -3.3892113931706892e-06 -1.479761651421041e-07)
(0 -3.3892113931706892e-06 -1.479761651421041e-07)
(0 -3.3892113931706892e-06 -1.479761651421041e-07)
(0 -3.3892113931706892e-06 -1.479761651421041e-07)
(0 -3.3892113931706892e-06 -1.479761651421041e-07)
(0 -3.3892113931706892e-06 -1.479761651421041e-07)
(0 -3.3892113931706892e-06 -1.479761651421041e-07)
(0 -3.3892113931706892e-06 -1.479761651421041e-07)
(0 -3.3892113931706892e-06 -1.479761651421041e-07)
(0 -3.3892113931706892e-06 -1.479761651421041e-07)
(0 -3.3892113931706892e-06 -1.479761651421041e-07)
(0 -3.3892113931706892e-06 -1.479761651421041e-07)
(0 -3.3892113931706892e-06 -1.479761651421041e-07)
(0 -3.3892113931706892e-06 -1.479761651421041e-07)
(0 -3.3892113931706892e-06 -1.479761651421041e-07)
(0 -3.3892113931706892e-06 -1.479761651421041e-07)
(0 -3.3892113931706892e-06 -1.479761651421041e-07)
(0 -3.3892113931706892e-06 -1.479761651421041e-07)
(0 -3.3892113931706892e-06 -1.479761651421041e-07)
(0 -3.3892113931706892e-06 -1.479761651421041e-07)
(0 -3.3892113931706892e-06 -1.479761651421041e-07)
(0 -3.3892113931706892e-06 -1.479761651421041e-07)
(0 -3.3892113931706892e-06 -1.479761651421041e-07)
(0 -3.3892113931706892e-06 -1.479761651421041e-07)
(0 -3.3892113931706892e-06 -1.479761651421041e-07)
(0 -3.3892113931706892e-06 -1.479761651421041e-07)
(0 -3.3892113931706892e-06 -1.479761651421041e-07)
(0 -3.3892113931706892e-06 -1.479761651421041e-07)
(0 -3.3892113931706892e-06 -1.479761651421041e-07)
(0 -3.3892113931706892e-06 -1.479761651421041e-07)
(0 -3.3892113931706892e-06 -1.479761651421041e-07)
(0 -3.3892113931706892e-06 -1.479761651421041e-07)
(0 -3.3892113931706892e-06 -1.479761651421041e-07)
(0 -3.3892113931706892e-06 -1.479761651421041e-07)
(0 -3.3892113931706892e-06 -1.479761651421041e-07)
(0 -3.3892113931706892e-06 -1.479761651421041e-07)
(0 -3.3892113931706892e-06 -1.479761651421041e-07)
(0 -3.3892113931706892e-06 -1.479761651421041e-07)
(0 -3.3892113931706892e-06 -1.479761651421041e-07)
)