202
(
(0 -1.0894568099495753e-05 4.756671158049808e-07)
(0 -1.0894568099495753e-05 4.756671158049808e-07)
(0 -1.0894568099495753e-05 4.756671158049808e-07)
(0 -1.0894568099495753e-05 4.756671158049808e-07)
(0 -1.0894568099495753e-05 4.756671158049808e-07)
(0 -1.0894568099495753e-05 4.756671158049808e-07)
(0 -1.0894568099495753e-05 4.756671158049808e-07)
(0 -1.0894568099495753e-05 4.756671158049808e-07)
(0 -1.0894568099495753e-05 4.756671158049808e-07)
(0 -1.0894568099495753e-05 4.756671158049808e-07)
(0 -1.0894568099495753e-05 4.756671158049808e-07)
(0 -1.0894568099495753e-05 4.756671158049808e-07)
(0 -1.0894568099495753e-05 4.756671158049808e-07)
(0 -1.0894568099495753e-05 4.756671158049808e-07)
(0 -1.0894568099495753e-05 4.756671158049808e-07)
(0 -1.0894568099495753e-05 4.756671158049808e-07)
(0 -1.0894568099495753e-05 4.756671158049808e-07)
(0 -1.0894568099495753e-05 4.756671158049808e-07)
(0 -1.0894568099495753e-05 4.756671158049808e-07)
(0 -1.0894568099495753e-05 4.756671158049808e-07)
(0 -1.0894568099495753e-05 4.756671158049808e-07)
(0 -1.0894568099495753e-05 4.756671158049808e-07)
(0 -1.0894568099495753e-05 4.756671158049808e-07)
(0 -1.0894568099495753e-05 4.756671158049808e-07)
(0 -1.0894568099495753e-05 4.756671158049808e-07)
(0 -1.0894568099495753e-05 4.756671158049808e-07)
(0 -1.0894568099495753e-05 4.756671158049808e-07)
(0 -1.0894568099495753e-05 4.756671158049808e-07)
(0 -1.0894568099495753e-05 4.756671158049808e-07)
(0 -1.0894568099495753e-05 4.756671158049808e-07)
(0 -1.0894568099495753e-05 4.756671158049808e-07)
(0 -1.0894568099495753e-05 4.756671158049808e-07)
(0 -1.0894568099495753e-05 4.756671158049808e-07)
(0 -1.0894568099495753e-05 4.756671158049808e-07)
(0 -1.0894568099495753e-05 4.756671158049808e-07)
(0 -1.0894568099495753e-05 4.756671158049808e-07)
(0 -1.0894568099495753e-05 4.756671158049808e-07)
(0 -1.0894568099495753e-05 4.756671158049808e-07)
(0 -1.0894568099495753e-05 4.756671158049808e-07)
(0 -1.0894568099495753e-05 4.756671158049808e-07)
(0 -1.0894568099495753e-05 4.756671158049808e-07)
(0 -1.0894568099495753e-05 4.756671158049808e-07)
(0 -1.0894568099495753e-05 4.756671158049808e-07)
(0 -1.0894568099495753e-05 4.756671158049808e-07)
(0 -1.0894568099495753e-05 4.756671158049808e-07)
(0 -1.0894568099495753e-05 4.756671158049808e-07)
(0 -1.0894568099495753e-05 4.756671158049808e-07)
(0 -1.0894568099495753e-05 4.756671158049808e-07)
(0 -1.0894568099495753e-05 4.756671158049808e-07)
(0 -1.0894568099495753e-05 4.756671158049808e-07)
(0 -1.0894568099495753e-05 4.756671158049808e-07)
(0 -1.0894568099495753e-05 4.756671158049808e-07)
(0 -1.0894568099495753e-05 4.756671158049808e-07)
(0 -1.0894568099495753e-05 4.756671158049808e-07)
(0 -1.0894568099495753e-05 4.756671158049808e-07)
(0 -1.0894568099495753e-05 4.756671158049808e-07)
(0 -1.0894568099495753e-05 4.756671158049808e-07)
(0 -1.0894568099495753e-05 4.756671158049808e-07)
(0 -1.0894568099495753e-05 4.756671158049808e-07)
(0 -1.0894568099495753e-05 4.756671158049808e-07)
(0 -1.0894568099495753e-05 4.756671158049808e-07)
(0 -1.0894568099495753e-05 4.756671158049808e-07)
(0 -1.0894568099495753e-05 4.756671158049808e-07)
(0 -1.0894568099495753e-05 4.756671158049808e-07)
(0 -1.0894568099495753e-05 4.756671158049808e-07)
(0 -1.0894568099495753e-05 4.756671158049808e-07)
(0 -1.0894568099495753e-05 4.756671158049808e-07)
(0 -1.0894568099495753e-05 4.756671158049808e-07)
(0 -1.0894568099495753e-05 4.756671158049808e-07)
(0 -1.0894568099495753e-05 4.756671158049808e-07)
(0 -1.0894568099495753e-05 4.756671158049808e-07)
(0 -1.0894568099495753e-05 4.756671158049808e-07)
(0 -1.0894568099495753e-05 4.756671158049808e-07)
(0 -1.0894568099495753e-05 4.756671158049808e-07)
(0 -1.0894568099495753e-05 4.756671158049808e-07)
(0 -1.0894568099495753e-05 4.756671158049808e-07)
(0 -1.0894568099495753e-05 4.756671158049808e-07)
(0 -1.0894568099495753e-05 4.756671158049808e-07)
(0 -1.0894568099495753e-05 4.756671158049808e-07)
(0 -1.0894568099495753e-05 4.756671158049808e-07)
(0 -1.0894568099495753e-05 4.756671158049808e-07)
(0 -1.0894568099495753e-05 4.756671158049808e-07)
(0 -1.0894568099495753e-05 4.756671158049808e-07)
(0 -1.0894568099495753e-05 4.756671158049808e-07)
(0 -1.0894568099495753e-05 4.756671158049808e-07)
(0 -1.0894568099495753e-05 4.756671158049808e-07)
(0 -1.0894568099495753e-05 4.756671158049808e-07)
(0 -1.0894568099495753e-05 4.756671158049808e-07)
(0 -1.0894568099495753e-05 4.756671158049808e-07)
(0 -1.0894568099495753e-05 4.756671158049808e-07)
(0 -1.0894568099495753e-05 4.756671158049808e-07)
(0 -1.0894568099495753e-05 4.756671158049808e-07)
(0 -1.0894568099495753e-05 4.756671158049808e-07)
(0 -1.0894568099495753e-05 4.756671158049808e-07)
(0 -1.0894568099495753e-05 4.756671158049808e-07)
(0 -1.0894568099495753e-05 4.756671158049808e-07)
(0 -1.0894568099495753e-05 4.756671158049808e-07)
(0 -1.0894568099495753e-05 4.756671158049808e-07)
(0 -1.0894568099495753e-05 4.756671158049808e-07)
(0 -1.0894568099495753e-05 4.756671158049808e-07)
(0 -1.0894568099495753e-05 4.756671158049808e-07)
(0 -1.0894568099495753e-05 -4.756671158049808e-07)
(0 -1.0894568099495753e-05 -4.756671158049808e-07)
(0 -1.0894568099495753e-05 -4.756671158049808e-07)
(0 -1.0894568099495753e-05 -4.756671158049808e-07)
(0 -1.0894568099495753e-05 -4.756671158049808e-07)
(0 -1.0894568099495753e-05 -4.756671158049808e-07)
(0 -1.0894568099495753e-05 -4.756671158049808e-07)
(0 -1.0894568099495753e-05 -4.756671158049808e-07)
(0 -1.0894568099495753e-05 -4.756671158049808e-07)
(0 -1.0894568099495753e-05 -4.756671158049808e-07)
(0 -1.0894568099495753e-05 -4.756671158049808e-07)
(0 -1.0894568099495753e-05 -4.756671158049808e-07)
(0 -1.0894568099495753e-05 -4.756671158049808e-07)
(0 -1.0894568099495753e-05 -4.756671158049808e-07)
(0 -1.0894568099495753e-05 -4.756671158049808e-07)
(0 -1.0894568099495753e-05 -4.756671158049808e-07)
(0 -1.0894568099495753e-05 -4.756671158049808e-07)
(0 -1.0894568099495753e-05 -4.756671158049808e-07)
(0 -1.0894568099495753e-05 -4.756671158049808e-07)
(0 -1.0894568099495753e-05 -4.756671158049808e-07)
(0 -1.0894568099495753e-05 -4.756671158049808e-07)
(0 -1.0894568099495753e-05 -4.756671158049808e-07)
(0 -1.0894568099495753e-05 -4.756671158049808e-07)
(0 -1.0894568099495753e-05 -4.756671158049808e-07)
(0 -1.0894568099495753e-05 -4.756671158049808e-07)
(0 -1.0894568099495753e-05 -4.756671158049808e-07)
(0 -1.0894568099495753e-05 -4.756671158049808e-07)
(0 -1.0894568099495753e-05 -4.756671158049808e-07)
(0 -1.0894568099495753e-05 -4.756671158049808e-07)
(0 -1.0894568099495753e-05 -4.756671158049808e-07)
(0 -1.0894568099495753e-05 -4.756671158049808e-07)
(0 -1.0894568099495753e-05 -4.756671158049808e-07)
(0 -1.0894568099495753e-05 -4.756671158049808e-07)
(0 -1.0894568099495753e-05 -4.756671158049808e-07)
(0 -1.0894568099495753e-05 -4.756671158049808e-07)
(0 -1.0894568099495753e-05 -4.756671158049808e-07)
(0 -1.0894568099495753e-05 -4.756671158049808e-07)
(0 -1.0894568099495753e-05 -4.756671158049808e-07)
(0 -1.0894568099495753e-05 -4.756671158049808e-07)
(0 -1.0894568099495753e-05 -4.756671158049808e-07)
(0 -1.0894568099495753e-05 -4.756671158049808e-07)
(0 -1.0894568099495753e-05 -4.756671158049808e-07)
(0 -1.0894568099495753e-05 -4.756671158049808e-07)
(0 -1.0894568099495753e-05 -4.756671158049808e-07)
(0 -1.0894568099495753e-05 -4.756671158049808e-07)
(0 -1.0894568099495753e-05 -4.756671158049808e-07)
(0 -1.0894568099495753e-05 -4.756671158049808e-07)
(0 -1.0894568099495753e-05 -4.756671158049808e-07)
(0 -1.0894568099495753e-05 -4.756671158049808e-07)
(0 -1.0894568099495753e-05 -4.756671158049808e-07)
(0 -1.0894568099495753e-05 -4.756671158049808e-07)
(0 -1.0894568099495753e-05 -4.756671158049808e-07)
(0 -1.0894568099495753e-05 -4.756671158049808e-07)
(0 -1.0894568099495753e-05 -4.756671158049808e-07)
(0 -1.0894568099495753e-05 -4.756671158049808e-07)
(0 -1.0894568099495753e-05 -4.756671158049808e-07)
(0 -1.0894568099495753e-05 -4.756671158049808e-07)
(0 -1.0894568099495753e-05 -4.756671158049808e-07)
(0 -1.0894568099495753e-05 -4.756671158049808e-07)
(0 -1.0894568099495753e-05 -4.756671158049808e-07)
(0 -1.0894568099495753e-05 -4.756671158049808e-07)
(0 -1.0894568099495753e-05 -4.756671158049808e-07)
(0 -1.0894568099495753e-05 -4.756671158049808e-07)
(0 -1.0894568099495753e-05 -4.756671158049808e-07)
(0 -1.0894568099495753e-05 -4.756671158049808e-07)
(0 -1.0894568099495753e-05 -4.756671158049808e-07)
(0 -1.0894568099495753e-05 -4.756671158049808e-07)
(0 -1.0894568099495753e-05 -4.756671158049808e-07)
(0 -1.0894568099495753e-05 -4.756671158049808e-07)
(0 -1.0894568099495753e-05 -4.756671158049808e-07)
(0 -1.0894568099495753e-05 -4.756671158049808e-07)
(0 -1.0894568099495753e-05 -4.756671158049808e-07)
(0 -1.0894568099495753e-05 -4.756671158049808e-07)
(0 -1.0894568099495753e-05 -4.756671158049808e-07)
(0 -1.0894568099495753e-05 -4.756671158049808e-07)
(0 -1.0894568099495753e-05 -4.756671158049808e-07)
(0 -1.0894568099495753e-05 -4.756671158049808e-07)
(0 -1.0894568099495753e-05 -4.756671158049808e-07)
(0 -1.0894568099495753e-05 -4.756671158049808e-07)
(0 -1.0894568099495753e-05 -4.756671158049808e-07)
(0 -1.0894568099495753e-05 -4.756671158049808e-07)
(0 -1.0894568099495753e-05 -4.756671158049808e-07)
(0 -1.0894568099495753e-05 -4.756671158049808e-07)
(0 -1.0894568099495753e-05 -4.756671158049808e-07)
(0 -1.0894568099495753e-05 -4.756671158049808e-07)
(0 -1.0894568099495753e-05 -4.756671158049808e-07)
(0 -1.0894568099495753e-05 -4.756671158049808e-07)
(0 -1.0894568099495753e-05 -4.756671158049808e-07)
(0 -1.0894568099495753e-05 -4.756671158049808e-07)
(0 -1.0894568099495753e-05 -4.756671158049808e-07)
(0 -1.0894568099495753e-05 -4.756671158049808e-07)
(0 -1.0894568099495753e-05 -4.756671158049808e-07)
(0 -1.0894568099495753e-05 -4.756671158049808e-07)
(0 -1.0894568099495753e-05 -4.756671158049808e-07)
(0 -1.0894568099495753e-05 -4.756671158049808e-07)
(0 -1.0894568099495753e-05 -4.756671158049808e-07)
(0 -1.0894568099495753e-05 -4.756671158049808e-07)
(0 -1.0894568099495753e-05 -4.756671158049808e-07)
(0 -1.0894568099495753e-05 -4.756671158049808e-07)
(0 -1.0894568099495753e-05 -4.756671158049808e-07)
(0 -1.0894568099495753e-05 -4.756671158049808e-07)
)