
                    FoamFile
                    {
                         version   2.0;
                         format    ascii;
                         class     vectorField;
                         object    values;
                    }
                    //***********************************************************************// //

                    244
(
(-8583422.07838985 37221.5080149183 9.37673594438687e-11)
(-8583422.07838985 37221.5080149183 9.37673594438687e-11)
(-8600494.981526457 35410.03797576547 1.012123322658482e-10)
(-8726954.215105815 29372.229497439246 1.8750326770167193e-11)
(-8873191.386630919 32022.79920868412 6.143217185331418e-10)
(-9032441.901089445 34444.23586167785 1.2705843112655523e-10)
(-9199636.411191663 35742.84359017023 5.263964731211725e-10)
(-9374281.963291371 36604.86125923564 1.1739675375705143e-09)
(-9555162.805755697 37585.73617064809 -5.627961676699662e-10)
(-9742802.425792359 38498.502752627595 6.842261870640364e-10)
(-9938033.389816651 39379.157797887085 1.68920001649885e-09)
(-10140735.48375052 40288.82991383694 2.4563036200749888e-09)
(-10352431.90888955 41210.2906352165 1.2655809203353933e-09)
(-10572413.004267972 42170.22202867151 4.032411991553047e-09)
(-10802551.721289357 43420.97875074756 2.937765247276573e-09)
(-11041780.091055766 44671.4421143221 -1.8540101262291006e-10)
(-11291884.544077491 45769.41777574344 2.0806593262175167e-09)
(-11553750.350774458 46839.503380337635 2.569911444078921e-09)
(-11827314.04627938 47964.71321584286 -3.188478491440013e-11)
(-12115285.580496898 49327.4575039372 1.7128788184450288e-09)
(-12415719.978090929 50815.0743416302 -1.4928057629080943e-09)
(-12732532.180201907 52370.34467397052 -3.4645846456452084e-10)
(-13064411.801583312 53883.47620901238 -4.472478351618009e-09)
(-13414345.584963841 55346.34418310277 -2.541890010050881e-09)
(-13783554.48582283 57172.840816995464 5.38905477735197e-09)
(-14171582.029612148 59056.16471546427 3.309260111482937e-09)
(-14583688.307254098 60978.09335092389 8.247761102525828e-10)
(-15017571.712216515 63140.796868413396 1.2249960595540686e-09)
(-15479168.622093223 65458.9795504985 -2.756772291865179e-09)
(-15967678.309040315 67811.32655939164 -5.82692359251353e-09)
(-16487288.547401572 70596.50410801065 2.423642690689146e-09)
(-17040299.445569318 73644.98248325262 5.239138054074707e-09)
(-17627682.701963 77046.9833405668 -1.6943713484401601e-09)
(-18257386.065903198 80745.53044920269 3.7632974064865634e-09)
(-18926512.758246116 84927.19390458838 8.908157067958173e-09)
(-19645835.34110087 90142.5694939356 1.048116802491778e-08)
(-20411822.583665546 95663.05435484384 1.5821155335386308e-08)
(-21234471.939523973 102094.2062879378 6.38568459641028e-10)
(-22115173.108550485 110410.5880238077 2.6213215946584612e-09)
(-23053223.90388284 119224.28715008851 -5.458225180080266e-09)
(-24064834.62206935 130476.8772235305 -1.7230294634102498e-09)
(-25133682.458749242 143959.83743360348 5.720477311460761e-09)
(-26279070.08015953 159108.90890336226 -3.825030817901201e-09)
(-27486200.122055747 179451.0282274163 4.2262822592298325e-09)
(-28748137.44234848 201905.79049797764 3.3048501895622585e-09)
(-30061221.02089928 232851.98675862304 8.25557233256087e-09)
(-31352321.935807366 280354.52298954636 -4.952738953637811e-09)
(-32528931.02309805 340072.57221810357 -4.90188038026813e-09)
(-33479860.093009777 432983.0656380523 -6.748312669563471e-10)
(-33940869.63247509 518226.43846086727 -1.415636119715493e-08)
(-33961101.22169304 589610.1854931675 -2.505368423836272e-09)
(-33370751.24409741 648850.874005253 1.164153934314497e-08)
(-32183157.780968335 658790.632138103 1.850423456515422e-08)
(-30463516.27086317 646385.9251798836 2.190379492872771e-08)
(-28163944.0548283 583838.955885249 -3.801038481339345e-09)
(-25459285.224690944 493912.9691681035 5.939135947530229e-09)
(-22331497.999374717 368881.27457997657 -1.7285006525054797e-08)
(-18843846.54620123 230900.49367023038 -6.066108766341201e-09)
(-14935455.736658908 76190.29549441648 -1.3731294945632088e-09)
(-10492263.955552667 -75316.78273809895 2.2674989989978483e-09)
(-5030919.2510171905 -231140.4285823076 2.341408199217035e-09)
(2001562.5402470476 -332356.64590978564 1.040210239322971e-08)
(7661405.552393126 21581.11638767552 8.63820936614745e-09)
(6945313.304863513 46450.959644639006 5.5906047448738476e-09)
(6873902.860180283 55309.3525553112 4.706108266673389e-11)
(6643824.764868098 67768.32621862623 -2.4090983102631965e-09)
(6322121.049903863 67531.98611669088 7.459272770031735e-11)
(6000556.84744605 64908.46484311883 1.9332817642234743e-09)
(5659261.5632529 59881.069862257646 1.2492044221711295e-09)
(5301064.539440255 53619.968717580094 7.53881579130625e-11)
(4933098.312700548 44938.46103862258 2.032960840916944e-09)
(4543751.583587183 87216.05464449104 -1.5722771621232065e-10)
(4481171.95103285 99365.2380383773 -5.13301460854297e-10)
(4481171.95103285 99365.2380383773 -5.13301460854297e-10)
(4481171.95103285 99365.2380383773 -5.13301460854297e-10)
(4481171.95103285 99365.2380383773 -5.13301460854297e-10)
(4481171.95103285 99365.2380383773 -5.13301460854297e-10)
(4481171.95103285 99365.2380383773 -5.13301460854297e-10)
(4481171.95103285 99365.2380383773 -5.13301460854297e-10)
(4481171.95103285 99365.2380383773 -5.13301460854297e-10)
(4481171.95103285 99365.2380383773 -5.13301460854297e-10)
(4481171.95103285 99365.2380383773 -5.13301460854297e-10)
(4481171.95103285 99365.2380383773 -5.13301460854297e-10)
(4481171.95103285 99365.2380383773 -5.13301460854297e-10)
(4481171.95103285 99365.2380383773 -5.13301460854297e-10)
(4481171.95103285 99365.2380383773 -5.13301460854297e-10)
(4481171.95103285 99365.2380383773 -5.13301460854297e-10)
(4481171.95103285 99365.2380383773 -5.13301460854297e-10)
(4481171.95103285 99365.2380383773 -5.13301460854297e-10)
(4481171.95103285 99365.2380383773 -5.13301460854297e-10)
(4481171.95103285 99365.2380383773 -5.13301460854297e-10)
(4481171.95103285 99365.2380383773 -5.13301460854297e-10)
(4481171.95103285 99365.2380383773 -5.13301460854297e-10)
(4481171.95103285 99365.2380383773 -5.13301460854297e-10)
(4481171.95103285 99365.2380383773 -5.13301460854297e-10)
(4481171.95103285 99365.2380383773 -5.13301460854297e-10)
(4481171.95103285 99365.2380383773 -5.13301460854297e-10)
(4481171.95103285 99365.2380383773 -5.13301460854297e-10)
(4481171.95103285 99365.2380383773 -5.13301460854297e-10)
(4481171.95103285 99365.2380383773 -5.13301460854297e-10)
(4481171.95103285 99365.2380383773 -5.13301460854297e-10)
(4481171.95103285 99365.2380383773 -5.13301460854297e-10)
(4481171.95103285 99365.2380383773 -5.13301460854297e-10)
(4481171.95103285 99365.2380383773 -5.13301460854297e-10)
(4481171.95103285 99365.2380383773 -5.13301460854297e-10)
(4481171.95103285 99365.2380383773 -5.13301460854297e-10)
(4481171.95103285 99365.2380383773 -5.13301460854297e-10)
(4481171.95103285 99365.2380383773 -5.13301460854297e-10)
(4481171.95103285 99365.2380383773 -5.13301460854297e-10)
(4481171.95103285 99365.2380383773 -5.13301460854297e-10)
(4481171.95103285 99365.2380383773 -5.13301460854297e-10)
(4481171.95103285 99365.2380383773 -5.13301460854297e-10)
(4481171.95103285 99365.2380383773 -5.13301460854297e-10)
(4481171.95103285 99365.2380383773 -5.13301460854297e-10)
(4481171.95103285 99365.2380383773 -5.13301460854297e-10)
(4481171.95103285 99365.2380383773 -5.13301460854297e-10)
(4481171.95103285 99365.2380383773 -5.13301460854297e-10)
(4481171.95103285 99365.2380383773 -5.13301460854297e-10)
(4481171.95103285 99365.2380383773 -5.13301460854297e-10)
(4481171.95103285 99365.2380383773 -5.13301460854297e-10)
(4481171.95103285 99365.2380383773 -5.13301460854297e-10)
(4481171.95103285 99365.2380383773 -5.13301460854297e-10)
(-8583422.07838985 37221.5080149183 9.37673594438687e-11)
(-8583422.07838985 37221.5080149183 9.37673594438687e-11)
(-8600494.981526457 35410.03797576547 1.012123322658482e-10)
(-8726954.215105815 29372.229497439246 1.8750326770167193e-11)
(-8873191.386630919 32022.79920868412 6.143217185331418e-10)
(-9032441.901089445 34444.23586167785 1.2705843112655523e-10)
(-9199636.411191663 35742.84359017023 5.263964731211725e-10)
(-9374281.963291371 36604.86125923564 1.1739675375705143e-09)
(-9555162.805755697 37585.73617064809 -5.627961676699662e-10)
(-9742802.425792359 38498.502752627595 6.842261870640364e-10)
(-9938033.389816651 39379.157797887085 1.68920001649885e-09)
(-10140735.48375052 40288.82991383694 2.4563036200749888e-09)
(-10352431.90888955 41210.2906352165 1.2655809203353933e-09)
(-10572413.004267972 42170.22202867151 4.032411991553047e-09)
(-10802551.721289357 43420.97875074756 2.937765247276573e-09)
(-11041780.091055766 44671.4421143221 -1.8540101262291006e-10)
(-11291884.544077491 45769.41777574344 2.0806593262175167e-09)
(-11553750.350774458 46839.503380337635 2.569911444078921e-09)
(-11827314.04627938 47964.71321584286 -3.188478491440013e-11)
(-12115285.580496898 49327.4575039372 1.7128788184450288e-09)
(-12415719.978090929 50815.0743416302 -1.4928057629080943e-09)
(-12732532.180201907 52370.34467397052 -3.4645846456452084e-10)
(-13064411.801583312 53883.47620901238 -4.472478351618009e-09)
(-13414345.584963841 55346.34418310277 -2.541890010050881e-09)
(-13783554.48582283 57172.840816995464 5.38905477735197e-09)
(-14171582.029612148 59056.16471546427 3.309260111482937e-09)
(-14583688.307254098 60978.09335092389 8.247761102525828e-10)
(-15017571.712216515 63140.796868413396 1.2249960595540686e-09)
(-15479168.622093223 65458.9795504985 -2.756772291865179e-09)
(-15967678.309040315 67811.32655939164 -5.82692359251353e-09)
(-16487288.547401572 70596.50410801065 2.423642690689146e-09)
(-17040299.445569318 73644.98248325262 5.239138054074707e-09)
(-17627682.701963 77046.9833405668 -1.6943713484401601e-09)
(-18257386.065903198 80745.53044920269 3.7632974064865634e-09)
(-18926512.758246116 84927.19390458838 8.908157067958173e-09)
(-19645835.34110087 90142.5694939356 1.048116802491778e-08)
(-20411822.583665546 95663.05435484384 1.5821155335386308e-08)
(-21234471.939523973 102094.2062879378 6.38568459641028e-10)
(-22115173.108550485 110410.5880238077 2.6213215946584612e-09)
(-23053223.90388284 119224.28715008851 -5.458225180080266e-09)
(-24064834.62206935 130476.8772235305 -1.7230294634102498e-09)
(-25133682.458749242 143959.83743360348 5.720477311460761e-09)
(-26279070.08015953 159108.90890336226 -3.825030817901201e-09)
(-27486200.122055747 179451.0282274163 4.2262822592298325e-09)
(-28748137.44234848 201905.79049797764 3.3048501895622585e-09)
(-30061221.02089928 232851.98675862304 8.25557233256087e-09)
(-31352321.935807366 280354.52298954636 -4.952738953637811e-09)
(-32528931.02309805 340072.57221810357 -4.90188038026813e-09)
(-33479860.093009777 432983.0656380523 -6.748312669563471e-10)
(-33940869.63247509 518226.43846086727 -1.415636119715493e-08)
(-33961101.22169304 589610.1854931675 -2.505368423836272e-09)
(-33370751.24409741 648850.874005253 1.164153934314497e-08)
(-32183157.780968335 658790.632138103 1.850423456515422e-08)
(-30463516.27086317 646385.9251798836 2.190379492872771e-08)
(-28163944.0548283 583838.955885249 -3.801038481339345e-09)
(-25459285.224690944 493912.9691681035 5.939135947530229e-09)
(-22331497.999374717 368881.27457997657 -1.7285006525054797e-08)
(-18843846.54620123 230900.49367023038 -6.066108766341201e-09)
(-14935455.736658908 76190.29549441648 -1.3731294945632088e-09)
(-10492263.955552667 -75316.78273809895 2.2674989989978483e-09)
(-5030919.2510171905 -231140.4285823076 2.341408199217035e-09)
(2001562.5402470476 -332356.64590978564 1.040210239322971e-08)
(7661405.552393126 21581.11638767552 8.63820936614745e-09)
(6945313.304863513 46450.959644639006 5.5906047448738476e-09)
(6873902.860180283 55309.3525553112 4.706108266673389e-11)
(6643824.764868098 67768.32621862623 -2.4090983102631965e-09)
(6322121.049903863 67531.98611669088 7.459272770031735e-11)
(6000556.84744605 64908.46484311883 1.9332817642234743e-09)
(5659261.5632529 59881.069862257646 1.2492044221711295e-09)
(5301064.539440255 53619.968717580094 7.53881579130625e-11)
(4933098.312700548 44938.46103862258 2.032960840916944e-09)
(4543751.583587183 87216.05464449104 -1.5722771621232065e-10)
(4481171.95103285 99365.2380383773 -5.13301460854297e-10)
(4481171.95103285 99365.2380383773 -5.13301460854297e-10)
(4481171.95103285 99365.2380383773 -5.13301460854297e-10)
(4481171.95103285 99365.2380383773 -5.13301460854297e-10)
(4481171.95103285 99365.2380383773 -5.13301460854297e-10)
(4481171.95103285 99365.2380383773 -5.13301460854297e-10)
(4481171.95103285 99365.2380383773 -5.13301460854297e-10)
(4481171.95103285 99365.2380383773 -5.13301460854297e-10)
(4481171.95103285 99365.2380383773 -5.13301460854297e-10)
(4481171.95103285 99365.2380383773 -5.13301460854297e-10)
(4481171.95103285 99365.2380383773 -5.13301460854297e-10)
(4481171.95103285 99365.2380383773 -5.13301460854297e-10)
(4481171.95103285 99365.2380383773 -5.13301460854297e-10)
(4481171.95103285 99365.2380383773 -5.13301460854297e-10)
(4481171.95103285 99365.2380383773 -5.13301460854297e-10)
(4481171.95103285 99365.2380383773 -5.13301460854297e-10)
(4481171.95103285 99365.2380383773 -5.13301460854297e-10)
(4481171.95103285 99365.2380383773 -5.13301460854297e-10)
(4481171.95103285 99365.2380383773 -5.13301460854297e-10)
(4481171.95103285 99365.2380383773 -5.13301460854297e-10)
(4481171.95103285 99365.2380383773 -5.13301460854297e-10)
(4481171.95103285 99365.2380383773 -5.13301460854297e-10)
(4481171.95103285 99365.2380383773 -5.13301460854297e-10)
(4481171.95103285 99365.2380383773 -5.13301460854297e-10)
(4481171.95103285 99365.2380383773 -5.13301460854297e-10)
(4481171.95103285 99365.2380383773 -5.13301460854297e-10)
(4481171.95103285 99365.2380383773 -5.13301460854297e-10)
(4481171.95103285 99365.2380383773 -5.13301460854297e-10)
(4481171.95103285 99365.2380383773 -5.13301460854297e-10)
(4481171.95103285 99365.2380383773 -5.13301460854297e-10)
(4481171.95103285 99365.2380383773 -5.13301460854297e-10)
(4481171.95103285 99365.2380383773 -5.13301460854297e-10)
(4481171.95103285 99365.2380383773 -5.13301460854297e-10)
(4481171.95103285 99365.2380383773 -5.13301460854297e-10)
(4481171.95103285 99365.2380383773 -5.13301460854297e-10)
(4481171.95103285 99365.2380383773 -5.13301460854297e-10)
(4481171.95103285 99365.2380383773 -5.13301460854297e-10)
(4481171.95103285 99365.2380383773 -5.13301460854297e-10)
(4481171.95103285 99365.2380383773 -5.13301460854297e-10)
(4481171.95103285 99365.2380383773 -5.13301460854297e-10)
(4481171.95103285 99365.2380383773 -5.13301460854297e-10)
(4481171.95103285 99365.2380383773 -5.13301460854297e-10)
(4481171.95103285 99365.2380383773 -5.13301460854297e-10)
(4481171.95103285 99365.2380383773 -5.13301460854297e-10)
(4481171.95103285 99365.2380383773 -5.13301460854297e-10)
(4481171.95103285 99365.2380383773 -5.13301460854297e-10)
(4481171.95103285 99365.2380383773 -5.13301460854297e-10)
(4481171.95103285 99365.2380383773 -5.13301460854297e-10)
(4481171.95103285 99365.2380383773 -5.13301460854297e-10)
(4481171.95103285 99365.2380383773 -5.13301460854297e-10)
)