202
(
(0 -9.148038551483005e-06 3.994119889211668e-07)
(0 -9.148038551483005e-06 3.994119889211668e-07)
(0 -9.148038551483005e-06 3.994119889211668e-07)
(0 -9.148038551483005e-06 3.994119889211668e-07)
(0 -9.148038551483005e-06 3.994119889211668e-07)
(0 -9.148038551483005e-06 3.994119889211668e-07)
(0 -9.148038551483005e-06 3.994119889211668e-07)
(0 -9.148038551483005e-06 3.994119889211668e-07)
(0 -9.148038551483005e-06 3.994119889211668e-07)
(0 -9.148038551483005e-06 3.994119889211668e-07)
(0 -9.148038551483005e-06 3.994119889211668e-07)
(0 -9.148038551483005e-06 3.994119889211668e-07)
(0 -9.148038551483005e-06 3.994119889211668e-07)
(0 -9.148038551483005e-06 3.994119889211668e-07)
(0 -9.148038551483005e-06 3.994119889211668e-07)
(0 -9.148038551483005e-06 3.994119889211668e-07)
(0 -9.148038551483005e-06 3.994119889211668e-07)
(0 -9.148038551483005e-06 3.994119889211668e-07)
(0 -9.148038551483005e-06 3.994119889211668e-07)
(0 -9.148038551483005e-06 3.994119889211668e-07)
(0 -9.148038551483005e-06 3.994119889211668e-07)
(0 -9.148038551483005e-06 3.994119889211668e-07)
(0 -9.148038551483005e-06 3.994119889211668e-07)
(0 -9.148038551483005e-06 3.994119889211668e-07)
(0 -9.148038551483005e-06 3.994119889211668e-07)
(0 -9.148038551483005e-06 3.994119889211668e-07)
(0 -9.148038551483005e-06 3.994119889211668e-07)
(0 -9.148038551483005e-06 3.994119889211668e-07)
(0 -9.148038551483005e-06 3.994119889211668e-07)
(0 -9.148038551483005e-06 3.994119889211668e-07)
(0 -9.148038551483005e-06 3.994119889211668e-07)
(0 -9.148038551483005e-06 3.994119889211668e-07)
(0 -9.148038551483005e-06 3.994119889211668e-07)
(0 -9.148038551483005e-06 3.994119889211668e-07)
(0 -9.148038551483005e-06 3.994119889211668e-07)
(0 -9.148038551483005e-06 3.994119889211668e-07)
(0 -9.148038551483005e-06 3.994119889211668e-07)
(0 -9.148038551483005e-06 3.994119889211668e-07)
(0 -9.148038551483005e-06 3.994119889211668e-07)
(0 -9.148038551483005e-06 3.994119889211668e-07)
(0 -9.148038551483005e-06 3.994119889211668e-07)
(0 -9.148038551483005e-06 3.994119889211668e-07)
(0 -9.148038551483005e-06 3.994119889211668e-07)
(0 -9.148038551483005e-06 3.994119889211668e-07)
(0 -9.148038551483005e-06 3.994119889211668e-07)
(0 -9.148038551483005e-06 3.994119889211668e-07)
(0 -9.148038551483005e-06 3.994119889211668e-07)
(0 -9.148038551483005e-06 3.994119889211668e-07)
(0 -9.148038551483005e-06 3.994119889211668e-07)
(0 -9.148038551483005e-06 3.994119889211668e-07)
(0 -9.148038551483005e-06 3.994119889211668e-07)
(0 -9.148038551483005e-06 3.994119889211668e-07)
(0 -9.148038551483005e-06 3.994119889211668e-07)
(0 -9.148038551483005e-06 3.994119889211668e-07)
(0 -9.148038551483005e-06 3.994119889211668e-07)
(0 -9.148038551483005e-06 3.994119889211668e-07)
(0 -9.148038551483005e-06 3.994119889211668e-07)
(0 -9.148038551483005e-06 3.994119889211668e-07)
(0 -9.148038551483005e-06 3.994119889211668e-07)
(0 -9.148038551483005e-06 3.994119889211668e-07)
(0 -9.148038551483005e-06 3.994119889211668e-07)
(0 -9.148038551483005e-06 3.994119889211668e-07)
(0 -9.148038551483005e-06 3.994119889211668e-07)
(0 -9.148038551483005e-06 3.994119889211668e-07)
(0 -9.148038551483005e-06 3.994119889211668e-07)
(0 -9.148038551483005e-06 3.994119889211668e-07)
(0 -9.148038551483005e-06 3.994119889211668e-07)
(0 -9.148038551483005e-06 3.994119889211668e-07)
(0 -9.148038551483005e-06 3.994119889211668e-07)
(0 -9.148038551483005e-06 3.994119889211668e-07)
(0 -9.148038551483005e-06 3.994119889211668e-07)
(0 -9.148038551483005e-06 3.994119889211668e-07)
(0 -9.148038551483005e-06 3.994119889211668e-07)
(0 -9.148038551483005e-06 3.994119889211668e-07)
(0 -9.148038551483005e-06 3.994119889211668e-07)
(0 -9.148038551483005e-06 3.994119889211668e-07)
(0 -9.148038551483005e-06 3.994119889211668e-07)
(0 -9.148038551483005e-06 3.994119889211668e-07)
(0 -9.148038551483005e-06 3.994119889211668e-07)
(0 -9.148038551483005e-06 3.994119889211668e-07)
(0 -9.148038551483005e-06 3.994119889211668e-07)
(0 -9.148038551483005e-06 3.994119889211668e-07)
(0 -9.148038551483005e-06 3.994119889211668e-07)
(0 -9.148038551483005e-06 3.994119889211668e-07)
(0 -9.148038551483005e-06 3.994119889211668e-07)
(0 -9.148038551483005e-06 3.994119889211668e-07)
(0 -9.148038551483005e-06 3.994119889211668e-07)
(0 -9.148038551483005e-06 3.994119889211668e-07)
(0 -9.148038551483005e-06 3.994119889211668e-07)
(0 -9.148038551483005e-06 3.994119889211668e-07)
(0 -9.148038551483005e-06 3.994119889211668e-07)
(0 -9.148038551483005e-06 3.994119889211668e-07)
(0 -9.148038551483005e-06 3.994119889211668e-07)
(0 -9.148038551483005e-06 3.994119889211668e-07)
(0 -9.148038551483005e-06 3.994119889211668e-07)
(0 -9.148038551483005e-06 3.994119889211668e-07)
(0 -9.148038551483005e-06 3.994119889211668e-07)
(0 -9.148038551483005e-06 3.994119889211668e-07)
(0 -9.148038551483005e-06 3.994119889211668e-07)
(0 -9.148038551483005e-06 3.994119889211668e-07)
(0 -9.148038551483005e-06 3.994119889211668e-07)
(0 -9.148038551483005e-06 -3.994119889211668e-07)
(0 -9.148038551483005e-06 -3.994119889211668e-07)
(0 -9.148038551483005e-06 -3.994119889211668e-07)
(0 -9.148038551483005e-06 -3.994119889211668e-07)
(0 -9.148038551483005e-06 -3.994119889211668e-07)
(0 -9.148038551483005e-06 -3.994119889211668e-07)
(0 -9.148038551483005e-06 -3.994119889211668e-07)
(0 -9.148038551483005e-06 -3.994119889211668e-07)
(0 -9.148038551483005e-06 -3.994119889211668e-07)
(0 -9.148038551483005e-06 -3.994119889211668e-07)
(0 -9.148038551483005e-06 -3.994119889211668e-07)
(0 -9.148038551483005e-06 -3.994119889211668e-07)
(0 -9.148038551483005e-06 -3.994119889211668e-07)
(0 -9.148038551483005e-06 -3.994119889211668e-07)
(0 -9.148038551483005e-06 -3.994119889211668e-07)
(0 -9.148038551483005e-06 -3.994119889211668e-07)
(0 -9.148038551483005e-06 -3.994119889211668e-07)
(0 -9.148038551483005e-06 -3.994119889211668e-07)
(0 -9.148038551483005e-06 -3.994119889211668e-07)
(0 -9.148038551483005e-06 -3.994119889211668e-07)
(0 -9.148038551483005e-06 -3.994119889211668e-07)
(0 -9.148038551483005e-06 -3.994119889211668e-07)
(0 -9.148038551483005e-06 -3.994119889211668e-07)
(0 -9.148038551483005e-06 -3.994119889211668e-07)
(0 -9.148038551483005e-06 -3.994119889211668e-07)
(0 -9.148038551483005e-06 -3.994119889211668e-07)
(0 -9.148038551483005e-06 -3.994119889211668e-07)
(0 -9.148038551483005e-06 -3.994119889211668e-07)
(0 -9.148038551483005e-06 -3.994119889211668e-07)
(0 -9.148038551483005e-06 -3.994119889211668e-07)
(0 -9.148038551483005e-06 -3.994119889211668e-07)
(0 -9.148038551483005e-06 -3.994119889211668e-07)
(0 -9.148038551483005e-06 -3.994119889211668e-07)
(0 -9.148038551483005e-06 -3.994119889211668e-07)
(0 -9.148038551483005e-06 -3.994119889211668e-07)
(0 -9.148038551483005e-06 -3.994119889211668e-07)
(0 -9.148038551483005e-06 -3.994119889211668e-07)
(0 -9.148038551483005e-06 -3.994119889211668e-07)
(0 -9.148038551483005e-06 -3.994119889211668e-07)
(0 -9.148038551483005e-06 -3.994119889211668e-07)
(0 -9.148038551483005e-06 -3.994119889211668e-07)
(0 -9.148038551483005e-06 -3.994119889211668e-07)
(0 -9.148038551483005e-06 -3.994119889211668e-07)
(0 -9.148038551483005e-06 -3.994119889211668e-07)
(0 -9.148038551483005e-06 -3.994119889211668e-07)
(0 -9.148038551483005e-06 -3.994119889211668e-07)
(0 -9.148038551483005e-06 -3.994119889211668e-07)
(0 -9.148038551483005e-06 -3.994119889211668e-07)
(0 -9.148038551483005e-06 -3.994119889211668e-07)
(0 -9.148038551483005e-06 -3.994119889211668e-07)
(0 -9.148038551483005e-06 -3.994119889211668e-07)
(0 -9.148038551483005e-06 -3.994119889211668e-07)
(0 -9.148038551483005e-06 -3.994119889211668e-07)
(0 -9.148038551483005e-06 -3.994119889211668e-07)
(0 -9.148038551483005e-06 -3.994119889211668e-07)
(0 -9.148038551483005e-06 -3.994119889211668e-07)
(0 -9.148038551483005e-06 -3.994119889211668e-07)
(0 -9.148038551483005e-06 -3.994119889211668e-07)
(0 -9.148038551483005e-06 -3.994119889211668e-07)
(0 -9.148038551483005e-06 -3.994119889211668e-07)
(0 -9.148038551483005e-06 -3.994119889211668e-07)
(0 -9.148038551483005e-06 -3.994119889211668e-07)
(0 -9.148038551483005e-06 -3.994119889211668e-07)
(0 -9.148038551483005e-06 -3.994119889211668e-07)
(0 -9.148038551483005e-06 -3.994119889211668e-07)
(0 -9.148038551483005e-06 -3.994119889211668e-07)
(0 -9.148038551483005e-06 -3.994119889211668e-07)
(0 -9.148038551483005e-06 -3.994119889211668e-07)
(0 -9.148038551483005e-06 -3.994119889211668e-07)
(0 -9.148038551483005e-06 -3.994119889211668e-07)
(0 -9.148038551483005e-06 -3.994119889211668e-07)
(0 -9.148038551483005e-06 -3.994119889211668e-07)
(0 -9.148038551483005e-06 -3.994119889211668e-07)
(0 -9.148038551483005e-06 -3.994119889211668e-07)
(0 -9.148038551483005e-06 -3.994119889211668e-07)
(0 -9.148038551483005e-06 -3.994119889211668e-07)
(0 -9.148038551483005e-06 -3.994119889211668e-07)
(0 -9.148038551483005e-06 -3.994119889211668e-07)
(0 -9.148038551483005e-06 -3.994119889211668e-07)
(0 -9.148038551483005e-06 -3.994119889211668e-07)
(0 -9.148038551483005e-06 -3.994119889211668e-07)
(0 -9.148038551483005e-06 -3.994119889211668e-07)
(0 -9.148038551483005e-06 -3.994119889211668e-07)
(0 -9.148038551483005e-06 -3.994119889211668e-07)
(0 -9.148038551483005e-06 -3.994119889211668e-07)
(0 -9.148038551483005e-06 -3.994119889211668e-07)
(0 -9.148038551483005e-06 -3.994119889211668e-07)
(0 -9.148038551483005e-06 -3.994119889211668e-07)
(0 -9.148038551483005e-06 -3.994119889211668e-07)
(0 -9.148038551483005e-06 -3.994119889211668e-07)
(0 -9.148038551483005e-06 -3.994119889211668e-07)
(0 -9.148038551483005e-06 -3.994119889211668e-07)
(0 -9.148038551483005e-06 -3.994119889211668e-07)
(0 -9.148038551483005e-06 -3.994119889211668e-07)
(0 -9.148038551483005e-06 -3.994119889211668e-07)
(0 -9.148038551483005e-06 -3.994119889211668e-07)
(0 -9.148038551483005e-06 -3.994119889211668e-07)
(0 -9.148038551483005e-06 -3.994119889211668e-07)
(0 -9.148038551483005e-06 -3.994119889211668e-07)
(0 -9.148038551483005e-06 -3.994119889211668e-07)
(0 -9.148038551483005e-06 -3.994119889211668e-07)
)