
                    FoamFile
                    {
                         version   2.0;
                         format    ascii;
                         class     vectorField;
                         object    values;
                    }
                    //***********************************************************************// //

                    244
(
(-8016860.55083501 25841.8940317373 -2.62708793066149e-11)
(-8016860.55083501 25841.8940317373 -2.62708793066149e-11)
(-8030625.979030199 24378.208676497994 -1.5415926008354263e-11)
(-8134881.734387402 18286.36895360197 2.437081471022228e-11)
(-8251783.0100221075 19235.594244085707 -1.9957730340829043e-10)
(-8378646.339733535 20601.167598485303 2.4533470147181484e-10)
(-8511217.243216073 21248.145472859927 8.485087577921677e-11)
(-8648971.453785002 21688.033393214686 1.7873059154137482e-10)
(-8790815.357628472 22073.111935371486 2.2240313069092205e-11)
(-8937402.344755974 22435.340065044977 1.6206522295149116e-11)
(-9088970.743032988 22945.09625143456 -5.924675923882396e-10)
(-9245079.45306986 23449.12695607506 -3.7201771852073244e-10)
(-9407157.964653295 23844.5826595392 -1.508053922227695e-10)
(-9574381.818401245 24287.932005626142 4.0450020393191615e-10)
(-9748094.91387686 24758.09235734443 1.624794158934787e-09)
(-9927703.340779403 25245.559322969275 3.640166643213333e-10)
(-10114035.674531214 25750.38683034527 2.2262332785735893e-09)
(-10307418.223197764 26248.181558839344 6.429348669591665e-10)
(-10507807.682693414 26692.058546663524 2.0741828279636835e-09)
(-10716815.607910648 27328.35150439055 1.553833477060693e-09)
(-10932963.926656613 27946.17575627842 -4.518156645298536e-09)
(-11158820.233315794 28581.88965407401 -9.847314205498153e-10)
(-11393104.807272207 29300.214710619188 -2.4837832206926237e-09)
(-11637352.216908721 29900.75243916385 -1.230741985121466e-09)
(-11892234.198500058 30576.956579710386 -2.0330331961512422e-10)
(-12157422.633460091 31289.12776728901 1.617336766546152e-09)
(-12435411.952113299 32079.593749020845 5.847087814921387e-10)
(-12724565.716316186 32951.900103832 4.973929302523787e-09)
(-13028003.469333023 33958.652021769114 -2.335835069282963e-12)
(-13344422.9476572 34786.13511329405 -4.034461296179619e-09)
(-13676597.035875421 35529.37791011201 -1.4518376023377053e-09)
(-14025125.7592256 36681.37281551679 1.4236019101713624e-09)
(-14389312.49545788 37911.10035017082 3.858317307987725e-09)
(-14773261.967965748 39239.608027784794 8.34982741899335e-09)
(-15174452.73547507 40374.7679981562 3.393035865248699e-09)
(-15598983.011137065 41580.45695441254 4.685023783070832e-09)
(-16044155.829732783 43181.314438483445 7.614466295204224e-09)
(-16513191.090863192 44783.02492251731 -2.7724563212832453e-09)
(-17007764.487846155 46750.667185787875 -5.105123470323767e-09)
(-17526945.635695867 48609.091373817784 7.811898914527032e-09)
(-18077719.5482857 50743.98136310675 -3.226297252675075e-09)
(-18654959.572378438 52830.37767457918 -7.824574782099271e-09)
(-19268366.175020993 54901.106209925034 -3.84272736297783e-09)
(-19913082.771212477 57823.39028424649 1.300849438687885e-09)
(-20593106.473959822 60064.36673273258 -2.560331669213423e-09)
(-21312152.813514322 63050.61232536951 -1.0276398027519698e-09)
(-22064632.606190365 66139.14552524242 -2.6090935067457613e-09)
(-22860060.7406085 68734.19883520676 -1.71276021529691e-09)
(-23689720.058348592 71449.56720839092 -9.029623939884687e-09)
(-24559702.171978287 73845.03115095462 -5.821399351769146e-09)
(-25459296.25783417 76166.48360255807 -3.784333512964284e-09)
(-26385824.622088328 77093.52575221943 -6.396806557058705e-09)
(-27328168.267423887 76807.87570742672 3.5024215967567027e-10)
(-28262159.271263964 74485.03346485678 -4.5360049246393165e-09)
(-29162644.81980285 69564.471806024 4.797263979143954e-10)
(-30009708.431100614 60824.84783486521 -4.336604986832752e-09)
(-30635177.13192728 44319.42675231313 4.286279266065797e-10)
(-30927328.08796054 16033.837562734836 -1.0421054324108294e-09)
(-30876884.259957843 -12649.796657307505 -5.3452945126536735e-09)
(-29771122.46757386 -63613.7453258914 2.4564079172100514e-09)
(-25796948.31364789 -158037.68073241337 3.446529941706287e-09)
(-18233895.222479727 -200791.91162460065 -7.277272726948721e-09)
(-9101574.460009117 67778.0165125376 -8.991096114735573e-09)
(-13036210.620815873 676.9657924153926 -3.3513306184749367e-09)
(-14693441.648913193 -9204.732731299653 1.9526606895275944e-09)
(-16514770.833936991 -21211.528895192256 2.467397623563038e-09)
(-19143200.19559729 -43332.18848739315 1.0006005459329908e-10)
(-21719273.514536913 -59023.55517614135 -3.0404934572139675e-10)
(-24176850.2911501 -65282.9808551112 6.698265737866504e-10)
(-26575774.179525185 -68547.93948217579 -2.0828906680844647e-10)
(-28772821.187088598 -64931.89406844316 -5.957250612360075e-11)
(-30757027.3610814 -11119.57498306425 -7.195327836688261e-11)
(-31051701.7474158 3643.78035373233 -3.79170647338518e-11)
(-31051701.7474158 3643.78035373233 -3.79170647338518e-11)
(-31051701.7474158 3643.78035373233 -3.79170647338518e-11)
(-31051701.7474158 3643.78035373233 -3.79170647338518e-11)
(-31051701.7474158 3643.78035373233 -3.79170647338518e-11)
(-31051701.7474158 3643.78035373233 -3.79170647338518e-11)
(-31051701.7474158 3643.78035373233 -3.79170647338518e-11)
(-31051701.7474158 3643.78035373233 -3.79170647338518e-11)
(-31051701.7474158 3643.78035373233 -3.79170647338518e-11)
(-31051701.7474158 3643.78035373233 -3.79170647338518e-11)
(-31051701.7474158 3643.78035373233 -3.79170647338518e-11)
(-31051701.7474158 3643.78035373233 -3.79170647338518e-11)
(-31051701.7474158 3643.78035373233 -3.79170647338518e-11)
(-31051701.7474158 3643.78035373233 -3.79170647338518e-11)
(-31051701.7474158 3643.78035373233 -3.79170647338518e-11)
(-31051701.7474158 3643.78035373233 -3.79170647338518e-11)
(-31051701.7474158 3643.78035373233 -3.79170647338518e-11)
(-31051701.7474158 3643.78035373233 -3.79170647338518e-11)
(-31051701.7474158 3643.78035373233 -3.79170647338518e-11)
(-31051701.7474158 3643.78035373233 -3.79170647338518e-11)
(-31051701.7474158 3643.78035373233 -3.79170647338518e-11)
(-31051701.7474158 3643.78035373233 -3.79170647338518e-11)
(-31051701.7474158 3643.78035373233 -3.79170647338518e-11)
(-31051701.7474158 3643.78035373233 -3.79170647338518e-11)
(-31051701.7474158 3643.78035373233 -3.79170647338518e-11)
(-31051701.7474158 3643.78035373233 -3.79170647338518e-11)
(-31051701.7474158 3643.78035373233 -3.79170647338518e-11)
(-31051701.7474158 3643.78035373233 -3.79170647338518e-11)
(-31051701.7474158 3643.78035373233 -3.79170647338518e-11)
(-31051701.7474158 3643.78035373233 -3.79170647338518e-11)
(-31051701.7474158 3643.78035373233 -3.79170647338518e-11)
(-31051701.7474158 3643.78035373233 -3.79170647338518e-11)
(-31051701.7474158 3643.78035373233 -3.79170647338518e-11)
(-31051701.7474158 3643.78035373233 -3.79170647338518e-11)
(-31051701.7474158 3643.78035373233 -3.79170647338518e-11)
(-31051701.7474158 3643.78035373233 -3.79170647338518e-11)
(-31051701.7474158 3643.78035373233 -3.79170647338518e-11)
(-31051701.7474158 3643.78035373233 -3.79170647338518e-11)
(-31051701.7474158 3643.78035373233 -3.79170647338518e-11)
(-31051701.7474158 3643.78035373233 -3.79170647338518e-11)
(-31051701.7474158 3643.78035373233 -3.79170647338518e-11)
(-31051701.7474158 3643.78035373233 -3.79170647338518e-11)
(-31051701.7474158 3643.78035373233 -3.79170647338518e-11)
(-31051701.7474158 3643.78035373233 -3.79170647338518e-11)
(-31051701.7474158 3643.78035373233 -3.79170647338518e-11)
(-31051701.7474158 3643.78035373233 -3.79170647338518e-11)
(-31051701.7474158 3643.78035373233 -3.79170647338518e-11)
(-31051701.7474158 3643.78035373233 -3.79170647338518e-11)
(-31051701.7474158 3643.78035373233 -3.79170647338518e-11)
(-31051701.7474158 3643.78035373233 -3.79170647338518e-11)
(-8016860.55083501 25841.8940317373 -2.62708793066149e-11)
(-8016860.55083501 25841.8940317373 -2.62708793066149e-11)
(-8030625.979030199 24378.208676497994 -1.5415926008354263e-11)
(-8134881.734387402 18286.36895360197 2.437081471022228e-11)
(-8251783.0100221075 19235.594244085707 -1.9957730340829043e-10)
(-8378646.339733535 20601.167598485303 2.4533470147181484e-10)
(-8511217.243216073 21248.145472859927 8.485087577921677e-11)
(-8648971.453785002 21688.033393214686 1.7873059154137482e-10)
(-8790815.357628472 22073.111935371486 2.2240313069092205e-11)
(-8937402.344755974 22435.340065044977 1.6206522295149116e-11)
(-9088970.743032988 22945.09625143456 -5.924675923882396e-10)
(-9245079.45306986 23449.12695607506 -3.7201771852073244e-10)
(-9407157.964653295 23844.5826595392 -1.508053922227695e-10)
(-9574381.818401245 24287.932005626142 4.0450020393191615e-10)
(-9748094.91387686 24758.09235734443 1.624794158934787e-09)
(-9927703.340779403 25245.559322969275 3.640166643213333e-10)
(-10114035.674531214 25750.38683034527 2.2262332785735893e-09)
(-10307418.223197764 26248.181558839344 6.429348669591665e-10)
(-10507807.682693414 26692.058546663524 2.0741828279636835e-09)
(-10716815.607910648 27328.35150439055 1.553833477060693e-09)
(-10932963.926656613 27946.17575627842 -4.518156645298536e-09)
(-11158820.233315794 28581.88965407401 -9.847314205498153e-10)
(-11393104.807272207 29300.214710619188 -2.4837832206926237e-09)
(-11637352.216908721 29900.75243916385 -1.230741985121466e-09)
(-11892234.198500058 30576.956579710386 -2.0330331961512422e-10)
(-12157422.633460091 31289.12776728901 1.617336766546152e-09)
(-12435411.952113299 32079.593749020845 5.847087814921387e-10)
(-12724565.716316186 32951.900103832 4.973929302523787e-09)
(-13028003.469333023 33958.652021769114 -2.335835069282963e-12)
(-13344422.9476572 34786.13511329405 -4.034461296179619e-09)
(-13676597.035875421 35529.37791011201 -1.4518376023377053e-09)
(-14025125.7592256 36681.37281551679 1.4236019101713624e-09)
(-14389312.49545788 37911.10035017082 3.858317307987725e-09)
(-14773261.967965748 39239.608027784794 8.34982741899335e-09)
(-15174452.73547507 40374.7679981562 3.393035865248699e-09)
(-15598983.011137065 41580.45695441254 4.685023783070832e-09)
(-16044155.829732783 43181.314438483445 7.614466295204224e-09)
(-16513191.090863192 44783.02492251731 -2.7724563212832453e-09)
(-17007764.487846155 46750.667185787875 -5.105123470323767e-09)
(-17526945.635695867 48609.091373817784 7.811898914527032e-09)
(-18077719.5482857 50743.98136310675 -3.226297252675075e-09)
(-18654959.572378438 52830.37767457918 -7.824574782099271e-09)
(-19268366.175020993 54901.106209925034 -3.84272736297783e-09)
(-19913082.771212477 57823.39028424649 1.300849438687885e-09)
(-20593106.473959822 60064.36673273258 -2.560331669213423e-09)
(-21312152.813514322 63050.61232536951 -1.0276398027519698e-09)
(-22064632.606190365 66139.14552524242 -2.6090935067457613e-09)
(-22860060.7406085 68734.19883520676 -1.71276021529691e-09)
(-23689720.058348592 71449.56720839092 -9.029623939884687e-09)
(-24559702.171978287 73845.03115095462 -5.821399351769146e-09)
(-25459296.25783417 76166.48360255807 -3.784333512964284e-09)
(-26385824.622088328 77093.52575221943 -6.396806557058705e-09)
(-27328168.267423887 76807.87570742672 3.5024215967567027e-10)
(-28262159.271263964 74485.03346485678 -4.5360049246393165e-09)
(-29162644.81980285 69564.471806024 4.797263979143954e-10)
(-30009708.431100614 60824.84783486521 -4.336604986832752e-09)
(-30635177.13192728 44319.42675231313 4.286279266065797e-10)
(-30927328.08796054 16033.837562734836 -1.0421054324108294e-09)
(-30876884.259957843 -12649.796657307505 -5.3452945126536735e-09)
(-29771122.46757386 -63613.7453258914 2.4564079172100514e-09)
(-25796948.31364789 -158037.68073241337 3.446529941706287e-09)
(-18233895.222479727 -200791.91162460065 -7.277272726948721e-09)
(-9101574.460009117 67778.0165125376 -8.991096114735573e-09)
(-13036210.620815873 676.9657924153926 -3.3513306184749367e-09)
(-14693441.648913193 -9204.732731299653 1.9526606895275944e-09)
(-16514770.833936991 -21211.528895192256 2.467397623563038e-09)
(-19143200.19559729 -43332.18848739315 1.0006005459329908e-10)
(-21719273.514536913 -59023.55517614135 -3.0404934572139675e-10)
(-24176850.2911501 -65282.9808551112 6.698265737866504e-10)
(-26575774.179525185 -68547.93948217579 -2.0828906680844647e-10)
(-28772821.187088598 -64931.89406844316 -5.957250612360075e-11)
(-30757027.3610814 -11119.57498306425 -7.195327836688261e-11)
(-31051701.7474158 3643.78035373233 -3.79170647338518e-11)
(-31051701.7474158 3643.78035373233 -3.79170647338518e-11)
(-31051701.7474158 3643.78035373233 -3.79170647338518e-11)
(-31051701.7474158 3643.78035373233 -3.79170647338518e-11)
(-31051701.7474158 3643.78035373233 -3.79170647338518e-11)
(-31051701.7474158 3643.78035373233 -3.79170647338518e-11)
(-31051701.7474158 3643.78035373233 -3.79170647338518e-11)
(-31051701.7474158 3643.78035373233 -3.79170647338518e-11)
(-31051701.7474158 3643.78035373233 -3.79170647338518e-11)
(-31051701.7474158 3643.78035373233 -3.79170647338518e-11)
(-31051701.7474158 3643.78035373233 -3.79170647338518e-11)
(-31051701.7474158 3643.78035373233 -3.79170647338518e-11)
(-31051701.7474158 3643.78035373233 -3.79170647338518e-11)
(-31051701.7474158 3643.78035373233 -3.79170647338518e-11)
(-31051701.7474158 3643.78035373233 -3.79170647338518e-11)
(-31051701.7474158 3643.78035373233 -3.79170647338518e-11)
(-31051701.7474158 3643.78035373233 -3.79170647338518e-11)
(-31051701.7474158 3643.78035373233 -3.79170647338518e-11)
(-31051701.7474158 3643.78035373233 -3.79170647338518e-11)
(-31051701.7474158 3643.78035373233 -3.79170647338518e-11)
(-31051701.7474158 3643.78035373233 -3.79170647338518e-11)
(-31051701.7474158 3643.78035373233 -3.79170647338518e-11)
(-31051701.7474158 3643.78035373233 -3.79170647338518e-11)
(-31051701.7474158 3643.78035373233 -3.79170647338518e-11)
(-31051701.7474158 3643.78035373233 -3.79170647338518e-11)
(-31051701.7474158 3643.78035373233 -3.79170647338518e-11)
(-31051701.7474158 3643.78035373233 -3.79170647338518e-11)
(-31051701.7474158 3643.78035373233 -3.79170647338518e-11)
(-31051701.7474158 3643.78035373233 -3.79170647338518e-11)
(-31051701.7474158 3643.78035373233 -3.79170647338518e-11)
(-31051701.7474158 3643.78035373233 -3.79170647338518e-11)
(-31051701.7474158 3643.78035373233 -3.79170647338518e-11)
(-31051701.7474158 3643.78035373233 -3.79170647338518e-11)
(-31051701.7474158 3643.78035373233 -3.79170647338518e-11)
(-31051701.7474158 3643.78035373233 -3.79170647338518e-11)
(-31051701.7474158 3643.78035373233 -3.79170647338518e-11)
(-31051701.7474158 3643.78035373233 -3.79170647338518e-11)
(-31051701.7474158 3643.78035373233 -3.79170647338518e-11)
(-31051701.7474158 3643.78035373233 -3.79170647338518e-11)
(-31051701.7474158 3643.78035373233 -3.79170647338518e-11)
(-31051701.7474158 3643.78035373233 -3.79170647338518e-11)
(-31051701.7474158 3643.78035373233 -3.79170647338518e-11)
(-31051701.7474158 3643.78035373233 -3.79170647338518e-11)
(-31051701.7474158 3643.78035373233 -3.79170647338518e-11)
(-31051701.7474158 3643.78035373233 -3.79170647338518e-11)
(-31051701.7474158 3643.78035373233 -3.79170647338518e-11)
(-31051701.7474158 3643.78035373233 -3.79170647338518e-11)
(-31051701.7474158 3643.78035373233 -3.79170647338518e-11)
(-31051701.7474158 3643.78035373233 -3.79170647338518e-11)
(-31051701.7474158 3643.78035373233 -3.79170647338518e-11)
)