202
(
(0 -1.232955453894407e-05 5.383199768122228e-07)
(0 -1.232955453894407e-05 5.383199768122228e-07)
(0 -1.232955453894407e-05 5.383199768122228e-07)
(0 -1.232955453894407e-05 5.383199768122228e-07)
(0 -1.232955453894407e-05 5.383199768122228e-07)
(0 -1.232955453894407e-05 5.383199768122228e-07)
(0 -1.232955453894407e-05 5.383199768122228e-07)
(0 -1.232955453894407e-05 5.383199768122228e-07)
(0 -1.232955453894407e-05 5.383199768122228e-07)
(0 -1.232955453894407e-05 5.383199768122228e-07)
(0 -1.232955453894407e-05 5.383199768122228e-07)
(0 -1.232955453894407e-05 5.383199768122228e-07)
(0 -1.232955453894407e-05 5.383199768122228e-07)
(0 -1.232955453894407e-05 5.383199768122228e-07)
(0 -1.232955453894407e-05 5.383199768122228e-07)
(0 -1.232955453894407e-05 5.383199768122228e-07)
(0 -1.232955453894407e-05 5.383199768122228e-07)
(0 -1.232955453894407e-05 5.383199768122228e-07)
(0 -1.232955453894407e-05 5.383199768122228e-07)
(0 -1.232955453894407e-05 5.383199768122228e-07)
(0 -1.232955453894407e-05 5.383199768122228e-07)
(0 -1.232955453894407e-05 5.383199768122228e-07)
(0 -1.232955453894407e-05 5.383199768122228e-07)
(0 -1.232955453894407e-05 5.383199768122228e-07)
(0 -1.232955453894407e-05 5.383199768122228e-07)
(0 -1.232955453894407e-05 5.383199768122228e-07)
(0 -1.232955453894407e-05 5.383199768122228e-07)
(0 -1.232955453894407e-05 5.383199768122228e-07)
(0 -1.232955453894407e-05 5.383199768122228e-07)
(0 -1.232955453894407e-05 5.383199768122228e-07)
(0 -1.232955453894407e-05 5.383199768122228e-07)
(0 -1.232955453894407e-05 5.383199768122228e-07)
(0 -1.232955453894407e-05 5.383199768122228e-07)
(0 -1.232955453894407e-05 5.383199768122228e-07)
(0 -1.232955453894407e-05 5.383199768122228e-07)
(0 -1.232955453894407e-05 5.383199768122228e-07)
(0 -1.232955453894407e-05 5.383199768122228e-07)
(0 -1.232955453894407e-05 5.383199768122228e-07)
(0 -1.232955453894407e-05 5.383199768122228e-07)
(0 -1.232955453894407e-05 5.383199768122228e-07)
(0 -1.232955453894407e-05 5.383199768122228e-07)
(0 -1.232955453894407e-05 5.383199768122228e-07)
(0 -1.232955453894407e-05 5.383199768122228e-07)
(0 -1.232955453894407e-05 5.383199768122228e-07)
(0 -1.232955453894407e-05 5.383199768122228e-07)
(0 -1.232955453894407e-05 5.383199768122228e-07)
(0 -1.232955453894407e-05 5.383199768122228e-07)
(0 -1.232955453894407e-05 5.383199768122228e-07)
(0 -1.232955453894407e-05 5.383199768122228e-07)
(0 -1.232955453894407e-05 5.383199768122228e-07)
(0 -1.232955453894407e-05 5.383199768122228e-07)
(0 -1.232955453894407e-05 5.383199768122228e-07)
(0 -1.232955453894407e-05 5.383199768122228e-07)
(0 -1.232955453894407e-05 5.383199768122228e-07)
(0 -1.232955453894407e-05 5.383199768122228e-07)
(0 -1.232955453894407e-05 5.383199768122228e-07)
(0 -1.232955453894407e-05 5.383199768122228e-07)
(0 -1.232955453894407e-05 5.383199768122228e-07)
(0 -1.232955453894407e-05 5.383199768122228e-07)
(0 -1.232955453894407e-05 5.383199768122228e-07)
(0 -1.232955453894407e-05 5.383199768122228e-07)
(0 -1.232955453894407e-05 5.383199768122228e-07)
(0 -1.232955453894407e-05 5.383199768122228e-07)
(0 -1.232955453894407e-05 5.383199768122228e-07)
(0 -1.232955453894407e-05 5.383199768122228e-07)
(0 -1.232955453894407e-05 5.383199768122228e-07)
(0 -1.232955453894407e-05 5.383199768122228e-07)
(0 -1.232955453894407e-05 5.383199768122228e-07)
(0 -1.232955453894407e-05 5.383199768122228e-07)
(0 -1.232955453894407e-05 5.383199768122228e-07)
(0 -1.232955453894407e-05 5.383199768122228e-07)
(0 -1.232955453894407e-05 5.383199768122228e-07)
(0 -1.232955453894407e-05 5.383199768122228e-07)
(0 -1.232955453894407e-05 5.383199768122228e-07)
(0 -1.232955453894407e-05 5.383199768122228e-07)
(0 -1.232955453894407e-05 5.383199768122228e-07)
(0 -1.232955453894407e-05 5.383199768122228e-07)
(0 -1.232955453894407e-05 5.383199768122228e-07)
(0 -1.232955453894407e-05 5.383199768122228e-07)
(0 -1.232955453894407e-05 5.383199768122228e-07)
(0 -1.232955453894407e-05 5.383199768122228e-07)
(0 -1.232955453894407e-05 5.383199768122228e-07)
(0 -1.232955453894407e-05 5.383199768122228e-07)
(0 -1.232955453894407e-05 5.383199768122228e-07)
(0 -1.232955453894407e-05 5.383199768122228e-07)
(0 -1.232955453894407e-05 5.383199768122228e-07)
(0 -1.232955453894407e-05 5.383199768122228e-07)
(0 -1.232955453894407e-05 5.383199768122228e-07)
(0 -1.232955453894407e-05 5.383199768122228e-07)
(0 -1.232955453894407e-05 5.383199768122228e-07)
(0 -1.232955453894407e-05 5.383199768122228e-07)
(0 -1.232955453894407e-05 5.383199768122228e-07)
(0 -1.232955453894407e-05 5.383199768122228e-07)
(0 -1.232955453894407e-05 5.383199768122228e-07)
(0 -1.232955453894407e-05 5.383199768122228e-07)
(0 -1.232955453894407e-05 5.383199768122228e-07)
(0 -1.232955453894407e-05 5.383199768122228e-07)
(0 -1.232955453894407e-05 5.383199768122228e-07)
(0 -1.232955453894407e-05 5.383199768122228e-07)
(0 -1.232955453894407e-05 5.383199768122228e-07)
(0 -1.232955453894407e-05 5.383199768122228e-07)
(0 -1.232955453894407e-05 -5.383199768122228e-07)
(0 -1.232955453894407e-05 -5.383199768122228e-07)
(0 -1.232955453894407e-05 -5.383199768122228e-07)
(0 -1.232955453894407e-05 -5.383199768122228e-07)
(0 -1.232955453894407e-05 -5.383199768122228e-07)
(0 -1.232955453894407e-05 -5.383199768122228e-07)
(0 -1.232955453894407e-05 -5.383199768122228e-07)
(0 -1.232955453894407e-05 -5.383199768122228e-07)
(0 -1.232955453894407e-05 -5.383199768122228e-07)
(0 -1.232955453894407e-05 -5.383199768122228e-07)
(0 -1.232955453894407e-05 -5.383199768122228e-07)
(0 -1.232955453894407e-05 -5.383199768122228e-07)
(0 -1.232955453894407e-05 -5.383199768122228e-07)
(0 -1.232955453894407e-05 -5.383199768122228e-07)
(0 -1.232955453894407e-05 -5.383199768122228e-07)
(0 -1.232955453894407e-05 -5.383199768122228e-07)
(0 -1.232955453894407e-05 -5.383199768122228e-07)
(0 -1.232955453894407e-05 -5.383199768122228e-07)
(0 -1.232955453894407e-05 -5.383199768122228e-07)
(0 -1.232955453894407e-05 -5.383199768122228e-07)
(0 -1.232955453894407e-05 -5.383199768122228e-07)
(0 -1.232955453894407e-05 -5.383199768122228e-07)
(0 -1.232955453894407e-05 -5.383199768122228e-07)
(0 -1.232955453894407e-05 -5.383199768122228e-07)
(0 -1.232955453894407e-05 -5.383199768122228e-07)
(0 -1.232955453894407e-05 -5.383199768122228e-07)
(0 -1.232955453894407e-05 -5.383199768122228e-07)
(0 -1.232955453894407e-05 -5.383199768122228e-07)
(0 -1.232955453894407e-05 -5.383199768122228e-07)
(0 -1.232955453894407e-05 -5.383199768122228e-07)
(0 -1.232955453894407e-05 -5.383199768122228e-07)
(0 -1.232955453894407e-05 -5.383199768122228e-07)
(0 -1.232955453894407e-05 -5.383199768122228e-07)
(0 -1.232955453894407e-05 -5.383199768122228e-07)
(0 -1.232955453894407e-05 -5.383199768122228e-07)
(0 -1.232955453894407e-05 -5.383199768122228e-07)
(0 -1.232955453894407e-05 -5.383199768122228e-07)
(0 -1.232955453894407e-05 -5.383199768122228e-07)
(0 -1.232955453894407e-05 -5.383199768122228e-07)
(0 -1.232955453894407e-05 -5.383199768122228e-07)
(0 -1.232955453894407e-05 -5.383199768122228e-07)
(0 -1.232955453894407e-05 -5.383199768122228e-07)
(0 -1.232955453894407e-05 -5.383199768122228e-07)
(0 -1.232955453894407e-05 -5.383199768122228e-07)
(0 -1.232955453894407e-05 -5.383199768122228e-07)
(0 -1.232955453894407e-05 -5.383199768122228e-07)
(0 -1.232955453894407e-05 -5.383199768122228e-07)
(0 -1.232955453894407e-05 -5.383199768122228e-07)
(0 -1.232955453894407e-05 -5.383199768122228e-07)
(0 -1.232955453894407e-05 -5.383199768122228e-07)
(0 -1.232955453894407e-05 -5.383199768122228e-07)
(0 -1.232955453894407e-05 -5.383199768122228e-07)
(0 -1.232955453894407e-05 -5.383199768122228e-07)
(0 -1.232955453894407e-05 -5.383199768122228e-07)
(0 -1.232955453894407e-05 -5.383199768122228e-07)
(0 -1.232955453894407e-05 -5.383199768122228e-07)
(0 -1.232955453894407e-05 -5.383199768122228e-07)
(0 -1.232955453894407e-05 -5.383199768122228e-07)
(0 -1.232955453894407e-05 -5.383199768122228e-07)
(0 -1.232955453894407e-05 -5.383199768122228e-07)
(0 -1.232955453894407e-05 -5.383199768122228e-07)
(0 -1.232955453894407e-05 -5.383199768122228e-07)
(0 -1.232955453894407e-05 -5.383199768122228e-07)
(0 -1.232955453894407e-05 -5.383199768122228e-07)
(0 -1.232955453894407e-05 -5.383199768122228e-07)
(0 -1.232955453894407e-05 -5.383199768122228e-07)
(0 -1.232955453894407e-05 -5.383199768122228e-07)
(0 -1.232955453894407e-05 -5.383199768122228e-07)
(0 -1.232955453894407e-05 -5.383199768122228e-07)
(0 -1.232955453894407e-05 -5.383199768122228e-07)
(0 -1.232955453894407e-05 -5.383199768122228e-07)
(0 -1.232955453894407e-05 -5.383199768122228e-07)
(0 -1.232955453894407e-05 -5.383199768122228e-07)
(0 -1.232955453894407e-05 -5.383199768122228e-07)
(0 -1.232955453894407e-05 -5.383199768122228e-07)
(0 -1.232955453894407e-05 -5.383199768122228e-07)
(0 -1.232955453894407e-05 -5.383199768122228e-07)
(0 -1.232955453894407e-05 -5.383199768122228e-07)
(0 -1.232955453894407e-05 -5.383199768122228e-07)
(0 -1.232955453894407e-05 -5.383199768122228e-07)
(0 -1.232955453894407e-05 -5.383199768122228e-07)
(0 -1.232955453894407e-05 -5.383199768122228e-07)
(0 -1.232955453894407e-05 -5.383199768122228e-07)
(0 -1.232955453894407e-05 -5.383199768122228e-07)
(0 -1.232955453894407e-05 -5.383199768122228e-07)
(0 -1.232955453894407e-05 -5.383199768122228e-07)
(0 -1.232955453894407e-05 -5.383199768122228e-07)
(0 -1.232955453894407e-05 -5.383199768122228e-07)
(0 -1.232955453894407e-05 -5.383199768122228e-07)
(0 -1.232955453894407e-05 -5.383199768122228e-07)
(0 -1.232955453894407e-05 -5.383199768122228e-07)
(0 -1.232955453894407e-05 -5.383199768122228e-07)
(0 -1.232955453894407e-05 -5.383199768122228e-07)
(0 -1.232955453894407e-05 -5.383199768122228e-07)
(0 -1.232955453894407e-05 -5.383199768122228e-07)
(0 -1.232955453894407e-05 -5.383199768122228e-07)
(0 -1.232955453894407e-05 -5.383199768122228e-07)
(0 -1.232955453894407e-05 -5.383199768122228e-07)
(0 -1.232955453894407e-05 -5.383199768122228e-07)
(0 -1.232955453894407e-05 -5.383199768122228e-07)
(0 -1.232955453894407e-05 -5.383199768122228e-07)
)