/*--------------------------------*- C++ -*----------------------------------*\
  =========                 |
  \\      /  F ield         | OpenFOAM: The Open Source CFD Toolbox
   \\    /   O peration     | Website:  https://openfoam.org
    \\  /    A nd           | Version:  8
     \\/     M anipulation  |
\*---------------------------------------------------------------------------*/
FoamFile
{
    version     2.0;
    format      ascii;
    class       volVectorField;
    location    "0.0115000";
    object      U_0;
}
// * * * * * * * * * * * * * * * * * * * * * * * * * * * * * * * * * * * * * //

dimensions      [0 1 -1 0 0 0 0];

internalField   nonuniform List<vector> 
900
(
(0.784795178658617 0.000314324015202665 1.01529576630949e-18)
(0.785542177562212 0.000190147059241909 -1.77809395097368e-19)
(0.785720202442675 0.000138214880086606 -7.96719774353175e-18)
(0.786029631831702 0.000159262439934213 -9.6189519079062e-19)
(0.786215524520209 0.000165907011530802 -3.57345116119393e-18)
(0.786365959143027 0.000171729419288213 -1.58220466626023e-17)
(0.786503714541782 0.000174573280562778 5.77146832135097e-19)
(0.786640439610594 0.000176524637158012 2.30347719336997e-18)
(0.78678103331905 0.000178632402516704 9.7836888444465e-18)
(0.786926887396052 0.0001804188415657 -7.35382764564625e-18)
(0.787077117426301 0.000181782206643869 -1.14576805861053e-17)
(0.787231467717815 0.000183276153269733 -1.15379161815384e-17)
(0.787390695132837 0.000184919365088718 -8.13195222333894e-18)
(0.787554677450063 0.000186031532212872 4.28820048356377e-17)
(0.787722957533543 0.000187132313745832 1.61879592194395e-17)
(0.787896501176586 0.000188680787082096 -8.32797833246938e-18)
(0.788075520450453 0.000189685938625318 2.75512044710992e-17)
(0.788259679948007 0.000190325351106181 1.60290940568177e-17)
(0.788451033907458 0.000191589151704236 -3.6672779252014e-17)
(0.788647217185834 0.000193417185139428 -4.11403617203097e-18)
(0.788846124003518 0.000194650409483788 1.16033910601308e-18)
(0.789051614210322 0.000195522504862309 -2.06422132096618e-17)
(0.789265246828131 0.000196841253080365 7.44780397490747e-18)
(0.789486232172876 0.000197791334892262 3.3357813829598e-17)
(0.789713998391677 0.000198820605824183 5.00657011417595e-17)
(0.789949557081745 0.00020054505569623 2.72799968462931e-17)
(0.790193561729273 0.000201759569536076 1.20665949494945e-17)
(0.790446008559317 0.000202594777286193 5.79083274239189e-17)
(0.790709024367469 0.000204247299876678 1.45983618081323e-17)
(0.790980186649734 0.000206567757478268 4.34261969284992e-17)
(0.791257800630499 0.000208098646984914 4.83494740252422e-17)
(0.79154650354504 0.000209449009740939 2.45913923295061e-17)
(0.791848093799334 0.000211751882691883 -4.99031135885728e-17)
(0.792161744504694 0.000213359110499526 -1.24663013834067e-17)
(0.79248707083964 0.000215032098538298 4.35989877876979e-17)
(0.792825759073334 0.000217881294742827 -2.8566276035418e-17)
(0.793179258490654 0.000220064247448066 -4.91873313922221e-18)
(0.793547980995258 0.000221770013124036 -2.04942443714532e-17)
(0.793934332569141 0.000224764039032553 -6.71695840490529e-17)
(0.794336314797876 0.000228666175283571 -1.17972030723448e-16)
(0.794752882420067 0.00023126254555853 -5.02116313349132e-17)
(0.795189573484781 0.000233924676948853 -4.14694969090576e-17)
(0.795649338229207 0.000238621625751255 -4.00558426115842e-17)
(0.796131941235724 0.000241795254409202 -3.88940016428138e-17)
(0.796637527653728 0.000245021629612418 -1.03481545197804e-16)
(0.797169376734399 0.000250590969830645 9.12493574970712e-18)
(0.79772984152597 0.000255250886725699 7.38919953963229e-17)
(0.798319674733013 0.000259165888182528 2.06319771545774e-17)
(0.798941679408531 0.000264980504591942 -2.48373782249335e-17)
(0.799599260117169 0.000271948025877524 -2.40919549844597e-17)
(0.800294369196672 0.000276683049343413 -8.19449732862321e-17)
(0.801030499570564 0.00028224120367654 -9.24878815713474e-18)
(0.801812118375965 0.000292157668054752 -9.11459062794921e-18)
(0.802642219785187 0.000298250003723931 -5.3611508757792e-17)
(0.803525064076298 0.000304190080377827 -2.59616733075628e-17)
(0.804465722713644 0.000314671451500921 1.28706501106018e-17)
(0.805469333973311 0.000323593309240668 -5.18212660071761e-17)
(0.806541866822838 0.00033051344262988 4.49440531450805e-18)
(0.807690945812698 0.000340612433331907 -1.2220342938328e-16)
(0.808923031247096 0.000352984883953436 -1.6354335485238e-17)
(0.810245412890337 0.000360286042255853 4.16521228907134e-17)
(0.811670597929225 0.000368253067992533 4.56467643390476e-17)
(0.813206264198352 0.000383478265220678 4.13305919609262e-17)
(0.814863373068548 0.000391321493391121 -9.76963374444219e-18)
(0.816659557068209 0.000398125251668397 -2.93181498958039e-17)
(0.818607432018275 0.000410675421581854 -3.52706371260966e-18)
(0.820720012801676 0.00041910260985771 -6.92504095604697e-18)
(0.823025776301772 0.000422900673045436 8.47403805727668e-17)
(0.825539228307889 0.000429668493501702 3.90420129640395e-17)
(0.828293737553508 0.000435460298931521 9.99672712979686e-17)
(0.831299637292244 0.000433691054643023 -1.11883046669916e-17)
(0.834636857968139 0.000428955861769069 3.45339974104662e-17)
(0.838270547861718 0.00042823220600268 -1.33102501697347e-17)
(0.842358383187294 0.000411953135172543 -6.95562700794002e-18)
(0.846780501774808 0.000397979303256849 -5.17981189914905e-18)
(0.851900981534128 0.000368814644676875 -2.79151270175242e-17)
(0.857311401598091 0.000343940158610362 3.35859966096905e-19)
(0.863911262870254 0.00029286338922072 -2.59864732529575e-18)
(0.870531337446222 0.000262401483727254 -3.4332477065605e-17)
(0.879377481439011 0.000160778121748428 5.47569022261469e-17)
(0.887487736146712 0.000133116873099209 1.6445646469307e-17)
(0.900056335838112 1.12186448053064e-05 2.9857505934397e-17)
(0.909877035320766 -3.57938949217735e-05 -4.20921557379586e-18)
(0.929237286053303 -0.000215091876773529 -2.62379221121493e-17)
(0.941597229398173 -0.000154994732014828 3.91445310335118e-18)
(0.974589499227817 -0.000218354072836167 2.44907167696878e-18)
(0.98434357299553 0.000133505180448009 5.34819714567226e-18)
(0.975277547164932 -9.06353915289158e-05 8.6954572596872e-18)
(0.977174619848706 -9.51649767068687e-06 -6.76290664446252e-20)
(0.971856781652568 -0.000111808008989258 -2.2963444097128e-18)
(0.970619376346745 -0.000108571411029374 2.03739153238929e-18)
(0.966682509451032 -0.000147991290537377 6.10730098150869e-19)
(0.964323303421805 -0.000160696802598748 1.19605339001846e-18)
(0.961020996986369 -0.000177119071502621 -8.19006234058297e-20)
(0.958419342710711 -0.000171718881853342 3.21239335718936e-19)
(0.955610006204441 -0.000175768716190935 1.03095848597628e-18)
(0.953247519380963 -0.000163254473887956 -6.09727869950311e-19)
(0.950986149387993 -0.000149531712965971 -2.25887990820105e-19)
(0.949095967031727 -0.000136162848762512 7.76470575571881e-20)
(0.947904431197076 -6.62123268511791e-05 1.84475255856048e-20)
(0.434401730520855 0.00165414299682358 2.96973486385379e-18)
(0.436734719616017 0.0018020220662581 -2.23043223784061e-18)
(0.437332141822081 0.00183261257917856 -7.87824224085168e-18)
(0.438028503539349 0.00194678776732154 2.44991417248246e-18)
(0.438433344886425 0.00201884872587913 -7.60194311005087e-18)
(0.438742387660195 0.0020556275540432 -4.47473731000306e-17)
(0.439016024820677 0.00207049150544181 -3.09644694008172e-17)
(0.439285248057701 0.0020766655991036 7.34602017827994e-18)
(0.439561671677869 0.00208070749672478 -1.05326374254616e-18)
(0.439848962769558 0.00208369125774063 -3.55865927350718e-17)
(0.440146581412254 0.00208594690880435 -3.43917332703252e-17)
(0.440454330940213 0.00208838840426655 -3.43647840050178e-17)
(0.44077316454574 0.00209103862671174 -2.50846257837889e-17)
(0.441102953625145 0.00209277302143395 5.90436960597183e-17)
(0.441443354529922 0.00209440025056991 4.00989183738537e-17)
(0.441795735790181 0.00209666834949217 -2.29285786597475e-17)
(0.442160684117427 0.00209794303456547 -2.32464471835538e-17)
(0.442537676414455 0.00209860762263779 4.25756730338574e-17)
(0.44292812214678 0.00210030325635675 7.92304966029721e-18)
(0.443332293032312 0.00210287074479943 -3.68480617422888e-18)
(0.443749481819834 0.00210440413813502 8.48765741277978e-18)
(0.444181308427203 0.00210524797666152 -6.84452273945656e-17)
(0.444629648606002 0.00210673509050275 2.21150597596406e-17)
(0.445094817171 0.00210752070391846 9.67864920429116e-17)
(0.445576687547586 0.00210841061025201 1.56681563690303e-16)
(0.446077087731663 0.00211046952185435 6.9972823037624e-17)
(0.446597322821751 0.00211156407834133 2.76034912157279e-17)
(0.44713730373741 0.00211197374345521 1.59742111205583e-16)
(0.447698995977782 0.00211381856413165 1.22283908769195e-16)
(0.448283245339331 0.0021167920634004 1.37562252995323e-16)
(0.448889810359514 0.00211829837434043 1.43445311308133e-16)
(0.449521228810997 0.00211939135308013 1.21017689629575e-16)
(0.45018056144114 0.0021221071041964 -5.66333220357357e-17)
(0.450868694935228 0.00212346445845419 -2.59012153016582e-17)
(0.451585897504328 0.0021248685567309 4.39410862256863e-17)
(0.452335426323069 0.00212837287452117 -9.71503952739649e-17)
(0.453120033025633 0.0021305335000182 -1.11986170679833e-17)
(0.453940400257038 0.0021317150095678 -4.66846737313638e-17)
(0.454799885681675 0.00213526006840494 -1.90101997006865e-16)
(0.455701076427561 0.00214041535499345 -3.64024158728487e-16)
(0.456644806625445 0.00214294046006282 -1.37999415960632e-16)
(0.457635258261436 0.00214543606339727 -1.13941645894033e-16)
(0.458678479251017 0.00215166725590133 -1.01366579907943e-16)
(0.459777227413431 0.00215478461572149 -1.12281379898394e-16)
(0.460933131192487 0.00215780028567274 -2.57658403552159e-16)
(0.462152982848569 0.00216520172337444 3.98353885980305e-17)
(0.463442676989414 0.0021706017318794 2.36325065768164e-16)
(0.464805004150814 0.00217422244209921 6.2429480718456e-17)
(0.466246633379585 0.00218134533020599 -7.65039896299985e-17)
(0.467776677185593 0.00219041879945692 -7.38253987454654e-17)
(0.469400229980181 0.00219461672203024 -1.10403833183762e-16)
(0.471124181878445 0.00220012892583938 -2.22187871710974e-17)
(0.472961586580409 0.00221386075667097 -2.68827136729476e-17)
(0.474921331868887 0.00221941185380521 -3.53495389141709e-17)
(0.47701124669169 0.00222393911289623 5.66086892905194e-17)
(0.479246412389051 0.00223701500363999 4.43751440726563e-17)
(0.481642095713152 0.00224621408177594 -5.16315610903087e-17)
(0.484210544397348 0.00225033165449478 2.15712178879306e-17)
(0.486970123936167 0.00226004771774778 -3.08848731746095e-16)
(0.489943149019203 0.00227317423391913 -1.56409060034025e-16)
(0.493147611811479 0.00227447311026948 1.89885169480279e-17)
(0.496607134458079 0.00227585575300711 1.35102163270984e-16)
(0.500352732926096 0.0022901306950027 1.35653673190146e-16)
(0.504414760291224 0.00228755143932318 -2.99476314481385e-17)
(0.508824766181321 0.00228031603070035 -8.58522338872515e-17)
(0.513626706712011 0.00228224828465379 -1.10377383695737e-17)
(0.518860811750194 0.00227282658617844 -1.09834000304004e-16)
(0.524586955901643 0.00225022072297202 2.54410014429596e-16)
(0.530846502913644 0.00222979588748916 1.15034363567242e-16)
(0.53773905712969 0.00220252551259704 1.60343461915078e-16)
(0.545286597796299 0.002154389478253 -3.47929857048716e-17)
(0.553675293554102 0.00209392092046847 1.03401194672199e-16)
(0.562849493798598 0.00203390039750192 -4.06611865161441e-17)
(0.57320285728907 0.00193387029434997 -2.06370312137791e-17)
(0.584431741301373 0.00182832936368742 -1.71348302776418e-17)
(0.597456358637762 0.00167833359144394 -8.75566300360354e-17)
(0.611268460301859 0.00152640915859574 -5.52990285991657e-17)
(0.628119059404696 0.00129874753900507 -7.95272923747363e-18)
(0.645130340404837 0.00109924531639842 -5.60700051035559e-17)
(0.667791165915977 0.000719600149372358 1.64336064970733e-16)
(0.688673308309059 0.000483014387171385 4.8956797214053e-17)
(0.720947165172962 -2.93309007984798e-05 8.68565103366101e-17)
(0.746402605892433 -0.000365266588973827 -1.25827906784044e-17)
(0.795859531157911 -0.00113018096557206 -7.84544666081835e-17)
(0.827745437777699 -0.00135284318063193 1.11286460613335e-17)
(0.911419442723755 -0.00199053150312437 2.69406168461459e-17)
(0.93620909725288 4.14387470580716e-05 4.30133910587853e-18)
(0.913000308165384 -0.000366227669757489 1.54584407691009e-17)
(0.91751696395693 -0.000216588836684846 -3.09087194581034e-19)
(0.903743742045089 -0.000391476356666765 -6.3579262840401e-18)
(0.900336171672645 -0.000369704255535415 1.14259003583965e-18)
(0.890088497485577 -0.000435384002179681 1.73169970386908e-18)
(0.883899347383016 -0.00043681359258697 3.61175228051847e-18)
(0.875363724883902 -0.000456625144538112 2.0933951943129e-18)
(0.868605038525512 -0.000438466158282784 -2.44487817037946e-19)
(0.861355632948724 -0.000424665494796372 3.03289971307432e-18)
(0.855319002127473 -0.000387311909005698 -1.80294662867997e-18)
(0.849545296883722 -0.000351881001197519 -7.09260029576824e-19)
(0.844738112922762 -0.000316408077776667 2.44471342868748e-19)
(0.841271920827712 -0.000170993256010689 5.49553320758353e-20)
(0.155824920086102 0.00354533619203764 3.39052782627882e-18)
(0.159497095357682 0.00405556778933385 -2.80271448848112e-19)
(0.16045715252475 0.00441662768068021 -1.9175144757234e-17)
(0.161354095962028 0.00472801551511124 -1.14953525112384e-17)
(0.161851238228487 0.00490694783065489 -1.44895870638876e-17)
(0.162223666201859 0.00498948368456639 -5.02567347601414e-17)
(0.162551973854467 0.0050205140217058 -5.73002281432411e-17)
(0.162875266128639 0.00503053114380082 -1.2590958134253e-17)
(0.163207987765718 0.00503414406665706 -1.32344910077652e-17)
(0.16355497470312 0.00503562849163046 -6.37811529460534e-17)
(0.163916191088784 0.00503621827668559 -5.70986098521227e-17)
(0.164291666916716 0.00503691707216407 -5.8215821242318e-17)
(0.164682515761 0.00503769480721779 -5.50041030705094e-17)
(0.165088736926671 0.00503753950247861 4.02938170416056e-17)
(0.165510088506768 0.00503714529406974 6.43017611921191e-17)
(0.165948165393919 0.00503712684517378 -4.99026178276527e-17)
(0.166403755232895 0.00503605951647068 -6.15954060062642e-17)
(0.166876345916471 0.00503427086128647 -1.46017379356206e-17)
(0.16736726910019 0.00503337587148625 2.78456228332121e-17)
(0.167878040013345 0.00503323593302224 -5.94985784290672e-18)
(0.168408703764527 0.00503195152100813 2.62507982860908e-17)
(0.168959971848965 0.00502978768116327 -2.480953628536e-17)
(0.169533903488035 0.00502797810017094 4.25539358034706e-17)
(0.170131402622091 0.00502539156802168 1.66456428539344e-16)
(0.170752595450117 0.00502278602837921 1.26330134799045e-16)
(0.171399931302863 0.00502109153895639 1.2993714905377e-16)
(0.172075158730026 0.00501832283744086 4.98699087925595e-17)
(0.17277819343668 0.00501469436932098 1.96470973015687e-16)
(0.173511204211529 0.00501236141320579 2.64770567338065e-16)
(0.174276875234212 0.00501101336991968 1.26930145622781e-16)
(0.175075848807687 0.0050079806647138 2.43082674568602e-16)
(0.175909635393684 0.00500428311169606 2.16980875943092e-16)
(0.176782234337439 0.00500184832568011 -9.35631688819432e-17)
(0.177695615843455 0.00499791056314255 -3.80069887409309e-17)
(0.178650234282208 0.00499379791451483 -2.63276629402261e-17)
(0.179650721198194 0.00499144197956274 -9.58808318710932e-17)
(0.18070083952099 0.00498749271017074 -2.98682912280309e-18)
(0.181801260259657 0.00498222043551545 -8.53496640484985e-17)
(0.182956262747523 0.00497913684239574 -3.13640658816785e-16)
(0.184171593132383 0.00497739299846701 -3.92145856787651e-16)
(0.185449294311026 0.00497252191511917 -1.07070313425325e-16)
(0.186792409737228 0.00496727148758543 -8.73383402784591e-17)
(0.188209827431684 0.00496521687794907 -2.10204914580483e-16)
(0.189706477645177 0.0049596708518195 -1.70206771639324e-16)
(0.191283839416791 0.00495354207016884 -3.07058131513716e-16)
(0.192952217433776 0.00495130916969212 7.57074529663217e-17)
(0.194720489975731 0.00494652442514885 2.68300289674208e-16)
(0.196591739344967 0.0049391776718013 1.04308643101628e-16)
(0.198575468024043 0.00493491071118476 -1.37537230534999e-16)
(0.200686091090152 0.00493179093284811 -1.11803755932266e-16)
(0.202930601704566 0.0049226450722297 -1.46941698672951e-16)
(0.205316014921832 0.00491438320569428 -2.83534303623129e-17)
(0.207864445469957 0.00491323930164254 -2.16258615369909e-16)
(0.210589560248886 0.00490269396626114 -1.84035319385266e-17)
(0.213497379876682 0.00488971738040867 1.37244767089338e-16)
(0.216613280551797 0.00488427547306666 7.8921388293205e-17)
(0.219961529332277 0.00487335669144329 -1.92533824908877e-17)
(0.223555144320415 0.00485517750157451 4.98074280780348e-17)
(0.227419898728458 0.00484131804602187 -3.85932257600829e-16)
(0.231594029961774 0.00482850687659672 -2.98422121819236e-16)
(0.236101698358337 0.00480056316563022 -1.54193355915195e-18)
(0.240967399483139 0.00477073381539037 2.26722000792379e-16)
(0.246247663899144 0.00475039030416292 2.30484825409364e-16)
(0.251988019431614 0.00470944054774955 -5.24301516229339e-17)
(0.258218568175427 0.00465928414351667 -1.52006024942956e-16)
(0.265013880185137 0.0046139274293132 4.55820048986397e-17)
(0.272437862266783 0.00455167820417441 -1.3474331080641e-16)
(0.280563208639312 0.00446926099536365 3.39977623207138e-16)
(0.28945196479374 0.00438267262005972 1.06069855412045e-16)
(0.299259336315652 0.00428025345940135 2.43374211521623e-16)
(0.310011769933318 0.00414754509732978 -5.02464885056123e-17)
(0.321960570336226 0.00399112554249527 2.00662461302764e-16)
(0.335053038288007 0.00382310390004292 -7.09428729636494e-17)
(0.349843114818761 0.00359877445075665 -3.39234621966487e-17)
(0.36589517361411 0.00335471449952192 -1.62345888420067e-17)
(0.384524995340027 0.00303907642642287 -9.05538334632858e-17)
(0.404308342325768 0.00271121571842683 -1.03613728923121e-16)
(0.428436744670203 0.00226105252113549 3.75301534486725e-17)
(0.452871678177326 0.00183276661783153 -7.92763052868794e-17)
(0.485356123514623 0.00114557185427666 2.31354059237302e-16)
(0.515342984332729 0.000628503676156338 8.08474860312551e-17)
(0.561698066835091 -0.00034115915950357 7.00895912981187e-17)
(0.598396267311729 -0.00101947386593677 -2.1639900065106e-17)
(0.669196338230251 -0.00244638853113047 -1.30729356261415e-16)
(0.71517878169053 -0.00308183121208016 2.13440032398359e-17)
(0.834635394172558 -0.00444261825028512 6.49383546854313e-17)
(0.870166287221889 -1.62244456955819e-05 5.44106067378633e-18)
(0.836904030244156 -0.00046958993605828 2.21951701318555e-17)
(0.843220181620927 -0.000321292392849335 -7.41338410136906e-19)
(0.823392667100655 -0.000517067454592377 -5.8691410386e-18)
(0.818385703031674 -0.000486280966591838 2.64642570665439e-19)
(0.803596438386614 -0.000570145126946157 2.6478660530642e-18)
(0.794635600682028 -0.000555105152639767 6.22038761397166e-18)
(0.782367046970116 -0.00058021324814578 4.2551405132902e-18)
(0.772586156036663 -0.000565759579280309 -9.3920986350899e-19)
(0.762123856487972 -0.000533925023668539 3.86466111697844e-18)
(0.753484423631888 -0.000486599955703072 -2.50856638425394e-18)
(0.74518667879384 -0.000444938377205911 -6.10675237655942e-19)
(0.738269930701516 -0.000401763561290314 3.9647328043776e-19)
(0.732531382688803 -0.000230751980795781 9.05651714962196e-20)
(-0.0512109570540119 0.00621143794520073 9.27795276586847e-19)
(-0.0473894060016179 0.00644225924812866 -6.1494213241296e-20)
(-0.0464289436360403 0.0073038119972922 -1.56395780559273e-17)
(-0.0455989342051454 0.00786853820839424 -1.97925961153966e-17)
(-0.0451467932321571 0.00816754436206557 -1.39573228778393e-17)
(-0.0447978013273546 0.0082974798038199 -2.84734558255918e-17)
(-0.0444808461389294 0.00834434468250043 -5.97848529146949e-17)
(-0.0441633190260639 0.00835767521960895 -2.22145070013651e-17)
(-0.0438337290414803 0.00836022235536065 -1.53072633774804e-17)
(-0.0434880365484604 0.00835954110731199 -6.69978659223358e-17)
(-0.0431260077417201 0.00835782860156206 -7.52642082203111e-17)
(-0.0427473825715718 0.00835609884108869 -8.3653316485616e-17)
(-0.0423510571989662 0.00835429484702667 -3.62358769431468e-17)
(-0.0419368257503575 0.00835161478823012 2.27413335155106e-17)
(-0.0415046929198879 0.0083485484395088 3.60611571650459e-17)
(-0.0410531397677593 0.00834552141405159 -1.09811586965434e-16)
(-0.0405812998056215 0.00834146772922338 -1.0752947494355e-16)
(-0.0400894110919685 0.00833663422633468 -5.51890299114432e-17)
(-0.0395761741064525 0.0083323354803619 6.88132132987952e-17)
(-0.0390396500303754 0.0083284550103446 -3.08089951382446e-17)
(-0.0384792822027128 0.00832341929403789 5.72149388967872e-17)
(-0.0378946061988953 0.00831739360835325 -2.81173302438632e-19)
(-0.0372836829229317 0.00831133518000133 5.56627206361462e-17)
(-0.0366452956884077 0.00830441521884493 1.4511413397243e-16)
(-0.0359789500730034 0.00829724110389029 8.55104639645672e-17)
(-0.0352820614998042 0.00829050928504034 7.53146879292225e-17)
(-0.0345526925324597 0.00828263166111196 1.44509678270195e-16)
(-0.0337906049355952 0.00827374808483649 2.54345548795431e-16)
(-0.0329935059735446 0.00826567107526674 2.79888350636497e-16)
(-0.0321579661844652 0.00825812253270469 2.04952012912131e-16)
(-0.0312826674047784 0.00824880568894913 2.68813469999549e-16)
(-0.030366392238649 0.00823854185172117 2.09682824986971e-16)
(-0.0294049737444951 0.00822887955286618 -7.42691674369285e-17)
(-0.0283958060917739 0.00821758824608322 -1.3734961476036e-16)
(-0.0273379420061665 0.00820573773934034 -8.83376610201214e-17)
(-0.0262262729980097 0.00819488031031602 -1.11549041690096e-16)
(-0.0250565686413777 0.00818220614848268 1.91870774593705e-17)
(-0.0238277212169866 0.00816787544496214 -1.77692113128619e-16)
(-0.0225349495569131 0.00815494371191597 -3.28925600027003e-16)
(-0.0211710637165599 0.00814260944662515 -4.43789438693779e-16)
(-0.019732996879497 0.00812690185249928 -6.73996597352083e-17)
(-0.018218004070774 0.00811021921305418 -3.55595265600887e-17)
(-0.0166161565316215 0.00809548782978933 -1.35969856667823e-16)
(-0.0149211879512071 0.00807702183666785 -2.19279165710661e-16)
(-0.0131310734225094 0.00805722970335155 -3.27170891327029e-16)
(-0.0112339267708598 0.00803991915523405 1.7655335686678e-17)
(-0.00921930280788526 0.00801944592040095 3.46409148667094e-16)
(-0.00708331540290268 0.00799562063349119 1.57227514791865e-16)
(-0.00481489422311122 0.00797345906773068 -2.17427656087335e-16)
(-0.00239703837653932 0.00795101843997608 -1.88294711109215e-17)
(0.000178859556919576 0.00792180456524296 -5.38320112331761e-17)
(0.00292032581673145 0.00789214314555509 -1.91611043762407e-17)
(0.00585397881543797 0.00786701029970531 -1.5888370412564e-16)
(0.00899651191193667 0.00783181332025547 -3.3375325809544e-18)
(0.012353692844787 0.00779245527527882 2.31730778744514e-16)
(0.0159563878846287 0.00775774315292386 1.15699631135767e-16)
(0.0198339774491195 0.00771579500828377 -1.46150551514807e-17)
(0.0240006590129001 0.00766460256554116 9.50708822317416e-17)
(0.0284864574528479 0.00761466678431288 -4.10383836762578e-16)
(0.0333385596819688 0.00756231978871726 -3.46177967442721e-16)
(0.0385854115964984 0.0074925360503705 -1.99693159262819e-17)
(0.0442521945202304 0.00741755466305612 3.3166615054883e-16)
(0.0504101034196634 0.00734642467883948 2.67684458814001e-16)
(0.0571140470294654 0.00725182005784399 -8.12714758114736e-17)
(0.0643934360050539 0.00714325338679245 -2.16821418393987e-16)
(0.0723409169541539 0.00703293607479577 8.67487814339311e-17)
(0.0810347323370939 0.00690024911842719 -1.73910503075323e-16)
(0.0905551546509348 0.00674122315696247 3.59008529744595e-16)
(0.100976590922724 0.00656982959060694 9.83432246281342e-17)
(0.112487583371128 0.00637378337232115 3.34198299884172e-16)
(0.125117711138083 0.006138580295096 -2.52445762238824e-17)
(0.139155756941156 0.00586915175161232 1.79649804736375e-16)
(0.154552848931678 0.00557411616857234 -9.78083560973447e-17)
(0.171957089595 0.00521070082305927 -4.62863034218318e-17)
(0.190855643140202 0.00481025650604488 -1.00447429319851e-16)
(0.212797830414146 0.00432009050364106 -9.04269586545835e-17)
(0.23611573213121 0.0037968090992076 -1.06418482275998e-16)
(0.264555067021906 0.00312426879085587 8.47619889160665e-17)
(0.293397228590534 0.00244666151152389 -1.04966429446814e-16)
(0.331713272898182 0.00146904938898188 2.57070545251822e-16)
(0.367110319651388 0.000635647823013684 1.12029191132214e-16)
(0.421843226914275 -0.000745174480743622 5.11543621285125e-17)
(0.465238868221509 -0.00182636929421186 -4.18115797165917e-17)
(0.548727241368595 -0.00386149978397122 -1.94969553527835e-16)
(0.603104839781726 -0.00502713631954929 2.25752532971878e-17)
(0.743939781768384 -0.00700948652053553 7.28284245045753e-17)
(0.786087644648778 -7.35166907545885e-05 5.45529145325045e-18)
(0.746786243628428 -0.00043774963985182 2.89169143537276e-17)
(0.754155775640793 -0.000343286941623601 -1.42235508632565e-18)
(0.730709767312389 -0.000505945002237378 -2.81838807008246e-18)
(0.724731801666562 -0.000493753134554839 -6.44695824824478e-19)
(0.707220368333787 -0.000566746558257741 3.36026773829349e-18)
(0.6965924936627 -0.000557047514143838 8.19491649404066e-18)
(0.682088376387877 -0.000578386417184385 6.37715533503229e-18)
(0.670490631333103 -0.000567195882154693 -3.00812763210744e-19)
(0.658099415968091 -0.000533046813595371 4.68045263321129e-18)
(0.647902395328949 -0.000486589901131459 -3.22894184987443e-18)
(0.638091369553848 -0.000444562140999705 -5.24172618749335e-19)
(0.629912373994649 -0.000404125455781699 4.35025681340893e-19)
(0.622756339433416 -0.000226710665586586 1.03675354306429e-19)
(-0.187994055566416 0.00814133775460163 -8.89744606966332e-19)
(-0.185415139273632 0.00854449102874512 -3.92053321929701e-18)
(-0.184908403720334 0.00987367995235289 -1.26986902178615e-17)
(-0.184418026613513 0.0106434877959667 -1.19832384626442e-17)
(-0.184129113159774 0.0110266658056769 -4.54648398221619e-18)
(-0.183869375880953 0.0111859024961258 -3.59204837132898e-17)
(-0.183610446967965 0.01124141701015 -4.37954568766293e-17)
(-0.183340006550701 0.0112560416525586 -2.59562181924519e-17)
(-0.183054477671056 0.0112574233998505 -7.23417788711467e-18)
(-0.182752279086364 0.0112549902730955 -7.43462797033817e-17)
(-0.182433331790246 0.0112514741654107 -2.86503995550254e-17)
(-0.182097235589433 0.0112478201554445 -5.58650831228065e-17)
(-0.18174295485029 0.0112439645214068 -2.01793594680334e-17)
(-0.181370093736839 0.0112392818681277 1.99964044153268e-17)
(-0.180978430535331 0.0112340874544883 3.71754778487033e-17)
(-0.180566638502737 0.0112286654335282 -8.87592521254874e-17)
(-0.180133853619697 0.0112222417718604 -7.80025325800289e-17)
(-0.179680022272567 0.0112149991674724 -3.58866023423546e-17)
(-0.179203911016754 0.011207907765243 -4.30537995834259e-17)
(-0.178703561303212 0.0112008630530398 2.14269399891383e-17)
(-0.178178113425795 0.0111926751209756 1.12817420209255e-16)
(-0.177627121941874 0.0111834369256475 6.30302141050036e-18)
(-0.177048894596504 0.0111738388979045 6.35747293377668e-17)
(-0.176442100324747 0.0111632747728411 1.43664387570572e-16)
(-0.175805952075668 0.0111521964228199 5.45220322134495e-17)
(-0.175138000430006 0.0111411045643426 1.49670579176898e-16)
(-0.174436306380984 0.0111287873955436 1.86729339225087e-16)
(-0.173700296706987 0.0111153328106395 2.24140225861841e-16)
(-0.172927695582484 0.011102114511134 2.61078793174446e-16)
(-0.172114952522284 0.0110888932423676 2.55324967400733e-16)
(-0.171260335472632 0.0110738629710397 3.21519040172719e-16)
(-0.170362676404733 0.0110576215064296 2.36675680115724e-16)
(-0.169418065886497 0.0110413312920572 -8.30133791682577e-17)
(-0.168423638096532 0.011023259541791 -1.38898439714088e-16)
(-0.167378006932108 0.0110042061287348 -1.44823361607901e-16)
(-0.166276159608509 0.0109853386288421 -1.43446960245214e-16)
(-0.165113822341805 0.0109644313708776 -1.61961128992906e-17)
(-0.163889447351512 0.010941565312533 -3.06904475612427e-16)
(-0.162598174896393 0.0109191211766006 -3.48553232058467e-16)
(-0.161232492237583 0.0108964101575701 -4.6643448235129e-16)
(-0.15978869561105 0.0108702040084384 -8.36700425229307e-17)
(-0.158264109956219 0.0108423643533356 -1.30246656436873e-19)
(-0.156648932397603 0.0108151433389456 -1.14979401824485e-16)
(-0.154936341395113 0.0107839603213488 -2.72405670215277e-16)
(-0.153123739543796 0.0107506650510113 -3.50793368490318e-16)
(-0.151199061456877 0.0107182243796945 -3.45667769435584e-17)
(-0.149151463470896 0.0106820111806152 3.03365586638689e-16)
(-0.146976400427907 0.0106417585388808 9.08828761647791e-17)
(-0.144662398353753 0.0106014369285439 -1.9346626864108e-16)
(-0.14219192494491 0.0105593196041109 -8.04953942221182e-18)
(-0.139555489523847 0.0105099855503601 -1.03607993662141e-16)
(-0.136745336042045 0.0104585168379965 -6.58256776489036e-19)
(-0.133733768058616 0.0104087025454577 -1.24212169512045e-16)
(-0.130502863182925 0.01034846623132 1.32711515594982e-16)
(-0.127046762416421 0.010282459265877 1.80668413956014e-16)
(-0.123333004157752 0.0102176648992462 1.5275099021595e-16)
(-0.119330504776296 0.0101440320200663 1.50700990035997e-16)
(-0.115024502921889 0.0100596415744146 1.58168074575764e-16)
(-0.110383794402407 0.00997290221624292 -3.2083606880444e-16)
(-0.105358151403242 0.00988028462222519 -2.9592447222443e-16)
(-0.0999173532703209 0.00976896260323601 -3.88528297864809e-17)
(-0.0940367085665961 0.00964886922504855 3.33019847506807e-16)
(-0.0876396641451106 0.00952670756694088 3.40401234637763e-16)
(-0.0806677434188845 0.00937926429504072 -1.52565270175453e-17)
(-0.0730929537533535 0.00921393644856156 -1.38299809338389e-16)
(-0.0648159214915352 0.00904010866940879 2.31209340478217e-17)
(-0.0557530571229785 0.00883954384550646 -2.28922613697871e-16)
(-0.045822627982656 0.00860828735954181 2.81524197988002e-16)
(-0.0349462260310123 0.00835676903322304 6.32323060308692e-17)
(-0.0229228829355539 0.00807354827260006 3.54198264160773e-16)
(-0.00972258060647728 0.00774457509541376 -5.07835093667089e-17)
(0.00495417354761826 0.00737348050244805 1.98575455706424e-16)
(0.0210621312223111 0.00696389562774458 -1.52345959878463e-16)
(0.0392804577663893 0.00647944736550677 -5.63884612122689e-17)
(0.0590687219473876 0.00594173218857969 -1.20898020902155e-16)
(0.0820555316707347 0.00530572922571707 -1.06839348554277e-16)
(0.106490724751039 0.0046127016680039 -4.98039468332666e-17)
(0.136304081656959 0.0037616582843265 8.50318828506696e-17)
(0.166554990331382 0.0028691567477459 -1.34052313512425e-16)
(0.206748449417485 0.00167114274382658 2.85920899393401e-16)
(0.243875120754594 0.000557800179068662 1.42813858328939e-16)
(0.301333272861016 -0.00112556954190075 3.24229996961674e-17)
(0.346889076619135 -0.00257051634845641 -3.5253285326237e-18)
(0.434482166910754 -0.00505915285412793 -2.0292887533862e-16)
(0.491560585176169 -0.00673707693923826 5.83962933925479e-17)
(0.639446652036993 -0.00918445230902876 8.24283165627902e-17)
(0.684009101935179 -0.000144333498026088 5.46962089605556e-18)
(0.642658388704682 -0.000330744301497657 2.52160173817503e-17)
(0.650352400896803 -0.000322935846969474 1.46022716516707e-18)
(0.625708219784932 -0.000416927167229807 -1.08152104936951e-17)
(0.619391983709221 -0.000434593010880417 -1.5928305300934e-18)
(0.600970343239676 -0.000480288985442236 8.34471050726156e-18)
(0.589779308863761 -0.000482589268378107 7.50752040582949e-18)
(0.57453295837426 -0.000494729470152292 6.09644620720258e-18)
(0.562320971341728 -0.000488264229078276 4.33352611612248e-19)
(0.549281323022388 -0.000457362496742745 4.30459201560201e-18)
(0.538570912755121 -0.000418593449497684 -2.87211305187995e-18)
(0.528255427689718 -0.000381499559441593 -4.03831868436342e-19)
(0.519655640854686 -0.000348178875616254 4.26067519427144e-19)
(0.511912886302205 -0.000192059921025506 1.1343261498929e-19)
(-0.257203609750622 0.00939904583354902 -3.51683908134701e-18)
(-0.256506184578169 0.0100285072316989 -2.52624034504879e-18)
(-0.256694707587148 0.0115728944116314 9.29312354102501e-19)
(-0.256685531378717 0.0124028808123573 -8.10332776263575e-18)
(-0.256616703610386 0.0127934386508246 -1.50739003362916e-17)
(-0.256477270954387 0.012948846550046 -4.34428420617605e-17)
(-0.256300195923435 0.0130009678292083 -3.38853475910485e-17)
(-0.256099831187931 0.0130136544126568 -3.12480062817268e-17)
(-0.255882297501907 0.01301376561366 -1.6198941766246e-17)
(-0.255648978515133 0.0130103554491392 -4.74863100567729e-17)
(-0.255400147480017 0.0130059799592274 -3.1633127402716e-17)
(-0.2551353378609 0.0130013784006996 -4.25076194128865e-17)
(-0.254853604293103 0.0129964770007326 -4.0160130363484e-18)
(-0.254554428726799 0.0129908107238935 2.28279461165576e-17)
(-0.254237442847457 0.0129845597430203 5.72662079160331e-17)
(-0.253901554725176 0.0129779007797572 -1.17796764055204e-16)
(-0.253545970563087 0.012970302120807 -5.3782135895824e-17)
(-0.253170438776487 0.0129618822985505 4.38687476888349e-18)
(-0.25277385633859 0.0129532886117417 4.43538584205302e-18)
(-0.252354455017808 0.01294443273288 -2.73234902985933e-17)
(-0.251911261093177 0.0129344880935664 8.88023604982284e-17)
(-0.251443822760343 0.0129234985032599 -1.02292174604001e-17)
(-0.250950752041336 0.0129119217376658 6.75810695258125e-17)
(-0.250430763736616 0.0128993273741181 1.72711455871936e-16)
(-0.24988293702043 0.0128860147913744 8.07720457077751e-17)
(-0.249305124316684 0.0128723152497376 1.28507176882443e-16)
(-0.248695542181648 0.0128573675073111 1.33025670242359e-16)
(-0.248053422573433 0.0128412126637607 2.05607303329599e-16)
(-0.247376673918458 0.0128247819410277 2.02726731118251e-16)
(-0.246662011219919 0.0128078825547834 2.31425108309826e-16)
(-0.245907574582547 0.0127892175991552 3.31662393995736e-16)
(-0.245112254170637 0.0127691736551908 2.00739403680946e-16)
(-0.244272655093603 0.0127485454648697 -8.77793339179656e-17)
(-0.243385985344594 0.012726072200752 -1.66618175084383e-16)
(-0.242450658776147 0.0127022865116683 -1.08316265402435e-16)
(-0.241462161030391 0.0126779809639978 -9.8234829310167e-17)
(-0.240416536383905 0.0126515299221206 -1.32105790619667e-17)
(-0.239312034490435 0.012622948793265 -3.40721338830858e-16)
(-0.238144138458391 0.0125938781712223 -3.58042257516174e-16)
(-0.236905807158097 0.0125637735594309 -3.86391377326211e-16)
(-0.235593195573314 0.0125302555084508 -9.65886558544692e-17)
(-0.23420381260147 0.0124945946366547 -1.18529482244702e-17)
(-0.232728800324202 0.0124583545928784 -7.9774021029965e-17)
(-0.231161524032278 0.0124181408351389 -1.71162774995966e-16)
(-0.229499167973563 0.0123752196738386 -3.53178180942985e-16)
(-0.227730587137824 0.01233163836846 -7.28973544916741e-17)
(-0.225845561824146 0.0122839313430988 2.06414596342285e-16)
(-0.223839415179413 0.012231814334434 -5.6324850413922e-18)
(-0.221701372372514 0.0121780309149533 -6.21717654173965e-17)
(-0.219415035063032 0.0121211872791046 7.9729464198965e-18)
(-0.216971021335603 0.0120571934983116 -1.64525486987456e-16)
(-0.214362024361344 0.0119895952554988 4.67766170756784e-17)
(-0.211562017292177 0.0119209611580344 -1.05618569608874e-16)
(-0.208553663634443 0.0118422224085812 1.4940472773236e-16)
(-0.205331415398445 0.0117566521833625 1.38149204263979e-16)
(-0.201864541121933 0.0116690490092874 2.05712569928496e-16)
(-0.198123365836316 0.011571714685816 2.58446764126708e-16)
(-0.19409381968972 0.0114630270760402 1.22539247707034e-16)
(-0.189746533794334 0.0113487821258387 -2.42434125180839e-16)
(-0.185033473473003 0.0112259151265006 -2.48498457068129e-16)
(-0.179925544020844 0.0110846003720111 -4.73707731933368e-17)
(-0.174400350896219 0.0109317876308262 3.87963867526596e-16)
(-0.168384281812508 0.0107716762596398 2.2433508380017e-16)
(-0.161821113676034 0.0105864720876203 -3.84510869170989e-17)
(-0.154685963336127 0.010381220500976 -5.72023989684997e-17)
(-0.146883284398301 0.0101618892577643 -2.03100231528851e-17)
(-0.138332854418115 0.00991385918260859 -2.14774157213851e-16)
(-0.128958253117852 0.00963365872731164 2.24938342849567e-16)
(-0.118685307978436 0.00932746429831236 -4.43768909122587e-17)
(-0.107320782426098 0.00898567360979088 3.8846572529336e-16)
(-0.0948375225415711 0.00859577324529678 -1.16382025406535e-16)
(-0.080951970298037 0.00815998609100721 2.01783431049056e-16)
(-0.06570580505946 0.00767688465884601 -6.55260329470822e-17)
(-0.0484510469494782 0.00711930651371719 -6.42438206623284e-17)
(-0.0297077455217254 0.00649770122040536 -3.5888263694032e-17)
(-0.00791962085215457 0.0057786377289728 -5.10543900820695e-17)
(0.0152391733581461 0.00498435644432967 2.95289524665089e-17)
(0.043517463753018 0.00403837543374749 6.99880224479258e-17)
(0.0722044003560459 0.00301925456842509 -1.66779729718538e-16)
(0.110354123487252 0.00171762831038135 2.31579656980634e-16)
(0.145557669303595 0.000434268741111412 1.33069649672425e-16)
(0.200131242961904 -0.00138730712120117 1.31482928068335e-17)
(0.243342675722371 -0.00305389000205467 2.36827178864525e-17)
(0.326514179592643 -0.00575430166427542 -1.94496934639972e-16)
(0.380641401576903 -0.00778075693872885 8.39931540926734e-17)
(0.521272973281352 -0.0104709147379691 6.29000951161624e-17)
(0.563952135748502 -0.000207838562237308 1.59843658909881e-17)
(0.524542492324427 -0.000195136399616094 2.1604865836604e-17)
(0.531838166346876 -0.000274965245989133 6.3685339129216e-18)
(0.508404298422913 -0.000290901160903665 -1.45250452726024e-17)
(0.502382716401864 -0.000335639227907067 -2.5203756598042e-18)
(0.484856894188633 -0.000349652102371545 1.32259921444663e-17)
(0.474205054521392 -0.00036258265388409 7.19176630092455e-18)
(0.459706740916835 -0.000364172840943575 5.75261443665638e-18)
(0.448081638849581 -0.000363064668708857 1.26255471341085e-18)
(0.435672375072382 -0.000337596759434535 3.88293996109638e-18)
(0.425492042228411 -0.000310111002554117 -2.62655973269676e-18)
(0.415680243636579 -0.000281666749695859 -2.74001388150901e-19)
(0.407500601949006 -0.000257670598912058 4.55381633984123e-19)
(0.400000088686701 -0.000141638744004361 1.09192536405982e-19)
(-0.261037859981832 0.00949428469684422 -3.0868329581226e-18)
(-0.262627866523542 0.0103437739446089 -2.36043014940938e-18)
(-0.263515246614894 0.0117718432811929 8.92533142233043e-19)
(-0.2639521883963 0.0124776241036559 -1.53768546187702e-18)
(-0.264077669618324 0.0127868892784269 -1.04076086211931e-17)
(-0.264048370964012 0.0129034182167791 -2.39998529332724e-17)
(-0.263953493407206 0.0129403174025262 -2.63026264478397e-17)
(-0.263829022691271 0.0129481103978155 -3.91295174341722e-17)
(-0.26368809323855 0.0129469395321568 -1.73256750082543e-17)
(-0.263534042361827 0.0129433351739138 -3.3137980287652e-17)
(-0.263367316977411 0.0129390380739715 -3.0184430562341e-17)
(-0.263187408680843 0.0129344734474084 -3.5209104070136e-17)
(-0.262993485271266 0.0129295577343207 1.33956416367891e-17)
(-0.262785006495315 0.01292398109444 2.02405173772982e-17)
(-0.262561569984976 0.0129178280582153 6.1803614361782e-17)
(-0.262322338622079 0.0129111937303197 -1.08826648894757e-16)
(-0.26206665410606 0.0129037513845107 -2.98993158599316e-17)
(-0.261794202797665 0.0128955606018803 7.04480224832465e-17)
(-0.26150408813322 0.0128869898403055 5.57983175174413e-17)
(-0.261194861214923 0.0128779719592391 7.6664041217294e-18)
(-0.260865611260553 0.0128680012987026 1.00012620727153e-16)
(-0.260515941884277 0.0128570912009652 -5.42935724696164e-17)
(-0.260144803621548 0.0128455054822606 6.51744117943414e-17)
(-0.259751099897629 0.0128329630868072 1.20602299390485e-16)
(-0.259333965136687 0.0128196263893282 1.15880961405215e-16)
(-0.258891676813868 0.0128056802173744 1.05286600106411e-16)
(-0.258422753631287 0.0127905834833591 1.32213645170689e-16)
(-0.257926436805275 0.0127743397936837 1.96553686645993e-16)
(-0.257400997672292 0.0127574798105605 1.55080429599995e-16)
(-0.256843696751522 0.0127398616168261 1.95999966806834e-16)
(-0.256252839985839 0.0127206713304933 2.77684148214315e-16)
(-0.255627500930544 0.0127001159716202 1.95452054112696e-16)
(-0.254964984298569 0.0126786580312077 -9.62201475980977e-17)
(-0.254262885134415 0.0126554819249344 -1.07304151746132e-16)
(-0.253519734798948 0.0126308791069538 -6.91155953427659e-17)
(-0.252731843399172 0.0126052967471201 -6.07507570454186e-17)
(-0.251895909731213 0.0125776937355694 2.44593420824784e-17)
(-0.251010325937154 0.0125480404409673 -3.43475756795131e-16)
(-0.250071336598682 0.0125172724945863 -2.79858525076516e-16)
(-0.249073013331946 0.0124850007140196 -2.77001025473305e-16)
(-0.248011916235126 0.0124497074565168 -8.30892308301536e-17)
(-0.246886014089633 0.0124121083591318 -4.20884239460193e-17)
(-0.245688049419025 0.0123731068776464 -4.8328180108355e-17)
(-0.244412300534368 0.0123305072142576 -7.26947509920182e-17)
(-0.243056259984234 0.0122850285915273 -2.31680586840896e-16)
(-0.241610656531841 0.0122378224036839 -5.68092729940664e-17)
(-0.240066854235896 0.0121866286853608 1.33382799242758e-16)
(-0.238420751117633 0.0121311975519032 2.68114984545396e-17)
(-0.236663335356828 0.0120730634444829 5.46074033457681e-17)
(-0.234780824851142 0.0120112192639936 4.97458818941202e-17)
(-0.232765073058597 0.011943009108588 -1.12588799321589e-16)
(-0.230610073845406 0.011870446084253 7.56511487696675e-17)
(-0.228293885574052 0.0117949124753489 -1.04110598955558e-16)
(-0.22580160220387 0.0117105443966432 1.76624226464949e-16)
(-0.223128732891714 0.0116192681531837 8.81252687788878e-17)
(-0.220249305805604 0.0115236884540949 2.15706909330362e-16)
(-0.217138040681072 0.0114186961103859 3.3581576084761e-16)
(-0.213783126931358 0.0113031073757003 8.92270179516144e-17)
(-0.210159982935471 0.0111800823046628 -1.68438938101114e-16)
(-0.206227673830708 0.0110472323367689 -2.44926459055322e-16)
(-0.201961353867353 0.0108981123317492 -1.03177079610456e-16)
(-0.197342991408105 0.0107366266190569 2.37867706303348e-16)
(-0.192309688556048 0.010564591882098 1.37360690123805e-16)
(-0.18681336340745 0.0103702860534425 -9.10260264156559e-17)
(-0.180834347190451 0.0101564749529264 2.03864582429051e-17)
(-0.174291062616484 0.00992577380912544 -8.4178037686252e-17)
(-0.167115208606156 0.00966796763408197 -2.12983675297344e-16)
(-0.159242855413257 0.00938036752468959 1.7777137226925e-16)
(-0.15061200285384 0.00906519658002067 -8.22083416097928e-17)
(-0.141057184455185 0.00871522731604588 2.65245118969968e-16)
(-0.130557302994554 0.00832072668807939 -8.84959924321563e-17)
(-0.118871904529987 0.0078822961844823 1.61457343334087e-16)
(-0.106037928770737 0.00739516108658213 -1.21849823645599e-17)
(-0.0915020972010458 0.0068416147522189 -7.10170345145011e-17)
(-0.0757142125940316 0.00622347925361533 2.37885772840086e-17)
(-0.0573444338794442 0.00551818917513744 -1.13491189366535e-17)
(-0.0378283239429758 0.00473351863962398 5.55096435064469e-17)
(-0.0139687535876384 0.00381624906472856 3.97385574254436e-17)
(0.0102141083165292 0.00281310049228647 -1.10238102955233e-16)
(0.0424264792184216 0.0015711129887836 1.37774695400818e-16)
(0.0720946327660463 0.000301442518344613 1.23151540839446e-16)
(0.118205954057534 -0.00143365921947134 -7.08436659144731e-18)
(0.154621911362905 -0.00307992824061597 1.70941978358672e-17)
(0.224886855137067 -0.00566010242862208 -1.44092542034969e-16)
(0.270482877963376 -0.00772349347730886 9.30493104464018e-17)
(0.389527778067546 -0.0103423798545598 4.36610631325695e-17)
(0.425916642103044 -0.000228547176477416 2.64542513668605e-17)
(0.392465729489566 -7.13036679103026e-05 1.84643024408204e-17)
(0.398637557153235 -0.000203394316866304 4.72971752544429e-18)
(0.378815686958729 -0.000160548038881587 -1.36689240755843e-17)
(0.373718976662669 -0.00021786977820802 -3.31003357876586e-18)
(0.358890868668808 -0.000207004500992416 8.61173856479999e-18)
(0.349878139816601 -0.000225146246309322 2.01240650521033e-18)
(0.337615695700645 -0.000218784115816831 2.87627666571259e-18)
(0.327776870823741 -0.00022163030999436 1.70735427464658e-18)
(0.317275449784363 -0.000203322871304069 2.32912986470026e-18)
(0.308667797192486 -0.000187774611280187 -2.22688642615197e-18)
(0.300367222451047 -0.000169639236347966 -1.39560742628519e-19)
(0.293447968373771 -0.000155442104688666 4.91909608900624e-19)
(0.287017398559167 -8.60946730670424e-05 1.00684924357428e-19)
(-0.202323355926115 0.00777668467668978 -6.90706846232003e-20)
(-0.205822195876235 0.00866317905865764 1.80369825928298e-18)
(-0.207070565513605 0.00962421151128186 2.06845905599859e-18)
(-0.207709992003961 0.0100514626336535 6.4731893368831e-18)
(-0.207919463663296 0.0102202824520989 -3.8024605513948e-18)
(-0.207953379540983 0.0102787620248079 -5.62162825686564e-18)
(-0.20792146523945 0.0102951803899447 -1.20639218683511e-17)
(-0.207864243596217 0.0102971839925156 -2.11333070441746e-17)
(-0.207795215115388 0.0102950208272217 -1.34267980956342e-17)
(-0.207717560478259 0.0102917634931967 -2.63774484203218e-17)
(-0.207631513859482 0.0102881351238774 -2.32556319324255e-17)
(-0.207536563834122 0.0102842644091188 2.01862422145167e-18)
(-0.207432057229844 0.0102800785164244 -2.10541793557494e-17)
(-0.207317555746982 0.0102754146591151 1.14541843287285e-17)
(-0.207192744071772 0.010270299278642 2.61525662086244e-17)
(-0.207057066341006 0.0102647694128463 -3.94683940980421e-17)
(-0.206910066728061 0.0102586657350132 -1.56329920475466e-17)
(-0.206751502375825 0.0102520053799183 2.94035352571952e-17)
(-0.206580765756088 0.0102449406133406 4.64321642907735e-17)
(-0.206396843066918 0.0102374276580925 1.23679483149165e-17)
(-0.206199055452826 0.0102292251152751 4.60139423705657e-17)
(-0.205987143283002 0.0102203320381366 -3.22585745924501e-17)
(-0.205760430019378 0.0102108621089992 7.14186433919095e-17)
(-0.205518143949794 0.0102006638799192 7.76973586506746e-17)
(-0.205259659694263 0.0101897956772093 1.37250788065986e-16)
(-0.20498380203373 0.010178327834987 7.15540163596162e-17)
(-0.204689541152999 0.0101659927689924 2.15297126465311e-17)
(-0.204376330913885 0.0101527753988029 1.09181634832043e-16)
(-0.204042989375538 0.0101388897143446 9.84862123068694e-17)
(-0.203687585779115 0.0101242458300831 1.65484282976545e-16)
(-0.20330888222333 0.0101084476166173 1.62613668563682e-16)
(-0.202906283068931 0.0100915711624262 1.25575669412523e-16)
(-0.202477970473052 0.0100738092744553 -1.44519977667026e-17)
(-0.202022235512066 0.0100547429010073 -5.65760248171288e-17)
(-0.201538042176768 0.0100344794079575 -2.73433268813894e-17)
(-0.201022846234023 0.0100131885073285 -3.338623663127e-17)
(-0.200474343725936 0.00999034825167032 2.14725622414488e-17)
(-0.199891414800097 0.00996591577639494 -2.57624308077779e-16)
(-0.199271481512413 0.00994025807266211 -2.05148068222044e-16)
(-0.198610352226202 0.00991314013644141 -1.55916165866915e-16)
(-0.197905547145773 0.00988381886458454 -5.70362257030793e-17)
(-0.197155783013443 0.00985257368897694 -6.16589003429706e-17)
(-0.196356042937551 0.00981975928897493 -9.8958706956463e-18)
(-0.195502253837094 0.00978427136934403 -1.81607758548684e-17)
(-0.194592732188351 0.00974639594651048 -1.21263371291283e-16)
(-0.193621021914727 0.00970655351348343 -3.99191152074808e-17)
(-0.192581045762202 0.00966359468468552 8.42276348030371e-17)
(-0.191469983735034 0.00961735018905756 1.36899075057443e-17)
(-0.190281624126175 0.0095683788611405 3.38180682595693e-17)
(-0.189006286195024 0.00951607599265749 9.9489441571232e-17)
(-0.187638218945127 0.00945912069932957 -8.31034522477131e-17)
(-0.186173517085728 0.00939828617521325 2.94505403435853e-17)
(-0.184596727969401 0.0093339946332931 -1.26429738615701e-16)
(-0.18289727702776 0.00926334460097227 9.64347343031073e-17)
(-0.181072430523041 0.00918715080434931 3.22506657288046e-17)
(-0.179103963911866 0.00910625194627434 1.45894769063197e-16)
(-0.17697402376411 0.00901800210179381 1.66718946963875e-16)
(-0.174674628578188 0.0089217227405245 5.49757612032071e-17)
(-0.172188854116187 0.00881846407414782 -9.93154372690189e-17)
(-0.169487785332778 0.00870667225568371 -1.24050442720813e-16)
(-0.166554026323199 0.00858311326929689 -1.35159255158217e-17)
(-0.163375839165624 0.00844922089189739 3.42631944407579e-17)
(-0.159908772110863 0.00830507065351228 4.16320486623005e-17)
(-0.156118911154233 0.00814471888063331 -3.6130951106683e-17)
(-0.151993749408498 0.0079691412398522 1.07432741651934e-16)
(-0.147475798471388 0.00777848918400326 -3.6386939164188e-17)
(-0.142517191033608 0.00756712483374003 -1.39127509622493e-16)
(-0.137073819137696 0.00733330755693799 1.77033840137758e-16)
(-0.131103301218132 0.00707669672551429 -4.81634251330272e-17)
(-0.124488518354846 0.00679265526323956 1.56910294088099e-16)
(-0.117216771615862 0.00647533470496974 -6.4045853805828e-18)
(-0.109119051855589 0.00612379829612294 1.04754621803818e-16)
(-0.100224089150018 0.00573317481918634 4.58427635143133e-17)
(-0.0901402228708305 0.00529336539915702 -7.852148754578e-17)
(-0.0791916767181765 0.00480309480336929 2.29398474081062e-17)
(-0.0664368585863068 0.00424724315267818 -1.80421958467561e-17)
(-0.0528982240378667 0.00362888401721615 8.50813202960932e-17)
(-0.0363176918119038 0.00291124118705627 5.69271162303686e-17)
(-0.0195392435362904 0.00212476914709729 -5.60444968529425e-17)
(0.0028646341364295 0.00116334464315787 8.97662568727982e-17)
(0.0234387354695071 0.000167821592347221 7.37142943092019e-17)
(0.0555323351404128 -0.00117563881657022 -2.57612113436305e-17)
(0.0807763187011615 -0.00245960453592024 1.02939301624415e-17)
(0.129676679475219 -0.00446242097564126 -9.4553243646538e-17)
(0.161264437313874 -0.00610158954851445 6.92102307718418e-17)
(0.244317467619407 -0.00816841790822076 2.36108687503665e-17)
(0.269882826862691 -0.000159813128218571 1.58322719854429e-17)
(0.246462553633945 1.80960597317703e-05 1.49084531770117e-17)
(0.250773319099386 -9.98874131155663e-05 2.91294368233294e-18)
(0.236962647739418 -4.62930673606606e-05 -2.93943410537028e-18)
(0.233414874424781 -9.40135924739049e-05 8.81060234005501e-19)
(0.223083406617626 -7.73917098869084e-05 4.1447991226644e-18)
(0.21680574893477 -9.39797667852091e-05 6.27267224294535e-19)
(0.208264646086597 -8.74460095653881e-05 2.23605429052507e-18)
(0.201408997710124 -9.23659439446441e-05 8.76222242627239e-19)
(0.194091370332948 -8.34905686975551e-05 7.4023306955698e-19)
(0.188097623392621 -7.8426924257562e-05 -1.4297481054005e-18)
(0.182314978454036 -7.06472485641469e-05 2.02110065096244e-20)
(0.177495315122773 -6.50797243753217e-05 2.85020544419896e-19)
(0.172961630894078 -3.72273643862982e-05 8.36936583384411e-20)
(-0.0849638590990332 0.00340435829450636 1.17278038892096e-19)
(-0.0881296792664525 0.00391201144619796 -1.17753953565405e-18)
(-0.0889428276638411 0.00409772333066152 3.64198103626355e-18)
(-0.0893516612017815 0.00418678308151848 1.79884719590634e-18)
(-0.0894815465815742 0.00421247819255709 -1.78758261526211e-18)
(-0.0895148056985368 0.00421976405368232 -9.66278808436158e-18)
(-0.0895164520809634 0.00422079977882079 4.48713469823266e-18)
(-0.0895077093962206 0.00421985710361351 -6.30356592345854e-18)
(-0.0894948783809107 0.00421839889736242 -5.85671539391594e-18)
(-0.0894791392607021 0.00421676588480166 -1.76412777493393e-17)
(-0.0894603960465317 0.00421500332888391 -2.50713955264737e-17)
(-0.0894383305490087 0.00421310293964253 -1.23526353673872e-19)
(-0.0894126296733748 0.00421104142458583 -6.10070927050326e-18)
(-0.0893830980242861 0.00420878183686522 3.23550870856736e-18)
(-0.0893496110175054 0.00420632554163127 8.70414708815251e-18)
(-0.0893119493171196 0.00420367692961871 -1.21187901025299e-17)
(-0.0892699322654549 0.00420079969484538 -4.68456594989155e-18)
(-0.0892234759541161 0.00419769173279105 1.20502978622866e-17)
(-0.0891723492216492 0.00419436973729685 4.74623951416212e-17)
(-0.089116132332224 0.00419081694201607 6.21699362811241e-18)
(-0.0890545433311241 0.00418698435557131 1.1959120789473e-17)
(-0.0889875063940098 0.00418286939137808 -4.09127689905973e-17)
(-0.0889147687277568 0.00417848884180406 -3.46265734337185e-17)
(-0.0888360223521581 0.00417379853501467 2.61501030966137e-17)
(-0.088751031659501 0.00416879979216752 7.38578118612729e-17)
(-0.0886593287868789 0.00416349738753769 2.69077070429755e-17)
(-0.0885605027653198 0.00415782998220781 1.78940873184376e-17)
(-0.0884543615897013 0.00415178626072045 3.44599098269863e-17)
(-0.0883404537363707 0.00414538521442294 3.28208020451846e-17)
(-0.0882179843277931 0.00413859492870567 5.24597616100457e-17)
(-0.0880864510870221 0.00413133219906544 5.39266078488486e-17)
(-0.0879456734448569 0.00412360032200477 6.88411677484923e-17)
(-0.0877949378186912 0.00411542262626383 3.18591538985872e-17)
(-0.0876335548468744 0.00410669343654388 -1.46303212190005e-17)
(-0.0874611539876792 0.00409741763914672 1.76709252803645e-17)
(-0.0872767203690022 0.00408760490015331 -1.14388097972794e-17)
(-0.0870793320418177 0.00407713366338356 -5.36037302336796e-17)
(-0.0868685980867998 0.00406598110948495 -7.23276615510782e-17)
(-0.086643528505603 0.0040541716623383 -1.41970737474171e-16)
(-0.0864024071675836 0.00404162931684526 -5.27897933151455e-17)
(-0.0861442439625772 0.00402819770015825 -2.15517787592149e-17)
(-0.0858686529526628 0.0040138953507569 -9.06183452522531e-17)
(-0.0855736247089067 0.00399875108171858 -5.98955353662782e-18)
(-0.0852575142561643 0.00398250661886528 1.04060436177142e-17)
(-0.084919777476822 0.00396518896014163 -3.8822380980938e-17)
(-0.0845578336490748 0.0039468083483206 -1.27346784855769e-17)
(-0.084169240485209 0.00392709143565449 7.47498583873149e-17)
(-0.083752988151798 0.0039059803552378 4.53751169298329e-18)
(-0.0833066785907851 0.00388348261328672 1.10165771288427e-17)
(-0.0828264110095276 0.00385940816504035 3.05056595430988e-17)
(-0.0823099340262404 0.00383346818743804 -6.76757829602579e-17)
(-0.0817559495033332 0.00380569855361409 -3.83635104248264e-17)
(-0.0811582090002001 0.00377605927692482 -4.07476978989069e-17)
(-0.08051247069757 0.00374390801304117 2.97024568343291e-17)
(-0.0798180037576561 0.00370935101842465 -2.70320303119304e-17)
(-0.0790675281746674 0.0036723243538633 4.14473499121195e-17)
(-0.0782538806623502 0.00363218358281079 5.62020004446453e-17)
(-0.0773741646649675 0.00358873657692802 1.88681740822974e-17)
(-0.0764218688056782 0.0035419227292391 -5.9423846081936e-17)
(-0.0753853803266397 0.00349121161971888 -4.51826259844044e-17)
(-0.0742578956847906 0.00343587993417312 -7.49474402764963e-17)
(-0.0730353451442555 0.00337594935321459 1.27583835025191e-17)
(-0.0716999008242798 0.00331101658369653 1.43999546005308e-17)
(-0.0702380683723436 0.0032397057895651 -1.54572650941976e-17)
(-0.0686456921525056 0.00316201030486103 3.38985056480347e-17)
(-0.0668998617049309 0.00307737604330627 -1.55874687030547e-17)
(-0.0649817241619938 0.00298423857367772 -7.25329048941258e-17)
(-0.062874220388897 0.00288206426294281 4.71056738352332e-17)
(-0.0605613131170778 0.00276991356678559 -1.46302532231544e-17)
(-0.0579960217583612 0.00264640333978723 5.05135237020564e-17)
(-0.0551747373037563 0.00250947099293306 -4.91541151748365e-19)
(-0.0520300627615293 0.00235868237280147 7.38018407845443e-17)
(-0.0485755910881788 0.00219102894976218 1.62220928505416e-17)
(-0.0446537270703921 0.00200473823645113 -2.58337361673509e-17)
(-0.0403986499456627 0.00179670321309082 7.05229524844239e-18)
(-0.0354316079198952 0.0015643999426755 -2.4525455416417e-17)
(-0.0301679569751484 0.00130388625212361 4.68581713582651e-17)
(-0.0237029227415215 0.00100851503548875 1.39467436310888e-17)
(-0.0171794452235024 0.000678840206281715 -3.27064512167502e-18)
(-0.00843269651537694 0.000291725231670663 4.36944176634246e-17)
(-0.000439869773258605 -0.000126426971092805 2.45945093694328e-17)
(0.0121029730546899 -0.000657808467186948 -9.22632415867118e-18)
(0.0219023671109925 -0.00119666299557502 3.48327916381447e-18)
(0.041014308241168 -0.00197252838451101 -4.3435232944573e-17)
(0.0532670665652431 -0.00267168319150927 2.3518583331392e-17)
(0.0858529286513861 -0.00337065423481994 4.02906777285223e-18)
(0.0959417367734036 1.77164487500056e-05 5.261439782065e-18)
(0.0866998259087401 0.000113936359966699 2.28493116079364e-18)
(0.0883955634768431 5.45280331355366e-05 9.84559048260057e-19)
(0.0829926023906689 6.94813661021543e-05 -1.61363581261539e-18)
(0.081608725295222 4.01202306552787e-05 2.77675485835125e-19)
(0.0775681122223031 3.88916239014641e-05 -2.16802619663349e-19)
(0.0751150141565163 2.26917265547881e-05 -1.40504330816533e-18)
(0.0717761265729381 1.7711554399971e-05 1.51618536265958e-18)
(0.0690956907777113 7.97138266995734e-06 -4.34594037657134e-19)
(0.0662340932013727 3.90673328919104e-06 2.46160271401022e-19)
(0.0638919728246527 -8.91777139648885e-07 -4.52608746932467e-19)
(0.0616311951346171 -3.19920674946731e-06 1.83146830454873e-19)
(0.0597472682680174 -4.6532029240518e-06 9.30879259143495e-20)
(0.0579549170229634 -4.09405305103296e-06 2.73607016194354e-20)
)
;

boundaryField
{
    dieWall
    {
        type            fixedValue;
        value           uniform (0 0 0);
    }
    outlet
    {
        type            pressureInletOutletVelocity;
        value           nonuniform List<vector> 9((0.947904431197076 -6.62123268511791e-05 1.84475255856048e-20) (0.841271920827712 -0.000170993256010689 5.49553320758353e-20) (0.732531382688803 -0.000230751980795781 9.05651714962196e-20) (0.622756339433416 -0.000226710665586586 1.03675354306429e-19) (0.511912886302205 -0.000192059921025506 1.1343261498929e-19) (0.400000088686701 -0.000141638744004361 1.09192536405982e-19) (0.287017398559167 -8.60946730670424e-05 1.00684924357428e-19) (0.172961630894078 -3.72273643862982e-05 8.36936583384411e-20) (0.0579549170229634 -4.09405305103296e-06 2.73607016194354e-20));
    }
    Wire
    {
        type            timeVaryingMappedCoupledVelocity;
        fieldTable      U;
        value           nonuniform List<vector> 
100
(
(0.997363001229742 0 0)
(0.997372492134027 0 0)
(0.997382891823527 0 0)
(0.997391857646547 0 0)
(0.997401305446935 0 0)
(0.997411842180089 0 0)
(0.997423072137683 0 0)
(0.997434362732588 0 0)
(0.997446000235513 0 0)
(0.997458193094854 0 0)
(0.997470845533405 0 0)
(0.997483937854679 0 0)
(0.997497580678959 0 0)
(0.997511916438428 0 0)
(0.997526994238906 0 0)
(0.997542800657308 0 0)
(0.997559145954857 0 0)
(0.997576595717771 0 0)
(0.99759796014031 0 0)
(0.997617897125483 0 0)
(0.997633189241431 0 0)
(0.997650578314279 0 0)
(0.997670860525739 0 0)
(0.997692199781148 0 0)
(0.997714304744764 0 0)
(0.997737125108075 0 0)
(0.997760730635441 0 0)
(0.99778585194926 0 0)
(0.997815005886288 0 0)
(0.997842530972236 0 0)
(0.997865732843263 0 0)
(0.997891863845478 0 0)
(0.997921273441066 0 0)
(0.997951749236845 0 0)
(0.997983025573846 0 0)
(0.998015351129238 0 0)
(0.998049223999942 0 0)
(0.99808539106718 0 0)
(0.998125822420946 0 0)
(0.998164731281454 0 0)
(0.998199878712305 0 0)
(0.998238480087972 0 0)
(0.998281174625683 0 0)
(0.998325648821966 0 0)
(0.998371056488081 0 0)
(0.998418533102197 0 0)
(0.998468298604459 0 0)
(0.998519487920195 0 0)
(0.998572394663603 0 0)
(0.998627234203175 0 0)
(0.99868380231829 0 0)
(0.99874230232273 0 0)
(0.998803199251906 0 0)
(0.99886604140253 0 0)
(0.998930182190965 0 0)
(0.998996179921729 0 0)
(0.999063914183719 0 0)
(0.99913270270774 0 0)
(0.999203086255935 0 0)
(0.999274806747779 0 0)
(0.999346999668776 0 0)
(0.99941963970909 0 0)
(0.999492446819152 0 0)
(0.999564879865781 0 0)
(0.999636421744488 0 0)
(0.999706257168858 0 0)
(0.999773619675042 0 0)
(0.999838458063133 0 0)
(0.999899588533978 0 0)
(0.999954583586047 0 0)
(1.00000350820824 0 0)
(1.00004780185325 0 0)
(1.00008298860132 0 0)
(1.00010548260434 0 0)
(1.00011650312308 0 0)
(1.00011571574374 0 0)
(1.00009915447864 0 0)
(1.0000640741422 0 0)
(1.00000674528726 0 0)
(0.999921390405795 0 0)
(0.99981051406727 0 0)
(0.999677268813205 0 0)
(0.999508636859323 0 0)
(0.999321830879021 0 0)
(0.999160444815859 0 0)
(0.999139659711445 0 0)
(0.999257557248658 0 0)
(0.999406769841835 0 0)
(0.999582094279735 0 0)
(0.999755988104099 0 0)
(0.999905729047171 0 0)
(1.00003601049033 0 0)
(1.00013192805125 0 0)
(1.00019705467482 0 0)
(1.00024897252951 0 0)
(1.00027852553416 0 0)
(1.00028300623638 0 0)
(1.00026999550307 0 0)
(1.00023852878984 0 0)
(1.00018794063492 0 0)
)
;
    }
    inlet
    {
        type            pressureInletOutletVelocity;
        value           nonuniform List<vector> 9((0.784795178658617 0 0) (0.434401730520855 0 0) (0.155824920086102 0 0) (-0.0512109570540119 0.00621143794520073 9.27795276586847e-19) (-0.187994055566416 0.00814133775460163 -8.89744606966332e-19) (-0.257203609750622 0.00939904583354902 -3.51683908134701e-18) (-0.261037859981832 0.00949428469684422 -3.0868329581226e-18) (-0.202323355926115 0.00777668467668978 -6.90706846232003e-20) (-0.0849638590990332 0.00340435829450636 1.17278038892096e-19));
    }
    back
    {
        type            wedge;
    }
    front
    {
        type            wedge;
    }
}


// ************************************************************************* //
