
                    FoamFile
                    {
                         version   2.0;
                         format    ascii;
                         class     scalarField;
                         object    values;
                    }
                    //***********************************************************************// //

                    244
(
1312120.73646112
1312120.73646112
1888305.4846108258
5797566.338431094
9855649.542606229
14070684.72522752
18428082.317563318
22964646.771054268
27666006.230852555
32553483.33075127
37637718.44436245
42916387.4567616
48431382.91638708
54156684.6926383
60149135.57852383
66388697.5210118
72911041.40816182
79735062.61668293
86858882.26854405
94350983.41719732
102173624.60685796
110419875.0604922
119062830.06220531
128164115.79327834
137759367.91467768
147850869.72123754
158559649.45870596
169830069.97961566
181827703.0822635
194516254.67928612
208013789.8387332
222395140.48077354
237678325.3076487
254098614.69660997
271570788.3436008
290426913.1228837
310617603.7354888
332400184.48418856
355942841.54671085
381314908.71368647
409027415.1160615
438927044.7542767
471757323.85154796
507416149.6150428
546475160.8212781
589304760.6604683
635980403.7447693
687524869.0077541
743237832.1724821
803796660.4227746
867925656.6160555
934591001.87707
1002467616.8185647
1069598796.4964364
1133783592.80619
1193396508.6334329
1245192919.37632
1287682404.07302
1316439006.2175605
1327245627.2640707
1317787966.5577664
1264895751.7420998
1144384891.0913312
1033068418.4456315
911850994.9590971
790253005.8891566
670728167.2596769
550164169.3664254
428351209.6720645
306317471.7171668
183874078.6290844
61176473.0127712
42755522.9589183
42755522.9589183
42755522.9589183
42755522.9589183
42755522.9589183
42755522.9589183
42755522.9589183
42755522.9589183
42755522.9589183
42755522.9589183
42755522.9589183
42755522.9589183
42755522.9589183
42755522.9589183
42755522.9589183
42755522.9589183
42755522.9589183
42755522.9589183
42755522.9589183
42755522.9589183
42755522.9589183
42755522.9589183
42755522.9589183
42755522.9589183
42755522.9589183
42755522.9589183
42755522.9589183
42755522.9589183
42755522.9589183
42755522.9589183
42755522.9589183
42755522.9589183
42755522.9589183
42755522.9589183
42755522.9589183
42755522.9589183
42755522.9589183
42755522.9589183
42755522.9589183
42755522.9589183
42755522.9589183
42755522.9589183
42755522.9589183
42755522.9589183
42755522.9589183
42755522.9589183
42755522.9589183
42755522.9589183
42755522.9589183
42755522.9589183
1312120.73646112
1312120.73646112
1888305.4846108258
5797566.338431094
9855649.542606229
14070684.72522752
18428082.317563318
22964646.771054268
27666006.230852555
32553483.33075127
37637718.44436245
42916387.4567616
48431382.91638708
54156684.6926383
60149135.57852383
66388697.5210118
72911041.40816182
79735062.61668293
86858882.26854405
94350983.41719732
102173624.60685796
110419875.0604922
119062830.06220531
128164115.79327834
137759367.91467768
147850869.72123754
158559649.45870596
169830069.97961566
181827703.0822635
194516254.67928612
208013789.8387332
222395140.48077354
237678325.3076487
254098614.69660997
271570788.3436008
290426913.1228837
310617603.7354888
332400184.48418856
355942841.54671085
381314908.71368647
409027415.1160615
438927044.7542767
471757323.85154796
507416149.6150428
546475160.8212781
589304760.6604683
635980403.7447693
687524869.0077541
743237832.1724821
803796660.4227746
867925656.6160555
934591001.87707
1002467616.8185647
1069598796.4964364
1133783592.80619
1193396508.6334329
1245192919.37632
1287682404.07302
1316439006.2175605
1327245627.2640707
1317787966.5577664
1264895751.7420998
1144384891.0913312
1033068418.4456315
911850994.9590971
790253005.8891566
670728167.2596769
550164169.3664254
428351209.6720645
306317471.7171668
183874078.6290844
61176473.0127712
42755522.9589183
42755522.9589183
42755522.9589183
42755522.9589183
42755522.9589183
42755522.9589183
42755522.9589183
42755522.9589183
42755522.9589183
42755522.9589183
42755522.9589183
42755522.9589183
42755522.9589183
42755522.9589183
42755522.9589183
42755522.9589183
42755522.9589183
42755522.9589183
42755522.9589183
42755522.9589183
42755522.9589183
42755522.9589183
42755522.9589183
42755522.9589183
42755522.9589183
42755522.9589183
42755522.9589183
42755522.9589183
42755522.9589183
42755522.9589183
42755522.9589183
42755522.9589183
42755522.9589183
42755522.9589183
42755522.9589183
42755522.9589183
42755522.9589183
42755522.9589183
42755522.9589183
42755522.9589183
42755522.9589183
42755522.9589183
42755522.9589183
42755522.9589183
42755522.9589183
42755522.9589183
42755522.9589183
42755522.9589183
42755522.9589183
42755522.9589183
)