202
(
(0 -1.2414520841279824e-05 5.420296856876515e-07)
(0 -1.2414520841279824e-05 5.420296856876515e-07)
(0 -1.2414520841279824e-05 5.420296856876515e-07)
(0 -1.2414520841279824e-05 5.420296856876515e-07)
(0 -1.2414520841279824e-05 5.420296856876515e-07)
(0 -1.2414520841279824e-05 5.420296856876515e-07)
(0 -1.2414520841279824e-05 5.420296856876515e-07)
(0 -1.2414520841279824e-05 5.420296856876515e-07)
(0 -1.2414520841279824e-05 5.420296856876515e-07)
(0 -1.2414520841279824e-05 5.420296856876515e-07)
(0 -1.2414520841279824e-05 5.420296856876515e-07)
(0 -1.2414520841279824e-05 5.420296856876515e-07)
(0 -1.2414520841279824e-05 5.420296856876515e-07)
(0 -1.2414520841279824e-05 5.420296856876515e-07)
(0 -1.2414520841279824e-05 5.420296856876515e-07)
(0 -1.2414520841279824e-05 5.420296856876515e-07)
(0 -1.2414520841279824e-05 5.420296856876515e-07)
(0 -1.2414520841279824e-05 5.420296856876515e-07)
(0 -1.2414520841279824e-05 5.420296856876515e-07)
(0 -1.2414520841279824e-05 5.420296856876515e-07)
(0 -1.2414520841279824e-05 5.420296856876515e-07)
(0 -1.2414520841279824e-05 5.420296856876515e-07)
(0 -1.2414520841279824e-05 5.420296856876515e-07)
(0 -1.2414520841279824e-05 5.420296856876515e-07)
(0 -1.2414520841279824e-05 5.420296856876515e-07)
(0 -1.2414520841279824e-05 5.420296856876515e-07)
(0 -1.2414520841279824e-05 5.420296856876515e-07)
(0 -1.2414520841279824e-05 5.420296856876515e-07)
(0 -1.2414520841279824e-05 5.420296856876515e-07)
(0 -1.2414520841279824e-05 5.420296856876515e-07)
(0 -1.2414520841279824e-05 5.420296856876515e-07)
(0 -1.2414520841279824e-05 5.420296856876515e-07)
(0 -1.2414520841279824e-05 5.420296856876515e-07)
(0 -1.2414520841279824e-05 5.420296856876515e-07)
(0 -1.2414520841279824e-05 5.420296856876515e-07)
(0 -1.2414520841279824e-05 5.420296856876515e-07)
(0 -1.2414520841279824e-05 5.420296856876515e-07)
(0 -1.2414520841279824e-05 5.420296856876515e-07)
(0 -1.2414520841279824e-05 5.420296856876515e-07)
(0 -1.2414520841279824e-05 5.420296856876515e-07)
(0 -1.2414520841279824e-05 5.420296856876515e-07)
(0 -1.2414520841279824e-05 5.420296856876515e-07)
(0 -1.2414520841279824e-05 5.420296856876515e-07)
(0 -1.2414520841279824e-05 5.420296856876515e-07)
(0 -1.2414520841279824e-05 5.420296856876515e-07)
(0 -1.2414520841279824e-05 5.420296856876515e-07)
(0 -1.2414520841279824e-05 5.420296856876515e-07)
(0 -1.2414520841279824e-05 5.420296856876515e-07)
(0 -1.2414520841279824e-05 5.420296856876515e-07)
(0 -1.2414520841279824e-05 5.420296856876515e-07)
(0 -1.2414520841279824e-05 5.420296856876515e-07)
(0 -1.2414520841279824e-05 5.420296856876515e-07)
(0 -1.2414520841279824e-05 5.420296856876515e-07)
(0 -1.2414520841279824e-05 5.420296856876515e-07)
(0 -1.2414520841279824e-05 5.420296856876515e-07)
(0 -1.2414520841279824e-05 5.420296856876515e-07)
(0 -1.2414520841279824e-05 5.420296856876515e-07)
(0 -1.2414520841279824e-05 5.420296856876515e-07)
(0 -1.2414520841279824e-05 5.420296856876515e-07)
(0 -1.2414520841279824e-05 5.420296856876515e-07)
(0 -1.2414520841279824e-05 5.420296856876515e-07)
(0 -1.2414520841279824e-05 5.420296856876515e-07)
(0 -1.2414520841279824e-05 5.420296856876515e-07)
(0 -1.2414520841279824e-05 5.420296856876515e-07)
(0 -1.2414520841279824e-05 5.420296856876515e-07)
(0 -1.2414520841279824e-05 5.420296856876515e-07)
(0 -1.2414520841279824e-05 5.420296856876515e-07)
(0 -1.2414520841279824e-05 5.420296856876515e-07)
(0 -1.2414520841279824e-05 5.420296856876515e-07)
(0 -1.2414520841279824e-05 5.420296856876515e-07)
(0 -1.2414520841279824e-05 5.420296856876515e-07)
(0 -1.2414520841279824e-05 5.420296856876515e-07)
(0 -1.2414520841279824e-05 5.420296856876515e-07)
(0 -1.2414520841279824e-05 5.420296856876515e-07)
(0 -1.2414520841279824e-05 5.420296856876515e-07)
(0 -1.2414520841279824e-05 5.420296856876515e-07)
(0 -1.2414520841279824e-05 5.420296856876515e-07)
(0 -1.2414520841279824e-05 5.420296856876515e-07)
(0 -1.2414520841279824e-05 5.420296856876515e-07)
(0 -1.2414520841279824e-05 5.420296856876515e-07)
(0 -1.2414520841279824e-05 5.420296856876515e-07)
(0 -1.2414520841279824e-05 5.420296856876515e-07)
(0 -1.2414520841279824e-05 5.420296856876515e-07)
(0 -1.2414520841279824e-05 5.420296856876515e-07)
(0 -1.2414520841279824e-05 5.420296856876515e-07)
(0 -1.2414520841279824e-05 5.420296856876515e-07)
(0 -1.2414520841279824e-05 5.420296856876515e-07)
(0 -1.2414520841279824e-05 5.420296856876515e-07)
(0 -1.2414520841279824e-05 5.420296856876515e-07)
(0 -1.2414520841279824e-05 5.420296856876515e-07)
(0 -1.2414520841279824e-05 5.420296856876515e-07)
(0 -1.2414520841279824e-05 5.420296856876515e-07)
(0 -1.2414520841279824e-05 5.420296856876515e-07)
(0 -1.2414520841279824e-05 5.420296856876515e-07)
(0 -1.2414520841279824e-05 5.420296856876515e-07)
(0 -1.2414520841279824e-05 5.420296856876515e-07)
(0 -1.2414520841279824e-05 5.420296856876515e-07)
(0 -1.2414520841279824e-05 5.420296856876515e-07)
(0 -1.2414520841279824e-05 5.420296856876515e-07)
(0 -1.2414520841279824e-05 5.420296856876515e-07)
(0 -1.2414520841279824e-05 5.420296856876515e-07)
(0 -1.2414520841279824e-05 -5.420296856876515e-07)
(0 -1.2414520841279824e-05 -5.420296856876515e-07)
(0 -1.2414520841279824e-05 -5.420296856876515e-07)
(0 -1.2414520841279824e-05 -5.420296856876515e-07)
(0 -1.2414520841279824e-05 -5.420296856876515e-07)
(0 -1.2414520841279824e-05 -5.420296856876515e-07)
(0 -1.2414520841279824e-05 -5.420296856876515e-07)
(0 -1.2414520841279824e-05 -5.420296856876515e-07)
(0 -1.2414520841279824e-05 -5.420296856876515e-07)
(0 -1.2414520841279824e-05 -5.420296856876515e-07)
(0 -1.2414520841279824e-05 -5.420296856876515e-07)
(0 -1.2414520841279824e-05 -5.420296856876515e-07)
(0 -1.2414520841279824e-05 -5.420296856876515e-07)
(0 -1.2414520841279824e-05 -5.420296856876515e-07)
(0 -1.2414520841279824e-05 -5.420296856876515e-07)
(0 -1.2414520841279824e-05 -5.420296856876515e-07)
(0 -1.2414520841279824e-05 -5.420296856876515e-07)
(0 -1.2414520841279824e-05 -5.420296856876515e-07)
(0 -1.2414520841279824e-05 -5.420296856876515e-07)
(0 -1.2414520841279824e-05 -5.420296856876515e-07)
(0 -1.2414520841279824e-05 -5.420296856876515e-07)
(0 -1.2414520841279824e-05 -5.420296856876515e-07)
(0 -1.2414520841279824e-05 -5.420296856876515e-07)
(0 -1.2414520841279824e-05 -5.420296856876515e-07)
(0 -1.2414520841279824e-05 -5.420296856876515e-07)
(0 -1.2414520841279824e-05 -5.420296856876515e-07)
(0 -1.2414520841279824e-05 -5.420296856876515e-07)
(0 -1.2414520841279824e-05 -5.420296856876515e-07)
(0 -1.2414520841279824e-05 -5.420296856876515e-07)
(0 -1.2414520841279824e-05 -5.420296856876515e-07)
(0 -1.2414520841279824e-05 -5.420296856876515e-07)
(0 -1.2414520841279824e-05 -5.420296856876515e-07)
(0 -1.2414520841279824e-05 -5.420296856876515e-07)
(0 -1.2414520841279824e-05 -5.420296856876515e-07)
(0 -1.2414520841279824e-05 -5.420296856876515e-07)
(0 -1.2414520841279824e-05 -5.420296856876515e-07)
(0 -1.2414520841279824e-05 -5.420296856876515e-07)
(0 -1.2414520841279824e-05 -5.420296856876515e-07)
(0 -1.2414520841279824e-05 -5.420296856876515e-07)
(0 -1.2414520841279824e-05 -5.420296856876515e-07)
(0 -1.2414520841279824e-05 -5.420296856876515e-07)
(0 -1.2414520841279824e-05 -5.420296856876515e-07)
(0 -1.2414520841279824e-05 -5.420296856876515e-07)
(0 -1.2414520841279824e-05 -5.420296856876515e-07)
(0 -1.2414520841279824e-05 -5.420296856876515e-07)
(0 -1.2414520841279824e-05 -5.420296856876515e-07)
(0 -1.2414520841279824e-05 -5.420296856876515e-07)
(0 -1.2414520841279824e-05 -5.420296856876515e-07)
(0 -1.2414520841279824e-05 -5.420296856876515e-07)
(0 -1.2414520841279824e-05 -5.420296856876515e-07)
(0 -1.2414520841279824e-05 -5.420296856876515e-07)
(0 -1.2414520841279824e-05 -5.420296856876515e-07)
(0 -1.2414520841279824e-05 -5.420296856876515e-07)
(0 -1.2414520841279824e-05 -5.420296856876515e-07)
(0 -1.2414520841279824e-05 -5.420296856876515e-07)
(0 -1.2414520841279824e-05 -5.420296856876515e-07)
(0 -1.2414520841279824e-05 -5.420296856876515e-07)
(0 -1.2414520841279824e-05 -5.420296856876515e-07)
(0 -1.2414520841279824e-05 -5.420296856876515e-07)
(0 -1.2414520841279824e-05 -5.420296856876515e-07)
(0 -1.2414520841279824e-05 -5.420296856876515e-07)
(0 -1.2414520841279824e-05 -5.420296856876515e-07)
(0 -1.2414520841279824e-05 -5.420296856876515e-07)
(0 -1.2414520841279824e-05 -5.420296856876515e-07)
(0 -1.2414520841279824e-05 -5.420296856876515e-07)
(0 -1.2414520841279824e-05 -5.420296856876515e-07)
(0 -1.2414520841279824e-05 -5.420296856876515e-07)
(0 -1.2414520841279824e-05 -5.420296856876515e-07)
(0 -1.2414520841279824e-05 -5.420296856876515e-07)
(0 -1.2414520841279824e-05 -5.420296856876515e-07)
(0 -1.2414520841279824e-05 -5.420296856876515e-07)
(0 -1.2414520841279824e-05 -5.420296856876515e-07)
(0 -1.2414520841279824e-05 -5.420296856876515e-07)
(0 -1.2414520841279824e-05 -5.420296856876515e-07)
(0 -1.2414520841279824e-05 -5.420296856876515e-07)
(0 -1.2414520841279824e-05 -5.420296856876515e-07)
(0 -1.2414520841279824e-05 -5.420296856876515e-07)
(0 -1.2414520841279824e-05 -5.420296856876515e-07)
(0 -1.2414520841279824e-05 -5.420296856876515e-07)
(0 -1.2414520841279824e-05 -5.420296856876515e-07)
(0 -1.2414520841279824e-05 -5.420296856876515e-07)
(0 -1.2414520841279824e-05 -5.420296856876515e-07)
(0 -1.2414520841279824e-05 -5.420296856876515e-07)
(0 -1.2414520841279824e-05 -5.420296856876515e-07)
(0 -1.2414520841279824e-05 -5.420296856876515e-07)
(0 -1.2414520841279824e-05 -5.420296856876515e-07)
(0 -1.2414520841279824e-05 -5.420296856876515e-07)
(0 -1.2414520841279824e-05 -5.420296856876515e-07)
(0 -1.2414520841279824e-05 -5.420296856876515e-07)
(0 -1.2414520841279824e-05 -5.420296856876515e-07)
(0 -1.2414520841279824e-05 -5.420296856876515e-07)
(0 -1.2414520841279824e-05 -5.420296856876515e-07)
(0 -1.2414520841279824e-05 -5.420296856876515e-07)
(0 -1.2414520841279824e-05 -5.420296856876515e-07)
(0 -1.2414520841279824e-05 -5.420296856876515e-07)
(0 -1.2414520841279824e-05 -5.420296856876515e-07)
(0 -1.2414520841279824e-05 -5.420296856876515e-07)
(0 -1.2414520841279824e-05 -5.420296856876515e-07)
(0 -1.2414520841279824e-05 -5.420296856876515e-07)
(0 -1.2414520841279824e-05 -5.420296856876515e-07)
(0 -1.2414520841279824e-05 -5.420296856876515e-07)
)