
                    FoamFile
                    {
                         version   2.0;
                         format    ascii;
                         class     scalarField;
                         object    values;
                    }
                    //***********************************************************************// //

                    244
(
1368387.22568369
1368387.22568369
1970901.3969482954
6058559.332235977
10304161.18459645
14719261.39245762
19288500.437479
24051643.110852633
28992850.07816569
34136543.62637801
39494403.2802005
45063779.81092305
50891438.04388708
56949319.787985094
63299794.20018493
69922046.69156931
76855901.52031767
84122746.46425833
91721415.17712319
99728950.82150751
108104913.8623508
116953611.87917621
126246344.79297926
136053942.2231389
146417891.6446881
157343321.53676426
168968894.31479797
181233726.63836303
194331061.02946883
208220419.40997475
223042151.26667374
238887422.22077233
255779711.12508318
274001107.52384794
293454784.5843689
314537690.4073372
337200434.4896494
361746837.786566
388393587.339899
417224816.48452896
448848833.90890753
483102252.97610766
520843059.0450023
561952825.3497177
607106794.3897576
656599635.1366919
710326507.7728938
768852566.1110387
830536740.9572427
894983196.701855
960189725.4135842
1024329951.5393858
1085495484.8736649
1141820070.0749643
1190682271.31516
1231689273.2428942
1261824199.0639207
1280961109.6716151
1286015198.259795
1274242780.3399007
1244419489.3751092
1180710879.857905
1069586206.005785
964947019.0706087
854236362.3846979
743193046.745611
632945185.2376568
521285725.91504824
407789350.1357715
293119854.3358702
176863893.78546727
59250659.35766542
41534864.7610425
41534864.7610425
41534864.7610425
41534864.7610425
41534864.7610425
41534864.7610425
41534864.7610425
41534864.7610425
41534864.7610425
41534864.7610425
41534864.7610425
41534864.7610425
41534864.7610425
41534864.7610425
41534864.7610425
41534864.7610425
41534864.7610425
41534864.7610425
41534864.7610425
41534864.7610425
41534864.7610425
41534864.7610425
41534864.7610425
41534864.7610425
41534864.7610425
41534864.7610425
41534864.7610425
41534864.7610425
41534864.7610425
41534864.7610425
41534864.7610425
41534864.7610425
41534864.7610425
41534864.7610425
41534864.7610425
41534864.7610425
41534864.7610425
41534864.7610425
41534864.7610425
41534864.7610425
41534864.7610425
41534864.7610425
41534864.7610425
41534864.7610425
41534864.7610425
41534864.7610425
41534864.7610425
41534864.7610425
41534864.7610425
41534864.7610425
1368387.22568369
1368387.22568369
1970901.3969482954
6058559.332235977
10304161.18459645
14719261.39245762
19288500.437479
24051643.110852633
28992850.07816569
34136543.62637801
39494403.2802005
45063779.81092305
50891438.04388708
56949319.787985094
63299794.20018493
69922046.69156931
76855901.52031767
84122746.46425833
91721415.17712319
99728950.82150751
108104913.8623508
116953611.87917621
126246344.79297926
136053942.2231389
146417891.6446881
157343321.53676426
168968894.31479797
181233726.63836303
194331061.02946883
208220419.40997475
223042151.26667374
238887422.22077233
255779711.12508318
274001107.52384794
293454784.5843689
314537690.4073372
337200434.4896494
361746837.786566
388393587.339899
417224816.48452896
448848833.90890753
483102252.97610766
520843059.0450023
561952825.3497177
607106794.3897576
656599635.1366919
710326507.7728938
768852566.1110387
830536740.9572427
894983196.701855
960189725.4135842
1024329951.5393858
1085495484.8736649
1141820070.0749643
1190682271.31516
1231689273.2428942
1261824199.0639207
1280961109.6716151
1286015198.259795
1274242780.3399007
1244419489.3751092
1180710879.857905
1069586206.005785
964947019.0706087
854236362.3846979
743193046.745611
632945185.2376568
521285725.91504824
407789350.1357715
293119854.3358702
176863893.78546727
59250659.35766542
41534864.7610425
41534864.7610425
41534864.7610425
41534864.7610425
41534864.7610425
41534864.7610425
41534864.7610425
41534864.7610425
41534864.7610425
41534864.7610425
41534864.7610425
41534864.7610425
41534864.7610425
41534864.7610425
41534864.7610425
41534864.7610425
41534864.7610425
41534864.7610425
41534864.7610425
41534864.7610425
41534864.7610425
41534864.7610425
41534864.7610425
41534864.7610425
41534864.7610425
41534864.7610425
41534864.7610425
41534864.7610425
41534864.7610425
41534864.7610425
41534864.7610425
41534864.7610425
41534864.7610425
41534864.7610425
41534864.7610425
41534864.7610425
41534864.7610425
41534864.7610425
41534864.7610425
41534864.7610425
41534864.7610425
41534864.7610425
41534864.7610425
41534864.7610425
41534864.7610425
41534864.7610425
41534864.7610425
41534864.7610425
41534864.7610425
41534864.7610425
)