/*--------------------------------*- C++ -*----------------------------------*\
| =========                 |                                                 |
| \\      /  F ield         | foam-extend: Open Source CFD                    |
|  \\    /   O peration     | Version:     4.1-20200408                       |
|   \\  /    A nd           | Web:         http://www.foam-extend.org         |
|    \\/     M anipulation  |                                                 |
\*---------------------------------------------------------------------------*/
FoamFile
{
    version     2.0;
    format      ascii;
    class       volVectorField;
    location    "0.0760000";
    object      U_0_0;
}
// * * * * * * * * * * * * * * * * * * * * * * * * * * * * * * * * * * * * * //

dimensions      [0 1 0 0 0 0 0];

internalField   nonuniform List<vector> 
1952
(
(0.0727266 -3.69422e-06 0)
(0.0727263 -6.00924e-06 0)
(0.0727257 -8.35157e-06 0)
(0.072725 -1.06897e-05 0)
(0.0727242 -1.30286e-05 0)
(0.0727233 -1.53501e-05 0)
(0.0727223 -1.76703e-05 0)
(0.0727212 -1.99649e-05 0)
(0.0727201 -2.22544e-05 0)
(0.072719 -2.4514e-05 0)
(0.0727179 -2.67597e-05 0)
(0.0727171 -2.89691e-05 0)
(0.0727164 -3.11448e-05 0)
(0.072716 -3.32857e-05 0)
(0.0727159 -3.53985e-05 0)
(0.0727268 -1.58318e-06 0)
(0.0727219 -3.69388e-06 0)
(0.0727215 -6.00871e-06 0)
(0.072721 -8.35084e-06 0)
(0.0727203 -1.06888e-05 0)
(0.0727195 -1.30276e-05 0)
(0.0727185 -1.5349e-05 0)
(0.0727175 -1.76692e-05 0)
(0.0727164 -1.99637e-05 0)
(0.0727153 -2.22533e-05 0)
(0.0727142 -2.4513e-05 0)
(0.0727132 -2.67588e-05 0)
(0.0727123 -2.89685e-05 0)
(0.0727116 -3.11443e-05 0)
(0.0727112 -3.32854e-05 0)
(0.0727111 -3.53982e-05 0)
(0.072722 -1.58304e-06 0)
(0.0727172 -3.69379e-06 0)
(0.0727168 -6.00857e-06 0)
(0.0727163 -8.35066e-06 0)
(0.0727156 -1.06886e-05 0)
(0.0727147 -1.30274e-05 0)
(0.0727138 -1.53489e-05 0)
(0.0727128 -1.76691e-05 0)
(0.0727117 -1.99638e-05 0)
(0.0727106 -2.22534e-05 0)
(0.0727095 -2.45134e-05 0)
(0.0727084 -2.67593e-05 0)
(0.0727076 -2.89692e-05 0)
(0.0727069 -3.11452e-05 0)
(0.0727065 -3.32865e-05 0)
(0.0727064 -3.53991e-05 0)
(0.0727173 -1.583e-06 0)
(0.0727124 -3.69388e-06 0)
(0.072712 -6.00873e-06 0)
(0.0727115 -8.35089e-06 0)
(0.0727108 -1.06889e-05 0)
(0.07271 -1.30278e-05 0)
(0.0727091 -1.53494e-05 0)
(0.072708 -1.76698e-05 0)
(0.0727069 -1.99647e-05 0)
(0.0727058 -2.22545e-05 0)
(0.0727047 -2.45147e-05 0)
(0.0727037 -2.67608e-05 0)
(0.0727028 -2.8971e-05 0)
(0.0727021 -3.1147e-05 0)
(0.0727017 -3.32885e-05 0)
(0.0727016 -3.54011e-05 0)
(0.0727125 -1.58303e-06 0)
(0.0727077 -3.69411e-06 0)
(0.0727073 -6.0091e-06 0)
(0.0727068 -8.35141e-06 0)
(0.0727061 -1.06896e-05 0)
(0.0727053 -1.30287e-05 0)
(0.0727043 -1.53505e-05 0)
(0.0727033 -1.7671e-05 0)
(0.0727022 -1.99662e-05 0)
(0.0727011 -2.22562e-05 0)
(0.0727 -2.45167e-05 0)
(0.0726989 -2.6763e-05 0)
(0.0726981 -2.89734e-05 0)
(0.0726974 -3.11495e-05 0)
(0.072697 -3.32911e-05 0)
(0.0726969 -3.54036e-05 0)
(0.0727078 -1.58313e-06 0)
(0.0727029 -3.69443e-06 0)
(0.0727025 -6.00963e-06 0)
(0.072702 -8.35216e-06 0)
(0.0727013 -1.06906e-05 0)
(0.0727005 -1.30299e-05 0)
(0.0726996 -1.5352e-05 0)
(0.0726985 -1.76727e-05 0)
(0.0726975 -1.99681e-05 0)
(0.0726963 -2.22583e-05 0)
(0.0726952 -2.45191e-05 0)
(0.0726942 -2.67655e-05 0)
(0.0726933 -2.89761e-05 0)
(0.0726926 -3.11524e-05 0)
(0.0726922 -3.3294e-05 0)
(0.0726921 -3.54065e-05 0)
(0.0727031 -1.58327e-06 0)
(0.0726982 -3.69481e-06 0)
(0.0726978 -6.01026e-06 0)
(0.0726973 -8.35303e-06 0)
(0.0726966 -1.06917e-05 0)
(0.0726958 -1.30313e-05 0)
(0.0726948 -1.53536e-05 0)
(0.0726938 -1.76746e-05 0)
(0.0726927 -1.99703e-05 0)
(0.0726916 -2.22607e-05 0)
(0.0726905 -2.45216e-05 0)
(0.0726894 -2.67683e-05 0)
(0.0726886 -2.89791e-05 0)
(0.0726879 -3.11554e-05 0)
(0.0726875 -3.32972e-05 0)
(0.0726874 -3.54097e-05 0)
(0.0726983 -1.58343e-06 0)
(0.0726934 -3.69522e-06 0)
(0.072693 -6.01093e-06 0)
(0.0726925 -8.35394e-06 0)
(0.0726918 -1.06929e-05 0)
(0.072691 -1.30327e-05 0)
(0.0726901 -1.53553e-05 0)
(0.072689 -1.76765e-05 0)
(0.072688 -1.99725e-05 0)
(0.0726868 -2.22631e-05 0)
(0.0726857 -2.45243e-05 0)
(0.0726847 -2.67712e-05 0)
(0.0726838 -2.89821e-05 0)
(0.0726831 -3.11586e-05 0)
(0.0726827 -3.33004e-05 0)
(0.0726826 -3.5413e-05 0)
(0.0726936 -1.58361e-06 0)
(0.0726887 -3.69563e-06 0)
(0.0726883 -6.01162e-06 0)
(0.0726878 -8.35488e-06 0)
(0.0726871 -1.06941e-05 0)
(0.0726863 -1.30342e-05 0)
(0.0726853 -1.53571e-05 0)
(0.0726843 -1.76785e-05 0)
(0.0726832 -1.99747e-05 0)
(0.0726821 -2.22655e-05 0)
(0.072681 -2.4527e-05 0)
(0.0726799 -2.6774e-05 0)
(0.0726791 -2.89851e-05 0)
(0.0726784 -3.11617e-05 0)
(0.072678 -3.33036e-05 0)
(0.0726779 -3.54162e-05 0)
(0.0726888 -1.58379e-06 0)
(0.0726839 -3.69605e-06 0)
(0.0726835 -6.0123e-06 0)
(0.072683 -8.35582e-06 0)
(0.0726823 -1.06953e-05 0)
(0.0726815 -1.30356e-05 0)
(0.0726806 -1.53588e-05 0)
(0.0726796 -1.76804e-05 0)
(0.0726785 -1.99769e-05 0)
(0.0726773 -2.22679e-05 0)
(0.0726762 -2.45295e-05 0)
(0.0726752 -2.67767e-05 0)
(0.0726743 -2.8988e-05 0)
(0.0726736 -3.11646e-05 0)
(0.0726732 -3.33067e-05 0)
(0.0726731 -3.54194e-05 0)
(0.0726841 -1.58397e-06 0)
(0.0726792 -3.69643e-06 0)
(0.0726788 -6.01293e-06 0)
(0.0726783 -8.35668e-06 0)
(0.0726776 -1.06964e-05 0)
(0.0726768 -1.30369e-05 0)
(0.0726758 -1.53604e-05 0)
(0.0726748 -1.76822e-05 0)
(0.0726737 -1.99789e-05 0)
(0.0726726 -2.22701e-05 0)
(0.0726715 -2.4532e-05 0)
(0.0726704 -2.67792e-05 0)
(0.0726696 -2.89907e-05 0)
(0.0726689 -3.11675e-05 0)
(0.0726685 -3.33097e-05 0)
(0.0726684 -3.54225e-05 0)
(0.0726793 -1.58413e-06 0)
(0.0726744 -3.6968e-06 0)
(0.072674 -6.01352e-06 0)
(0.0726735 -8.35749e-06 0)
(0.0726728 -1.06975e-05 0)
(0.072672 -1.30382e-05 0)
(0.0726711 -1.53619e-05 0)
(0.0726701 -1.76839e-05 0)
(0.072669 -1.99809e-05 0)
(0.0726678 -2.22721e-05 0)
(0.0726667 -2.45342e-05 0)
(0.0726657 -2.67816e-05 0)
(0.0726648 -2.89933e-05 0)
(0.0726641 -3.11702e-05 0)
(0.0726637 -3.33126e-05 0)
(0.0726636 -3.54256e-05 0)
(0.0726746 -1.58429e-06 0)
(0.0726697 -3.69712e-06 0)
(0.0726693 -6.01405e-06 0)
(0.0726688 -8.35822e-06 0)
(0.0726681 -1.06984e-05 0)
(0.0726673 -1.30393e-05 0)
(0.0726663 -1.53632e-05 0)
(0.0726653 -1.76854e-05 0)
(0.0726642 -1.99826e-05 0)
(0.0726631 -2.2274e-05 0)
(0.072662 -2.45363e-05 0)
(0.0726609 -2.67839e-05 0)
(0.0726601 -2.89957e-05 0)
(0.0726594 -3.11729e-05 0)
(0.072659 -3.33155e-05 0)
(0.0726589 -3.54287e-05 0)
(0.0726698 -1.58443e-06 0)
(0.0726649 -3.6974e-06 0)
(0.0726645 -6.01451e-06 0)
(0.072664 -8.35883e-06 0)
(0.0726633 -1.06993e-05 0)
(0.0726625 -1.30403e-05 0)
(0.0726616 -1.53644e-05 0)
(0.0726605 -1.76867e-05 0)
(0.0726595 -1.99842e-05 0)
(0.0726583 -2.22757e-05 0)
(0.0726572 -2.45383e-05 0)
(0.0726562 -2.6786e-05 0)
(0.0726553 -2.89982e-05 0)
(0.0726546 -3.11754e-05 0)
(0.0726542 -3.33183e-05 0)
(0.0726541 -3.54316e-05 0)
(0.0726651 -1.58454e-06 0)
(0.0726602 -3.69764e-06 0)
(0.0726598 -6.01492e-06 0)
(0.0726593 -8.3594e-06 0)
(0.0726586 -1.07e-05 0)
(0.0726578 -1.30412e-05 0)
(0.0726568 -1.53656e-05 0)
(0.0726558 -1.7688e-05 0)
(0.0726547 -1.99857e-05 0)
(0.0726536 -2.22774e-05 0)
(0.0726525 -2.45403e-05 0)
(0.0726514 -2.67881e-05 0)
(0.0726506 -2.90005e-05 0)
(0.0726499 -3.11779e-05 0)
(0.0726495 -3.3321e-05 0)
(0.0726493 -3.54345e-05 0)
(0.0726603 -1.58465e-06 0)
(0.0726554 -3.69787e-06 0)
(0.072655 -6.01529e-06 0)
(0.0726545 -8.35992e-06 0)
(0.0726538 -1.07007e-05 0)
(0.072653 -1.3042e-05 0)
(0.0726521 -1.53666e-05 0)
(0.072651 -1.76892e-05 0)
(0.0726499 -1.99871e-05 0)
(0.0726488 -2.2279e-05 0)
(0.0726477 -2.45421e-05 0)
(0.0726467 -2.67901e-05 0)
(0.0726458 -2.90027e-05 0)
(0.0726451 -3.11803e-05 0)
(0.0726447 -3.33236e-05 0)
(0.0726446 -3.54373e-05 0)
(0.0726556 -1.58475e-06 0)
(0.0726507 -3.69807e-06 0)
(0.0726503 -6.01564e-06 0)
(0.0726498 -8.36039e-06 0)
(0.0726491 -1.07014e-05 0)
(0.0726483 -1.30428e-05 0)
(0.0726473 -1.53676e-05 0)
(0.0726463 -1.76903e-05 0)
(0.0726452 -1.99885e-05 0)
(0.0726441 -2.22804e-05 0)
(0.072643 -2.45438e-05 0)
(0.0726419 -2.6792e-05 0)
(0.0726411 -2.90048e-05 0)
(0.0726403 -3.11826e-05 0)
(0.07264 -3.33261e-05 0)
(0.0726398 -3.544e-05 0)
(0.0726508 -1.58484e-06 0)
(0.0726459 -3.69826e-06 0)
(0.0726455 -6.01595e-06 0)
(0.072645 -8.36083e-06 0)
(0.0726443 -1.07019e-05 0)
(0.0726435 -1.30435e-05 0)
(0.0726426 -1.53685e-05 0)
(0.0726415 -1.76913e-05 0)
(0.0726404 -1.99897e-05 0)
(0.0726393 -2.22817e-05 0)
(0.0726382 -2.45454e-05 0)
(0.0726372 -2.67936e-05 0)
(0.0726363 -2.90067e-05 0)
(0.0726356 -3.11847e-05 0)
(0.0726352 -3.33285e-05 0)
(0.0726351 -3.54426e-05 0)
(0.0726461 -1.58492e-06 0)
(0.0726412 -3.69843e-06 0)
(0.0726408 -6.01623e-06 0)
(0.0726403 -8.3612e-06 0)
(0.0726396 -1.07025e-05 0)
(0.0726388 -1.30441e-05 0)
(0.0726378 -1.53692e-05 0)
(0.0726368 -1.76921e-05 0)
(0.0726357 -1.99908e-05 0)
(0.0726346 -2.22829e-05 0)
(0.0726335 -2.45468e-05 0)
(0.0726324 -2.67952e-05 0)
(0.0726315 -2.90086e-05 0)
(0.0726308 -3.11867e-05 0)
(0.0726305 -3.33307e-05 0)
(0.0726303 -3.5445e-05 0)
(0.0726413 -1.58499e-06 0)
(0.0726364 -3.69857e-06 0)
(0.072636 -6.01646e-06 0)
(0.0726355 -8.36151e-06 0)
(0.0726348 -1.07029e-05 0)
(0.072634 -1.30446e-05 0)
(0.0726331 -1.53699e-05 0)
(0.072632 -1.76928e-05 0)
(0.0726309 -1.99917e-05 0)
(0.0726298 -2.22839e-05 0)
(0.0726287 -2.4548e-05 0)
(0.0726277 -2.67966e-05 0)
(0.0726268 -2.90102e-05 0)
(0.0726261 -3.11885e-05 0)
(0.0726257 -3.33328e-05 0)
(0.0726256 -3.54474e-05 0)
(0.0726366 -1.58505e-06 0)
(0.0726317 -3.69868e-06 0)
(0.0726313 -6.01665e-06 0)
(0.0726308 -8.36175e-06 0)
(0.0726301 -1.07032e-05 0)
(0.0726293 -1.3045e-05 0)
(0.0726283 -1.53705e-05 0)
(0.0726273 -1.76934e-05 0)
(0.0726262 -1.99925e-05 0)
(0.0726251 -2.22847e-05 0)
(0.072624 -2.45491e-05 0)
(0.0726229 -2.67978e-05 0)
(0.072622 -2.90117e-05 0)
(0.0726213 -3.11902e-05 0)
(0.0726209 -3.33347e-05 0)
(0.0726208 -3.54496e-05 0)
(0.0726318 -1.58509e-06 0)
(0.0726269 -3.69874e-06 0)
(0.0726265 -6.01676e-06 0)
(0.072626 -8.36189e-06 0)
(0.0726253 -1.07035e-05 0)
(0.0726245 -1.30452e-05 0)
(0.0726236 -1.53709e-05 0)
(0.0726225 -1.76938e-05 0)
(0.0726214 -1.99931e-05 0)
(0.0726203 -2.22854e-05 0)
(0.0726192 -2.45501e-05 0)
(0.0726182 -2.67988e-05 0)
(0.0726173 -2.9013e-05 0)
(0.0726166 -3.11918e-05 0)
(0.0726162 -3.33366e-05 0)
(0.0726161 -3.54518e-05 0)
(0.0726271 -1.58512e-06 0)
(0.0726222 -3.69878e-06 0)
(0.0726218 -6.01684e-06 0)
(0.0726213 -8.36198e-06 0)
(0.0726206 -1.07037e-05 0)
(0.0726198 -1.30454e-05 0)
(0.0726188 -1.53712e-05 0)
(0.0726178 -1.76941e-05 0)
(0.0726167 -1.99936e-05 0)
(0.0726155 -2.22859e-05 0)
(0.0726144 -2.45509e-05 0)
(0.0726134 -2.67997e-05 0)
(0.0726125 -2.90143e-05 0)
(0.0726118 -3.11932e-05 0)
(0.0726114 -3.33384e-05 0)
(0.0726113 -3.54539e-05 0)
(0.0726223 -1.58514e-06 0)
(0.0726174 -3.69879e-06 0)
(0.072617 -6.01687e-06 0)
(0.0726165 -8.36201e-06 0)
(0.0726158 -1.07038e-05 0)
(0.072615 -1.30454e-05 0)
(0.072614 -1.53714e-05 0)
(0.072613 -1.76943e-05 0)
(0.0726119 -1.99941e-05 0)
(0.0726108 -2.22864e-05 0)
(0.0726097 -2.45516e-05 0)
(0.0726086 -2.68006e-05 0)
(0.0726078 -2.90154e-05 0)
(0.0726071 -3.11946e-05 0)
(0.0726067 -3.33401e-05 0)
(0.0726065 -3.5456e-05 0)
(0.0726176 -1.58515e-06 0)
(0.0726127 -3.69881e-06 0)
(0.0726123 -6.0169e-06 0)
(0.0726118 -8.36204e-06 0)
(0.0726111 -1.07039e-05 0)
(0.0726102 -1.30455e-05 0)
(0.0726093 -1.53716e-05 0)
(0.0726083 -1.76944e-05 0)
(0.0726072 -1.99945e-05 0)
(0.072606 -2.22868e-05 0)
(0.0726049 -2.45523e-05 0)
(0.0726039 -2.68014e-05 0)
(0.072603 -2.90166e-05 0)
(0.0726023 -3.1196e-05 0)
(0.0726019 -3.33419e-05 0)
(0.0726018 -3.54582e-05 0)
(0.0726128 -1.58515e-06 0)
(0.0726079 -3.69884e-06 0)
(0.0726075 -6.01697e-06 0)
(0.072607 -8.36209e-06 0)
(0.0726063 -1.0704e-05 0)
(0.0726055 -1.30456e-05 0)
(0.0726045 -1.53719e-05 0)
(0.0726035 -1.76947e-05 0)
(0.0726024 -1.9995e-05 0)
(0.0726013 -2.22872e-05 0)
(0.0726002 -2.45531e-05 0)
(0.0725991 -2.68022e-05 0)
(0.0725982 -2.90178e-05 0)
(0.0725975 -3.11975e-05 0)
(0.0725972 -3.33438e-05 0)
(0.072597 -3.54605e-05 0)
(0.0726081 -1.58517e-06 0)
(0.0726032 -3.69893e-06 0)
(0.0726028 -6.01714e-06 0)
(0.0726023 -8.3623e-06 0)
(0.0726016 -1.07044e-05 0)
(0.0726007 -1.30459e-05 0)
(0.0725998 -1.53724e-05 0)
(0.0725988 -1.76951e-05 0)
(0.0725977 -1.99957e-05 0)
(0.0725965 -2.22879e-05 0)
(0.0725954 -2.45541e-05 0)
(0.0725944 -2.68033e-05 0)
(0.0725935 -2.90192e-05 0)
(0.0725928 -3.11992e-05 0)
(0.0725924 -3.3346e-05 0)
(0.0725923 -3.54631e-05 0)
(0.0726033 -1.58521e-06 0)
(0.0725984 -3.69913e-06 0)
(0.072598 -6.01747e-06 0)
(0.0725975 -8.3627e-06 0)
(0.0725968 -1.07049e-05 0)
(0.072596 -1.30465e-05 0)
(0.072595 -1.53732e-05 0)
(0.072594 -1.76958e-05 0)
(0.0725929 -1.99967e-05 0)
(0.0725918 -2.22889e-05 0)
(0.0725907 -2.45554e-05 0)
(0.0725896 -2.68047e-05 0)
(0.0725887 -2.90211e-05 0)
(0.072588 -3.12013e-05 0)
(0.0725876 -3.33486e-05 0)
(0.0725875 -3.54662e-05 0)
(0.0725986 -1.58529e-06 0)
(0.0725937 -3.69949e-06 0)
(0.0725933 -6.01805e-06 0)
(0.0725928 -8.36344e-06 0)
(0.0725921 -1.0706e-05 0)
(0.0725912 -1.30475e-05 0)
(0.0725903 -1.53746e-05 0)
(0.0725892 -1.76972e-05 0)
(0.0725881 -1.99984e-05 0)
(0.072587 -2.22905e-05 0)
(0.0725859 -2.45574e-05 0)
(0.0725849 -2.68068e-05 0)
(0.072584 -2.90235e-05 0)
(0.0725833 -3.12041e-05 0)
(0.0725829 -3.33517e-05 0)
(0.0725827 -3.54699e-05 0)
(0.0725938 -1.58545e-06 0)
(0.0725889 -3.7001e-06 0)
(0.0725885 -6.01904e-06 0)
(0.072588 -8.36474e-06 0)
(0.0725873 -1.07076e-05 0)
(0.0725865 -1.30493e-05 0)
(0.0725855 -1.53768e-05 0)
(0.0725845 -1.76993e-05 0)
(0.0725834 -2.0001e-05 0)
(0.0725823 -2.2293e-05 0)
(0.0725811 -2.45603e-05 0)
(0.0725801 -2.68097e-05 0)
(0.0725792 -2.90268e-05 0)
(0.0725785 -3.12076e-05 0)
(0.0725781 -3.33558e-05 0)
(0.072578 -3.54745e-05 0)
(0.072589 -1.58571e-06 0)
(0.0725842 -3.70104e-06 0)
(0.0725838 -6.02055e-06 0)
(0.0725833 -8.36671e-06 0)
(0.0725825 -1.07102e-05 0)
(0.0725817 -1.30521e-05 0)
(0.0725808 -1.53802e-05 0)
(0.0725797 -1.77027e-05 0)
(0.0725786 -2.00049e-05 0)
(0.0725775 -2.22968e-05 0)
(0.0725764 -2.45645e-05 0)
(0.0725753 -2.68139e-05 0)
(0.0725744 -2.90314e-05 0)
(0.0725737 -3.12125e-05 0)
(0.0725733 -3.33611e-05 0)
(0.0725732 -3.54804e-05 0)
(0.0725843 -1.58611e-06 0)
(0.0725794 -3.70241e-06 0)
(0.072579 -6.02276e-06 0)
(0.0725785 -8.36964e-06 0)
(0.0725778 -1.07139e-05 0)
(0.072577 -1.30563e-05 0)
(0.072576 -1.53851e-05 0)
(0.072575 -1.77077e-05 0)
(0.0725739 -2.00105e-05 0)
(0.0725727 -2.23023e-05 0)
(0.0725716 -2.45705e-05 0)
(0.0725706 -2.68198e-05 0)
(0.0725697 -2.90377e-05 0)
(0.072569 -3.12189e-05 0)
(0.0725686 -3.3368e-05 0)
(0.0725684 -3.5488e-05 0)
(0.0725795 -1.5867e-06 0)
(0.0725747 -3.70437e-06 0)
(0.0725743 -6.02591e-06 0)
(0.0725737 -8.37383e-06 0)
(0.072573 -1.07192e-05 0)
(0.0725722 -1.30623e-05 0)
(0.0725713 -1.5392e-05 0)
(0.0725702 -1.77149e-05 0)
(0.0725691 -2.00184e-05 0)
(0.072568 -2.23102e-05 0)
(0.0725669 -2.45789e-05 0)
(0.0725658 -2.6828e-05 0)
(0.0725649 -2.90463e-05 0)
(0.0725642 -3.12277e-05 0)
(0.0725638 -3.33771e-05 0)
(0.0725637 -3.54977e-05 0)
(0.0725748 -1.58754e-06 0)
(0.0725699 -3.70707e-06 0)
(0.0725695 -6.03026e-06 0)
(0.072569 -8.37964e-06 0)
(0.0725683 -1.07266e-05 0)
(0.0725675 -1.30706e-05 0)
(0.0725665 -1.54016e-05 0)
(0.0725655 -1.77249e-05 0)
(0.0725644 -2.00294e-05 0)
(0.0725632 -2.23211e-05 0)
(0.0725621 -2.45904e-05 0)
(0.072561 -2.68394e-05 0)
(0.0725601 -2.9058e-05 0)
(0.0725594 -3.12393e-05 0)
(0.072559 -3.33891e-05 0)
(0.0725589 -3.55103e-05 0)
(0.07257 -1.5887e-06 0)
(0.0725651 -3.71071e-06 0)
(0.0725647 -6.03611e-06 0)
(0.0725642 -8.38748e-06 0)
(0.0725635 -1.07364e-05 0)
(0.0725627 -1.30819e-05 0)
(0.0725617 -1.54146e-05 0)
(0.0725607 -1.77387e-05 0)
(0.0725596 -2.00443e-05 0)
(0.0725585 -2.23361e-05 0)
(0.0725573 -2.46061e-05 0)
(0.0725563 -2.68547e-05 0)
(0.0725554 -2.90736e-05 0)
(0.0725546 -3.12549e-05 0)
(0.0725542 -3.34048e-05 0)
(0.0725541 -3.55265e-05 0)
(0.0725653 -1.59027e-06 0)
(0.0725604 -3.71552e-06 0)
(0.07256 -6.04385e-06 0)
(0.0725595 -8.39791e-06 0)
(0.0725588 -1.07495e-05 0)
(0.0725579 -1.3097e-05 0)
(0.072557 -1.54318e-05 0)
(0.0725559 -1.7757e-05 0)
(0.0725548 -2.00641e-05 0)
(0.0725537 -2.23562e-05 0)
(0.0725526 -2.4627e-05 0)
(0.0725515 -2.68753e-05 0)
(0.0725506 -2.90944e-05 0)
(0.0725499 -3.12753e-05 0)
(0.0725495 -3.34252e-05 0)
(0.0725493 -3.55474e-05 0)
(0.0725605 -1.59233e-06 0)
(0.0725556 -3.72175e-06 0)
(0.0725552 -6.05387e-06 0)
(0.0725547 -8.41144e-06 0)
(0.072554 -1.07665e-05 0)
(0.0725532 -1.31167e-05 0)
(0.0725522 -1.54544e-05 0)
(0.0725512 -1.77812e-05 0)
(0.0725501 -2.00903e-05 0)
(0.0725489 -2.23828e-05 0)
(0.0725478 -2.46546e-05 0)
(0.0725467 -2.69024e-05 0)
(0.0725458 -2.91216e-05 0)
(0.0725451 -3.1302e-05 0)
(0.0725447 -3.34517e-05 0)
(0.0725445 -3.55741e-05 0)
(0.0725557 -1.595e-06 0)
(0.0725508 -3.72968e-06 0)
(0.0725504 -6.06664e-06 0)
(0.0725499 -8.42876e-06 0)
(0.0725492 -1.07883e-05 0)
(0.0725484 -1.31421e-05 0)
(0.0725475 -1.54834e-05 0)
(0.0725464 -1.78125e-05 0)
(0.0725453 -2.01242e-05 0)
(0.0725442 -2.24174e-05 0)
(0.072543 -2.46906e-05 0)
(0.072542 -2.69379e-05 0)
(0.0725411 -2.91572e-05 0)
(0.0725403 -3.13367e-05 0)
(0.0725399 -3.34859e-05 0)
(0.0725397 -3.56083e-05 0)
(0.072551 -1.5984e-06 0)
(0.072546 -3.73957e-06 0)
(0.0725457 -6.08259e-06 0)
(0.0725451 -8.45044e-06 0)
(0.0725444 -1.08156e-05 0)
(0.0725436 -1.31741e-05 0)
(0.0725427 -1.55201e-05 0)
(0.0725416 -1.78523e-05 0)
(0.0725405 -2.01674e-05 0)
(0.0725394 -2.24619e-05 0)
(0.0725383 -2.47369e-05 0)
(0.0725372 -2.69839e-05 0)
(0.0725363 -2.92034e-05 0)
(0.0725356 -3.13816e-05 0)
(0.0725351 -3.353e-05 0)
(0.072535 -3.5652e-05 0)
(0.0725462 -1.60265e-06 0)
(0.0725413 -3.75169e-06 0)
(0.0725409 -6.10215e-06 0)
(0.0725404 -8.47713e-06 0)
(0.0725397 -1.08493e-05 0)
(0.0725388 -1.32137e-05 0)
(0.0725379 -1.55657e-05 0)
(0.0725369 -1.79022e-05 0)
(0.0725358 -2.02218e-05 0)
(0.0725346 -2.25184e-05 0)
(0.0725335 -2.4796e-05 0)
(0.0725324 -2.70428e-05 0)
(0.0725315 -2.92628e-05 0)
(0.0725308 -3.14394e-05 0)
(0.0725303 -3.35866e-05 0)
(0.0725302 -3.57077e-05 0)
(0.0725414 -1.60785e-06 0)
(0.0725364 -3.76625e-06 0)
(0.0725361 -6.12569e-06 0)
(0.0725356 -8.50935e-06 0)
(0.0725349 -1.089e-05 0)
(0.072534 -1.3262e-05 0)
(0.0725331 -1.56214e-05 0)
(0.0725321 -1.79636e-05 0)
(0.072531 -2.0289e-05 0)
(0.0725299 -2.25889e-05 0)
(0.0725287 -2.48703e-05 0)
(0.0725277 -2.71176e-05 0)
(0.0725268 -2.93386e-05 0)
(0.072526 -3.15134e-05 0)
(0.0725256 -3.36589e-05 0)
(0.0725254 -3.5778e-05 0)
(0.0725366 -1.61409e-06 0)
(0.0725316 -3.78337e-06 0)
(0.0725312 -6.1534e-06 0)
(0.0725307 -8.5474e-06 0)
(0.07253 -1.09382e-05 0)
(0.0725292 -1.33195e-05 0)
(0.0725283 -1.5688e-05 0)
(0.0725273 -1.80378e-05 0)
(0.0725262 -2.03708e-05 0)
(0.0725251 -2.26757e-05 0)
(0.072524 -2.49625e-05 0)
(0.0725229 -2.72116e-05 0)
(0.072522 -2.9435e-05 0)
(0.0725212 -3.16083e-05 0)
(0.0725208 -3.37522e-05 0)
(0.0725206 -3.58681e-05 0)
(0.0725317 -1.62143e-06 0)
(0.0725268 -3.80308e-06 0)
(0.0725264 -6.18534e-06 0)
(0.0725259 -8.5914e-06 0)
(0.0725252 -1.09941e-05 0)
(0.0725244 -1.33866e-05 0)
(0.0725235 -1.5766e-05 0)
(0.0725225 -1.81253e-05 0)
(0.0725214 -2.0468e-05 0)
(0.0725203 -2.278e-05 0)
(0.0725192 -2.50748e-05 0)
(0.0725181 -2.7328e-05 0)
(0.0725172 -2.95567e-05 0)
(0.0725165 -3.17309e-05 0)
(0.072516 -3.3876e-05 0)
(0.0725158 -3.59903e-05 0)
(0.0725269 -1.62988e-06 0)
(0.0725219 -3.82514e-06 0)
(0.0725215 -6.22115e-06 0)
(0.072521 -8.64088e-06 0)
(0.0725204 -1.10571e-05 0)
(0.0725196 -1.34626e-05 0)
(0.0725187 -1.58548e-05 0)
(0.0725177 -1.82258e-05 0)
(0.0725166 -2.05803e-05 0)
(0.0725155 -2.2902e-05 0)
(0.0725144 -2.52077e-05 0)
(0.0725134 -2.74681e-05 0)
(0.0725124 -2.97066e-05 0)
(0.0725117 -3.18863e-05 0)
(0.0725112 -3.40394e-05 0)
(0.072511 -3.61591e-05 0)
(0.072522 -1.63934e-06 0)
(0.072517 -3.84919e-06 0)
(0.0725166 -6.26021e-06 0)
(0.0725161 -8.69499e-06 0)
(0.0725155 -1.11261e-05 0)
(0.0725147 -1.35462e-05 0)
(0.0725138 -1.59528e-05 0)
(0.0725128 -1.83375e-05 0)
(0.0725118 -2.07058e-05 0)
(0.0725107 -2.30395e-05 0)
(0.0725096 -2.53587e-05 0)
(0.0725086 -2.76288e-05 0)
(0.0725077 -2.98806e-05 0)
(0.0725069 -3.20688e-05 0)
(0.0725064 -3.42346e-05 0)
(0.0725062 -3.63642e-05 0)
(0.0725171 -1.64964e-06 0)
(0.072512 -3.87455e-06 0)
(0.0725117 -6.30145e-06 0)
(0.0725112 -8.75224e-06 0)
(0.0725106 -1.11993e-05 0)
(0.0725098 -1.36352e-05 0)
(0.0725089 -1.60574e-05 0)
(0.0725079 -1.84573e-05 0)
(0.0725069 -2.08409e-05 0)
(0.0725058 -2.31884e-05 0)
(0.0725048 -2.55227e-05 0)
(0.0725038 -2.78042e-05 0)
(0.0725029 -3.00711e-05 0)
(0.0725021 -3.22681e-05 0)
(0.0725017 -3.44474e-05 0)
(0.0725014 -3.65856e-05 0)
(0.0725122 -1.66051e-06 0)
(0.0725071 -3.90035e-06 0)
(0.0725067 -6.3434e-06 0)
(0.0725062 -8.81062e-06 0)
(0.0725056 -1.12739e-05 0)
(0.0725048 -1.37264e-05 0)
(0.072504 -1.61647e-05 0)
(0.072503 -1.85808e-05 0)
(0.072502 -2.09804e-05 0)
(0.072501 -2.3343e-05 0)
(0.0724999 -2.56933e-05 0)
(0.0724989 -2.79869e-05 0)
(0.0724981 -3.02699e-05 0)
(0.0724974 -3.24744e-05 0)
(0.0724969 -3.46674e-05 0)
(0.0724966 -3.68121e-05 0)
(0.0725072 -1.67156e-06 0)
(0.072502 -3.92541e-06 0)
(0.0725017 -6.38419e-06 0)
(0.0725012 -8.86746e-06 0)
(0.0725006 -1.13467e-05 0)
(0.0724999 -1.38155e-05 0)
(0.072499 -1.62698e-05 0)
(0.0724981 -1.87025e-05 0)
(0.0724971 -2.11181e-05 0)
(0.0724961 -2.34964e-05 0)
(0.0724951 -2.58627e-05 0)
(0.0724941 -2.81692e-05 0)
(0.0724932 -3.04683e-05 0)
(0.0724926 -3.26784e-05 0)
(0.0724921 -3.48867e-05 0)
(0.0724919 -3.70341e-05 0)
(0.0725022 -1.68229e-06 0)
(0.072497 -3.94836e-06 0)
(0.0724967 -6.42158e-06 0)
(0.0724962 -8.91964e-06 0)
(0.0724956 -1.14136e-05 0)
(0.0724949 -1.38977e-05 0)
(0.072494 -1.63669e-05 0)
(0.0724931 -1.88155e-05 0)
(0.0724922 -2.12461e-05 0)
(0.0724912 -2.36401e-05 0)
(0.0724902 -2.60217e-05 0)
(0.0724893 -2.83415e-05 0)
(0.0724884 -3.0656e-05 0)
(0.0724878 -3.28713e-05 0)
(0.0724873 -3.50975e-05 0)
(0.0724871 -3.72401e-05 0)
(0.0724971 -1.69212e-06 0)
(0.0724919 -3.96763e-06 0)
(0.0724916 -6.45295e-06 0)
(0.0724911 -8.96349e-06 0)
(0.0724905 -1.14698e-05 0)
(0.0724898 -1.3967e-05 0)
(0.072489 -1.64486e-05 0)
(0.0724881 -1.89114e-05 0)
(0.0724872 -2.13548e-05 0)
(0.0724862 -2.37633e-05 0)
(0.0724853 -2.61583e-05 0)
(0.0724844 -2.84919e-05 0)
(0.0724836 -3.08206e-05 0)
(0.072483 -3.30449e-05 0)
(0.0724826 -3.52885e-05 0)
(0.0724824 -3.741e-05 0)
(0.072492 -1.70037e-06 0)
(0.0724868 -3.98142e-06 0)
(0.0724865 -6.47538e-06 0)
(0.072486 -8.99484e-06 0)
(0.0724854 -1.15098e-05 0)
(0.0724847 -1.40164e-05 0)
(0.072484 -1.65068e-05 0)
(0.0724831 -1.89802e-05 0)
(0.0724822 -2.14328e-05 0)
(0.0724813 -2.38536e-05 0)
(0.0724804 -2.62594e-05 0)
(0.0724795 -2.86068e-05 0)
(0.0724788 -3.09487e-05 0)
(0.0724782 -3.31836e-05 0)
(0.0724779 -3.54327e-05 0)
(0.0724777 -3.75082e-05 0)
(0.0724869 -1.70628e-06 0)
(0.0724816 -3.98778e-06 0)
(0.0724813 -6.48569e-06 0)
(0.0724809 -9.00922e-06 0)
(0.0724803 -1.15279e-05 0)
(0.0724796 -1.40392e-05 0)
(0.0724789 -1.65338e-05 0)
(0.0724781 -1.9014e-05 0)
(0.0724772 -2.14724e-05 0)
(0.0724763 -2.39028e-05 0)
(0.0724754 -2.63145e-05 0)
(0.0724746 -2.86707e-05 0)
(0.0724739 -3.10163e-05 0)
(0.0724735 -3.32441e-05 0)
(0.0724732 -3.54691e-05 0)
(0.0724732 -3.74739e-05 0)
(0.0724817 -1.709e-06 0)
(0.0724764 -3.98508e-06 0)
(0.0724761 -6.48148e-06 0)
(0.0724757 -9.00382e-06 0)
(0.0724752 -1.15216e-05 0)
(0.0724745 -1.40334e-05 0)
(0.0724738 -1.65268e-05 0)
(0.072473 -1.90075e-05 0)
(0.0724721 -2.14644e-05 0)
(0.0724713 -2.38944e-05 0)
(0.0724705 -2.62959e-05 0)
(0.0724697 -2.86385e-05 0)
(0.0724691 -3.09567e-05 0)
(0.0724688 -3.3145e-05 0)
(0.0724686 -3.53135e-05 0)
(0.0724688 -3.72299e-05 0)
(0.0724765 -1.70783e-06 0)
(0.0724712 -3.97296e-06 0)
(0.0724709 -6.46183e-06 0)
(0.0724705 -8.97658e-06 0)
(0.07247 -1.1487e-05 0)
(0.0724694 -1.39907e-05 0)
(0.0724687 -1.6471e-05 0)
(0.0724679 -1.89358e-05 0)
(0.0724671 -2.13684e-05 0)
(0.0724663 -2.377e-05 0)
(0.0724656 -2.61305e-05 0)
(0.0724649 -2.84265e-05 0)
(0.0724644 -3.06813e-05 0)
(0.0724642 -3.28008e-05 0)
(0.0724642 -3.4886e-05 0)
(0.0724646 -3.67055e-05 0)
(0.0724713 -1.7026e-06 0)
(0.072466 -3.94681e-06 0)
(0.0724657 -6.41786e-06 0)
(0.0724653 -8.91215e-06 0)
(0.0724648 -1.13976e-05 0)
(0.0724642 -1.38722e-05 0)
(0.0724636 -1.63152e-05 0)
(0.0724628 -1.87363e-05 0)
(0.0724621 -2.11131e-05 0)
(0.0724614 -2.34532e-05 0)
(0.0724607 -2.57391e-05 0)
(0.0724602 -2.79577e-05 0)
(0.0724598 -3.01202e-05 0)
(0.0724597 -3.21501e-05 0)
(0.07246 -3.41341e-05 0)
(0.0724606 -3.58571e-05 0)
(0.0724661 -1.69141e-06 0)
(0.0724607 -3.89075e-06 0)
(0.0724605 -6.32344e-06 0)
(0.0724601 -8.77427e-06 0)
(0.0724597 -1.12085e-05 0)
(0.0724591 -1.3625e-05 0)
(0.0724585 -1.60005e-05 0)
(0.0724579 -1.83466e-05 0)
(0.0724572 -2.06369e-05 0)
(0.0724566 -2.28857e-05 0)
(0.0724561 -2.50688e-05 0)
(0.0724556 -2.71857e-05 0)
(0.0724554 -2.92353e-05 0)
(0.0724555 -3.1163e-05 0)
(0.072456 -3.30373e-05 0)
(0.0724569 -3.46721e-05 0)
(0.0724608 -1.66753e-06 0)
(0.0724556 -3.78722e-06 0)
(0.0724554 -6.15118e-06 0)
(0.0724551 -8.52753e-06 0)
(0.0724547 -1.08795e-05 0)
(0.0724542 -1.32068e-05 0)
(0.0724537 -1.54843e-05 0)
(0.0724531 -1.77265e-05 0)
(0.0724526 -1.99037e-05 0)
(0.072452 -2.20371e-05 0)
(0.0724516 -2.40963e-05 0)
(0.0724513 -2.60947e-05 0)
(0.0724512 -2.80186e-05 0)
(0.0724515 -2.98384e-05 0)
(0.0724522 -3.16013e-05 0)
(0.0724533 -3.31595e-05 0)
(0.0724557 -1.6234e-06 0)
(0.0724507 -3.62477e-06 0)
(0.0724505 -5.88396e-06 0)
(0.0724502 -8.15091e-06 0)
(0.0724499 -1.03878e-05 0)
(0.0724495 -1.25956e-05 0)
(0.072449 -1.47478e-05 0)
(0.0724486 -1.68616e-05 0)
(0.0724481 -1.8905e-05 0)
(0.0724477 -2.09054e-05 0)
(0.0724474 -2.2827e-05 0)
(0.0724473 -2.46966e-05 0)
(0.0724473 -2.64881e-05 0)
(0.0724478 -2.81988e-05 0)
(0.0724487 -2.9852e-05 0)
(0.07245 -3.1345e-05 0)
(0.0724507 -1.55403e-06 0)
(0.072446 -3.40103e-06 0)
(0.0724458 -5.5189e-06 0)
(0.0724456 -7.64208e-06 0)
(0.0724454 -9.7333e-06 0)
(0.072445 -1.17944e-05 0)
(0.0724447 -1.37985e-05 0)
(0.0724443 -1.57646e-05 0)
(0.072444 -1.76593e-05 0)
(0.0724437 -1.95149e-05 0)
(0.0724435 -2.12906e-05 0)
(0.0724435 -2.30259e-05 0)
(0.0724437 -2.46826e-05 0)
(0.0724443 -2.6285e-05 0)
(0.0724454 -2.78314e-05 0)
(0.0724469 -2.92682e-05 0)
(0.072446 -1.4583e-06 0)
(0.0724417 -3.1231e-06 0)
(0.0724416 -5.06773e-06 0)
(0.0724414 -7.01754e-06 0)
(0.0724412 -8.93722e-06 0)
(0.072441 -1.08295e-05 0)
(0.0724407 -1.26677e-05 0)
(0.0724405 -1.44721e-05 0)
(0.0724402 -1.62076e-05 0)
(0.07244 -1.79107e-05 0)
(0.07244 -1.95361e-05 0)
(0.0724401 -2.11342e-05 0)
(0.0724404 -2.26559e-05 0)
(0.0724412 -2.4151e-05 0)
(0.0724424 -2.55933e-05 0)
(0.0724441 -2.69802e-05 0)
(0.0724417 -1.3392e-06 0)
(0.0724378 -2.80548e-06 0)
(0.0724377 -4.55355e-06 0)
(0.0724376 -6.30839e-06 0)
(0.0724374 -8.0378e-06 0)
(0.0724373 -9.74541e-06 0)
(0.0724371 -1.14052e-05 0)
(0.072437 -1.30378e-05 0)
(0.0724368 -1.46074e-05 0)
(0.0724367 -1.61531e-05 0)
(0.0724368 -1.76258e-05 0)
(0.072437 -1.90852e-05 0)
(0.0724375 -2.04724e-05 0)
(0.0724383 -2.18608e-05 0)
(0.0724396 -2.32005e-05 0)
(0.0724414 -2.454e-05 0)
(0.0724378 -1.20294e-06 0)
(0.0724343 -2.46703e-06 0)
(0.0724343 -4.00618e-06 0)
(0.0724342 -5.55432e-06 0)
(0.0724341 -7.08312e-06 0)
(0.072434 -8.597e-06 0)
(0.0724339 -1.00711e-05 0)
(0.0724339 -1.15261e-05 0)
(0.0724338 -1.29259e-05 0)
(0.0724338 -1.43111e-05 0)
(0.0724339 -1.56301e-05 0)
(0.0724342 -1.69495e-05 0)
(0.0724348 -1.82026e-05 0)
(0.0724357 -1.94837e-05 0)
(0.0724371 -2.07211e-05 0)
(0.072439 -2.20121e-05 0)
(0.0724344 -1.05767e-06 0)
(0.0724314 -2.12772e-06 0)
(0.0724314 -3.45709e-06 0)
(0.0724313 -4.79723e-06 0)
(0.0724313 -6.12383e-06 0)
(0.0724312 -7.44204e-06 0)
(0.0724312 -8.72875e-06 0)
(0.0724312 -1.00042e-05 0)
(0.0724312 -1.12331e-05 0)
(0.0724313 -1.24563e-05 0)
(0.0724315 -1.36214e-05 0)
(0.0724318 -1.47999e-05 0)
(0.0724325 -1.59191e-05 0)
(0.0724335 -1.70906e-05 0)
(0.0724349 -1.82245e-05 0)
(0.0724368 -1.94626e-05 0)
(0.0724314 -9.1202e-07 0)
(0.0724289 -1.80555e-06 0)
(0.0724289 -2.93484e-06 0)
(0.0724289 -4.0753e-06 0)
(0.0724289 -5.20645e-06 0)
(0.0724289 -6.33394e-06 0)
(0.0724289 -7.43689e-06 0)
(0.0724289 -8.53507e-06 0)
(0.072429 -9.59487e-06 0)
(0.0724291 -1.0657e-05 0)
(0.0724294 -1.16692e-05 0)
(0.0724298 -1.27061e-05 0)
(0.0724305 -1.36915e-05 0)
(0.0724315 -1.47507e-05 0)
(0.0724329 -1.57788e-05 0)
(0.0724349 -1.69567e-05 0)
(0.072429 -7.73789e-07 0)
(0.0724269 -1.5142e-06 0)
(0.0724269 -2.46138e-06 0)
(0.0724269 -3.41836e-06 0)
(0.0724269 -4.368e-06 0)
(0.0724269 -5.31618e-06 0)
(0.0724269 -6.24452e-06 0)
(0.072427 -7.17233e-06 0)
(0.0724271 -8.06844e-06 0)
(0.0724273 -8.97284e-06 0)
(0.0724276 -9.83515e-06 0)
(0.0724281 -1.07309e-05 0)
(0.0724288 -1.15835e-05 0)
(0.0724298 -1.25268e-05 0)
(0.0724312 -1.34464e-05 0)
(0.0724331 -1.45547e-05 0)
(0.0724269 -6.48865e-07 0)
(0.0724253 -1.2615e-06 0)
(0.0724253 -2.04967e-06 0)
(0.0724253 -2.84482e-06 0)
(0.0724253 -3.63246e-06 0)
(0.0724253 -4.4183e-06 0)
(0.0724254 -5.18643e-06 0)
(0.0724255 -5.95556e-06 0)
(0.0724256 -6.6975e-06 0)
(0.0724258 -7.45111e-06 0)
(0.0724262 -8.16904e-06 0)
(0.0724267 -8.92629e-06 0)
(0.0724273 -9.64799e-06 0)
(0.0724284 -1.04728e-05 0)
(0.0724297 -1.12817e-05 0)
(0.0724315 -1.23099e-05 0)
(0.0724253 -5.40594e-07 0)
(0.0724239 -1.0493e-06 0)
(0.072424 -1.70336e-06 0)
(0.072424 -2.36099e-06 0)
(0.072424 -3.00964e-06 0)
(0.0724241 -3.65435e-06 0)
(0.0724241 -4.28129e-06 0)
(0.0724243 -4.90819e-06 0)
(0.0724244 -5.50996e-06 0)
(0.0724247 -6.12379e-06 0)
(0.072425 -6.70631e-06 0)
(0.0724255 -7.33046e-06 0)
(0.0724262 -7.92556e-06 0)
(0.0724272 -8.63073e-06 0)
(0.0724284 -9.328e-06 0)
(0.0724301 -1.02657e-05 0)
(0.0724239 -4.49723e-07 0)
(0.0724229 -8.74587e-07 0)
(0.0724229 -1.41829e-06 0)
(0.072423 -1.96259e-06 0)
(0.072423 -2.49633e-06 0)
(0.0724231 -3.02343e-06 0)
(0.0724232 -3.53151e-06 0)
(0.0724233 -4.03672e-06 0)
(0.0724235 -4.5167e-06 0)
(0.0724238 -5.00623e-06 0)
(0.0724241 -5.46634e-06 0)
(0.0724246 -5.96649e-06 0)
(0.0724253 -6.44208e-06 0)
(0.0724262 -7.02896e-06 0)
(0.0724273 -7.61556e-06 0)
(0.0724288 -8.45327e-06 0)
(0.0724229 -3.74915e-07 0)
(0.0724221 -7.31551e-07 0)
(0.0724221 -1.18547e-06 0)
(0.0724222 -1.63821e-06 0)
(0.0724223 -2.07972e-06 0)
(0.0724223 -2.51263e-06 0)
(0.0724225 -2.92535e-06 0)
(0.0724226 -3.33191e-06 0)
(0.0724228 -3.71195e-06 0)
(0.0724231 -4.09697e-06 0)
(0.0724235 -4.45219e-06 0)
(0.072424 -4.84188e-06 0)
(0.0724246 -5.20878e-06 0)
(0.0724254 -5.68206e-06 0)
(0.0724264 -6.16089e-06 0)
(0.0724278 -6.8904e-06 0)
(0.0724221 -3.1365e-07 0)
(0.0724215 -6.13881e-07 0)
(0.0724215 -9.94627e-07 0)
(0.0724216 -1.37377e-06 0)
(0.0724217 -1.74234e-06 0)
(0.0724218 -2.10192e-06 0)
(0.0724219 -2.44142e-06 0)
(0.0724221 -2.77243e-06 0)
(0.0724224 -3.07595e-06 0)
(0.0724227 -3.37935e-06 0)
(0.072423 -3.65153e-06 0)
(0.0724235 -3.94955e-06 0)
(0.0724241 -4.22336e-06 0)
(0.0724248 -4.59223e-06 0)
(0.0724257 -4.96835e-06 0)
(0.0724268 -5.58246e-06 0)
(0.0724215 -2.63216e-07 0)
(0.072421 -5.16369e-07 0)
(0.0724211 -8.36916e-07 0)
(0.0724212 -1.15636e-06 0)
(0.0724213 -1.46693e-06 0)
(0.0724214 -1.76974e-06 0)
(0.0724216 -2.05434e-06 0)
(0.0724218 -2.33016e-06 0)
(0.072422 -2.57922e-06 0)
(0.0724224 -2.82452e-06 0)
(0.0724227 -3.03854e-06 0)
(0.0724232 -3.26921e-06 0)
(0.0724237 -3.47181e-06 0)
(0.0724244 -3.75136e-06 0)
(0.0724251 -4.03264e-06 0)
(0.0724261 -4.52609e-06 0)
(0.072421 -2.21395e-07 0)
(0.0724207 -4.35501e-07 0)
(0.0724208 -7.06067e-07 0)
(0.0724209 -9.76224e-07 0)
(0.072421 -1.23926e-06 0)
(0.0724211 -1.49655e-06 0)
(0.0724213 -1.73867e-06 0)
(0.0724216 -1.9738e-06 0)
(0.0724218 -2.18547e-06 0)
(0.0724222 -2.39336e-06 0)
(0.0724226 -2.57264e-06 0)
(0.072423 -2.76343e-06 0)
(0.0724235 -2.92353e-06 0)
(0.0724241 -3.13665e-06 0)
(0.0724247 -3.33662e-06 0)
(0.0724255 -3.71051e-06 0)
(0.0724207 -1.86718e-07 0)
(0.0724205 -3.69761e-07 0)
(0.0724206 -5.99181e-07 0)
(0.0724207 -8.28295e-07 0)
(0.0724208 -1.05098e-06 0)
(0.072421 -1.26917e-06 0)
(0.0724212 -1.47467e-06 0)
(0.0724214 -1.67554e-06 0)
(0.0724217 -1.85782e-06 0)
(0.072422 -2.03957e-06 0)
(0.0724224 -2.19808e-06 0)
(0.0724229 -2.3681e-06 0)
(0.0724233 -2.51201e-06 0)
(0.0724239 -2.68972e-06 0)
(0.0724244 -2.83795e-06 0)
(0.072425 -3.10827e-06 0)
(0.0724205 -1.58559e-07 0)
(0.0724204 -3.15903e-07 0)
(0.0724205 -5.1155e-07 0)
(0.0724206 -7.06723e-07 0)
(0.0724207 -8.95768e-07 0)
(0.0724209 -1.08091e-06 0)
(0.0724211 -1.25495e-06 0)
(0.0724213 -1.42576e-06 0)
(0.0724216 -1.58185e-06 0)
(0.0724219 -1.73956e-06 0)
(0.0724223 -1.88055e-06 0)
(0.0724227 -2.03347e-06 0)
(0.0724232 -2.16854e-06 0)
(0.0724237 -2.33237e-06 0)
(0.0724242 -2.46968e-06 0)
(0.0724247 -2.67006e-06 0)
(0.0724204 -1.35474e-07 0)
(0.0724203 -2.68103e-07 0)
(0.0724204 -4.34135e-07 0)
(0.0724205 -5.99846e-07 0)
(0.0724206 -7.60404e-07 0)
(0.0724208 -9.18054e-07 0)
(0.072421 -1.06677e-06 0)
(0.0724212 -1.2137e-06 0)
(0.0724215 -1.34952e-06 0)
(0.0724218 -1.48807e-06 0)
(0.0724222 -1.61513e-06 0)
(0.0724226 -1.75314e-06 0)
(0.072423 -1.88074e-06 0)
(0.0724235 -2.03045e-06 0)
(0.0724239 -2.17034e-06 0)
(0.0724244 -2.33874e-06 0)
(0.0724203 -1.14976e-07 0)
(0.0724202 -2.27046e-07 0)
(0.0724203 -3.67749e-07 0)
(0.0724204 -5.084e-07 0)
(0.0724205 -6.44968e-07 0)
(0.0724207 -7.79663e-07 0)
(0.0724209 -9.07549e-07 0)
(0.0724212 -1.03499e-06 0)
(0.0724214 -1.15454e-06 0)
(0.0724218 -1.27777e-06 0)
(0.0724221 -1.39358e-06 0)
(0.0724225 -1.51965e-06 0)
(0.0724229 -1.64001e-06 0)
(0.0724233 -1.77817e-06 0)
(0.0724237 -1.91306e-06 0)
(0.0724242 -2.06991e-06 0)
(0.0724202 -9.73675e-08 0)
(0.0724202 -1.92343e-07 0)
(0.0724203 -3.11729e-07 0)
(0.0724204 -4.31396e-07 0)
(0.0724205 -5.48041e-07 0)
(0.0724207 -6.63795e-07 0)
(0.0724209 -7.74634e-07 0)
(0.0724211 -8.86165e-07 0)
(0.0724214 -9.92388e-07 0)
(0.0724217 -1.10297e-06 0)
(0.072422 -1.20919e-06 0)
(0.0724224 -1.32513e-06 0)
(0.0724228 -1.43851e-06 0)
(0.0724232 -1.56743e-06 0)
(0.0724236 -1.69551e-06 0)
(0.072424 -1.84328e-06 0)
(0.0724202 -8.2482e-08 0)
(0.0724202 -1.63277e-07 0)
(0.0724202 -2.64857e-07 0)
(0.0724203 -3.67055e-07 0)
(0.0724205 -4.67199e-07 0)
(0.0724206 -5.67336e-07 0)
(0.0724208 -6.64191e-07 0)
(0.0724211 -7.62696e-07 0)
(0.0724213 -8.57992e-07 0)
(0.0724216 -9.58183e-07 0)
(0.0724219 -1.05626e-06 0)
(0.0724223 -1.16364e-06 0)
(0.0724226 -1.27051e-06 0)
(0.072423 -1.39123e-06 0)
(0.0724234 -1.51261e-06 0)
(0.0724238 -1.6516e-06 0)
(0.0724202 -7.00131e-08 0)
(0.0724202 -1.39243e-07 0)
(0.0724202 -2.26126e-07 0)
(0.0724203 -3.13932e-07 0)
(0.0724205 -4.0052e-07 0)
(0.0724206 -4.87845e-07 0)
(0.0724208 -5.73229e-07 0)
(0.072421 -6.61018e-07 0)
(0.0724213 -7.47226e-07 0)
(0.0724216 -8.38695e-07 0)
(0.0724219 -9.29692e-07 0)
(0.0724222 -1.0296e-06 0)
(0.0724225 -1.13032e-06 0)
(0.0724229 -1.24364e-06 0)
(0.0724232 -1.35824e-06 0)
(0.0724236 -1.48863e-06 0)
(0.0724201 -5.97017e-08 0)
(0.0724202 -1.19525e-07 0)
(0.0724202 -1.94362e-07 0)
(0.0724203 -2.70378e-07 0)
(0.0724204 -3.45873e-07 0)
(0.0724206 -4.22702e-07 0)
(0.0724208 -4.98669e-07 0)
(0.072421 -5.77613e-07 0)
(0.0724212 -6.56222e-07 0)
(0.0724215 -7.40318e-07 0)
(0.0724218 -8.25107e-07 0)
(0.0724221 -9.18404e-07 0)
(0.0724224 -1.01336e-06 0)
(0.0724228 -1.11974e-06 0)
(0.0724231 -1.22778e-06 0)
(0.0724234 -1.34968e-06 0)
(0.0724201 -5.12414e-08 0)
(0.0724202 -1.03488e-07 0)
(0.0724202 -1.68529e-07 0)
(0.0724203 -2.3495e-07 0)
(0.0724204 -3.01407e-07 0)
(0.0724206 -3.69654e-07 0)
(0.0724208 -4.37878e-07 0)
(0.072421 -5.09479e-07 0)
(0.0724212 -5.8167e-07 0)
(0.0724215 -6.59435e-07 0)
(0.0724217 -7.38701e-07 0)
(0.072422 -8.26032e-07 0)
(0.0724223 -9.15529e-07 0)
(0.0724226 -1.01538e-06 0)
(0.072423 -1.117e-06 0)
(0.0724233 -1.2307e-06 0)
(0.0724201 -4.43606e-08 0)
(0.0724202 -9.05294e-08 0)
(0.0724202 -1.47648e-07 0)
(0.0724203 -2.06291e-07 0)
(0.0724204 -2.65404e-07 0)
(0.0724206 -3.26635e-07 0)
(0.0724208 -3.88474e-07 0)
(0.0724209 -4.53943e-07 0)
(0.0724212 -5.20668e-07 0)
(0.0724214 -5.92936e-07 0)
(0.0724217 -6.67237e-07 0)
(0.072422 -7.49121e-07 0)
(0.0724222 -8.33448e-07 0)
(0.0724225 -9.27096e-07 0)
(0.0724228 -1.02252e-06 0)
(0.0724231 -1.12836e-06 0)
(0.0724201 -3.88004e-08 0)
(0.0724202 -8.01172e-08 0)
(0.0724202 -1.30858e-07 0)
(0.0724203 -1.83219e-07 0)
(0.0724204 -2.36373e-07 0)
(0.0724206 -2.91859e-07 0)
(0.0724207 -3.48411e-07 0)
(0.0724209 -4.08719e-07 0)
(0.0724211 -4.70737e-07 0)
(0.0724214 -5.38172e-07 0)
(0.0724216 -6.07962e-07 0)
(0.0724219 -6.84823e-07 0)
(0.0724222 -7.64236e-07 0)
(0.0724224 -8.51997e-07 0)
(0.0724227 -9.41454e-07 0)
(0.072423 -1.03985e-06 0)
(0.0724202 -3.43329e-08 0)
(0.0724202 -7.17821e-08 0)
(0.0724202 -1.17404e-07 0)
(0.0724203 -1.64696e-07 0)
(0.0724204 -2.13011e-07 0)
(0.0724206 -2.63775e-07 0)
(0.0724207 -3.15923e-07 0)
(0.0724209 -3.71848e-07 0)
(0.0724211 -4.29772e-07 0)
(0.0724213 -4.92908e-07 0)
(0.0724216 -5.58565e-07 0)
(0.0724218 -6.3076e-07 0)
(0.0724221 -7.05504e-07 0)
(0.0724223 -7.87682e-07 0)
(0.0724226 -8.71438e-07 0)
(0.0724229 -9.62838e-07 0)
(0.0724202 -3.07569e-08 0)
(0.0724202 -6.51225e-08 0)
(0.0724203 -1.06639e-07 0)
(0.0724203 -1.49837e-07 0)
(0.0724204 -1.9421e-07 0)
(0.0724206 -2.41073e-07 0)
(0.0724207 -2.89521e-07 0)
(0.0724209 -3.41685e-07 0)
(0.0724211 -3.96006e-07 0)
(0.0724213 -4.55279e-07 0)
(0.0724215 -5.17119e-07 0)
(0.0724218 -5.84963e-07 0)
(0.072422 -6.55268e-07 0)
(0.0724223 -7.32169e-07 0)
(0.0724225 -8.105e-07 0)
(0.0724228 -8.9535e-07 0)
(0.0724202 -2.79e-08 0)
(0.0724202 -5.97969e-08 0)
(0.0724203 -9.80127e-08 0)
(0.0724203 -1.37893e-07 0)
(0.0724204 -1.79036e-07 0)
(0.0724206 -2.22649e-07 0)
(0.0724207 -2.67956e-07 0)
(0.0724209 -3.16855e-07 0)
(0.072421 -3.6797e-07 0)
(0.0724213 -4.23739e-07 0)
(0.0724215 -4.82033e-07 0)
(0.0724217 -5.45805e-07 0)
(0.0724219 -6.119e-07 0)
(0.0724222 -6.83824e-07 0)
(0.0724224 -7.57023e-07 0)
(0.0724227 -8.35775e-07 0)
(0.0724202 -2.56157e-08 0)
(0.0724202 -5.55198e-08 0)
(0.0724203 -9.10681e-08 0)
(0.0724203 -1.2824e-07 0)
(0.0724204 -1.66711e-07 0)
(0.0724205 -2.07586e-07 0)
(0.0724207 -2.50193e-07 0)
(0.0724208 -2.96224e-07 0)
(0.072421 -3.44454e-07 0)
(0.0724212 -3.97015e-07 0)
(0.0724214 -4.52002e-07 0)
(0.0724216 -5.11956e-07 0)
(0.0724219 -5.74061e-07 0)
(0.0724221 -6.41303e-07 0)
(0.0724224 -7.09659e-07 0)
(0.0724226 -7.82744e-07 0)
(0.0724202 -2.37815e-08 0)
(0.0724202 -5.20554e-08 0)
(0.0724203 -8.54265e-08 0)
(0.0724203 -1.20362e-07 0)
(0.0724204 -1.56597e-07 0)
(0.0724205 -1.95133e-07 0)
(0.0724207 -2.35386e-07 0)
(0.0724208 -2.78862e-07 0)
(0.072421 -3.24469e-07 0)
(0.0724212 -3.74073e-07 0)
(0.0724214 -4.25961e-07 0)
(0.0724216 -4.82333e-07 0)
(0.0724218 -5.40666e-07 0)
(0.072422 -6.03515e-07 0)
(0.0724223 -6.67323e-07 0)
(0.0724225 -7.3516e-07 0)
(0.0724202 -2.22961e-08 0)
(0.0724202 -4.92108e-08 0)
(0.0724203 -8.07789e-08 0)
(0.0724203 -1.13839e-07 0)
(0.0724204 -1.4817e-07 0)
(0.0724205 -1.84676e-07 0)
(0.0724207 -2.22844e-07 0)
(0.0724208 -2.64018e-07 0)
(0.072421 -3.07214e-07 0)
(0.0724212 -3.54073e-07 0)
(0.0724213 -4.03051e-07 0)
(0.0724215 -4.56058e-07 0)
(0.0724218 -5.1083e-07 0)
(0.072422 -5.69569e-07 0)
(0.0724222 -6.29119e-07 0)
(0.0724225 -6.92112e-07 0)
(0.0724202 -2.10768e-08 0)
(0.0724202 -4.68303e-08 0)
(0.0724203 -7.68762e-08 0)
(0.0724203 -1.08334e-07 0)
(0.0724204 -1.41012e-07 0)
(0.0724205 -1.75724e-07 0)
(0.0724206 -2.12017e-07 0)
(0.0724208 -2.51087e-07 0)
(0.0724209 -2.92048e-07 0)
(0.0724211 -3.36346e-07 0)
(0.0724213 -3.82582e-07 0)
(0.0724215 -4.32427e-07 0)
(0.0724217 -4.83842e-07 0)
(0.0724219 -5.38739e-07 0)
(0.0724222 -5.94311e-07 0)
(0.0724224 -6.52834e-07 0)
(0.0724202 -2.00569e-08 0)
(0.0724202 -4.47901e-08 0)
(0.0724203 -7.35199e-08 0)
(0.0724203 -1.03577e-07 0)
(0.0724204 -1.34788e-07 0)
(0.0724205 -1.67886e-07 0)
(0.0724206 -2.02464e-07 0)
(0.0724208 -2.3959e-07 0)
(0.0724209 -2.7846e-07 0)
(0.0724211 -3.20355e-07 0)
(0.0724213 -3.64003e-07 0)
(0.0724215 -4.10875e-07 0)
(0.0724217 -4.59128e-07 0)
(0.0724219 -5.10436e-07 0)
(0.0724221 -5.62298e-07 0)
(0.0724223 -6.16699e-07 0)
(0.0724202 -1.9183e-08 0)
(0.0724202 -4.29926e-08 0)
(0.0724203 -7.0554e-08 0)
(0.0724203 -9.93559e-08 0)
(0.0724204 -1.29237e-07 0)
(0.0724205 -1.60854e-07 0)
(0.0724206 -1.93841e-07 0)
(0.0724207 -2.29151e-07 0)
(0.0724209 -2.66052e-07 0)
(0.0724211 -3.05682e-07 0)
(0.0724212 -3.46881e-07 0)
(0.0724214 -3.90954e-07 0)
(0.0724216 -4.36229e-07 0)
(0.0724218 -4.84185e-07 0)
(0.072422 -5.32583e-07 0)
(0.0724223 -5.83176e-07 0)
(0.0724202 -1.84133e-08 0)
(0.0724202 -4.13624e-08 0)
(0.0724203 -6.78579e-08 0)
(0.0724203 -9.55072e-08 0)
(0.0724204 -1.24156e-07 0)
(0.0724205 -1.54393e-07 0)
(0.0724206 -1.85882e-07 0)
(0.0724207 -2.19479e-07 0)
(0.0724209 -2.54513e-07 0)
(0.072421 -2.92e-07 0)
(0.0724212 -3.30879e-07 0)
(0.0724214 -3.72315e-07 0)
(0.0724216 -4.14786e-07 0)
(0.0724218 -4.59614e-07 0)
(0.072422 -5.04781e-07 0)
(0.0724222 -5.51861e-07 0)
(0.0724202 -1.77154e-08 0)
(0.0724202 -3.98421e-08 0)
(0.0724203 -6.53399e-08 0)
(0.0724203 -9.19065e-08 0)
(0.0724204 -1.19392e-07 0)
(0.0724205 -1.4832e-07 0)
(0.0724206 -1.78385e-07 0)
(0.0724207 -2.10353e-07 0)
(0.0724209 -2.43608e-07 0)
(0.072421 -2.79061e-07 0)
(0.0724212 -3.15738e-07 0)
(0.0724214 -3.54687e-07 0)
(0.0724215 -3.94517e-07 0)
(0.0724217 -4.36423e-07 0)
(0.072422 -4.78579e-07 0)
(0.0724222 -5.22414e-07 0)
(0.0724202 -1.70646e-08 0)
(0.0724202 -3.83891e-08 0)
(0.0724203 -6.29319e-08 0)
(0.0724203 -8.84616e-08 0)
(0.0724204 -1.14829e-07 0)
(0.0724205 -1.42503e-07 0)
(0.0724206 -1.712e-07 0)
(0.0724207 -2.01608e-07 0)
(0.0724208 -2.33159e-07 0)
(0.072421 -2.66676e-07 0)
(0.0724211 -3.0126e-07 0)
(0.0724213 -3.37863e-07 0)
(0.0724215 -3.75207e-07 0)
(0.0724217 -4.14383e-07 0)
(0.0724219 -4.53729e-07 0)
(0.0724221 -4.94562e-07 0)
(0.0724202 -1.64428e-08 0)
(0.0724202 -3.69726e-08 0)
(0.0724202 -6.05847e-08 0)
(0.0724203 -8.51055e-08 0)
(0.0724204 -1.10386e-07 0)
(0.0724205 -1.36844e-07 0)
(0.0724206 -1.64217e-07 0)
(0.0724207 -1.93124e-07 0)
(0.0724208 -2.23038e-07 0)
(0.072421 -2.54708e-07 0)
(0.0724211 -2.873e-07 0)
(0.0724213 -3.21687e-07 0)
(0.0724215 -3.56688e-07 0)
(0.0724217 -3.93313e-07 0)
(0.0724219 -4.30038e-07 0)
(0.0724221 -4.68094e-07 0)
(0.0724202 -1.58365e-08 0)
(0.0724202 -3.55714e-08 0)
(0.0724202 -5.82642e-08 0)
(0.0724203 -8.17923e-08 0)
(0.0724204 -1.06006e-07 0)
(0.0724204 -1.31277e-07 0)
(0.0724205 -1.57361e-07 0)
(0.0724207 -1.84817e-07 0)
(0.0724208 -2.13155e-07 0)
(0.0724209 -2.4306e-07 0)
(0.0724211 -2.73754e-07 0)
(0.0724213 -3.06046e-07 0)
(0.0724214 -3.38839e-07 0)
(0.0724216 -3.73077e-07 0)
(0.0724218 -4.07354e-07 0)
(0.0724221 -4.42836e-07 0)
(0.0724202 -1.52368e-08 0)
(0.0724202 -3.41716e-08 0)
(0.0724202 -5.59486e-08 0)
(0.0724203 -7.84918e-08 0)
(0.0724203 -1.0165e-07 0)
(0.0724204 -1.25757e-07 0)
(0.0724205 -1.50581e-07 0)
(0.0724206 -1.7663e-07 0)
(0.0724208 -2.03448e-07 0)
(0.0724209 -2.31662e-07 0)
(0.0724211 -2.60547e-07 0)
(0.0724212 -2.90857e-07 0)
(0.0724214 -3.21567e-07 0)
(0.0724216 -3.53571e-07 0)
(0.0724218 -3.85561e-07 0)
(0.072422 -4.18653e-07 0)
(0.0724202 -1.46377e-08 0)
(0.0724202 -3.27653e-08 0)
(0.0724202 -5.36249e-08 0)
(0.0724203 -7.51866e-08 0)
(0.0724203 -9.72985e-08 0)
(0.0724204 -1.20259e-07 0)
(0.0724205 -1.43848e-07 0)
(0.0724206 -1.68531e-07 0)
(0.0724208 -1.93879e-07 0)
(0.0724209 -2.20472e-07 0)
(0.0724211 -2.47631e-07 0)
(0.0724212 -2.76063e-07 0)
(0.0724214 -3.04809e-07 0)
(0.0724216 -3.34721e-07 0)
(0.0724218 -3.64573e-07 0)
(0.072422 -3.95447e-07 0)
(0.0724202 -1.40357e-08 0)
(0.0724202 -3.13491e-08 0)
(0.0724202 -5.12879e-08 0)
(0.0724203 -7.18693e-08 0)
(0.0724203 -9.29406e-08 0)
(0.0724204 -1.1477e-07 0)
(0.0724205 -1.37149e-07 0)
(0.0724206 -1.60502e-07 0)
(0.0724207 -1.84428e-07 0)
(0.0724209 -2.09465e-07 0)
(0.072421 -2.34975e-07 0)
(0.0724212 -2.61628e-07 0)
(0.0724214 -2.88519e-07 0)
(0.0724216 -3.16468e-07 0)
(0.0724218 -3.4432e-07 0)
(0.072422 -3.73129e-07 0)
(0.0724202 -1.34295e-08 0)
(0.0724202 -2.99233e-08 0)
(0.0724202 -4.89377e-08 0)
(0.0724202 -6.85398e-08 0)
(0.0724203 -8.85766e-08 0)
(0.0724204 -1.09289e-07 0)
(0.0724205 -1.3048e-07 0)
(0.0724206 -1.5254e-07 0)
(0.0724207 -1.75088e-07 0)
(0.0724209 -1.98631e-07 0)
(0.072421 -2.22565e-07 0)
(0.0724212 -2.47529e-07 0)
(0.0724214 -2.72667e-07 0)
(0.0724215 -2.98772e-07 0)
(0.0724217 -3.24751e-07 0)
(0.0724219 -3.51638e-07 0)
(0.0724202 -1.2819e-08 0)
(0.0724202 -2.84905e-08 0)
(0.0724202 -4.65788e-08 0)
(0.0724202 -6.5204e-08 0)
(0.0724203 -8.42135e-08 0)
(0.0724204 -1.03825e-07 0)
(0.0724205 -1.23851e-07 0)
(0.0724206 -1.4465e-07 0)
(0.0724207 -1.65865e-07 0)
(0.0724208 -1.87971e-07 0)
(0.072421 -2.10396e-07 0)
(0.0724212 -2.33755e-07 0)
(0.0724213 -2.57231e-07 0)
(0.0724215 -2.81602e-07 0)
(0.0724217 -3.05819e-07 0)
(0.0724219 -3.30908e-07 0)
(0.0724201 -1.22055e-08 0)
(0.0724201 -2.70558e-08 0)
(0.0724202 -4.42192e-08 0)
(0.0724202 -6.18725e-08 0)
(0.0724203 -7.9864e-08 0)
(0.0724204 -9.83919e-08 0)
(0.0724205 -1.17275e-07 0)
(0.0724206 -1.36848e-07 0)
(0.0724207 -1.56771e-07 0)
(0.0724208 -1.77494e-07 0)
(0.072421 -1.98475e-07 0)
(0.0724211 -2.20305e-07 0)
(0.0724213 -2.42205e-07 0)
(0.0724215 -2.64939e-07 0)
(0.0724217 -2.87498e-07 0)
(0.0724219 -3.10902e-07 0)
(0.0724201 -1.15912e-08 0)
(0.0724201 -2.56258e-08 0)
(0.0724202 -4.18693e-08 0)
(0.0724202 -5.85593e-08 0)
(0.0724203 -7.55455e-08 0)
(0.0724204 -9.30082e-08 0)
(0.0724205 -1.10774e-07 0)
(0.0724206 -1.29154e-07 0)
(0.0724207 -1.47827e-07 0)
(0.0724208 -1.67219e-07 0)
(0.072421 -1.86814e-07 0)
(0.0724211 -2.07187e-07 0)
(0.0724213 -2.2759e-07 0)
(0.0724215 -2.48776e-07 0)
(0.0724217 -2.6977e-07 0)
(0.0724219 -2.91593e-07 0)
(0.0724201 -1.09788e-08 0)
(0.0724201 -2.42085e-08 0)
(0.0724202 -3.95419e-08 0)
(0.0724202 -5.52816e-08 0)
(0.0724203 -7.12787e-08 0)
(0.0724204 -8.76983e-08 0)
(0.0724204 -1.04374e-07 0)
(0.0724206 -1.21596e-07 0)
(0.0724207 -1.39058e-07 0)
(0.0724208 -1.57169e-07 0)
(0.072421 -1.75435e-07 0)
(0.0724211 -1.94417e-07 0)
(0.0724213 -2.13394e-07 0)
(0.0724215 -2.33115e-07 0)
(0.0724217 -2.52628e-07 0)
(0.0724219 -2.72963e-07 0)
(0.0724201 -1.03718e-08 0)
(0.0724201 -2.2813e-08 0)
(0.0724202 -3.72517e-08 0)
(0.0724202 -5.20589e-08 0)
(0.0724203 -6.70879e-08 0)
(0.0724203 -8.249e-08 0)
(0.0724204 -9.81046e-08 0)
(0.0724205 -1.14204e-07 0)
(0.0724207 -1.30498e-07 0)
(0.0724208 -1.47375e-07 0)
(0.0724209 -1.64367e-07 0)
(0.0724211 -1.82018e-07 0)
(0.0724213 -1.99635e-07 0)
(0.0724215 -2.17965e-07 0)
(0.0724216 -2.36075e-07 0)
(0.0724218 -2.55007e-07 0)
(0.0724201 -9.77413e-09 0)
(0.0724201 -2.14493e-08 0)
(0.0724202 -3.50145e-08 0)
(0.0724202 -4.89129e-08 0)
(0.0724203 -6.3e-08 0)
(0.0724203 -7.74144e-08 0)
(0.0724204 -9.20013e-08 0)
(0.0724205 -1.07016e-07 0)
(0.0724207 -1.22183e-07 0)
(0.0724208 -1.37874e-07 0)
(0.0724209 -1.53642e-07 0)
(0.0724211 -1.7002e-07 0)
(0.0724213 -1.86339e-07 0)
(0.0724214 -2.03344e-07 0)
(0.0724216 -2.20121e-07 0)
(0.0724218 -2.37727e-07 0)
(0.0724201 -9.19006e-09 0)
(0.0724201 -2.01285e-08 0)
(0.0724202 -3.28482e-08 0)
(0.0724202 -4.58678e-08 0)
(0.0724203 -5.90447e-08 0)
(0.0724203 -7.25063e-08 0)
(0.0724204 -8.61027e-08 0)
(0.0724205 -1.00074e-07 0)
(0.0724206 -1.14157e-07 0)
(0.0724208 -1.28708e-07 0)
(0.0724209 -1.43303e-07 0)
(0.0724211 -1.58461e-07 0)
(0.0724212 -1.73538e-07 0)
(0.0724214 -1.8928e-07 0)
(0.0724216 -2.04785e-07 0)
(0.0724218 -2.21135e-07 0)
(0.0724201 -8.62432e-09 0)
(0.0724201 -1.88621e-08 0)
(0.0724202 -3.07714e-08 0)
(0.0724202 -4.29489e-08 0)
(0.0724203 -5.5254e-08 0)
(0.0724203 -6.78033e-08 0)
(0.0724204 -8.04513e-08 0)
(0.0724205 -9.34238e-08 0)
(0.0724206 -1.06469e-07 0)
(0.0724208 -1.19929e-07 0)
(0.0724209 -1.33399e-07 0)
(0.0724211 -1.47388e-07 0)
(0.0724212 -1.61275e-07 0)
(0.0724214 -1.75808e-07 0)
(0.0724216 -1.90099e-07 0)
(0.0724218 -2.05256e-07 0)
(0.0724201 -8.08189e-09 0)
(0.0724201 -1.76623e-08 0)
(0.0724201 -2.88039e-08 0)
(0.0724202 -4.01835e-08 0)
(0.0724203 -5.16621e-08 0)
(0.0724203 -6.33463e-08 0)
(0.0724204 -7.50938e-08 0)
(0.0724205 -8.71168e-08 0)
(0.0724206 -9.9174e-08 0)
(0.0724208 -1.11593e-07 0)
(0.0724209 -1.23989e-07 0)
(0.0724211 -1.36858e-07 0)
(0.0724212 -1.49604e-07 0)
(0.0724214 -1.62977e-07 0)
(0.0724216 -1.76103e-07 0)
(0.0724218 -1.90121e-07 0)
(0.0724201 -7.56804e-09 0)
(0.0724201 -1.65418e-08 0)
(0.0724201 -2.69661e-08 0)
(0.0724202 -3.75997e-08 0)
(0.0724203 -4.83047e-08 0)
(0.0724203 -5.91782e-08 0)
(0.0724204 -7.00797e-08 0)
(0.0724205 -8.12089e-08 0)
(0.0724206 -9.23326e-08 0)
(0.0724208 -1.03765e-07 0)
(0.0724209 -1.15138e-07 0)
(0.0724211 -1.26935e-07 0)
(0.0724212 -1.3859e-07 0)
(0.0724214 -1.50846e-07 0)
(0.0724216 -1.62852e-07 0)
(0.0724218 -1.75781e-07 0)
(0.0724201 -7.08813e-09 0)
(0.0724201 -1.55131e-08 0)
(0.0724201 -2.52784e-08 0)
(0.0724202 -3.5226e-08 0)
(0.0724202 -4.52184e-08 0)
(0.0724203 -5.53434e-08 0)
(0.0724204 -6.54615e-08 0)
(0.0724205 -7.576e-08 0)
(0.0724206 -8.60118e-08 0)
(0.0724208 -9.65168e-08 0)
(0.0724209 -1.06924e-07 0)
(0.0724211 -1.177e-07 0)
(0.0724212 -1.28308e-07 0)
(0.0724214 -1.39486e-07 0)
(0.0724216 -1.5041e-07 0)
(0.0724218 -1.62288e-07 0)
(0.0724201 -6.64757e-09 0)
(0.0724201 -1.45885e-08 0)
(0.0724201 -2.37611e-08 0)
(0.0724202 -3.30906e-08 0)
(0.0724202 -4.24397e-08 0)
(0.0724203 -5.18872e-08 0)
(0.0724204 -6.1293e-08 0)
(0.0724205 -7.08329e-08 0)
(0.0724206 -8.02832e-08 0)
(0.0724208 -8.99295e-08 0)
(0.0724209 -9.94341e-08 0)
(0.072421 -1.09245e-07 0)
(0.0724212 -1.18857e-07 0)
(0.0724214 -1.28992e-07 0)
(0.0724216 -1.38865e-07 0)
(0.0724218 -1.49719e-07 0)
(0.0724201 -6.25162e-09 0)
(0.0724201 -1.37794e-08 0)
(0.0724201 -2.24327e-08 0)
(0.0724202 -3.12199e-08 0)
(0.0724202 -4.00032e-08 0)
(0.0724203 -4.88529e-08 0)
(0.0724204 -5.76274e-08 0)
(0.0724205 -6.64912e-08 0)
(0.0724206 -7.52213e-08 0)
(0.0724207 -8.40892e-08 0)
(0.0724209 -9.27657e-08 0)
(0.072421 -1.01678e-07 0)
(0.0724212 -1.1035e-07 0)
(0.0724214 -1.19479e-07 0)
(0.0724216 -1.28334e-07 0)
(0.0724218 -1.38183e-07 0)
(0.0724201 -5.90514e-09 0)
(0.0724201 -1.30956e-08 0)
(0.0724201 -2.13098e-08 0)
(0.0724202 -2.96374e-08 0)
(0.0724202 -3.79401e-08 0)
(0.0724203 -4.62804e-08 0)
(0.0724204 -5.45143e-08 0)
(0.0724205 -6.27959e-08 0)
(0.0724206 -7.09004e-08 0)
(0.0724207 -7.90849e-08 0)
(0.0724209 -8.70237e-08 0)
(0.072421 -9.51199e-08 0)
(0.0724212 -1.02921e-07 0)
(0.0724214 -1.11089e-07 0)
(0.0724216 -1.18956e-07 0)
(0.0724218 -1.278e-07 0)
(0.0724201 -5.61236e-09 0)
(0.0724201 -1.25444e-08 0)
(0.0724201 -2.04041e-08 0)
(0.0724202 -2.83604e-08 0)
(0.0724202 -3.62739e-08 0)
(0.0724203 -4.42006e-08 0)
(0.0724204 -5.19937e-08 0)
(0.0724205 -5.97982e-08 0)
(0.0724206 -6.73857e-08 0)
(0.0724207 -7.49999e-08 0)
(0.0724209 -8.23121e-08 0)
(0.072421 -8.97001e-08 0)
(0.0724212 -9.67225e-08 0)
(0.0724214 -1.03991e-07 0)
(0.0724216 -1.10905e-07 0)
(0.0724218 -1.18712e-07 0)
(0.0724201 -5.37634e-09 0)
(0.0724201 -1.21284e-08 0)
(0.0724201 -1.97206e-08 0)
(0.0724202 -2.73962e-08 0)
(0.0724202 -3.5015e-08 0)
(0.0724203 -4.26282e-08 0)
(0.0724204 -5.00863e-08 0)
(0.0724205 -5.75276e-08 0)
(0.0724206 -6.47194e-08 0)
(0.0724207 -7.18947e-08 0)
(0.0724209 -7.87179e-08 0)
(0.072421 -8.55429e-08 0)
(0.0724212 -9.19241e-08 0)
(0.0724214 -9.84123e-08 0)
(0.0724216 -1.04451e-07 0)
(0.0724218 -1.11204e-07 0)
(0.0724201 -5.19825e-09 0)
(0.0724201 -1.18499e-08 0)
(0.0724201 -1.92629e-08 0)
(0.0724202 -2.67501e-08 0)
(0.0724202 -3.41714e-08 0)
(0.0724203 -4.15743e-08 0)
(0.0724204 -4.8808e-08 0)
(0.0724205 -5.60066e-08 0)
(0.0724206 -6.2935e-08 0)
(0.0724207 -6.982e-08 0)
(0.0724209 -7.63209e-08 0)
(0.072421 -8.27769e-08 0)
(0.0724212 -8.87316e-08 0)
(0.0724214 -9.46852e-08 0)
(0.0724216 -1.00088e-07 0)
(0.0724218 -1.05957e-07 0)
(0.0724201 -5.07902e-09 0)
(0.0724201 -1.1719e-08 0)
(0.0724201 -1.90478e-08 0)
(0.0724202 -2.64464e-08 0)
(0.0724202 -3.37746e-08 0)
(0.0724203 -4.10788e-08 0)
(0.0724204 -4.82075e-08 0)
(0.0724205 -5.52935e-08 0)
(0.0724206 -6.21016e-08 0)
(0.0724207 -6.88574e-08 0)
(0.0724209 -7.522e-08 0)
(0.072421 -8.15268e-08 0)
(0.0724212 -8.7319e-08 0)
(0.0724214 -9.30786e-08 0)
(0.0724216 -9.82408e-08 0)
(0.0724217 -1.0364e-07 0)
(0.0724201 -5.02301e-09 0)
(0.0724201 -1.1719e-08 0)
(0.0724201 -1.90477e-08 0)
(0.0724202 -2.64463e-08 0)
(0.0724202 -3.37745e-08 0)
(0.0724203 -4.10786e-08 0)
(0.0724204 -4.82073e-08 0)
(0.0724205 -5.52933e-08 0)
(0.0724206 -6.21014e-08 0)
(0.0724207 -6.88572e-08 0)
(0.0724209 -7.52198e-08 0)
(0.072421 -8.15265e-08 0)
(0.0724212 -8.73187e-08 0)
(0.0724214 -9.30783e-08 0)
(0.0724216 -9.82404e-08 0)
(0.0724217 -1.03639e-07 0)
(0.0724201 -5.02299e-09 0)
(0.0724201 -1.1719e-08 0)
(0.0724201 -1.90477e-08 0)
(0.0724202 -2.64463e-08 0)
(0.0724202 -3.37745e-08 0)
(0.0724203 -4.10786e-08 0)
(0.0724204 -4.82073e-08 0)
(0.0724205 -5.52933e-08 0)
(0.0724206 -6.21014e-08 0)
(0.0724207 -6.88572e-08 0)
(0.0724209 -7.52198e-08 0)
(0.072421 -8.15265e-08 0)
(0.0724212 -8.73187e-08 0)
(0.0724214 -9.30783e-08 0)
(0.0724216 -9.82404e-08 0)
(0.0724217 -1.03639e-07 0)
(0.0724201 -5.02299e-09 0)
(0.0724201 -1.1719e-08 0)
(0.0724201 -1.90477e-08 0)
(0.0724202 -2.64463e-08 0)
(0.0724202 -3.37745e-08 0)
(0.0724203 -4.10786e-08 0)
(0.0724204 -4.82073e-08 0)
(0.0724205 -5.52933e-08 0)
(0.0724206 -6.21014e-08 0)
(0.0724207 -6.88572e-08 0)
(0.0724209 -7.52198e-08 0)
(0.072421 -8.15265e-08 0)
(0.0724212 -8.73187e-08 0)
(0.0724214 -9.30783e-08 0)
(0.0724216 -9.82404e-08 0)
(0.0724217 -1.03639e-07 0)
(0.0724201 -5.02299e-09 0)
)
;

boundaryField
{
    wireUpstream
    {
        type            calculated;
        value           nonuniform List<vector> 
16
(
(0.0724201 0 0)
(0.0724201 0 0)
(0.0724202 0 0)
(0.0724202 0 0)
(0.0724203 0 0)
(0.0724204 0 0)
(0.0724205 0 0)
(0.0724206 0 0)
(0.0724207 0 0)
(0.0724209 0 0)
(0.072421 0 0)
(0.0724212 0 0)
(0.0724214 0 0)
(0.0724215 0 0)
(0.0724217 0 0)
(0.0724201 0 0)
)
;
    }
    wireDownstream
    {
        type            calculated;
        value           nonuniform List<vector> 
16
(
(0.0727266 -3.69422e-06 0)
(0.0727263 -6.00924e-06 0)
(0.0727257 -8.35157e-06 0)
(0.072725 -1.06897e-05 0)
(0.0727242 -1.30286e-05 0)
(0.0727233 -1.53501e-05 0)
(0.0727223 -1.76703e-05 0)
(0.0727212 -1.99649e-05 0)
(0.0727201 -2.22544e-05 0)
(0.072719 -2.4514e-05 0)
(0.0727179 -2.67597e-05 0)
(0.0727171 -2.89691e-05 0)
(0.0727164 -3.11448e-05 0)
(0.072716 -3.32857e-05 0)
(0.0727159 -3.53985e-05 0)
(0.0727268 -1.58318e-06 0)
)
;
    }
    wireTopContact
    {
        type            calculated;
        value           nonuniform List<vector> 
122
(
(0.0727111 -3.64431e-05 5.25131e-13)
(0.0727064 -3.64441e-05 5.25145e-13)
(0.0727016 -3.64459e-05 5.25173e-13)
(0.0726969 -3.64484e-05 5.25211e-13)
(0.0726921 -3.64514e-05 5.25254e-13)
(0.0726874 -3.64545e-05 5.25301e-13)
(0.0726826 -3.64578e-05 5.2535e-13)
(0.0726779 -3.64611e-05 5.25398e-13)
(0.0726731 -3.64644e-05 5.25447e-13)
(0.0726684 -3.64676e-05 5.25494e-13)
(0.0726636 -3.64707e-05 5.2554e-13)
(0.0726589 -3.64739e-05 5.25586e-13)
(0.0726541 -3.64769e-05 5.25631e-13)
(0.0726494 -3.64799e-05 5.25675e-13)
(0.0726446 -3.64828e-05 5.25717e-13)
(0.0726399 -3.64856e-05 5.25758e-13)
(0.0726351 -3.64883e-05 5.25797e-13)
(0.0726303 -3.64908e-05 5.25834e-13)
(0.0726256 -3.64933e-05 5.2587e-13)
(0.0726208 -3.64957e-05 5.25904e-13)
(0.0726161 -3.6498e-05 5.25937e-13)
(0.0726113 -3.65002e-05 5.25969e-13)
(0.0726066 -3.65025e-05 5.26002e-13)
(0.0726018 -3.65049e-05 5.26036e-13)
(0.072597 -3.65075e-05 5.26072e-13)
(0.0725923 -3.65103e-05 5.26113e-13)
(0.0725875 -3.65137e-05 5.2616e-13)
(0.0725828 -3.65177e-05 5.26217e-13)
(0.072578 -3.65226e-05 5.26288e-13)
(0.0725732 -3.65288e-05 5.26378e-13)
(0.0725684 -3.65367e-05 5.26492e-13)
(0.0725637 -3.65467e-05 5.2664e-13)
(0.0725589 -3.65596e-05 5.26828e-13)
(0.0725541 -3.65762e-05 5.27071e-13)
(0.0725493 -3.65973e-05 5.27381e-13)
(0.0725445 -3.66242e-05 5.27778e-13)
(0.0725397 -3.66585e-05 5.28283e-13)
(0.0725349 -3.67022e-05 5.28928e-13)
(0.0725301 -3.67576e-05 5.29747e-13)
(0.0725253 -3.68273e-05 5.30773e-13)
(0.0725205 -3.69163e-05 5.32088e-13)
(0.0725157 -3.70374e-05 5.33926e-13)
(0.0725109 -3.72094e-05 5.36453e-13)
(0.0725061 -3.74202e-05 5.39515e-13)
(0.0725013 -3.76465e-05 5.42835e-13)
(0.0724965 -3.78772e-05 5.46205e-13)
(0.0724918 -3.81017e-05 5.49493e-13)
(0.072487 -3.83056e-05 5.52561e-13)
(0.0724824 -3.84643e-05 5.55082e-13)
(0.0724777 -3.8538e-05 5.56489e-13)
(0.0724733 -3.84663e-05 5.55844e-13)
(0.072469 -3.81769e-05 5.51942e-13)
(0.0724649 -3.76035e-05 5.43769e-13)
(0.0724611 -3.67069e-05 5.30729e-13)
(0.0724575 -3.54788e-05 5.12658e-13)
(0.0724541 -3.39297e-05 4.89737e-13)
(0.0724509 -3.20846e-05 4.62397e-13)
(0.0724479 -2.99819e-05 4.31267e-13)
(0.0724452 -2.76708e-05 3.9713e-13)
(0.0724426 -2.52085e-05 3.60884e-13)
(0.0724402 -2.26576e-05 3.23485e-13)
(0.0724381 -2.00823e-05 2.85904e-13)
(0.0724361 -1.75466e-05 2.49074e-13)
(0.0724342 -1.511e-05 2.1385e-13)
(0.0724325 -1.28251e-05 1.80975e-13)
(0.072431 -1.0736e-05 1.51044e-13)
(0.0724297 -8.8743e-06 1.24476e-13)
(0.0724285 -7.25853e-06 1.01496e-13)
(0.0724275 -5.8945e-06 8.21648e-14)
(0.0724266 -4.77914e-06 6.64536e-14)
(0.0724259 -3.90441e-06 5.42436e-14)
(0.0724254 -3.24997e-06 4.52177e-14)
(0.072425 -2.77333e-06 3.88458e-14)
(0.0724247 -2.42082e-06 3.42553e-14)
(0.0724244 -2.14692e-06 3.03382e-14)
(0.0724242 -1.91634e-06 2.70412e-14)
(0.072424 -1.72018e-06 2.42789e-14)
(0.0724238 -1.5529e-06 2.19223e-14)
(0.0724236 -1.40967e-06 1.99095e-14)
(0.0724234 -1.2866e-06 1.81801e-14)
(0.0724233 -1.18034e-06 1.66884e-14)
(0.0724231 -1.08815e-06 1.53944e-14)
(0.072423 -1.00767e-06 1.42654e-14)
(0.0724229 -9.36951e-07 1.32737e-14)
(0.0724228 -8.74377e-07 1.23962e-14)
(0.0724227 -8.18562e-07 1.16138e-14)
(0.0724226 -7.68404e-07 1.09107e-14)
(0.0724226 -7.22982e-07 1.0274e-14)
(0.0724225 -6.81514e-07 9.69277e-15)
(0.0724224 -6.43365e-07 9.15784e-15)
(0.0724224 -6.07979e-07 8.66176e-15)
(0.0724223 -5.74946e-07 8.19852e-15)
(0.0724223 -5.43912e-07 7.7632e-15)
(0.0724222 -5.14592e-07 7.35188e-15)
(0.0724222 -4.86767e-07 6.96138e-15)
(0.0724222 -4.6025e-07 6.58916e-15)
(0.0724221 -4.34897e-07 6.23324e-15)
(0.0724221 -4.10605e-07 5.89206e-15)
(0.0724221 -3.87275e-07 5.56441e-15)
(0.072422 -3.64844e-07 5.2492e-15)
(0.072422 -3.43232e-07 4.94553e-15)
(0.072422 -3.22399e-07 4.65276e-15)
(0.072422 -3.02314e-07 4.37044e-15)
(0.072422 -2.82952e-07 4.09827e-15)
(0.072422 -2.64307e-07 3.83613e-15)
(0.0724219 -2.46376e-07 3.584e-15)
(0.0724219 -2.29166e-07 3.34201e-15)
(0.0724219 -2.12701e-07 3.11043e-15)
(0.0724219 -1.97007e-07 2.88973e-15)
(0.0724219 -1.82133e-07 2.68048e-15)
(0.0724219 -1.68126e-07 2.4834e-15)
(0.0724219 -1.55058e-07 2.29954e-15)
(0.0724219 -1.43032e-07 2.13036e-15)
(0.0724219 -1.32163e-07 1.97741e-15)
(0.0724219 -1.22581e-07 1.84226e-15)
(0.0724219 -1.1456e-07 1.72996e-15)
(0.0724218 -1.08858e-07 1.65209e-15)
(0.0724218 -1.06217e-07 1.6216e-15)
(0.0724218 -1.06024e-07 1.63172e-15)
(0.0724218 -1.06024e-07 1.63172e-15)
(0.0724218 -1.06024e-07 1.63172e-15)
(0.0727159 -3.64435e-05 5.25137e-13)
)
;
    }
    front
    {
        type            wedge;
    }
    back
    {
        type            wedge;
    }
}


// ************************************************************************* //
