
                    FoamFile
                    {
                         version   2.0;
                         format    ascii;
                         class     scalarField;
                         object    values;
                    }
                    //***********************************************************************// //

                    244
(
1486518.31080256
1486518.31080256
2144374.750020847
6607246.7775483
11248627.289676212
16087576.90409447
21105791.472633123
26350527.426066153
31804045.63635098
37495637.502064146
43440364.52987294
49635934.78276002
56138850.769609824
62917326.84344442
70047079.84222439
77504731.98091017
85340320.43941489
93581655.60629866
102229439.68289305
111380814.50937846
120988450.34936546
131185214.28636922
141938783.50201154
153341933.70244262
165451856.63219115
178279900.31756374
192010225.90111196
206570131.08717516
222218744.18004483
238912179.70552823
256843980.6048334
276146812.1847918
296864448.2308115
319388401.14390546
343603696.45270735
370071148.6811514
398728041.43768835
430021809.3869537
464262253.04458237
501554304.4173374
542772267.992867
587650463.0492904
637221889.4894474
691098721.0711894
749244650.7460723
810625549.286385
873867016.5349424
936962124.1506621
997846057.0697843
1053940018.1270828
1103747003.1748757
1145409904.2238872
1178040632.9700398
1201826079.378807
1215447044.5143452
1220631751.4348693
1215907760.015607
1202320547.2176108
1178349701.4512844
1142624248.3690934
1094497708.5364442
1025061369.8196344
928540366.5338674
835934528.5823016
740416586.4246602
644778887.232049
549140394.2424979
452344254.7767953
354028062.62953746
254572266.21178758
153667251.77091974
51543181.58744895
36159024.9695059
36159024.9695059
36159024.9695059
36159024.9695059
36159024.9695059
36159024.9695059
36159024.9695059
36159024.9695059
36159024.9695059
36159024.9695059
36159024.9695059
36159024.9695059
36159024.9695059
36159024.9695059
36159024.9695059
36159024.9695059
36159024.9695059
36159024.9695059
36159024.9695059
36159024.9695059
36159024.9695059
36159024.9695059
36159024.9695059
36159024.9695059
36159024.9695059
36159024.9695059
36159024.9695059
36159024.9695059
36159024.9695059
36159024.9695059
36159024.9695059
36159024.9695059
36159024.9695059
36159024.9695059
36159024.9695059
36159024.9695059
36159024.9695059
36159024.9695059
36159024.9695059
36159024.9695059
36159024.9695059
36159024.9695059
36159024.9695059
36159024.9695059
36159024.9695059
36159024.9695059
36159024.9695059
36159024.9695059
36159024.9695059
36159024.9695059
1486518.31080256
1486518.31080256
2144374.750020847
6607246.7775483
11248627.289676212
16087576.90409447
21105791.472633123
26350527.426066153
31804045.63635098
37495637.502064146
43440364.52987294
49635934.78276002
56138850.769609824
62917326.84344442
70047079.84222439
77504731.98091017
85340320.43941489
93581655.60629866
102229439.68289305
111380814.50937846
120988450.34936546
131185214.28636922
141938783.50201154
153341933.70244262
165451856.63219115
178279900.31756374
192010225.90111196
206570131.08717516
222218744.18004483
238912179.70552823
256843980.6048334
276146812.1847918
296864448.2308115
319388401.14390546
343603696.45270735
370071148.6811514
398728041.43768835
430021809.3869537
464262253.04458237
501554304.4173374
542772267.992867
587650463.0492904
637221889.4894474
691098721.0711894
749244650.7460723
810625549.286385
873867016.5349424
936962124.1506621
997846057.0697843
1053940018.1270828
1103747003.1748757
1145409904.2238872
1178040632.9700398
1201826079.378807
1215447044.5143452
1220631751.4348693
1215907760.015607
1202320547.2176108
1178349701.4512844
1142624248.3690934
1094497708.5364442
1025061369.8196344
928540366.5338674
835934528.5823016
740416586.4246602
644778887.232049
549140394.2424979
452344254.7767953
354028062.62953746
254572266.21178758
153667251.77091974
51543181.58744895
36159024.9695059
36159024.9695059
36159024.9695059
36159024.9695059
36159024.9695059
36159024.9695059
36159024.9695059
36159024.9695059
36159024.9695059
36159024.9695059
36159024.9695059
36159024.9695059
36159024.9695059
36159024.9695059
36159024.9695059
36159024.9695059
36159024.9695059
36159024.9695059
36159024.9695059
36159024.9695059
36159024.9695059
36159024.9695059
36159024.9695059
36159024.9695059
36159024.9695059
36159024.9695059
36159024.9695059
36159024.9695059
36159024.9695059
36159024.9695059
36159024.9695059
36159024.9695059
36159024.9695059
36159024.9695059
36159024.9695059
36159024.9695059
36159024.9695059
36159024.9695059
36159024.9695059
36159024.9695059
36159024.9695059
36159024.9695059
36159024.9695059
36159024.9695059
36159024.9695059
36159024.9695059
36159024.9695059
36159024.9695059
36159024.9695059
36159024.9695059
)