
                    FoamFile
                    {
                         version   2.0;
                         format    ascii;
                         class     vectorField;
                         object    values;
                    }
                    //***********************************************************************// //

                    244
(
(-8710073.11601608 38408.1878887401 5.13721402398217e-11)
(-8710073.11601608 38408.1878887401 5.13721402398217e-11)
(-8728090.647335112 36560.058716178566 3.005375089123286e-12)
(-8861088.727406187 30511.201323810965 -1.7486325723866843e-10)
(-9014460.806673644 33385.99535027556 -3.840261225151278e-11)
(-9181592.36421822 35859.609358805705 3.27933802118275e-10)
(-9357161.814909723 37231.405223540714 1.1533063319301277e-09)
(-9540544.156950291 38200.85052459891 6.215516783280413e-10)
(-9730683.938168567 39143.46549952019 2.447610135209451e-10)
(-9928468.927882057 40112.241614624756 -4.901694094255055e-10)
(-10134361.691168342 41119.99372071788 8.821156981563375e-10)
(-10348347.949196141 42161.6858587912 1.3816019003910325e-09)
(-10572193.401502948 43239.47679286539 1.764612266670114e-10)
(-10804838.91365895 44358.98217687836 1.565854941910888e-09)
(-11048728.956405085 45526.08396159271 6.305521639535351e-10)
(-11303036.408129338 46740.85218351227 1.9051445540789592e-09)
(-11569307.374248806 48013.119239239466 -4.358725241378239e-10)
(-11848423.422576435 49346.27937481465 -1.0943820820265518e-09)
(-12140280.585358374 50741.51792853207 -1.961799479273693e-10)
(-12447917.790237498 52209.093808851045 3.431969164011408e-09)
(-12769796.078760337 53750.19382240045 -1.3745105612329074e-09)
(-13109878.744702157 55390.47176184598 2.1655397798083547e-10)
(-13467160.419199042 57122.35005345987 -5.192037339136735e-10)
(-13844329.990916394 58963.20756573342 2.1149434388985997e-09)
(-14242949.658153523 60923.39457069214 -2.2349713968778066e-09)
(-14663352.963090071 63030.97794814597 -6.527832542618079e-09)
(-15110674.6091026 65318.677892706495 4.788072645232989e-09)
(-15582573.713405767 67750.30924401389 4.945511392793075e-09)
(-16086577.8449924 70474.89973919847 -3.1471056564163202e-09)
(-16620613.738545144 73455.12879799407 1.252556635998839e-09)
(-17190121.35963675 76683.18277699588 5.502169352075464e-09)
(-17798403.95824088 80417.14294535558 4.456437295378582e-09)
(-18445188.202869873 84581.66054679957 5.406084843821368e-09)
(-19141306.0750478 89220.77694853934 7.0717358196277235e-09)
(-19882023.518699236 94771.86257085364 3.1307835844886187e-09)
(-20679326.46991627 101067.0387699488 -5.127125538874553e-09)
(-21532096.45034741 108316.73526281184 -3.5919939453131795e-09)
(-22446321.92621696 117390.07843983402 6.38748605413608e-09)
(-23426063.608102005 127434.09675379941 1.7755656099613973e-09)
(-24473119.237209454 139827.4533932701 -1.9755631852156234e-09)
(-25593369.0267175 155490.326009547 -7.873444193148509e-09)
(-26779022.43531981 172399.6881850971 -6.875033694684242e-09)
(-28041262.814061627 195563.16889137606 -3.729532813157003e-09)
(-29350363.29835457 224081.283665757 -3.482810447796416e-09)
(-30694392.97863037 261024.2563904865 -8.633339976517636e-09)
(-31986501.613036208 325984.07684387226 9.706176446022954e-09)
(-33082902.62972458 406696.8831304794 -8.649079913141717e-10)
(-33831074.52584035 510524.62582631566 7.20630783304048e-10)
(-34073346.49837791 620534.3129614679 1.2914520480538346e-09)
(-33692035.00675512 690151.9601290802 1.1011774669033632e-08)
(-32728470.13680418 753497.9031150016 6.761627268457153e-09)
(-31073094.201397628 765130.0910639877 9.484485877474294e-09)
(-28877089.24351209 732869.4342460516 -3.5337575302224805e-10)
(-26214636.780907072 666167.2079533262 -1.9776510096519717e-08)
(-23158907.26541655 555627.802900611 -2.15098685344754e-08)
(-19864237.543942794 420821.52277135244 4.203531208748652e-09)
(-16372824.200964544 268949.78604407446 1.2809782542317397e-08)
(-12686277.07619322 113097.85136201733 -9.25709516768913e-10)
(-8779455.708179472 -41058.870926692034 5.797487958932247e-09)
(-4485993.459257465 -183895.8881307817 6.953728238496266e-09)
(563554.003150118 -309424.817979641 2.7368077332821356e-08)
(6824670.260648141 -392079.60450041865 2.9594959772767587e-09)
(11635692.483142614 -7070.8126746118105 6.047790190750289e-09)
(10997908.190806478 27894.607593181216 9.173891041849918e-09)
(10941165.151860394 46777.09447348624 -8.847732527296561e-10)
(10809802.248868577 72374.662370904 1.5800217616319158e-08)
(10655512.645573335 74625.19335032368 -8.489312101055952e-09)
(10529250.680609044 77545.8370832772 -9.762239694375524e-10)
(10411910.08040625 73701.22034840411 -5.780014458821801e-10)
(10293016.529525701 67988.21070788548 -2.2860892840259062e-09)
(10171077.526450273 60611.57733060507 -6.627858049212329e-10)
(10035425.492409144 84990.99689902128 7.775830663334609e-10)
(10012106.6620696 91707.8365453491 6.60095111391629e-10)
(10012106.6620696 91707.8365453491 6.60095111391629e-10)
(10012106.6620696 91707.8365453491 6.60095111391629e-10)
(10012106.6620696 91707.8365453491 6.60095111391629e-10)
(10012106.6620696 91707.8365453491 6.60095111391629e-10)
(10012106.6620696 91707.8365453491 6.60095111391629e-10)
(10012106.6620696 91707.8365453491 6.60095111391629e-10)
(10012106.6620696 91707.8365453491 6.60095111391629e-10)
(10012106.6620696 91707.8365453491 6.60095111391629e-10)
(10012106.6620696 91707.8365453491 6.60095111391629e-10)
(10012106.6620696 91707.8365453491 6.60095111391629e-10)
(10012106.6620696 91707.8365453491 6.60095111391629e-10)
(10012106.6620696 91707.8365453491 6.60095111391629e-10)
(10012106.6620696 91707.8365453491 6.60095111391629e-10)
(10012106.6620696 91707.8365453491 6.60095111391629e-10)
(10012106.6620696 91707.8365453491 6.60095111391629e-10)
(10012106.6620696 91707.8365453491 6.60095111391629e-10)
(10012106.6620696 91707.8365453491 6.60095111391629e-10)
(10012106.6620696 91707.8365453491 6.60095111391629e-10)
(10012106.6620696 91707.8365453491 6.60095111391629e-10)
(10012106.6620696 91707.8365453491 6.60095111391629e-10)
(10012106.6620696 91707.8365453491 6.60095111391629e-10)
(10012106.6620696 91707.8365453491 6.60095111391629e-10)
(10012106.6620696 91707.8365453491 6.60095111391629e-10)
(10012106.6620696 91707.8365453491 6.60095111391629e-10)
(10012106.6620696 91707.8365453491 6.60095111391629e-10)
(10012106.6620696 91707.8365453491 6.60095111391629e-10)
(10012106.6620696 91707.8365453491 6.60095111391629e-10)
(10012106.6620696 91707.8365453491 6.60095111391629e-10)
(10012106.6620696 91707.8365453491 6.60095111391629e-10)
(10012106.6620696 91707.8365453491 6.60095111391629e-10)
(10012106.6620696 91707.8365453491 6.60095111391629e-10)
(10012106.6620696 91707.8365453491 6.60095111391629e-10)
(10012106.6620696 91707.8365453491 6.60095111391629e-10)
(10012106.6620696 91707.8365453491 6.60095111391629e-10)
(10012106.6620696 91707.8365453491 6.60095111391629e-10)
(10012106.6620696 91707.8365453491 6.60095111391629e-10)
(10012106.6620696 91707.8365453491 6.60095111391629e-10)
(10012106.6620696 91707.8365453491 6.60095111391629e-10)
(10012106.6620696 91707.8365453491 6.60095111391629e-10)
(10012106.6620696 91707.8365453491 6.60095111391629e-10)
(10012106.6620696 91707.8365453491 6.60095111391629e-10)
(10012106.6620696 91707.8365453491 6.60095111391629e-10)
(10012106.6620696 91707.8365453491 6.60095111391629e-10)
(10012106.6620696 91707.8365453491 6.60095111391629e-10)
(10012106.6620696 91707.8365453491 6.60095111391629e-10)
(10012106.6620696 91707.8365453491 6.60095111391629e-10)
(10012106.6620696 91707.8365453491 6.60095111391629e-10)
(10012106.6620696 91707.8365453491 6.60095111391629e-10)
(10012106.6620696 91707.8365453491 6.60095111391629e-10)
(-8710073.11601608 38408.1878887401 5.13721402398217e-11)
(-8710073.11601608 38408.1878887401 5.13721402398217e-11)
(-8728090.647335112 36560.058716178566 3.005375089123286e-12)
(-8861088.727406187 30511.201323810965 -1.7486325723866843e-10)
(-9014460.806673644 33385.99535027556 -3.840261225151278e-11)
(-9181592.36421822 35859.609358805705 3.27933802118275e-10)
(-9357161.814909723 37231.405223540714 1.1533063319301277e-09)
(-9540544.156950291 38200.85052459891 6.215516783280413e-10)
(-9730683.938168567 39143.46549952019 2.447610135209451e-10)
(-9928468.927882057 40112.241614624756 -4.901694094255055e-10)
(-10134361.691168342 41119.99372071788 8.821156981563375e-10)
(-10348347.949196141 42161.6858587912 1.3816019003910325e-09)
(-10572193.401502948 43239.47679286539 1.764612266670114e-10)
(-10804838.91365895 44358.98217687836 1.565854941910888e-09)
(-11048728.956405085 45526.08396159271 6.305521639535351e-10)
(-11303036.408129338 46740.85218351227 1.9051445540789592e-09)
(-11569307.374248806 48013.119239239466 -4.358725241378239e-10)
(-11848423.422576435 49346.27937481465 -1.0943820820265518e-09)
(-12140280.585358374 50741.51792853207 -1.961799479273693e-10)
(-12447917.790237498 52209.093808851045 3.431969164011408e-09)
(-12769796.078760337 53750.19382240045 -1.3745105612329074e-09)
(-13109878.744702157 55390.47176184598 2.1655397798083547e-10)
(-13467160.419199042 57122.35005345987 -5.192037339136735e-10)
(-13844329.990916394 58963.20756573342 2.1149434388985997e-09)
(-14242949.658153523 60923.39457069214 -2.2349713968778066e-09)
(-14663352.963090071 63030.97794814597 -6.527832542618079e-09)
(-15110674.6091026 65318.677892706495 4.788072645232989e-09)
(-15582573.713405767 67750.30924401389 4.945511392793075e-09)
(-16086577.8449924 70474.89973919847 -3.1471056564163202e-09)
(-16620613.738545144 73455.12879799407 1.252556635998839e-09)
(-17190121.35963675 76683.18277699588 5.502169352075464e-09)
(-17798403.95824088 80417.14294535558 4.456437295378582e-09)
(-18445188.202869873 84581.66054679957 5.406084843821368e-09)
(-19141306.0750478 89220.77694853934 7.0717358196277235e-09)
(-19882023.518699236 94771.86257085364 3.1307835844886187e-09)
(-20679326.46991627 101067.0387699488 -5.127125538874553e-09)
(-21532096.45034741 108316.73526281184 -3.5919939453131795e-09)
(-22446321.92621696 117390.07843983402 6.38748605413608e-09)
(-23426063.608102005 127434.09675379941 1.7755656099613973e-09)
(-24473119.237209454 139827.4533932701 -1.9755631852156234e-09)
(-25593369.0267175 155490.326009547 -7.873444193148509e-09)
(-26779022.43531981 172399.6881850971 -6.875033694684242e-09)
(-28041262.814061627 195563.16889137606 -3.729532813157003e-09)
(-29350363.29835457 224081.283665757 -3.482810447796416e-09)
(-30694392.97863037 261024.2563904865 -8.633339976517636e-09)
(-31986501.613036208 325984.07684387226 9.706176446022954e-09)
(-33082902.62972458 406696.8831304794 -8.649079913141717e-10)
(-33831074.52584035 510524.62582631566 7.20630783304048e-10)
(-34073346.49837791 620534.3129614679 1.2914520480538346e-09)
(-33692035.00675512 690151.9601290802 1.1011774669033632e-08)
(-32728470.13680418 753497.9031150016 6.761627268457153e-09)
(-31073094.201397628 765130.0910639877 9.484485877474294e-09)
(-28877089.24351209 732869.4342460516 -3.5337575302224805e-10)
(-26214636.780907072 666167.2079533262 -1.9776510096519717e-08)
(-23158907.26541655 555627.802900611 -2.15098685344754e-08)
(-19864237.543942794 420821.52277135244 4.203531208748652e-09)
(-16372824.200964544 268949.78604407446 1.2809782542317397e-08)
(-12686277.07619322 113097.85136201733 -9.25709516768913e-10)
(-8779455.708179472 -41058.870926692034 5.797487958932247e-09)
(-4485993.459257465 -183895.8881307817 6.953728238496266e-09)
(563554.003150118 -309424.817979641 2.7368077332821356e-08)
(6824670.260648141 -392079.60450041865 2.9594959772767587e-09)
(11635692.483142614 -7070.8126746118105 6.047790190750289e-09)
(10997908.190806478 27894.607593181216 9.173891041849918e-09)
(10941165.151860394 46777.09447348624 -8.847732527296561e-10)
(10809802.248868577 72374.662370904 1.5800217616319158e-08)
(10655512.645573335 74625.19335032368 -8.489312101055952e-09)
(10529250.680609044 77545.8370832772 -9.762239694375524e-10)
(10411910.08040625 73701.22034840411 -5.780014458821801e-10)
(10293016.529525701 67988.21070788548 -2.2860892840259062e-09)
(10171077.526450273 60611.57733060507 -6.627858049212329e-10)
(10035425.492409144 84990.99689902128 7.775830663334609e-10)
(10012106.6620696 91707.8365453491 6.60095111391629e-10)
(10012106.6620696 91707.8365453491 6.60095111391629e-10)
(10012106.6620696 91707.8365453491 6.60095111391629e-10)
(10012106.6620696 91707.8365453491 6.60095111391629e-10)
(10012106.6620696 91707.8365453491 6.60095111391629e-10)
(10012106.6620696 91707.8365453491 6.60095111391629e-10)
(10012106.6620696 91707.8365453491 6.60095111391629e-10)
(10012106.6620696 91707.8365453491 6.60095111391629e-10)
(10012106.6620696 91707.8365453491 6.60095111391629e-10)
(10012106.6620696 91707.8365453491 6.60095111391629e-10)
(10012106.6620696 91707.8365453491 6.60095111391629e-10)
(10012106.6620696 91707.8365453491 6.60095111391629e-10)
(10012106.6620696 91707.8365453491 6.60095111391629e-10)
(10012106.6620696 91707.8365453491 6.60095111391629e-10)
(10012106.6620696 91707.8365453491 6.60095111391629e-10)
(10012106.6620696 91707.8365453491 6.60095111391629e-10)
(10012106.6620696 91707.8365453491 6.60095111391629e-10)
(10012106.6620696 91707.8365453491 6.60095111391629e-10)
(10012106.6620696 91707.8365453491 6.60095111391629e-10)
(10012106.6620696 91707.8365453491 6.60095111391629e-10)
(10012106.6620696 91707.8365453491 6.60095111391629e-10)
(10012106.6620696 91707.8365453491 6.60095111391629e-10)
(10012106.6620696 91707.8365453491 6.60095111391629e-10)
(10012106.6620696 91707.8365453491 6.60095111391629e-10)
(10012106.6620696 91707.8365453491 6.60095111391629e-10)
(10012106.6620696 91707.8365453491 6.60095111391629e-10)
(10012106.6620696 91707.8365453491 6.60095111391629e-10)
(10012106.6620696 91707.8365453491 6.60095111391629e-10)
(10012106.6620696 91707.8365453491 6.60095111391629e-10)
(10012106.6620696 91707.8365453491 6.60095111391629e-10)
(10012106.6620696 91707.8365453491 6.60095111391629e-10)
(10012106.6620696 91707.8365453491 6.60095111391629e-10)
(10012106.6620696 91707.8365453491 6.60095111391629e-10)
(10012106.6620696 91707.8365453491 6.60095111391629e-10)
(10012106.6620696 91707.8365453491 6.60095111391629e-10)
(10012106.6620696 91707.8365453491 6.60095111391629e-10)
(10012106.6620696 91707.8365453491 6.60095111391629e-10)
(10012106.6620696 91707.8365453491 6.60095111391629e-10)
(10012106.6620696 91707.8365453491 6.60095111391629e-10)
(10012106.6620696 91707.8365453491 6.60095111391629e-10)
(10012106.6620696 91707.8365453491 6.60095111391629e-10)
(10012106.6620696 91707.8365453491 6.60095111391629e-10)
(10012106.6620696 91707.8365453491 6.60095111391629e-10)
(10012106.6620696 91707.8365453491 6.60095111391629e-10)
(10012106.6620696 91707.8365453491 6.60095111391629e-10)
(10012106.6620696 91707.8365453491 6.60095111391629e-10)
(10012106.6620696 91707.8365453491 6.60095111391629e-10)
(10012106.6620696 91707.8365453491 6.60095111391629e-10)
(10012106.6620696 91707.8365453491 6.60095111391629e-10)
(10012106.6620696 91707.8365453491 6.60095111391629e-10)
)