/*--------------------------------*- C++ -*----------------------------------*\
| =========                 |                                                 |
| \\      /  F ield         | foam-extend: Open Source CFD                    |
|  \\    /   O peration     | Version:     4.1-20200408                       |
|   \\  /    A nd           | Web:         http://www.foam-extend.org         |
|    \\/     M anipulation  |                                                 |
\*---------------------------------------------------------------------------*/
FoamFile
{
    version     2.0;
    format      ascii;
    class       volVectorField;
    location    "0.0880000";
    object      U_0_0;
}
// * * * * * * * * * * * * * * * * * * * * * * * * * * * * * * * * * * * * * //

dimensions      [0 1 0 0 0 0 0];

internalField   nonuniform List<vector> 
1952
(
(0.0847014 -3.31444e-06 0)
(0.0847011 -5.39129e-06 0)
(0.0847006 -7.4931e-06 0)
(0.0846999 -9.59078e-06 0)
(0.0846991 -1.16905e-05 0)
(0.0846982 -1.37718e-05 0)
(0.0846973 -1.58531e-05 0)
(0.0846962 -1.79094e-05 0)
(0.0846952 -1.99643e-05 0)
(0.0846942 -2.1987e-05 0)
(0.0846932 -2.3999e-05 0)
(0.0846924 -2.59743e-05 0)
(0.0846917 -2.79189e-05 0)
(0.0846914 -2.98252e-05 0)
(0.0846913 -3.17018e-05 0)
(0.0847016 -1.42034e-06 0)
(0.0846972 -3.31596e-06 0)
(0.0846968 -5.39379e-06 0)
(0.0846963 -7.49658e-06 0)
(0.0846956 -9.59531e-06 0)
(0.0846949 -1.16961e-05 0)
(0.084694 -1.37785e-05 0)
(0.084693 -1.58609e-05 0)
(0.084692 -1.79184e-05 0)
(0.0846909 -1.99745e-05 0)
(0.0846899 -2.19985e-05 0)
(0.0846889 -2.40118e-05 0)
(0.0846881 -2.59885e-05 0)
(0.0846874 -2.79345e-05 0)
(0.0846871 -2.98422e-05 0)
(0.084687 -3.17201e-05 0)
(0.0846973 -1.421e-06 0)
(0.0846929 -3.31771e-06 0)
(0.0846925 -5.39666e-06 0)
(0.084692 -7.50058e-06 0)
(0.0846914 -9.60048e-06 0)
(0.0846906 -1.17024e-05 0)
(0.0846897 -1.37861e-05 0)
(0.0846887 -1.58697e-05 0)
(0.0846877 -1.79285e-05 0)
(0.0846867 -1.99859e-05 0)
(0.0846856 -2.20113e-05 0)
(0.0846846 -2.4026e-05 0)
(0.0846838 -2.60042e-05 0)
(0.0846832 -2.79515e-05 0)
(0.0846828 -2.98606e-05 0)
(0.0846827 -3.17397e-05 0)
(0.084693 -1.42175e-06 0)
(0.0846886 -3.31964e-06 0)
(0.0846883 -5.39982e-06 0)
(0.0846878 -7.50497e-06 0)
(0.0846871 -9.60615e-06 0)
(0.0846863 -1.17093e-05 0)
(0.0846854 -1.37943e-05 0)
(0.0846845 -1.58793e-05 0)
(0.0846834 -1.79396e-05 0)
(0.0846824 -1.99983e-05 0)
(0.0846813 -2.20252e-05 0)
(0.0846804 -2.40413e-05 0)
(0.0846795 -2.60209e-05 0)
(0.0846789 -2.79695e-05 0)
(0.0846785 -2.988e-05 0)
(0.0846784 -3.17603e-05 0)
(0.0846888 -1.42258e-06 0)
(0.0846844 -3.32174e-06 0)
(0.084684 -5.40323e-06 0)
(0.0846835 -7.50973e-06 0)
(0.0846828 -9.61228e-06 0)
(0.0846821 -1.17168e-05 0)
(0.0846812 -1.38032e-05 0)
(0.0846802 -1.58896e-05 0)
(0.0846791 -1.79513e-05 0)
(0.0846781 -2.00114e-05 0)
(0.0846771 -2.20397e-05 0)
(0.0846761 -2.40573e-05 0)
(0.0846753 -2.60383e-05 0)
(0.0846746 -2.79882e-05 0)
(0.0846742 -2.99001e-05 0)
(0.0846741 -3.17817e-05 0)
(0.0846845 -1.42347e-06 0)
(0.0846801 -3.32393e-06 0)
(0.0846797 -5.40681e-06 0)
(0.0846792 -7.51471e-06 0)
(0.0846786 -9.61869e-06 0)
(0.0846778 -1.17246e-05 0)
(0.0846769 -1.38125e-05 0)
(0.0846759 -1.59003e-05 0)
(0.0846749 -1.79635e-05 0)
(0.0846738 -2.0025e-05 0)
(0.0846728 -2.20548e-05 0)
(0.0846718 -2.40738e-05 0)
(0.084671 -2.60562e-05 0)
(0.0846703 -2.80074e-05 0)
(0.08467 -2.99207e-05 0)
(0.0846698 -3.18035e-05 0)
(0.0846802 -1.42441e-06 0)
(0.0846758 -3.32621e-06 0)
(0.0846754 -5.41053e-06 0)
(0.0846749 -7.51987e-06 0)
(0.0846743 -9.62532e-06 0)
(0.0846735 -1.17327e-05 0)
(0.0846726 -1.38221e-05 0)
(0.0846716 -1.59113e-05 0)
(0.0846706 -1.7976e-05 0)
(0.0846695 -2.0039e-05 0)
(0.0846685 -2.20702e-05 0)
(0.0846675 -2.40906e-05 0)
(0.0846667 -2.60745e-05 0)
(0.084666 -2.8027e-05 0)
(0.0846657 -2.99417e-05 0)
(0.0846656 -3.18257e-05 0)
(0.0846759 -1.42539e-06 0)
(0.0846715 -3.32854e-06 0)
(0.0846712 -5.41433e-06 0)
(0.0846707 -7.52515e-06 0)
(0.08467 -9.63211e-06 0)
(0.0846692 -1.1741e-05 0)
(0.0846683 -1.38318e-05 0)
(0.0846673 -1.59225e-05 0)
(0.0846663 -1.79887e-05 0)
(0.0846652 -2.00532e-05 0)
(0.0846642 -2.20859e-05 0)
(0.0846632 -2.41077e-05 0)
(0.0846624 -2.6093e-05 0)
(0.0846617 -2.80469e-05 0)
(0.0846614 -2.99628e-05 0)
(0.0846613 -3.18482e-05 0)
(0.0846716 -1.42639e-06 0)
(0.0846672 -3.33091e-06 0)
(0.0846669 -5.41818e-06 0)
(0.0846664 -7.53049e-06 0)
(0.0846657 -9.63897e-06 0)
(0.0846649 -1.17493e-05 0)
(0.084664 -1.38417e-05 0)
(0.0846631 -1.59339e-05 0)
(0.084662 -1.80016e-05 0)
(0.084661 -2.00675e-05 0)
(0.0846599 -2.21017e-05 0)
(0.0846589 -2.41249e-05 0)
(0.0846581 -2.61115e-05 0)
(0.0846574 -2.80668e-05 0)
(0.0846571 -2.99841e-05 0)
(0.084657 -3.18708e-05 0)
(0.0846674 -1.4274e-06 0)
(0.0846629 -3.33329e-06 0)
(0.0846626 -5.42206e-06 0)
(0.0846621 -7.53588e-06 0)
(0.0846614 -9.64589e-06 0)
(0.0846606 -1.17577e-05 0)
(0.0846597 -1.38516e-05 0)
(0.0846588 -1.59453e-05 0)
(0.0846577 -1.80145e-05 0)
(0.0846567 -2.00818e-05 0)
(0.0846556 -2.21175e-05 0)
(0.0846546 -2.41421e-05 0)
(0.0846538 -2.61302e-05 0)
(0.0846531 -2.80868e-05 0)
(0.0846528 -3.00055e-05 0)
(0.0846527 -3.18935e-05 0)
(0.0846631 -1.42843e-06 0)
(0.0846587 -3.33567e-06 0)
(0.0846583 -5.42594e-06 0)
(0.0846578 -7.54125e-06 0)
(0.0846571 -9.65278e-06 0)
(0.0846563 -1.17661e-05 0)
(0.0846554 -1.38615e-05 0)
(0.0846545 -1.59567e-05 0)
(0.0846534 -1.80274e-05 0)
(0.0846524 -2.00962e-05 0)
(0.0846513 -2.21333e-05 0)
(0.0846503 -2.41593e-05 0)
(0.0846495 -2.61488e-05 0)
(0.0846488 -2.81067e-05 0)
(0.0846485 -3.00268e-05 0)
(0.0846484 -3.19161e-05 0)
(0.0846588 -1.42945e-06 0)
(0.0846544 -3.33804e-06 0)
(0.084654 -5.42981e-06 0)
(0.0846535 -7.54662e-06 0)
(0.0846528 -9.65967e-06 0)
(0.084652 -1.17745e-05 0)
(0.0846511 -1.38714e-05 0)
(0.0846502 -1.5968e-05 0)
(0.0846491 -1.80403e-05 0)
(0.0846481 -2.01104e-05 0)
(0.084647 -2.2149e-05 0)
(0.084646 -2.41764e-05 0)
(0.0846452 -2.61673e-05 0)
(0.0846445 -2.81266e-05 0)
(0.0846442 -3.00481e-05 0)
(0.0846441 -3.19387e-05 0)
(0.0846545 -1.43047e-06 0)
(0.0846501 -3.3404e-06 0)
(0.0846497 -5.43365e-06 0)
(0.0846492 -7.55194e-06 0)
(0.0846485 -9.6665e-06 0)
(0.0846477 -1.17828e-05 0)
(0.0846468 -1.38812e-05 0)
(0.0846459 -1.59793e-05 0)
(0.0846448 -1.8053e-05 0)
(0.0846438 -2.01246e-05 0)
(0.0846427 -2.21646e-05 0)
(0.0846417 -2.41934e-05 0)
(0.0846409 -2.61857e-05 0)
(0.0846402 -2.81463e-05 0)
(0.0846399 -3.00692e-05 0)
(0.0846398 -3.19612e-05 0)
(0.0846502 -1.43148e-06 0)
(0.0846457 -3.34273e-06 0)
(0.0846454 -5.43745e-06 0)
(0.0846449 -7.55721e-06 0)
(0.0846442 -9.67326e-06 0)
(0.0846434 -1.1791e-05 0)
(0.0846425 -1.38909e-05 0)
(0.0846416 -1.59904e-05 0)
(0.0846405 -1.80656e-05 0)
(0.0846394 -2.01385e-05 0)
(0.0846384 -2.218e-05 0)
(0.0846374 -2.42102e-05 0)
(0.0846366 -2.6204e-05 0)
(0.0846359 -2.81659e-05 0)
(0.0846356 -3.00902e-05 0)
(0.0846355 -3.19836e-05 0)
(0.0846459 -1.43248e-06 0)
(0.0846414 -3.34502e-06 0)
(0.0846411 -5.44119e-06 0)
(0.0846406 -7.56239e-06 0)
(0.0846399 -9.67992e-06 0)
(0.0846391 -1.1799e-05 0)
(0.0846382 -1.39005e-05 0)
(0.0846372 -1.60013e-05 0)
(0.0846362 -1.8078e-05 0)
(0.0846351 -2.01524e-05 0)
(0.0846341 -2.21953e-05 0)
(0.0846331 -2.42269e-05 0)
(0.0846323 -2.62221e-05 0)
(0.0846316 -2.81854e-05 0)
(0.0846313 -3.01111e-05 0)
(0.0846311 -3.2006e-05 0)
(0.0846416 -1.43346e-06 0)
(0.0846371 -3.34728e-06 0)
(0.0846368 -5.44486e-06 0)
(0.0846363 -7.56749e-06 0)
(0.0846356 -9.68647e-06 0)
(0.0846348 -1.1807e-05 0)
(0.0846339 -1.39099e-05 0)
(0.0846329 -1.60121e-05 0)
(0.0846319 -1.80903e-05 0)
(0.0846308 -2.0166e-05 0)
(0.0846298 -2.22104e-05 0)
(0.0846288 -2.42434e-05 0)
(0.084628 -2.62401e-05 0)
(0.0846273 -2.82048e-05 0)
(0.0846269 -3.0132e-05 0)
(0.0846268 -3.20283e-05 0)
(0.0846373 -1.43443e-06 0)
(0.0846328 -3.34949e-06 0)
(0.0846324 -5.44847e-06 0)
(0.084632 -7.57249e-06 0)
(0.0846313 -9.69291e-06 0)
(0.0846305 -1.18148e-05 0)
(0.0846296 -1.39191e-05 0)
(0.0846286 -1.60228e-05 0)
(0.0846276 -1.81024e-05 0)
(0.0846265 -2.01795e-05 0)
(0.0846255 -2.22254e-05 0)
(0.0846245 -2.42598e-05 0)
(0.0846236 -2.62579e-05 0)
(0.084623 -2.82241e-05 0)
(0.0846226 -3.01527e-05 0)
(0.0846225 -3.20505e-05 0)
(0.0846329 -1.43538e-06 0)
(0.0846285 -3.35166e-06 0)
(0.0846281 -5.45202e-06 0)
(0.0846276 -7.5774e-06 0)
(0.084627 -9.69924e-06 0)
(0.0846262 -1.18225e-05 0)
(0.0846253 -1.39283e-05 0)
(0.0846243 -1.60333e-05 0)
(0.0846232 -1.81145e-05 0)
(0.0846222 -2.01929e-05 0)
(0.0846211 -2.22403e-05 0)
(0.0846202 -2.4276e-05 0)
(0.0846193 -2.62757e-05 0)
(0.0846187 -2.82432e-05 0)
(0.0846183 -3.01734e-05 0)
(0.0846182 -3.20727e-05 0)
(0.0846286 -1.43631e-06 0)
(0.0846242 -3.35381e-06 0)
(0.0846238 -5.45552e-06 0)
(0.0846233 -7.58226e-06 0)
(0.0846226 -9.70551e-06 0)
(0.0846219 -1.18301e-05 0)
(0.084621 -1.39374e-05 0)
(0.08462 -1.60437e-05 0)
(0.0846189 -1.81264e-05 0)
(0.0846179 -2.02061e-05 0)
(0.0846168 -2.2255e-05 0)
(0.0846158 -2.42922e-05 0)
(0.084615 -2.62934e-05 0)
(0.0846143 -2.82623e-05 0)
(0.084614 -3.0194e-05 0)
(0.0846139 -3.20948e-05 0)
(0.0846243 -1.43723e-06 0)
(0.0846199 -3.35592e-06 0)
(0.0846195 -5.45897e-06 0)
(0.084619 -7.58704e-06 0)
(0.0846183 -9.71169e-06 0)
(0.0846175 -1.18376e-05 0)
(0.0846166 -1.39463e-05 0)
(0.0846156 -1.6054e-05 0)
(0.0846146 -1.81381e-05 0)
(0.0846135 -2.02193e-05 0)
(0.0846125 -2.22697e-05 0)
(0.0846115 -2.43082e-05 0)
(0.0846107 -2.63109e-05 0)
(0.08461 -2.82813e-05 0)
(0.0846096 -3.02146e-05 0)
(0.0846095 -3.21168e-05 0)
(0.08462 -1.43813e-06 0)
(0.0846155 -3.35802e-06 0)
(0.0846152 -5.4624e-06 0)
(0.0846147 -7.5918e-06 0)
(0.084614 -9.71784e-06 0)
(0.0846132 -1.18451e-05 0)
(0.0846123 -1.39552e-05 0)
(0.0846113 -1.60642e-05 0)
(0.0846103 -1.81498e-05 0)
(0.0846092 -2.02323e-05 0)
(0.0846082 -2.22842e-05 0)
(0.0846072 -2.43242e-05 0)
(0.0846063 -2.63284e-05 0)
(0.0846057 -2.83003e-05 0)
(0.0846053 -3.0235e-05 0)
(0.0846052 -3.21388e-05 0)
(0.0846157 -1.43903e-06 0)
(0.0846112 -3.36009e-06 0)
(0.0846108 -5.46578e-06 0)
(0.0846103 -7.5965e-06 0)
(0.0846097 -9.72391e-06 0)
(0.0846089 -1.18524e-05 0)
(0.084608 -1.3964e-05 0)
(0.084607 -1.60743e-05 0)
(0.0846059 -1.81615e-05 0)
(0.0846049 -2.02453e-05 0)
(0.0846038 -2.22987e-05 0)
(0.0846028 -2.434e-05 0)
(0.084602 -2.63458e-05 0)
(0.0846013 -2.83191e-05 0)
(0.084601 -3.02554e-05 0)
(0.0846009 -3.21607e-05 0)
(0.0846113 -1.43992e-06 0)
(0.0846069 -3.36217e-06 0)
(0.0846065 -5.46917e-06 0)
(0.084606 -7.60119e-06 0)
(0.0846053 -9.72998e-06 0)
(0.0846045 -1.18598e-05 0)
(0.0846036 -1.39728e-05 0)
(0.0846027 -1.60844e-05 0)
(0.0846016 -1.8173e-05 0)
(0.0846005 -2.02581e-05 0)
(0.0845995 -2.23131e-05 0)
(0.0845985 -2.43558e-05 0)
(0.0845977 -2.63631e-05 0)
(0.084597 -2.83379e-05 0)
(0.0845966 -3.02757e-05 0)
(0.0845965 -3.21826e-05 0)
(0.084607 -1.44081e-06 0)
(0.0846025 -3.36423e-06 0)
(0.0846022 -5.47254e-06 0)
(0.0846017 -7.60585e-06 0)
(0.084601 -9.73601e-06 0)
(0.0846002 -1.18671e-05 0)
(0.0845993 -1.39815e-05 0)
(0.0845983 -1.60944e-05 0)
(0.0845973 -1.81845e-05 0)
(0.0845962 -2.02709e-05 0)
(0.0845951 -2.23274e-05 0)
(0.0845942 -2.43715e-05 0)
(0.0845933 -2.63803e-05 0)
(0.0845926 -2.83565e-05 0)
(0.0845923 -3.0296e-05 0)
(0.0845922 -3.22045e-05 0)
(0.0846027 -1.4417e-06 0)
(0.0845982 -3.3663e-06 0)
(0.0845978 -5.47592e-06 0)
(0.0845973 -7.61051e-06 0)
(0.0845967 -9.74204e-06 0)
(0.0845959 -1.18744e-05 0)
(0.084595 -1.39902e-05 0)
(0.084594 -1.61043e-05 0)
(0.0845929 -1.81959e-05 0)
(0.0845919 -2.02836e-05 0)
(0.0845908 -2.23416e-05 0)
(0.0845898 -2.43871e-05 0)
(0.084589 -2.63976e-05 0)
(0.0845883 -2.83753e-05 0)
(0.0845879 -3.03164e-05 0)
(0.0845878 -3.22265e-05 0)
(0.0845983 -1.44259e-06 0)
(0.0845939 -3.36838e-06 0)
(0.0845935 -5.47932e-06 0)
(0.084593 -7.6152e-06 0)
(0.0845923 -9.74812e-06 0)
(0.0845915 -1.18817e-05 0)
(0.0845906 -1.3999e-05 0)
(0.0845896 -1.61143e-05 0)
(0.0845886 -1.82075e-05 0)
(0.0845875 -2.02963e-05 0)
(0.0845865 -2.23559e-05 0)
(0.0845855 -2.44028e-05 0)
(0.0845846 -2.64149e-05 0)
(0.0845839 -2.83941e-05 0)
(0.0845836 -3.03368e-05 0)
(0.0845835 -3.22486e-05 0)
(0.084594 -1.44348e-06 0)
(0.0845895 -3.37051e-06 0)
(0.0845891 -5.48279e-06 0)
(0.0845886 -7.61998e-06 0)
(0.084588 -9.75431e-06 0)
(0.0845872 -1.18891e-05 0)
(0.0845863 -1.40079e-05 0)
(0.0845853 -1.61244e-05 0)
(0.0845842 -1.82191e-05 0)
(0.0845832 -2.03093e-05 0)
(0.0845821 -2.23704e-05 0)
(0.0845811 -2.44186e-05 0)
(0.0845803 -2.64323e-05 0)
(0.0845796 -2.8413e-05 0)
(0.0845792 -3.03574e-05 0)
(0.0845791 -3.22709e-05 0)
(0.0845896 -1.44439e-06 0)
(0.0845852 -3.37271e-06 0)
(0.0845848 -5.48638e-06 0)
(0.0845843 -7.62493e-06 0)
(0.0845836 -9.76073e-06 0)
(0.0845828 -1.18968e-05 0)
(0.0845819 -1.40171e-05 0)
(0.0845809 -1.61348e-05 0)
(0.0845799 -1.82311e-05 0)
(0.0845788 -2.03225e-05 0)
(0.0845777 -2.23852e-05 0)
(0.0845768 -2.44348e-05 0)
(0.0845759 -2.64501e-05 0)
(0.0845752 -2.84322e-05 0)
(0.0845749 -3.03783e-05 0)
(0.0845748 -3.22935e-05 0)
(0.0845853 -1.44534e-06 0)
(0.0845808 -3.37505e-06 0)
(0.0845804 -5.4902e-06 0)
(0.08458 -7.63018e-06 0)
(0.0845793 -9.7675e-06 0)
(0.0845785 -1.19049e-05 0)
(0.0845776 -1.40268e-05 0)
(0.0845766 -1.61457e-05 0)
(0.0845755 -1.82436e-05 0)
(0.0845744 -2.03361e-05 0)
(0.0845734 -2.24005e-05 0)
(0.0845724 -2.44513e-05 0)
(0.0845716 -2.64682e-05 0)
(0.0845709 -2.84519e-05 0)
(0.0845705 -3.03996e-05 0)
(0.0845704 -3.23165e-05 0)
(0.084581 -1.44634e-06 0)
(0.0845765 -3.37759e-06 0)
(0.0845761 -5.49433e-06 0)
(0.0845756 -7.63582e-06 0)
(0.0845749 -9.77477e-06 0)
(0.0845741 -1.19135e-05 0)
(0.0845732 -1.40371e-05 0)
(0.0845722 -1.61572e-05 0)
(0.0845712 -1.82567e-05 0)
(0.0845701 -2.03504e-05 0)
(0.084569 -2.24164e-05 0)
(0.084568 -2.44685e-05 0)
(0.0845672 -2.6487e-05 0)
(0.0845665 -2.84722e-05 0)
(0.0845661 -3.04216e-05 0)
(0.084566 -3.23403e-05 0)
(0.0845766 -1.44743e-06 0)
(0.0845721 -3.3804e-06 0)
(0.0845717 -5.4989e-06 0)
(0.0845712 -7.64206e-06 0)
(0.0845706 -9.78279e-06 0)
(0.0845698 -1.1923e-05 0)
(0.0845689 -1.40483e-05 0)
(0.0845679 -1.61697e-05 0)
(0.0845668 -1.82709e-05 0)
(0.0845657 -2.03658e-05 0)
(0.0845647 -2.24334e-05 0)
(0.0845637 -2.44867e-05 0)
(0.0845628 -2.65068e-05 0)
(0.0845621 -2.84934e-05 0)
(0.0845618 -3.04446e-05 0)
(0.0845617 -3.23651e-05 0)
(0.0845722 -1.44864e-06 0)
(0.0845678 -3.38359e-06 0)
(0.0845674 -5.50406e-06 0)
(0.0845669 -7.64909e-06 0)
(0.0845662 -9.79179e-06 0)
(0.0845654 -1.19336e-05 0)
(0.0845645 -1.40608e-05 0)
(0.0845635 -1.61835e-05 0)
(0.0845624 -1.82866e-05 0)
(0.0845614 -2.03825e-05 0)
(0.0845603 -2.24518e-05 0)
(0.0845593 -2.45063e-05 0)
(0.0845584 -2.65281e-05 0)
(0.0845578 -2.85161e-05 0)
(0.0845574 -3.04689e-05 0)
(0.0845573 -3.23914e-05 0)
(0.0845679 -1.45001e-06 0)
(0.0845634 -3.38727e-06 0)
(0.084563 -5.51003e-06 0)
(0.0845625 -7.65721e-06 0)
(0.0845618 -9.80215e-06 0)
(0.0845611 -1.19458e-05 0)
(0.0845601 -1.4075e-05 0)
(0.0845591 -1.61993e-05 0)
(0.0845581 -1.83042e-05 0)
(0.084557 -2.04014e-05 0)
(0.0845559 -2.24723e-05 0)
(0.0845549 -2.4528e-05 0)
(0.0845541 -2.65513e-05 0)
(0.0845534 -2.85407e-05 0)
(0.084553 -3.04952e-05 0)
(0.0845529 -3.24195e-05 0)
(0.0845635 -1.45159e-06 0)
(0.084559 -3.39163e-06 0)
(0.0845587 -5.51707e-06 0)
(0.0845582 -7.66678e-06 0)
(0.0845575 -9.81431e-06 0)
(0.0845567 -1.196e-05 0)
(0.0845558 -1.40917e-05 0)
(0.0845548 -1.62175e-05 0)
(0.0845537 -1.83245e-05 0)
(0.0845526 -2.04228e-05 0)
(0.0845516 -2.24956e-05 0)
(0.0845506 -2.45523e-05 0)
(0.0845497 -2.65772e-05 0)
(0.084549 -2.85679e-05 0)
(0.0845486 -3.0524e-05 0)
(0.0845485 -3.24501e-05 0)
(0.0845592 -1.45346e-06 0)
(0.0845547 -3.39682e-06 0)
(0.0845543 -5.52547e-06 0)
(0.0845538 -7.67816e-06 0)
(0.0845531 -9.82876e-06 0)
(0.0845523 -1.19769e-05 0)
(0.0845514 -1.41113e-05 0)
(0.0845504 -1.6239e-05 0)
(0.0845493 -1.83483e-05 0)
(0.0845483 -2.0448e-05 0)
(0.0845472 -2.25225e-05 0)
(0.0845462 -2.45803e-05 0)
(0.0845453 -2.66067e-05 0)
(0.0845446 -2.85985e-05 0)
(0.0845442 -3.05561e-05 0)
(0.0845441 -3.2484e-05 0)
(0.0845548 -1.45568e-06 0)
(0.0845503 -3.4031e-06 0)
(0.0845499 -5.53561e-06 0)
(0.0845494 -7.69194e-06 0)
(0.0845487 -9.84619e-06 0)
(0.084548 -1.19974e-05 0)
(0.084547 -1.41349e-05 0)
(0.084546 -1.62648e-05 0)
(0.084545 -1.83767e-05 0)
(0.0845439 -2.04777e-05 0)
(0.0845428 -2.25542e-05 0)
(0.0845418 -2.46129e-05 0)
(0.0845409 -2.66407e-05 0)
(0.0845402 -2.86335e-05 0)
(0.0845399 -3.05924e-05 0)
(0.0845397 -3.25221e-05 0)
(0.0845504 -1.45838e-06 0)
(0.0845459 -3.4107e-06 0)
(0.0845455 -5.54787e-06 0)
(0.084545 -7.7086e-06 0)
(0.0845444 -9.86724e-06 0)
(0.0845436 -1.2022e-05 0)
(0.0845427 -1.41634e-05 0)
(0.0845417 -1.62959e-05 0)
(0.0845406 -1.84108e-05 0)
(0.0845395 -2.05133e-05 0)
(0.0845384 -2.2592e-05 0)
(0.0845374 -2.46514e-05 0)
(0.0845365 -2.66807e-05 0)
(0.0845359 -2.86742e-05 0)
(0.0845355 -3.06343e-05 0)
(0.0845353 -3.25656e-05 0)
(0.084546 -1.46164e-06 0)
(0.0845415 -3.41989e-06 0)
(0.0845412 -5.56272e-06 0)
(0.0845407 -7.7288e-06 0)
(0.08454 -9.89274e-06 0)
(0.0845392 -1.2052e-05 0)
(0.0845383 -1.41979e-05 0)
(0.0845373 -1.63335e-05 0)
(0.0845362 -1.8452e-05 0)
(0.0845351 -2.05564e-05 0)
(0.084534 -2.26374e-05 0)
(0.084533 -2.46976e-05 0)
(0.0845322 -2.67282e-05 0)
(0.0845315 -2.87222e-05 0)
(0.0845311 -3.06831e-05 0)
(0.0845309 -3.26158e-05 0)
(0.0845417 -1.46559e-06 0)
(0.0845371 -3.43097e-06 0)
(0.0845368 -5.5806e-06 0)
(0.0845363 -7.75317e-06 0)
(0.0845356 -9.92351e-06 0)
(0.0845348 -1.20882e-05 0)
(0.0845339 -1.42396e-05 0)
(0.0845329 -1.63793e-05 0)
(0.0845318 -1.8502e-05 0)
(0.0845307 -2.06086e-05 0)
(0.0845297 -2.26924e-05 0)
(0.0845286 -2.47534e-05 0)
(0.0845278 -2.67853e-05 0)
(0.0845271 -2.87794e-05 0)
(0.0845267 -3.07409e-05 0)
(0.0845265 -3.26746e-05 0)
(0.0845373 -1.47034e-06 0)
(0.0845327 -3.4442e-06 0)
(0.0845323 -5.60197e-06 0)
(0.0845318 -7.78236e-06 0)
(0.0845312 -9.96037e-06 0)
(0.0845304 -1.21318e-05 0)
(0.0845295 -1.42898e-05 0)
(0.0845285 -1.64345e-05 0)
(0.0845274 -1.85624e-05 0)
(0.0845263 -2.0672e-05 0)
(0.0845253 -2.27593e-05 0)
(0.0845242 -2.48212e-05 0)
(0.0845234 -2.68545e-05 0)
(0.0845227 -2.88484e-05 0)
(0.0845222 -3.081e-05 0)
(0.0845221 -3.27443e-05 0)
(0.0845328 -1.47601e-06 0)
(0.0845283 -3.45984e-06 0)
(0.0845279 -5.62727e-06 0)
(0.0845274 -7.81698e-06 0)
(0.0845268 -1.00042e-05 0)
(0.084526 -1.21838e-05 0)
(0.0845251 -1.43498e-05 0)
(0.0845241 -1.65009e-05 0)
(0.084523 -1.86353e-05 0)
(0.0845219 -2.07488e-05 0)
(0.0845209 -2.28403e-05 0)
(0.0845199 -2.49036e-05 0)
(0.084519 -2.69388e-05 0)
(0.0845183 -2.8932e-05 0)
(0.0845178 -3.08934e-05 0)
(0.0845177 -3.28276e-05 0)
(0.0845284 -1.48272e-06 0)
(0.0845238 -3.47804e-06 0)
(0.0845235 -5.65674e-06 0)
(0.084523 -7.85743e-06 0)
(0.0845223 -1.00554e-05 0)
(0.0845215 -1.22449e-05 0)
(0.0845206 -1.44207e-05 0)
(0.0845197 -1.65797e-05 0)
(0.0845186 -1.87221e-05 0)
(0.0845175 -2.0841e-05 0)
(0.0845165 -2.29383e-05 0)
(0.0845155 -2.50037e-05 0)
(0.0845146 -2.70416e-05 0)
(0.0845139 -2.9034e-05 0)
(0.0845134 -3.09946e-05 0)
(0.0845132 -3.29273e-05 0)
(0.084524 -1.49053e-06 0)
(0.0845194 -3.49888e-06 0)
(0.084519 -5.69053e-06 0)
(0.0845185 -7.90395e-06 0)
(0.0845179 -1.01145e-05 0)
(0.0845171 -1.23157e-05 0)
(0.0845162 -1.4503e-05 0)
(0.0845152 -1.6672e-05 0)
(0.0845142 -1.88244e-05 0)
(0.0845131 -2.09506e-05 0)
(0.0845121 -2.30559e-05 0)
(0.084511 -2.51251e-05 0)
(0.0845102 -2.71676e-05 0)
(0.0845094 -2.91601e-05 0)
(0.084509 -3.11206e-05 0)
(0.0845088 -3.30508e-05 0)
(0.0845195 -1.49946e-06 0)
(0.0845149 -3.52224e-06 0)
(0.0845145 -5.72843e-06 0)
(0.084514 -7.95628e-06 0)
(0.0845134 -1.01812e-05 0)
(0.0845126 -1.23959e-05 0)
(0.0845117 -1.45967e-05 0)
(0.0845108 -1.67778e-05 0)
(0.0845097 -1.89426e-05 0)
(0.0845087 -2.10786e-05 0)
(0.0845076 -2.31947e-05 0)
(0.0845066 -2.52709e-05 0)
(0.0845058 -2.73221e-05 0)
(0.084505 -2.93185e-05 0)
(0.0845046 -3.12838e-05 0)
(0.0845044 -3.32152e-05 0)
(0.084515 -1.50948e-06 0)
(0.0845103 -3.5478e-06 0)
(0.08451 -5.76996e-06 0)
(0.0845095 -8.01375e-06 0)
(0.0845089 -1.02545e-05 0)
(0.0845081 -1.24846e-05 0)
(0.0845072 -1.47007e-05 0)
(0.0845063 -1.68961e-05 0)
(0.0845053 -1.90755e-05 0)
(0.0845042 -2.1224e-05 0)
(0.0845032 -2.33541e-05 0)
(0.0845022 -2.54406e-05 0)
(0.0845013 -2.75053e-05 0)
(0.0845006 -2.95111e-05 0)
(0.0845002 -3.14898e-05 0)
(0.0844999 -3.34326e-05 0)
(0.0845105 -1.52043e-06 0)
(0.0845058 -3.57499e-06 0)
(0.0845054 -5.81417e-06 0)
(0.0845049 -8.07508e-06 0)
(0.0845043 -1.03329e-05 0)
(0.0845036 -1.25799e-05 0)
(0.0845027 -1.48127e-05 0)
(0.0845018 -1.70243e-05 0)
(0.0845008 -1.922e-05 0)
(0.0844998 -2.13832e-05 0)
(0.0844987 -2.35295e-05 0)
(0.0844978 -2.56283e-05 0)
(0.0844969 -2.77093e-05 0)
(0.0844962 -2.97256e-05 0)
(0.0844958 -3.17196e-05 0)
(0.0844955 -3.36736e-05 0)
(0.0845059 -1.53208e-06 0)
(0.0845012 -3.60297e-06 0)
(0.0845008 -5.85973e-06 0)
(0.0845004 -8.13841e-06 0)
(0.0844997 -1.0414e-05 0)
(0.084499 -1.26788e-05 0)
(0.0844982 -1.49292e-05 0)
(0.0844973 -1.71582e-05 0)
(0.0844963 -1.93714e-05 0)
(0.0844953 -2.15509e-05 0)
(0.0844943 -2.37147e-05 0)
(0.0844933 -2.58272e-05 0)
(0.0844925 -2.79259e-05 0)
(0.0844918 -2.99521e-05 0)
(0.0844913 -3.19615e-05 0)
(0.0844911 -3.39244e-05 0)
(0.0845013 -1.54408e-06 0)
(0.0844965 -3.63068e-06 0)
(0.0844962 -5.90484e-06 0)
(0.0844957 -8.20125e-06 0)
(0.0844951 -1.04946e-05 0)
(0.0844944 -1.27773e-05 0)
(0.0844936 -1.50455e-05 0)
(0.0844927 -1.72926e-05 0)
(0.0844917 -1.95237e-05 0)
(0.0844907 -2.17205e-05 0)
(0.0844898 -2.39023e-05 0)
(0.0844888 -2.60291e-05 0)
(0.084488 -2.81459e-05 0)
(0.0844874 -3.01805e-05 0)
(0.0844869 -3.22058e-05 0)
(0.0844867 -3.41749e-05 0)
(0.0844966 -1.55594e-06 0)
(0.0844918 -3.65676e-06 0)
(0.0844915 -5.94734e-06 0)
(0.0844911 -8.26055e-06 0)
(0.0844905 -1.05707e-05 0)
(0.0844898 -1.28708e-05 0)
(0.084489 -1.5156e-05 0)
(0.0844881 -1.74209e-05 0)
(0.0844871 -1.96694e-05 0)
(0.0844862 -2.18837e-05 0)
(0.0844852 -2.40832e-05 0)
(0.0844843 -2.62249e-05 0)
(0.0844835 -2.83594e-05 0)
(0.0844829 -3.0401e-05 0)
(0.0844825 -3.24445e-05 0)
(0.0844823 -3.44141e-05 0)
(0.0844919 -1.56711e-06 0)
(0.0844871 -3.67968e-06 0)
(0.0844868 -5.98471e-06 0)
(0.0844863 -8.31278e-06 0)
(0.0844858 -1.06377e-05 0)
(0.0844851 -1.29534e-05 0)
(0.0844843 -1.52537e-05 0)
(0.0844834 -1.7535e-05 0)
(0.0844825 -1.97992e-05 0)
(0.0844816 -2.20304e-05 0)
(0.0844807 -2.4246e-05 0)
(0.0844798 -2.64031e-05 0)
(0.0844791 -2.85544e-05 0)
(0.0844785 -3.06047e-05 0)
(0.0844781 -3.26677e-05 0)
(0.0844779 -3.46264e-05 0)
(0.0844872 -1.57693e-06 0)
(0.0844823 -3.6977e-06 0)
(0.084482 -6.01405e-06 0)
(0.0844816 -8.35384e-06 0)
(0.084481 -1.06904e-05 0)
(0.0844804 -1.30185e-05 0)
(0.0844796 -1.53305e-05 0)
(0.0844788 -1.76252e-05 0)
(0.0844779 -1.9902e-05 0)
(0.084477 -2.21478e-05 0)
(0.0844761 -2.43774e-05 0)
(0.0844753 -2.65498e-05 0)
(0.0844746 -2.8717e-05 0)
(0.084474 -3.07802e-05 0)
(0.0844737 -3.2857e-05 0)
(0.0844735 -3.47844e-05 0)
(0.0844824 -1.58464e-06 0)
(0.0844775 -3.70883e-06 0)
(0.0844772 -6.03214e-06 0)
(0.0844768 -8.37921e-06 0)
(0.0844763 -1.07228e-05 0)
(0.0844756 -1.30588e-05 0)
(0.0844749 -1.53779e-05 0)
(0.0844741 -1.7682e-05 0)
(0.0844732 -1.99672e-05 0)
(0.0844724 -2.22251e-05 0)
(0.0844715 -2.44658e-05 0)
(0.0844708 -2.66511e-05 0)
(0.0844701 -2.88293e-05 0)
(0.0844696 -3.08983e-05 0)
(0.0844693 -3.29684e-05 0)
(0.0844693 -3.48401e-05 0)
(0.0844776 -1.58941e-06 0)
(0.0844727 -3.71125e-06 0)
(0.0844724 -6.03611e-06 0)
(0.084472 -8.38514e-06 0)
(0.0844715 -1.07306e-05 0)
(0.0844708 -1.307e-05 0)
(0.0844701 -1.5392e-05 0)
(0.0844693 -1.77011e-05 0)
(0.0844685 -1.99887e-05 0)
(0.0844677 -2.2252e-05 0)
(0.0844669 -2.44936e-05 0)
(0.0844662 -2.66787e-05 0)
(0.0844656 -2.88456e-05 0)
(0.0844652 -3.08925e-05 0)
(0.0844651 -3.29252e-05 0)
(0.0844652 -3.47225e-05 0)
(0.0844728 -1.59043e-06 0)
(0.0844678 -3.70479e-06 0)
(0.0844675 -6.02559e-06 0)
(0.0844671 -8.3707e-06 0)
(0.0844666 -1.07118e-05 0)
(0.084466 -1.3048e-05 0)
(0.0844653 -1.53651e-05 0)
(0.0844646 -1.7668e-05 0)
(0.0844638 -1.99425e-05 0)
(0.084463 -2.21903e-05 0)
(0.0844623 -2.44055e-05 0)
(0.0844617 -2.65609e-05 0)
(0.0844612 -2.86824e-05 0)
(0.0844609 -3.06768e-05 0)
(0.0844609 -3.26433e-05 0)
(0.0844612 -3.43563e-05 0)
(0.0844679 -1.58764e-06 0)
(0.0844629 -3.68703e-06 0)
(0.0844627 -5.99581e-06 0)
(0.0844623 -8.32719e-06 0)
(0.0844618 -1.06515e-05 0)
(0.0844612 -1.29679e-05 0)
(0.0844606 -1.52589e-05 0)
(0.0844599 -1.75313e-05 0)
(0.0844591 -1.97651e-05 0)
(0.0844584 -2.19667e-05 0)
(0.0844578 -2.41224e-05 0)
(0.0844572 -2.62158e-05 0)
(0.0844568 -2.82605e-05 0)
(0.0844567 -3.01784e-05 0)
(0.0844569 -3.20559e-05 0)
(0.0844574 -3.36798e-05 0)
(0.084463 -1.58002e-06 0)
(0.084458 -3.64508e-06 0)
(0.0844578 -5.9251e-06 0)
(0.0844574 -8.22366e-06 0)
(0.084457 -1.0509e-05 0)
(0.0844564 -1.27802e-05 0)
(0.0844558 -1.50168e-05 0)
(0.0844552 -1.72285e-05 0)
(0.0844545 -1.93909e-05 0)
(0.0844539 -2.15159e-05 0)
(0.0844534 -2.35828e-05 0)
(0.0844529 -2.55877e-05 0)
(0.0844527 -2.75318e-05 0)
(0.0844527 -2.93571e-05 0)
(0.0844531 -3.11329e-05 0)
(0.0844539 -3.2672e-05 0)
(0.0844581 -1.56214e-06 0)
(0.0844532 -3.56228e-06 0)
(0.084453 -5.78701e-06 0)
(0.0844527 -8.02501e-06 0)
(0.0844522 -1.02425e-05 0)
(0.0844518 -1.24391e-05 0)
(0.0844512 -1.4592e-05 0)
(0.0844507 -1.67138e-05 0)
(0.0844501 -1.87771e-05 0)
(0.0844496 -2.07999e-05 0)
(0.0844491 -2.27552e-05 0)
(0.0844488 -2.46521e-05 0)
(0.0844487 -2.64799e-05 0)
(0.0844489 -2.82043e-05 0)
(0.0844495 -2.98742e-05 0)
(0.0844505 -3.13389e-05 0)
(0.0844533 -1.52684e-06 0)
(0.0844485 -3.42592e-06 0)
(0.0844483 -5.56217e-06 0)
(0.084448 -7.70694e-06 0)
(0.0844477 -9.82526e-06 0)
(0.0844473 -1.19174e-05 0)
(0.0844468 -1.39593e-05 0)
(0.0844464 -1.5966e-05 0)
(0.0844459 -1.7908e-05 0)
(0.0844455 -1.98093e-05 0)
(0.0844451 -2.16372e-05 0)
(0.084445 -2.34138e-05 0)
(0.084445 -2.51168e-05 0)
(0.0844454 -2.67374e-05 0)
(0.0844462 -2.8302e-05 0)
(0.0844474 -2.97031e-05 0)
(0.0844486 -1.46864e-06 0)
(0.084444 -3.23125e-06 0)
(0.0844439 -5.24392e-06 0)
(0.0844437 -7.26211e-06 0)
(0.0844434 -9.25094e-06 0)
(0.0844431 -1.12115e-05 0)
(0.0844427 -1.31191e-05 0)
(0.0844423 -1.49907e-05 0)
(0.084442 -1.67951e-05 0)
(0.0844416 -1.85616e-05 0)
(0.0844414 -2.02525e-05 0)
(0.0844414 -2.19021e-05 0)
(0.0844416 -2.34766e-05 0)
(0.0844421 -2.49934e-05 0)
(0.0844431 -2.64551e-05 0)
(0.0844445 -2.78017e-05 0)
(0.0844441 -1.38539e-06 0)
(0.0844399 -2.98281e-06 0)
(0.0844398 -4.84007e-06 0)
(0.0844396 -6.702e-06 0)
(0.0844394 -8.5352e-06 0)
(0.0844391 -1.03417e-05 0)
(0.0844389 -1.20965e-05 0)
(0.0844386 -1.38179e-05 0)
(0.0844383 -1.54736e-05 0)
(0.0844381 -1.70966e-05 0)
(0.084438 -1.86451e-05 0)
(0.0844381 -2.01643e-05 0)
(0.0844384 -2.16097e-05 0)
(0.0844391 -2.30236e-05 0)
(0.0844402 -2.43851e-05 0)
(0.0844418 -2.56835e-05 0)
(0.0844399 -1.27898e-06 0)
(0.0844361 -2.69299e-06 0)
(0.0844361 -4.37049e-06 0)
(0.0844359 -6.05358e-06 0)
(0.0844358 -7.7115e-06 0)
(0.0844356 -9.34706e-06 0)
(0.0844354 -1.09358e-05 0)
(0.0844352 -1.24966e-05 0)
(0.0844351 -1.39962e-05 0)
(0.084435 -1.54703e-05 0)
(0.084435 -1.68739e-05 0)
(0.0844351 -1.82609e-05 0)
(0.0844356 -1.95775e-05 0)
(0.0844363 -2.08893e-05 0)
(0.0844376 -2.21524e-05 0)
(0.0844393 -2.34057e-05 0)
(0.0844362 -1.15469e-06 0)
(0.0844328 -2.37925e-06 0)
(0.0844328 -3.86281e-06 0)
(0.0844327 -5.35374e-06 0)
(0.0844326 -6.82468e-06 0)
(0.0844325 -8.2792e-06 0)
(0.0844323 -9.69388e-06 0)
(0.0844322 -1.10876e-05 0)
(0.0844321 -1.24268e-05 0)
(0.0844321 -1.37489e-05 0)
(0.0844322 -1.50062e-05 0)
(0.0844325 -1.62599e-05 0)
(0.084433 -1.74485e-05 0)
(0.0844339 -1.86578e-05 0)
(0.0844352 -1.98233e-05 0)
(0.084437 -2.10311e-05 0)
(0.0844329 -1.02005e-06 0)
(0.08443 -2.06078e-06 0)
(0.0844299 -3.34735e-06 0)
(0.0844299 -4.64284e-06 0)
(0.0844298 -5.9236e-06 0)
(0.0844297 -7.19384e-06 0)
(0.0844297 -8.43169e-06 0)
(0.0844296 -9.65577e-06 0)
(0.0844296 -1.08331e-05 0)
(0.0844297 -1.20017e-05 0)
(0.0844299 -1.31127e-05 0)
(0.0844302 -1.42324e-05 0)
(0.0844308 -1.52935e-05 0)
(0.0844317 -1.63989e-05 0)
(0.0844331 -1.7466e-05 0)
(0.0844349 -1.86244e-05 0)
(0.08443 -8.83373e-07 0)
(0.0844275 -1.7554e-06 0)
(0.0844275 -2.85235e-06 0)
(0.0844275 -3.95863e-06 0)
(0.0844275 -5.05418e-06 0)
(0.0844274 -6.14371e-06 0)
(0.0844274 -7.20735e-06 0)
(0.0844274 -8.26339e-06 0)
(0.0844275 -9.28023e-06 0)
(0.0844276 -1.0296e-05 0)
(0.0844278 -1.12617e-05 0)
(0.0844282 -1.2247e-05 0)
(0.0844289 -1.31811e-05 0)
(0.0844298 -1.41801e-05 0)
(0.0844312 -1.51474e-05 0)
(0.084433 -1.625e-05 0)
(0.0844276 -7.52351e-07 0)
(0.0844255 -1.47699e-06 0)
(0.0844255 -2.40003e-06 0)
(0.0844255 -3.33127e-06 0)
(0.0844255 -4.25378e-06 0)
(0.0844255 -5.17254e-06 0)
(0.0844255 -6.06997e-06 0)
(0.0844256 -6.96395e-06 0)
(0.0844257 -7.82512e-06 0)
(0.0844258 -8.69107e-06 0)
(0.0844261 -9.51435e-06 0)
(0.0844266 -1.03659e-05 0)
(0.0844272 -1.11742e-05 0)
(0.0844282 -1.20641e-05 0)
(0.0844296 -1.29293e-05 0)
(0.0844314 -1.39675e-05 0)
(0.0844256 -6.32969e-07 0)
(0.0844239 -1.23388e-06 0)
(0.0844239 -2.00411e-06 0)
(0.0844239 -2.78005e-06 0)
(0.0844239 -3.54736e-06 0)
(0.084424 -4.31085e-06 0)
(0.084424 -5.05524e-06 0)
(0.0844241 -5.79788e-06 0)
(0.0844242 -6.51215e-06 0)
(0.0844244 -7.23465e-06 0)
(0.0844247 -7.92063e-06 0)
(0.0844252 -8.64101e-06 0)
(0.0844259 -9.32564e-06 0)
(0.0844268 -1.01041e-05 0)
(0.0844281 -1.08656e-05 0)
(0.0844298 -1.18298e-05 0)
(0.0844239 -5.28793e-07 0)
(0.0844226 -1.02857e-06 0)
(0.0844226 -1.66923e-06 0)
(0.0844227 -2.31251e-06 0)
(0.0844227 -2.94604e-06 0)
(0.0844227 -3.57405e-06 0)
(0.0844228 -4.18321e-06 0)
(0.0844229 -4.78993e-06 0)
(0.0844231 -5.37044e-06 0)
(0.0844233 -5.95975e-06 0)
(0.0844236 -6.5168e-06 0)
(0.0844241 -7.11112e-06 0)
(0.0844248 -7.6762e-06 0)
(0.0844257 -8.34235e-06 0)
(0.0844269 -8.99937e-06 0)
(0.0844285 -9.87996e-06 0)
(0.0844226 -4.40865e-07 0)
(0.0844216 -8.58781e-07 0)
(0.0844216 -1.3923e-06 0)
(0.0844217 -1.92572e-06 0)
(0.0844217 -2.44814e-06 0)
(0.0844218 -2.9628e-06 0)
(0.0844219 -3.45779e-06 0)
(0.084422 -3.94808e-06 0)
(0.0844222 -4.41233e-06 0)
(0.0844224 -4.88318e-06 0)
(0.0844228 -5.32364e-06 0)
(0.0844233 -5.80044e-06 0)
(0.0844239 -6.25261e-06 0)
(0.0844248 -6.80763e-06 0)
(0.0844259 -7.36106e-06 0)
(0.0844273 -8.14899e-06 0)
(0.0844216 -3.68157e-07 0)
(0.0844208 -7.19324e-07 0)
(0.0844208 -1.16534e-06 0)
(0.0844209 -1.60964e-06 0)
(0.084421 -2.04243e-06 0)
(0.084421 -2.46585e-06 0)
(0.0844212 -2.8689e-06 0)
(0.0844213 -3.26463e-06 0)
(0.0844215 -3.63358e-06 0)
(0.0844218 -4.00507e-06 0)
(0.0844222 -4.34592e-06 0)
(0.0844226 -4.71822e-06 0)
(0.0844232 -5.06761e-06 0)
(0.0844241 -5.51572e-06 0)
(0.084425 -5.96803e-06 0)
(0.0844263 -6.65504e-06 0)
(0.0844208 -3.08423e-07 0)
(0.0844202 -6.04336e-07 0)
(0.0844203 -9.78877e-07 0)
(0.0844203 -1.35132e-06 0)
(0.0844204 -1.71296e-06 0)
(0.0844205 -2.06501e-06 0)
(0.0844206 -2.39702e-06 0)
(0.0844208 -2.71994e-06 0)
(0.0844211 -3.01568e-06 0)
(0.0844214 -3.30979e-06 0)
(0.0844217 -3.57268e-06 0)
(0.0844222 -3.85926e-06 0)
(0.0844228 -4.12081e-06 0)
(0.0844235 -4.47048e-06 0)
(0.0844243 -4.82611e-06 0)
(0.0844254 -5.40465e-06 0)
(0.0844202 -2.59137e-07 0)
(0.0844198 -5.0887e-07 0)
(0.0844198 -8.24539e-07 0)
(0.0844199 -1.13869e-06 0)
(0.08442 -1.44372e-06 0)
(0.0844201 -1.74041e-06 0)
(0.0844203 -2.01889e-06 0)
(0.0844205 -2.28801e-06 0)
(0.0844208 -2.53083e-06 0)
(0.0844211 -2.76943e-06 0)
(0.0844214 -2.97886e-06 0)
(0.0844219 -3.20443e-06 0)
(0.0844224 -3.39958e-06 0)
(0.0844231 -3.66519e-06 0)
(0.0844238 -3.93175e-06 0)
(0.0844247 -4.39622e-06 0)
(0.0844197 -2.18193e-07 0)
(0.0844195 -4.29382e-07 0)
(0.0844195 -6.96009e-07 0)
(0.0844196 -9.6193e-07 0)
(0.0844197 -1.22058e-06 0)
(0.0844199 -1.47296e-06 0)
(0.0844201 -1.71011e-06 0)
(0.0844203 -1.93953e-06 0)
(0.0844206 -2.14578e-06 0)
(0.0844209 -2.34808e-06 0)
(0.0844213 -2.52517e-06 0)
(0.0844217 -2.71452e-06 0)
(0.0844222 -2.87162e-06 0)
(0.0844228 -3.07662e-06 0)
(0.0844234 -3.26846e-06 0)
(0.0844241 -3.62009e-06 0)
(0.0844194 -1.84103e-07 0)
(0.0844193 -3.64133e-07 0)
(0.0844193 -5.89991e-07 0)
(0.0844194 -8.15363e-07 0)
(0.0844195 -1.03433e-06 0)
(0.0844197 -1.2485e-06 0)
(0.0844199 -1.4502e-06 0)
(0.0844201 -1.64683e-06 0)
(0.0844204 -1.82559e-06 0)
(0.0844208 -2.00345e-06 0)
(0.0844211 -2.15983e-06 0)
(0.0844216 -2.32705e-06 0)
(0.084422 -2.47044e-06 0)
(0.0844226 -2.64542e-06 0)
(0.0844231 -2.79216e-06 0)
(0.0844237 -3.048e-06 0)
(0.0844192 -1.56152e-07 0)
(0.0844191 -3.10624e-07 0)
(0.0844192 -5.02974e-07 0)
(0.0844193 -6.94738e-07 0)
(0.0844194 -8.8051e-07 0)
(0.0844196 -1.06223e-06 0)
(0.0844198 -1.23329e-06 0)
(0.08442 -1.40095e-06 0)
(0.0844203 -1.55485e-06 0)
(0.0844206 -1.7101e-06 0)
(0.084421 -1.84985e-06 0)
(0.0844214 -2.00012e-06 0)
(0.0844219 -2.13508e-06 0)
(0.0844224 -2.29667e-06 0)
(0.0844228 -2.43528e-06 0)
(0.0844234 -2.62949e-06 0)
(0.0844191 -1.33215e-07 0)
(0.084419 -2.63502e-07 0)
(0.0844191 -4.26697e-07 0)
(0.0844192 -5.89525e-07 0)
(0.0844193 -7.47398e-07 0)
(0.0844195 -9.02321e-07 0)
(0.0844197 -1.04879e-06 0)
(0.0844199 -1.19338e-06 0)
(0.0844202 -1.32772e-06 0)
(0.0844205 -1.46455e-06 0)
(0.0844209 -1.59093e-06 0)
(0.0844213 -1.72719e-06 0)
(0.0844217 -1.85465e-06 0)
(0.0844222 -2.00276e-06 0)
(0.0844226 -2.14271e-06 0)
(0.0844231 -2.30915e-06 0)
(0.084419 -1.13005e-07 0)
(0.084419 -2.23195e-07 0)
(0.084419 -3.61553e-07 0)
(0.0844191 -4.99862e-07 0)
(0.0844193 -6.34315e-07 0)
(0.0844194 -7.66923e-07 0)
(0.0844196 -8.9319e-07 0)
(0.0844199 -1.019e-06 0)
(0.0844202 -1.13763e-06 0)
(0.0844205 -1.25971e-06 0)
(0.0844208 -1.37513e-06 0)
(0.0844212 -1.5e-06 0)
(0.0844216 -1.62028e-06 0)
(0.084422 -1.75745e-06 0)
(0.0844224 -1.89193e-06 0)
(0.0844229 -2.04762e-06 0)
(0.084419 -9.57172e-08 0)
(0.0844189 -1.89289e-07 0)
(0.084419 -3.0684e-07 0)
(0.0844191 -4.247e-07 0)
(0.0844192 -5.39763e-07 0)
(0.0844194 -6.53994e-07 0)
(0.0844196 -7.63724e-07 0)
(0.0844198 -8.74152e-07 0)
(0.0844201 -9.79843e-07 0)
(0.0844204 -1.0897e-06 0)
(0.0844207 -1.19578e-06 0)
(0.0844211 -1.311e-06 0)
(0.0844215 -1.42434e-06 0)
(0.0844219 -1.55253e-06 0)
(0.0844222 -1.68022e-06 0)
(0.0844227 -1.827e-06 0)
(0.0844189 -8.11727e-08 0)
(0.0844189 -1.60998e-07 0)
(0.084419 -2.61228e-07 0)
(0.0844191 -3.62117e-07 0)
(0.0844192 -4.61161e-07 0)
(0.0844194 -5.60264e-07 0)
(0.0844196 -6.56436e-07 0)
(0.0844198 -7.54268e-07 0)
(0.08442 -8.49333e-07 0)
(0.0844203 -9.49123e-07 0)
(0.0844206 -1.04722e-06 0)
(0.084421 -1.15418e-06 0)
(0.0844213 -1.26104e-06 0)
(0.0844217 -1.38123e-06 0)
(0.0844221 -1.50221e-06 0)
(0.0844225 -1.64023e-06 0)
(0.0844189 -6.90353e-08 0)
(0.0844189 -1.37685e-07 0)
(0.084419 -2.23664e-07 0)
(0.084419 -3.1061e-07 0)
(0.0844192 -3.96517e-07 0)
(0.0844193 -4.8322e-07 0)
(0.0844195 -5.68267e-07 0)
(0.0844197 -6.55719e-07 0)
(0.08442 -7.41923e-07 0)
(0.0844203 -8.33237e-07 0)
(0.0844206 -9.24374e-07 0)
(0.0844209 -1.02406e-06 0)
(0.0844212 -1.12481e-06 0)
(0.0844216 -1.23768e-06 0)
(0.0844219 -1.3519e-06 0)
(0.0844223 -1.48132e-06 0)
(0.0844189 -5.90329e-08 0)
(0.0844189 -1.18613e-07 0)
(0.084419 -1.9294e-07 0)
(0.084419 -2.68487e-07 0)
(0.0844192 -3.4366e-07 0)
(0.0844193 -4.20211e-07 0)
(0.0844195 -4.96123e-07 0)
(0.0844197 -5.74996e-07 0)
(0.0844199 -6.53777e-07 0)
(0.0844202 -7.37896e-07 0)
(0.0844205 -8.22907e-07 0)
(0.0844208 -9.16112e-07 0)
(0.0844211 -1.0111e-06 0)
(0.0844215 -1.1171e-06 0)
(0.0844218 -1.22474e-06 0)
(0.0844221 -1.3457e-06 0)
(0.0844189 -5.08495e-08 0)
(0.0844189 -1.03137e-07 0)
(0.084419 -1.68007e-07 0)
(0.084419 -2.3429e-07 0)
(0.0844192 -3.00725e-07 0)
(0.0844193 -3.68977e-07 0)
(0.0844195 -4.3737e-07 0)
(0.0844197 -5.09107e-07 0)
(0.0844199 -5.81602e-07 0)
(0.0844202 -6.59522e-07 0)
(0.0844204 -7.39065e-07 0)
(0.0844207 -8.26385e-07 0)
(0.084421 -9.15926e-07 0)
(0.0844213 -1.01542e-06 0)
(0.0844216 -1.11665e-06 0)
(0.084422 -1.22944e-06 0)
(0.0844189 -4.42091e-08 0)
(0.0844189 -9.06508e-08 0)
(0.084419 -1.47883e-07 0)
(0.084419 -2.06663e-07 0)
(0.0844192 -2.66e-07 0)
(0.0844193 -3.27461e-07 0)
(0.0844195 -3.89647e-07 0)
(0.0844197 -4.55411e-07 0)
(0.0844199 -5.22537e-07 0)
(0.0844201 -5.95055e-07 0)
(0.0844204 -6.69667e-07 0)
(0.0844206 -7.51592e-07 0)
(0.0844209 -8.35961e-07 0)
(0.0844212 -9.29277e-07 0)
(0.0844215 -1.02431e-06 0)
(0.0844218 -1.12931e-06 0)
(0.0844189 -3.88516e-08 0)
(0.0844189 -8.06264e-08 0)
(0.084419 -1.31713e-07 0)
(0.084419 -1.84433e-07 0)
(0.0844192 -2.38007e-07 0)
(0.0844193 -2.939e-07 0)
(0.0844195 -3.50935e-07 0)
(0.0844196 -4.11658e-07 0)
(0.0844198 -4.74148e-07 0)
(0.0844201 -5.419e-07 0)
(0.0844203 -6.12021e-07 0)
(0.0844206 -6.88956e-07 0)
(0.0844208 -7.68408e-07 0)
(0.0844211 -8.5586e-07 0)
(0.0844214 -9.44946e-07 0)
(0.0844217 -1.04256e-06 0)
(0.0844189 -3.45506e-08 0)
(0.0844189 -7.26007e-08 0)
(0.084419 -1.18752e-07 0)
(0.084419 -1.66577e-07 0)
(0.0844192 -2.15464e-07 0)
(0.0844193 -2.66772e-07 0)
(0.0844194 -3.19505e-07 0)
(0.0844196 -3.75933e-07 0)
(0.0844198 -4.34378e-07 0)
(0.08442 -4.97878e-07 0)
(0.0844203 -5.63877e-07 0)
(0.0844205 -6.36169e-07 0)
(0.0844208 -7.1095e-07 0)
(0.084421 -7.92847e-07 0)
(0.0844213 -8.76252e-07 0)
(0.0844216 -9.6694e-07 0)
(0.0844189 -3.11073e-08 0)
(0.0844189 -6.61794e-08 0)
(0.084419 -1.08365e-07 0)
(0.084419 -1.5223e-07 0)
(0.0844191 -1.97289e-07 0)
(0.0844193 -2.44797e-07 0)
(0.0844194 -2.93903e-07 0)
(0.0844196 -3.46631e-07 0)
(0.0844198 -4.01507e-07 0)
(0.08442 -4.61174e-07 0)
(0.0844202 -5.23361e-07 0)
(0.0844205 -5.9132e-07 0)
(0.0844207 -6.61664e-07 0)
(0.084421 -7.38312e-07 0)
(0.0844212 -8.16317e-07 0)
(0.0844215 -9.00524e-07 0)
(0.0844189 -2.83527e-08 0)
(0.0844189 -6.10296e-08 0)
(0.084419 -1.00018e-07 0)
(0.084419 -1.40662e-07 0)
(0.0844191 -1.82572e-07 0)
(0.0844193 -2.26899e-07 0)
(0.0844194 -2.72914e-07 0)
(0.0844196 -3.22419e-07 0)
(0.0844198 -3.74108e-07 0)
(0.08442 -4.30289e-07 0)
(0.0844202 -4.88935e-07 0)
(0.0844204 -5.52837e-07 0)
(0.0844206 -6.18979e-07 0)
(0.0844209 -6.90685e-07 0)
(0.0844211 -7.63594e-07 0)
(0.0844214 -8.41781e-07 0)
(0.0844189 -2.61438e-08 0)
(0.0844189 -5.68742e-08 0)
(0.084419 -9.32655e-08 0)
(0.084419 -1.31266e-07 0)
(0.0844191 -1.70558e-07 0)
(0.0844193 -2.12193e-07 0)
(0.0844194 -2.55537e-07 0)
(0.0844195 -3.02197e-07 0)
(0.0844197 -3.5101e-07 0)
(0.0844199 -4.03995e-07 0)
(0.0844201 -4.59333e-07 0)
(0.0844203 -5.19433e-07 0)
(0.0844206 -5.81597e-07 0)
(0.0844208 -6.48662e-07 0)
(0.084421 -7.16776e-07 0)
(0.0844213 -7.89386e-07 0)
(0.0844189 -2.43619e-08 0)
(0.0844189 -5.34856e-08 0)
(0.084419 -8.77428e-08 0)
(0.084419 -1.23546e-07 0)
(0.0844191 -1.60631e-07 0)
(0.0844192 -1.99953e-07 0)
(0.0844194 -2.40955e-07 0)
(0.0844195 -2.85072e-07 0)
(0.0844197 -3.3126e-07 0)
(0.0844199 -3.81293e-07 0)
(0.0844201 -4.3353e-07 0)
(0.0844203 -4.9006e-07 0)
(0.0844205 -5.48466e-07 0)
(0.0844207 -6.1118e-07 0)
(0.084421 -6.74793e-07 0)
(0.0844212 -7.42239e-07 0)
(0.0844189 -2.29092e-08 0)
(0.0844189 -5.06787e-08 0)
(0.084419 -8.31532e-08 0)
(0.084419 -1.17099e-07 0)
(0.0844191 -1.52291e-07 0)
(0.0844192 -1.8959e-07 0)
(0.0844194 -2.28507e-07 0)
(0.0844195 -2.7032e-07 0)
(0.0844197 -3.1409e-07 0)
(0.0844198 -3.61377e-07 0)
(0.08442 -4.10698e-07 0)
(0.0844202 -4.63874e-07 0)
(0.0844205 -5.18731e-07 0)
(0.0844207 -5.77369e-07 0)
(0.0844209 -6.36765e-07 0)
(0.0844211 -6.99437e-07 0)
(0.0844189 -2.17062e-08 0)
(0.0844189 -4.83048e-08 0)
(0.084419 -7.92589e-08 0)
(0.084419 -1.11603e-07 0)
(0.0844191 -1.45137e-07 0)
(0.0844192 -1.80636e-07 0)
(0.0844193 -2.17666e-07 0)
(0.0844195 -2.57366e-07 0)
(0.0844196 -2.98886e-07 0)
(0.0844198 -3.43605e-07 0)
(0.08442 -3.90177e-07 0)
(0.0844202 -4.40198e-07 0)
(0.0844204 -4.91707e-07 0)
(0.0844206 -5.46532e-07 0)
(0.0844208 -6.01983e-07 0)
(0.0844211 -6.60241e-07 0)
(0.0844189 -2.06891e-08 0)
(0.0844189 -4.62463e-08 0)
(0.084419 -7.58712e-08 0)
(0.084419 -1.068e-07 0)
(0.0844191 -1.38851e-07 0)
(0.0844192 -1.72719e-07 0)
(0.0844193 -2.08014e-07 0)
(0.0844195 -2.45754e-07 0)
(0.0844196 -2.85165e-07 0)
(0.0844198 -3.27469e-07 0)
(0.08442 -3.71444e-07 0)
(0.0844202 -4.18495e-07 0)
(0.0844204 -4.66848e-07 0)
(0.0844206 -5.18111e-07 0)
(0.0844208 -5.69877e-07 0)
(0.084421 -6.24064e-07 0)
(0.0844189 -1.98074e-08 0)
(0.0844189 -4.4411e-08 0)
(0.084419 -7.28432e-08 0)
(0.084419 -1.02492e-07 0)
(0.0844191 -1.33187e-07 0)
(0.0844192 -1.65549e-07 0)
(0.0844193 -1.99226e-07 0)
(0.0844194 -2.35128e-07 0)
(0.0844196 -2.72548e-07 0)
(0.0844198 -3.12574e-07 0)
(0.0844199 -3.54089e-07 0)
(0.0844201 -3.98343e-07 0)
(0.0844203 -4.43723e-07 0)
(0.0844205 -4.91657e-07 0)
(0.0844207 -5.39986e-07 0)
(0.084421 -5.90412e-07 0)
(0.0844189 -1.90215e-08 0)
(0.0844189 -4.27284e-08 0)
(0.084419 -7.00616e-08 0)
(0.084419 -9.85252e-08 0)
(0.0844191 -1.27954e-07 0)
(0.0844192 -1.58905e-07 0)
(0.0844193 -1.91054e-07 0)
(0.0844194 -2.25217e-07 0)
(0.0844196 -2.60745e-07 0)
(0.0844197 -2.98614e-07 0)
(0.0844199 -3.37796e-07 0)
(0.0844201 -3.79413e-07 0)
(0.0844203 -4.21994e-07 0)
(0.0844205 -4.66819e-07 0)
(0.0844207 -5.11941e-07 0)
(0.0844209 -5.58895e-07 0)
(0.0844189 -1.83012e-08 0)
(0.0844189 -4.1145e-08 0)
(0.084419 -6.74412e-08 0)
(0.084419 -9.47836e-08 0)
(0.0844191 -1.2301e-07 0)
(0.0844192 -1.52618e-07 0)
(0.0844193 -1.83309e-07 0)
(0.0844194 -2.15814e-07 0)
(0.0844195 -2.49538e-07 0)
(0.0844197 -2.85356e-07 0)
(0.0844199 -3.22323e-07 0)
(0.08442 -3.61453e-07 0)
(0.0844202 -4.01398e-07 0)
(0.0844204 -4.4332e-07 0)
(0.0844206 -4.85453e-07 0)
(0.0844209 -5.29199e-07 0)
(0.0844189 -1.76234e-08 0)
(0.0844189 -3.96217e-08 0)
(0.0844189 -6.49193e-08 0)
(0.084419 -9.11823e-08 0)
(0.0844191 -1.1825e-07 0)
(0.0844192 -1.46565e-07 0)
(0.0844193 -1.75852e-07 0)
(0.0844194 -2.06768e-07 0)
(0.0844195 -2.38762e-07 0)
(0.0844197 -2.72626e-07 0)
(0.0844198 -3.07488e-07 0)
(0.08442 -3.4427e-07 0)
(0.0844202 -3.81732e-07 0)
(0.0844204 -4.20941e-07 0)
(0.0844206 -4.60284e-07 0)
(0.0844208 -5.01062e-07 0)
(0.0844189 -1.69714e-08 0)
(0.0844189 -3.81303e-08 0)
(0.0844189 -6.24512e-08 0)
(0.084419 -8.76605e-08 0)
(0.0844191 -1.13598e-07 0)
(0.0844191 -1.40658e-07 0)
(0.0844192 -1.68583e-07 0)
(0.0844194 -1.97968e-07 0)
(0.0844195 -2.28299e-07 0)
(0.0844196 -2.603e-07 0)
(0.0844198 -2.93157e-07 0)
(0.08442 -3.27721e-07 0)
(0.0844202 -3.62844e-07 0)
(0.0844204 -3.99516e-07 0)
(0.0844206 -4.36257e-07 0)
(0.0844208 -4.74286e-07 0)
(0.0844189 -1.63331e-08 0)
(0.0844189 -3.66519e-08 0)
(0.0844189 -6.00061e-08 0)
(0.084419 -8.41767e-08 0)
(0.084419 -1.09003e-07 0)
(0.0844191 -1.34836e-07 0)
(0.0844192 -1.61436e-07 0)
(0.0844193 -1.89339e-07 0)
(0.0844195 -2.18068e-07 0)
(0.0844196 -2.48285e-07 0)
(0.0844198 -2.79233e-07 0)
(0.08442 -3.11701e-07 0)
(0.0844201 -3.44619e-07 0)
(0.0844203 -3.78918e-07 0)
(0.0844205 -4.13227e-07 0)
(0.0844207 -4.48707e-07 0)
(0.0844189 -1.57003e-08 0)
(0.0844189 -3.51743e-08 0)
(0.0844189 -5.7565e-08 0)
(0.084419 -8.07047e-08 0)
(0.084419 -1.04432e-07 0)
(0.0844191 -1.29061e-07 0)
(0.0844192 -1.54364e-07 0)
(0.0844193 -1.80831e-07 0)
(0.0844195 -2.08014e-07 0)
(0.0844196 -2.36523e-07 0)
(0.0844198 -2.6565e-07 0)
(0.0844199 -2.96134e-07 0)
(0.0844201 -3.26973e-07 0)
(0.0844203 -3.5905e-07 0)
(0.0844205 -3.91088e-07 0)
(0.0844207 -4.24202e-07 0)
(0.0844189 -1.50678e-08 0)
(0.0844189 -3.3691e-08 0)
(0.0844189 -5.51173e-08 0)
(0.084419 -7.72299e-08 0)
(0.084419 -9.98668e-08 0)
(0.0844191 -1.2331e-07 0)
(0.0844192 -1.47344e-07 0)
(0.0844193 -1.72415e-07 0)
(0.0844194 -1.98104e-07 0)
(0.0844196 -2.24975e-07 0)
(0.0844197 -2.52364e-07 0)
(0.0844199 -2.80968e-07 0)
(0.0844201 -3.09845e-07 0)
(0.0844203 -3.39841e-07 0)
(0.0844205 -3.69758e-07 0)
(0.0844207 -4.00676e-07 0)
(0.0844189 -1.44328e-08 0)
(0.0844189 -3.21996e-08 0)
(0.0844189 -5.2659e-08 0)
(0.0844189 -7.37469e-08 0)
(0.084419 -9.5301e-08 0)
(0.0844191 -1.17576e-07 0)
(0.0844192 -1.40364e-07 0)
(0.0844193 -1.64078e-07 0)
(0.0844194 -1.8832e-07 0)
(0.0844196 -2.13619e-07 0)
(0.0844197 -2.39347e-07 0)
(0.0844199 -2.66168e-07 0)
(0.0844201 -2.9319e-07 0)
(0.0844203 -3.21231e-07 0)
(0.0844204 -3.49158e-07 0)
(0.0844207 -3.78027e-07 0)
(0.0844188 -1.37943e-08 0)
(0.0844189 -3.07009e-08 0)
(0.0844189 -5.01916e-08 0)
(0.0844189 -7.02572e-08 0)
(0.084419 -9.07362e-08 0)
(0.0844191 -1.11858e-07 0)
(0.0844192 -1.33425e-07 0)
(0.0844193 -1.55817e-07 0)
(0.0844194 -1.78659e-07 0)
(0.0844195 -2.02447e-07 0)
(0.0844197 -2.26587e-07 0)
(0.0844199 -2.51713e-07 0)
(0.08442 -2.76981e-07 0)
(0.0844202 -3.03183e-07 0)
(0.0844204 -3.29243e-07 0)
(0.0844206 -3.56198e-07 0)
(0.0844188 -1.31526e-08 0)
(0.0844188 -2.91982e-08 0)
(0.0844189 -4.77202e-08 0)
(0.0844189 -6.67678e-08 0)
(0.084419 -8.61804e-08 0)
(0.0844191 -1.06166e-07 0)
(0.0844192 -1.26536e-07 0)
(0.0844193 -1.47641e-07 0)
(0.0844194 -1.69126e-07 0)
(0.0844195 -1.91461e-07 0)
(0.0844197 -2.1408e-07 0)
(0.0844198 -2.37595e-07 0)
(0.08442 -2.61198e-07 0)
(0.0844202 -2.85668e-07 0)
(0.0844204 -3.0997e-07 0)
(0.0844206 -3.35134e-07 0)
(0.0844188 -1.25091e-08 0)
(0.0844188 -2.76969e-08 0)
(0.0844189 -4.52532e-08 0)
(0.0844189 -6.32897e-08 0)
(0.084419 -8.16472e-08 0)
(0.0844191 -1.00515e-07 0)
(0.0844192 -1.19712e-07 0)
(0.0844193 -1.39565e-07 0)
(0.0844194 -1.59737e-07 0)
(0.0844195 -1.80673e-07 0)
(0.0844197 -2.01835e-07 0)
(0.0844198 -2.23814e-07 0)
(0.08442 -2.45838e-07 0)
(0.0844202 -2.68671e-07 0)
(0.0844204 -2.91316e-07 0)
(0.0844206 -3.148e-07 0)
(0.0844188 -1.18662e-08 0)
(0.0844188 -2.62037e-08 0)
(0.0844189 -4.28016e-08 0)
(0.0844189 -5.98375e-08 0)
(0.084419 -7.71543e-08 0)
(0.084419 -9.4925e-08 0)
(0.0844191 -1.12976e-07 0)
(0.0844192 -1.31611e-07 0)
(0.0844194 -1.50512e-07 0)
(0.0844195 -1.701e-07 0)
(0.0844197 -1.89865e-07 0)
(0.0844198 -2.10379e-07 0)
(0.08442 -2.309e-07 0)
(0.0844202 -2.52185e-07 0)
(0.0844204 -2.73265e-07 0)
(0.0844206 -2.9517e-07 0)
(0.0844188 -1.12267e-08 0)
(0.0844188 -2.47266e-08 0)
(0.0844189 -4.03779e-08 0)
(0.0844189 -5.64282e-08 0)
(0.084419 -7.27225e-08 0)
(0.084419 -8.94197e-08 0)
(0.0844191 -1.06352e-07 0)
(0.0844192 -1.23806e-07 0)
(0.0844194 -1.41476e-07 0)
(0.0844195 -1.59767e-07 0)
(0.0844196 -1.78191e-07 0)
(0.0844198 -1.97306e-07 0)
(0.08442 -2.16395e-07 0)
(0.0844202 -2.36213e-07 0)
(0.0844203 -2.55811e-07 0)
(0.0844206 -2.76229e-07 0)
(0.0844188 -1.0594e-08 0)
(0.0844188 -2.32748e-08 0)
(0.0844188 -3.7997e-08 0)
(0.0844189 -5.30815e-08 0)
(0.084419 -6.83762e-08 0)
(0.084419 -8.4027e-08 0)
(0.0844191 -9.98726e-08 0)
(0.0844192 -1.16181e-07 0)
(0.0844193 -1.32663e-07 0)
(0.0844195 -1.49706e-07 0)
(0.0844196 -1.66842e-07 0)
(0.0844198 -1.84618e-07 0)
(0.08442 -2.02342e-07 0)
(0.0844201 -2.20765e-07 0)
(0.0844203 -2.38959e-07 0)
(0.0844205 -2.57972e-07 0)
(0.0844188 -9.97222e-09 0)
(0.0844188 -2.18583e-08 0)
(0.0844188 -3.56747e-08 0)
(0.0844189 -4.98192e-08 0)
(0.084419 -6.41422e-08 0)
(0.084419 -7.87781e-08 0)
(0.0844191 -9.35711e-08 0)
(0.0844192 -1.08774e-07 0)
(0.0844193 -1.2411e-07 0)
(0.0844195 -1.39951e-07 0)
(0.0844196 -1.55852e-07 0)
(0.0844198 -1.72346e-07 0)
(0.0844199 -1.88765e-07 0)
(0.0844201 -2.0586e-07 0)
(0.0844203 -2.22718e-07 0)
(0.0844205 -2.40404e-07 0)
(0.0844188 -9.36549e-09 0)
(0.0844188 -2.0488e-08 0)
(0.0844188 -3.34287e-08 0)
(0.0844189 -4.6665e-08 0)
(0.0844189 -6.00499e-08 0)
(0.084419 -7.37073e-08 0)
(0.0844191 -8.74864e-08 0)
(0.0844192 -1.01625e-07 0)
(0.0844193 -1.1586e-07 0)
(0.0844195 -1.30547e-07 0)
(0.0844196 -1.45262e-07 0)
(0.0844198 -1.60528e-07 0)
(0.0844199 -1.75698e-07 0)
(0.0844201 -1.91525e-07 0)
(0.0844203 -2.07108e-07 0)
(0.0844205 -2.23535e-07 0)
(0.0844188 -8.77854e-09 0)
(0.0844188 -1.91755e-08 0)
(0.0844188 -3.12776e-08 0)
(0.0844189 -4.36442e-08 0)
(0.0844189 -5.61312e-08 0)
(0.084419 -6.88522e-08 0)
(0.0844191 -8.16606e-08 0)
(0.0844192 -9.47809e-08 0)
(0.0844193 -1.07961e-07 0)
(0.0844195 -1.21543e-07 0)
(0.0844196 -1.35122e-07 0)
(0.0844198 -1.49209e-07 0)
(0.0844199 -1.63183e-07 0)
(0.0844201 -1.77797e-07 0)
(0.0844203 -1.92161e-07 0)
(0.0844205 -2.07392e-07 0)
(0.0844188 -8.21633e-09 0)
(0.0844188 -1.79329e-08 0)
(0.0844188 -2.9241e-08 0)
(0.0844189 -4.07841e-08 0)
(0.0844189 -5.24201e-08 0)
(0.084419 -6.42533e-08 0)
(0.0844191 -7.61401e-08 0)
(0.0844192 -8.82924e-08 0)
(0.0844193 -1.00468e-07 0)
(0.0844194 -1.12995e-07 0)
(0.0844196 -1.25487e-07 0)
(0.0844197 -1.38445e-07 0)
(0.0844199 -1.51273e-07 0)
(0.0844201 -1.64721e-07 0)
(0.0844203 -1.77917e-07 0)
(0.0844205 -1.92007e-07 0)
(0.0844188 -7.68409e-09 0)
(0.0844188 -1.67729e-08 0)
(0.0844188 -2.73394e-08 0)
(0.0844189 -3.81128e-08 0)
(0.0844189 -4.89524e-08 0)
(0.084419 -5.99536e-08 0)
(0.0844191 -7.09748e-08 0)
(0.0844192 -8.22155e-08 0)
(0.0844193 -9.34414e-08 0)
(0.0844194 -1.04968e-07 0)
(0.0844196 -1.16427e-07 0)
(0.0844197 -1.28304e-07 0)
(0.0844199 -1.4003e-07 0)
(0.0844201 -1.52356e-07 0)
(0.0844203 -1.64427e-07 0)
(0.0844205 -1.77423e-07 0)
(0.0844188 -7.18724e-09 0)
(0.0844188 -1.57082e-08 0)
(0.0844188 -2.55935e-08 0)
(0.0844189 -3.56591e-08 0)
(0.0844189 -4.57651e-08 0)
(0.084419 -5.59982e-08 0)
(0.0844191 -6.62174e-08 0)
(0.0844192 -7.66107e-08 0)
(0.0844193 -8.69494e-08 0)
(0.0844194 -9.75355e-08 0)
(0.0844196 -1.08016e-07 0)
(0.0844197 -1.18862e-07 0)
(0.0844199 -1.29534e-07 0)
(0.0844201 -1.40775e-07 0)
(0.0844203 -1.51757e-07 0)
(0.0844205 -1.63696e-07 0)
(0.0844188 -6.73121e-09 0)
(0.0844188 -1.4751e-08 0)
(0.0844188 -2.40235e-08 0)
(0.0844189 -3.34514e-08 0)
(0.0844189 -4.2895e-08 0)
(0.084419 -5.24325e-08 0)
(0.0844191 -6.19225e-08 0)
(0.0844192 -7.15414e-08 0)
(0.0844193 -8.1064e-08 0)
(0.0844194 -9.07785e-08 0)
(0.0844196 -1.00345e-07 0)
(0.0844197 -1.10216e-07 0)
(0.0844199 -1.19882e-07 0)
(0.0844201 -1.30073e-07 0)
(0.0844203 -1.39997e-07 0)
(0.0844205 -1.50907e-07 0)
(0.0844188 -6.32131e-09 0)
(0.0844188 -1.39131e-08 0)
(0.0844188 -2.26486e-08 0)
(0.0844189 -3.15166e-08 0)
(0.0844189 -4.03773e-08 0)
(0.084419 -4.93008e-08 0)
(0.0844191 -5.81439e-08 0)
(0.0844192 -6.70722e-08 0)
(0.0844193 -7.58611e-08 0)
(0.0844194 -8.47847e-08 0)
(0.0844196 -9.35114e-08 0)
(0.0844197 -1.02473e-07 0)
(0.0844199 -1.1119e-07 0)
(0.0844201 -1.20367e-07 0)
(0.0844203 -1.29265e-07 0)
(0.0844205 -1.39164e-07 0)
(0.0844188 -5.96247e-09 0)
(0.0844188 -1.32045e-08 0)
(0.0844188 -2.14854e-08 0)
(0.0844189 -2.98787e-08 0)
(0.0844189 -3.8244e-08 0)
(0.084419 -4.66439e-08 0)
(0.0844191 -5.49327e-08 0)
(0.0844192 -6.32659e-08 0)
(0.0844193 -7.14167e-08 0)
(0.0844194 -7.96453e-08 0)
(0.0844196 -8.76231e-08 0)
(0.0844197 -9.57583e-08 0)
(0.0844199 -1.03595e-07 0)
(0.0844201 -1.11801e-07 0)
(0.0844202 -1.19705e-07 0)
(0.0844204 -1.28591e-07 0)
(0.0844188 -5.65904e-09 0)
(0.0844188 -1.26326e-08 0)
(0.0844188 -2.05463e-08 0)
(0.0844189 -2.85556e-08 0)
(0.0844189 -3.65193e-08 0)
(0.084419 -4.44937e-08 0)
(0.0844191 -5.23302e-08 0)
(0.0844192 -6.01752e-08 0)
(0.0844193 -6.77982e-08 0)
(0.0844194 -7.54459e-08 0)
(0.0844196 -8.27867e-08 0)
(0.0844197 -9.02034e-08 0)
(0.0844199 -9.72507e-08 0)
(0.0844201 -1.04548e-07 0)
(0.0844202 -1.11489e-07 0)
(0.0844204 -1.19332e-07 0)
(0.0844188 -5.41417e-09 0)
(0.0844188 -1.22004e-08 0)
(0.0844188 -1.98365e-08 0)
(0.0844189 -2.75551e-08 0)
(0.0844189 -3.52144e-08 0)
(0.084419 -4.28659e-08 0)
(0.0844191 -5.03582e-08 0)
(0.0844192 -5.78312e-08 0)
(0.0844193 -6.50498e-08 0)
(0.0844194 -7.22498e-08 0)
(0.0844196 -7.90926e-08 0)
(0.0844197 -8.59369e-08 0)
(0.0844199 -9.23327e-08 0)
(0.0844201 -9.88386e-08 0)
(0.0844202 -1.04893e-07 0)
(0.0844204 -1.11671e-07 0)
(0.0844188 -5.22912e-09 0)
(0.0844188 -1.19103e-08 0)
(0.0844188 -1.936e-08 0)
(0.0844189 -2.68832e-08 0)
(0.0844189 -3.43381e-08 0)
(0.084419 -4.17726e-08 0)
(0.0844191 -4.9034e-08 0)
(0.0844192 -5.62581e-08 0)
(0.0844193 -6.32072e-08 0)
(0.0844194 -7.0111e-08 0)
(0.0844196 -7.66251e-08 0)
(0.0844197 -8.30934e-08 0)
(0.0844199 -8.90546e-08 0)
(0.0844201 -9.50157e-08 0)
(0.0844202 -1.00421e-07 0)
(0.0844204 -1.063e-07 0)
(0.0844188 -5.10492e-09 0)
(0.0844188 -1.17733e-08 0)
(0.0844188 -1.91351e-08 0)
(0.0844189 -2.65659e-08 0)
(0.0844189 -3.39242e-08 0)
(0.084419 -4.12564e-08 0)
(0.0844191 -4.84096e-08 0)
(0.0844192 -5.5518e-08 0)
(0.0844193 -6.23438e-08 0)
(0.0844194 -6.91156e-08 0)
(0.0844196 -7.54887e-08 0)
(0.0844197 -8.1805e-08 0)
(0.0844199 -8.76008e-08 0)
(0.0844201 -9.33646e-08 0)
(0.0844202 -9.8525e-08 0)
(0.0844204 -1.03927e-07 0)
(0.0844188 -5.0463e-09 0)
(0.0844188 -1.17728e-08 0)
(0.0844188 -1.91342e-08 0)
(0.0844189 -2.65648e-08 0)
(0.0844189 -3.39226e-08 0)
(0.084419 -4.12545e-08 0)
(0.0844191 -4.84074e-08 0)
(0.0844192 -5.55154e-08 0)
(0.0844193 -6.23408e-08 0)
(0.0844194 -6.91122e-08 0)
(0.0844196 -7.5485e-08 0)
(0.0844197 -8.1801e-08 0)
(0.0844199 -8.75965e-08 0)
(0.0844201 -9.33601e-08 0)
(0.0844202 -9.85203e-08 0)
(0.0844204 -1.03923e-07 0)
(0.0844188 -5.04608e-09 0)
(0.0844188 -1.17728e-08 0)
(0.0844188 -1.91342e-08 0)
(0.0844189 -2.65648e-08 0)
(0.0844189 -3.39226e-08 0)
(0.084419 -4.12545e-08 0)
(0.0844191 -4.84074e-08 0)
(0.0844192 -5.55154e-08 0)
(0.0844193 -6.23408e-08 0)
(0.0844194 -6.91122e-08 0)
(0.0844196 -7.5485e-08 0)
(0.0844197 -8.1801e-08 0)
(0.0844199 -8.75965e-08 0)
(0.0844201 -9.33601e-08 0)
(0.0844202 -9.85203e-08 0)
(0.0844204 -1.03923e-07 0)
(0.0844188 -5.04608e-09 0)
(0.0844188 -1.17728e-08 0)
(0.0844188 -1.91342e-08 0)
(0.0844189 -2.65648e-08 0)
(0.0844189 -3.39226e-08 0)
(0.084419 -4.12545e-08 0)
(0.0844191 -4.84074e-08 0)
(0.0844192 -5.55154e-08 0)
(0.0844193 -6.23408e-08 0)
(0.0844194 -6.91122e-08 0)
(0.0844196 -7.5485e-08 0)
(0.0844197 -8.1801e-08 0)
(0.0844199 -8.75965e-08 0)
(0.0844201 -9.33601e-08 0)
(0.0844202 -9.85203e-08 0)
(0.0844204 -1.03923e-07 0)
(0.0844188 -5.04608e-09 0)
)
;

boundaryField
{
    wireUpstream
    {
        type            calculated;
        value           nonuniform List<vector> 
16
(
(0.0844188 0 0)
(0.0844188 0 0)
(0.0844189 0 0)
(0.0844189 0 0)
(0.084419 0 0)
(0.0844191 0 0)
(0.0844192 0 0)
(0.0844193 0 0)
(0.0844194 0 0)
(0.0844196 0 0)
(0.0844197 0 0)
(0.0844199 0 0)
(0.08442 0 0)
(0.0844202 0 0)
(0.0844204 0 0)
(0.0844188 0 0)
)
;
    }
    wireDownstream
    {
        type            calculated;
        value           nonuniform List<vector> 
16
(
(0.0847014 -3.31444e-06 0)
(0.0847011 -5.39129e-06 0)
(0.0847006 -7.4931e-06 0)
(0.0846999 -9.59078e-06 0)
(0.0846991 -1.16905e-05 0)
(0.0846982 -1.37718e-05 0)
(0.0846973 -1.58531e-05 0)
(0.0846962 -1.79094e-05 0)
(0.0846952 -1.99643e-05 0)
(0.0846942 -2.1987e-05 0)
(0.0846932 -2.3999e-05 0)
(0.0846924 -2.59743e-05 0)
(0.0846917 -2.79189e-05 0)
(0.0846914 -2.98252e-05 0)
(0.0846913 -3.17018e-05 0)
(0.0847016 -1.42034e-06 0)
)
;
    }
    wireTopContact
    {
        type            calculated;
        value           nonuniform List<vector> 
122
(
(0.084687 -3.26484e-05 4.69376e-13)
(0.0846827 -3.26686e-05 4.69673e-13)
(0.0846784 -3.26898e-05 4.69985e-13)
(0.0846741 -3.27117e-05 4.70307e-13)
(0.0846699 -3.27342e-05 4.70637e-13)
(0.0846656 -3.27571e-05 4.70972e-13)
(0.0846613 -3.27802e-05 4.71311e-13)
(0.084657 -3.28034e-05 4.71652e-13)
(0.0846527 -3.28267e-05 4.71994e-13)
(0.0846484 -3.285e-05 4.72336e-13)
(0.0846441 -3.28733e-05 4.72677e-13)
(0.0846398 -3.28965e-05 4.73017e-13)
(0.0846355 -3.29196e-05 4.73357e-13)
(0.0846312 -3.29427e-05 4.73694e-13)
(0.0846268 -3.29657e-05 4.74032e-13)
(0.0846225 -3.29887e-05 4.74368e-13)
(0.0846182 -3.30116e-05 4.74703e-13)
(0.0846139 -3.30344e-05 4.75038e-13)
(0.0846095 -3.30572e-05 4.75372e-13)
(0.0846052 -3.308e-05 4.75704e-13)
(0.0846009 -3.31027e-05 4.76037e-13)
(0.0845965 -3.31253e-05 4.76368e-13)
(0.0845922 -3.31481e-05 4.767e-13)
(0.0845878 -3.31708e-05 4.77033e-13)
(0.0845835 -3.31937e-05 4.77368e-13)
(0.0845791 -3.32169e-05 4.77706e-13)
(0.0845748 -3.32403e-05 4.78049e-13)
(0.0845704 -3.32643e-05 4.78399e-13)
(0.084566 -3.32889e-05 4.78759e-13)
(0.0845617 -3.33147e-05 4.79135e-13)
(0.0845573 -3.33418e-05 4.79532e-13)
(0.0845529 -3.33709e-05 4.79956e-13)
(0.0845485 -3.34025e-05 4.80419e-13)
(0.0845441 -3.34374e-05 4.80929e-13)
(0.0845397 -3.34764e-05 4.815e-13)
(0.0845353 -3.35207e-05 4.8215e-13)
(0.0845309 -3.35717e-05 4.82897e-13)
(0.0845265 -3.36312e-05 4.8377e-13)
(0.0845221 -3.37014e-05 4.84802e-13)
(0.0845176 -3.37848e-05 4.86028e-13)
(0.0845132 -3.38843e-05 4.87482e-13)
(0.0845088 -3.40069e-05 4.89293e-13)
(0.0845043 -3.41712e-05 4.9179e-13)
(0.0844999 -3.43958e-05 4.95e-13)
(0.0844954 -3.46428e-05 4.98609e-13)
(0.084491 -3.4899e-05 5.0235e-13)
(0.0844866 -3.51537e-05 5.06053e-13)
(0.0844822 -3.53936e-05 5.09605e-13)
(0.0844778 -3.56e-05 5.1277e-13)
(0.0844735 -3.5741e-05 5.15101e-13)
(0.0844693 -3.57669e-05 5.15851e-13)
(0.0844653 -3.56102e-05 5.13932e-13)
(0.0844615 -3.52017e-05 5.08166e-13)
(0.0844578 -3.44804e-05 4.97763e-13)
(0.0844544 -3.34308e-05 4.82417e-13)
(0.0844512 -3.2062e-05 4.62246e-13)
(0.0844482 -3.03963e-05 4.37639e-13)
(0.0844454 -2.84696e-05 4.09188e-13)
(0.0844428 -2.63293e-05 3.77639e-13)
(0.0844404 -2.40304e-05 3.43859e-13)
(0.0844381 -2.16342e-05 3.08778e-13)
(0.0844361 -1.92036e-05 2.7335e-13)
(0.0844342 -1.68016e-05 2.38495e-13)
(0.0844324 -1.44872e-05 2.05061e-13)
(0.0844309 -1.23127e-05 1.73786e-13)
(0.0844294 -1.03213e-05 1.45263e-13)
(0.0844281 -8.54479e-06 1.19909e-13)
(0.084427 -7.00166e-06 9.79558e-14)
(0.084426 -5.69868e-06 7.94814e-14)
(0.0844252 -4.6345e-06 6.44883e-14)
(0.0844245 -3.80252e-06 5.28755e-14)
(0.084424 -3.18186e-06 4.43284e-14)
(0.0844236 -2.72871e-06 3.82924e-14)
(0.0844233 -2.39036e-06 3.38211e-14)
(0.0844231 -2.12416e-06 3.00113e-14)
(0.0844229 -1.89955e-06 2.68072e-14)
(0.0844226 -1.70832e-06 2.41146e-14)
(0.0844224 -1.54511e-06 2.18158e-14)
(0.0844223 -1.40521e-06 1.98498e-14)
(0.0844221 -1.28489e-06 1.8159e-14)
(0.084422 -1.18087e-06 1.66985e-14)
(0.0844218 -1.09047e-06 1.54297e-14)
(0.0844217 -1.01143e-06 1.43205e-14)
(0.0844216 -9.41816e-07 1.33443e-14)
(0.0844215 -8.80114e-07 1.24789e-14)
(0.0844214 -8.24979e-07 1.17058e-14)
(0.0844213 -7.753e-07 1.10093e-14)
(0.0844213 -7.3016e-07 1.03764e-14)
(0.0844212 -6.88802e-07 9.7966e-15)
(0.0844211 -6.50632e-07 9.26135e-15)
(0.0844211 -6.15141e-07 8.76361e-15)
(0.084421 -5.81925e-07 8.29772e-15)
(0.084421 -5.50662e-07 7.85904e-15)
(0.0844209 -5.21073e-07 7.44383e-15)
(0.0844209 -4.92952e-07 7.0491e-15)
(0.0844209 -4.66126e-07 6.67244e-15)
(0.0844208 -4.40461e-07 6.3121e-15)
(0.0844208 -4.15861e-07 5.96645e-15)
(0.0844208 -3.92207e-07 5.63418e-15)
(0.0844207 -3.69441e-07 5.31426e-15)
(0.0844207 -3.47499e-07 5.00588e-15)
(0.0844207 -3.26339e-07 4.70847e-15)
(0.0844207 -3.05934e-07 4.42161e-15)
(0.0844207 -2.86262e-07 4.14503e-15)
(0.0844206 -2.67315e-07 3.87864e-15)
(0.0844206 -2.49095e-07 3.62238e-15)
(0.0844206 -2.31605e-07 3.37645e-15)
(0.0844206 -2.14874e-07 3.14113e-15)
(0.0844206 -1.98929e-07 2.91684e-15)
(0.0844206 -1.83808e-07 2.70412e-15)
(0.0844206 -1.69565e-07 2.50371e-15)
(0.0844206 -1.56273e-07 2.31668e-15)
(0.0844206 -1.44037e-07 2.14453e-15)
(0.0844205 -1.32975e-07 1.98885e-15)
(0.0844205 -1.23219e-07 1.85125e-15)
(0.0844205 -1.15041e-07 1.73664e-15)
(0.0844205 -1.09205e-07 1.657e-15)
(0.0844205 -1.06507e-07 1.62568e-15)
(0.0844205 -1.06308e-07 1.63581e-15)
(0.0844205 -1.06308e-07 1.63581e-15)
(0.0844205 -1.06308e-07 1.63581e-15)
(0.0846913 -3.26295e-05 4.69101e-13)
)
;
    }
    front
    {
        type            wedge;
    }
    back
    {
        type            wedge;
    }
}


// ************************************************************************* //
