
                    FoamFile
                    {
                         version   2.0;
                         format    ascii;
                         class     vectorField;
                         object    values;
                    }
                    //***********************************************************************// //

                    244
(
(-8362323.06216443 35026.33979777 -1.29666542052489e-10)
(-8362323.06216443 35026.33979777 -1.29666542052489e-10)
(-8377978.414258844 33242.47062212051 -1.7588443138333736e-10)
(-8494399.617336499 27231.196006516115 -3.439222909101569e-10)
(-8629092.51602613 29644.017818059696 -2.0695027968502624e-10)
(-8775660.254705096 31892.517401147856 7.601170321543796e-11)
(-8929553.731258534 33095.30500769457 1.9889893631314216e-10)
(-9089976.515727537 33923.10175085894 2.381375188857844e-10)
(-9255761.424447801 34709.40796231754 9.206482750503663e-10)
(-9427547.142346108 35468.4057649126 4.3852053169539707e-10)
(-9605896.061272265 36224.43503907272 3.872049188717702e-11)
(-9790613.384661246 37023.07122323103 -8.244718929314528e-10)
(-9983070.237331519 37862.738399985 2.7797685063326935e-10)
(-10182435.060494427 38693.49222546142 -4.86931493238766e-10)
(-10390558.05682847 39557.74458271147 8.937450996834137e-11)
(-10606791.320058873 40502.81468464009 -1.153802160496555e-09)
(-10832141.928763343 41498.09210995733 1.743993550046309e-09)
(-11067211.672203507 42510.61484638431 7.722398408939371e-11)
(-11312048.680472545 43515.442404839334 -3.017557429894615e-10)
(-11568719.19495985 44633.77595577705 -2.126322124686326e-10)
(-11835986.689146865 45749.07132418344 -8.235873911798048e-10)
(-12116869.696277078 46908.40429522327 -1.6088412389943487e-09)
(-12410376.741630327 48162.5655279668 -9.212243182689082e-10)
(-12718431.130575564 49485.250923904736 -1.0474506251074275e-09)
(-13041948.838731043 50861.641312269916 -6.517125539197028e-10)
(-13381210.260337356 52232.74474902361 6.999692857022421e-09)
(-13739804.112751 53784.99067728914 -6.423480345790436e-10)
(-14115689.980946593 55450.688656171515 -1.116603692826764e-09)
(-14514089.490944494 57190.097138693964 -2.6693448843333577e-09)
(-14933424.952000458 59082.10746186296 3.35781524062498e-10)
(-15377441.979995564 61060.4037355102 3.0531837772532987e-09)
(-15847873.54645275 63208.77478307607 2.4184763090273535e-09)
(-16345196.740335258 65535.01004978181 7.141678496789396e-09)
(-16875850.2927385 68139.44394122495 5.054726220680369e-09)
(-17436739.51523615 70916.77403023913 -2.5038851870351688e-09)
(-18037301.58227502 74255.5533077307 1.4188087616992218e-09)
(-18674072.14179452 77854.19859891248 3.1567028695693605e-09)
(-19354746.772944238 81697.64189977283 -4.131557376429691e-09)
(-20081980.388102558 86425.26645537833 1.1557541819131562e-08)
(-20855486.964216053 91524.35652815008 2.4950902406951268e-09)
(-21687805.3406074 97918.55964329095 -4.1290912813443974e-10)
(-22569291.58491322 105115.47210836633 -1.5885141611246561e-09)
(-23517445.93055454 113268.85242254652 -3.927133814998703e-09)
(-24522898.05390208 123664.59672882041 -4.083993732022611e-09)
(-25591409.759006694 134673.52121623352 -1.5345426974989702e-09)
(-26725514.873541065 149461.14819293286 1.4892165173998946e-09)
(-27906645.027345803 165921.945447469 -2.997306190868655e-09)
(-29146571.63568095 185146.04993687454 -7.2889125534193324e-09)
(-30404956.490197986 211912.27097708837 -1.3908099171816201e-08)
(-31643194.528103054 241844.09744659002 -6.252823748795018e-09)
(-32783085.17715893 295382.625506064 -6.048686181358703e-09)
(-33634393.60330775 351180.61955130124 -1.0837480327840397e-08)
(-34128388.064697854 406130.4987116649 -2.6423959128483746e-10)
(-34151347.28129051 444513.82081684045 -8.088205464844164e-09)
(-33636871.7286492 447204.03696315095 -3.315297536998875e-09)
(-32625763.830687456 427044.97540799517 1.3014557050246872e-09)
(-30987586.513350286 370472.51994098234 -3.0765067776380117e-10)
(-28748210.676793706 281567.4030481293 1.0355012300313572e-08)
(-25807276.509201724 165634.46249107915 -2.132132090551022e-08)
(-21874125.27954747 28712.53020904607 1.1428880600840105e-08)
(-16373657.027596015 -140221.013890069 9.804986828122147e-09)
(-8036248.246731893 -281557.06401153526 6.468675386049115e-09)
(-523484.4243372659 111987.47526323638 1.2010346994360723e-09)
(-1898186.0600943114 61342.284766437864 1.5812425977495726e-09)
(-2299071.6698662266 67591.9768051134 -3.195016058357851e-09)
(-3093766.3538430952 55577.197756238376 5.019744208894393e-09)
(-4139958.0501007903 42340.89177852501 -3.237594608761217e-09)
(-5302061.003904336 30209.55549605057 2.891267104913228e-09)
(-6597996.86294713 15316.62750477435 2.4659879749617498e-09)
(-7980527.230583941 139.53321452131513 4.927333010879258e-10)
(-9404383.423521822 -7691.847195800868 4.390246325136216e-10)
(-10871713.467108406 69445.52310225833 -1.9108798221798532e-12)
(-11095613.0808567 89556.5323835718 -2.2796753721897e-11)
(-11095613.0808567 89556.5323835718 -2.2796753721897e-11)
(-11095613.0808567 89556.5323835718 -2.2796753721897e-11)
(-11095613.0808567 89556.5323835718 -2.2796753721897e-11)
(-11095613.0808567 89556.5323835718 -2.2796753721897e-11)
(-11095613.0808567 89556.5323835718 -2.2796753721897e-11)
(-11095613.0808567 89556.5323835718 -2.2796753721897e-11)
(-11095613.0808567 89556.5323835718 -2.2796753721897e-11)
(-11095613.0808567 89556.5323835718 -2.2796753721897e-11)
(-11095613.0808567 89556.5323835718 -2.2796753721897e-11)
(-11095613.0808567 89556.5323835718 -2.2796753721897e-11)
(-11095613.0808567 89556.5323835718 -2.2796753721897e-11)
(-11095613.0808567 89556.5323835718 -2.2796753721897e-11)
(-11095613.0808567 89556.5323835718 -2.2796753721897e-11)
(-11095613.0808567 89556.5323835718 -2.2796753721897e-11)
(-11095613.0808567 89556.5323835718 -2.2796753721897e-11)
(-11095613.0808567 89556.5323835718 -2.2796753721897e-11)
(-11095613.0808567 89556.5323835718 -2.2796753721897e-11)
(-11095613.0808567 89556.5323835718 -2.2796753721897e-11)
(-11095613.0808567 89556.5323835718 -2.2796753721897e-11)
(-11095613.0808567 89556.5323835718 -2.2796753721897e-11)
(-11095613.0808567 89556.5323835718 -2.2796753721897e-11)
(-11095613.0808567 89556.5323835718 -2.2796753721897e-11)
(-11095613.0808567 89556.5323835718 -2.2796753721897e-11)
(-11095613.0808567 89556.5323835718 -2.2796753721897e-11)
(-11095613.0808567 89556.5323835718 -2.2796753721897e-11)
(-11095613.0808567 89556.5323835718 -2.2796753721897e-11)
(-11095613.0808567 89556.5323835718 -2.2796753721897e-11)
(-11095613.0808567 89556.5323835718 -2.2796753721897e-11)
(-11095613.0808567 89556.5323835718 -2.2796753721897e-11)
(-11095613.0808567 89556.5323835718 -2.2796753721897e-11)
(-11095613.0808567 89556.5323835718 -2.2796753721897e-11)
(-11095613.0808567 89556.5323835718 -2.2796753721897e-11)
(-11095613.0808567 89556.5323835718 -2.2796753721897e-11)
(-11095613.0808567 89556.5323835718 -2.2796753721897e-11)
(-11095613.0808567 89556.5323835718 -2.2796753721897e-11)
(-11095613.0808567 89556.5323835718 -2.2796753721897e-11)
(-11095613.0808567 89556.5323835718 -2.2796753721897e-11)
(-11095613.0808567 89556.5323835718 -2.2796753721897e-11)
(-11095613.0808567 89556.5323835718 -2.2796753721897e-11)
(-11095613.0808567 89556.5323835718 -2.2796753721897e-11)
(-11095613.0808567 89556.5323835718 -2.2796753721897e-11)
(-11095613.0808567 89556.5323835718 -2.2796753721897e-11)
(-11095613.0808567 89556.5323835718 -2.2796753721897e-11)
(-11095613.0808567 89556.5323835718 -2.2796753721897e-11)
(-11095613.0808567 89556.5323835718 -2.2796753721897e-11)
(-11095613.0808567 89556.5323835718 -2.2796753721897e-11)
(-11095613.0808567 89556.5323835718 -2.2796753721897e-11)
(-11095613.0808567 89556.5323835718 -2.2796753721897e-11)
(-11095613.0808567 89556.5323835718 -2.2796753721897e-11)
(-8362323.06216443 35026.33979777 -1.29666542052489e-10)
(-8362323.06216443 35026.33979777 -1.29666542052489e-10)
(-8377978.414258844 33242.47062212051 -1.7588443138333736e-10)
(-8494399.617336499 27231.196006516115 -3.439222909101569e-10)
(-8629092.51602613 29644.017818059696 -2.0695027968502624e-10)
(-8775660.254705096 31892.517401147856 7.601170321543796e-11)
(-8929553.731258534 33095.30500769457 1.9889893631314216e-10)
(-9089976.515727537 33923.10175085894 2.381375188857844e-10)
(-9255761.424447801 34709.40796231754 9.206482750503663e-10)
(-9427547.142346108 35468.4057649126 4.3852053169539707e-10)
(-9605896.061272265 36224.43503907272 3.872049188717702e-11)
(-9790613.384661246 37023.07122323103 -8.244718929314528e-10)
(-9983070.237331519 37862.738399985 2.7797685063326935e-10)
(-10182435.060494427 38693.49222546142 -4.86931493238766e-10)
(-10390558.05682847 39557.74458271147 8.937450996834137e-11)
(-10606791.320058873 40502.81468464009 -1.153802160496555e-09)
(-10832141.928763343 41498.09210995733 1.743993550046309e-09)
(-11067211.672203507 42510.61484638431 7.722398408939371e-11)
(-11312048.680472545 43515.442404839334 -3.017557429894615e-10)
(-11568719.19495985 44633.77595577705 -2.126322124686326e-10)
(-11835986.689146865 45749.07132418344 -8.235873911798048e-10)
(-12116869.696277078 46908.40429522327 -1.6088412389943487e-09)
(-12410376.741630327 48162.5655279668 -9.212243182689082e-10)
(-12718431.130575564 49485.250923904736 -1.0474506251074275e-09)
(-13041948.838731043 50861.641312269916 -6.517125539197028e-10)
(-13381210.260337356 52232.74474902361 6.999692857022421e-09)
(-13739804.112751 53784.99067728914 -6.423480345790436e-10)
(-14115689.980946593 55450.688656171515 -1.116603692826764e-09)
(-14514089.490944494 57190.097138693964 -2.6693448843333577e-09)
(-14933424.952000458 59082.10746186296 3.35781524062498e-10)
(-15377441.979995564 61060.4037355102 3.0531837772532987e-09)
(-15847873.54645275 63208.77478307607 2.4184763090273535e-09)
(-16345196.740335258 65535.01004978181 7.141678496789396e-09)
(-16875850.2927385 68139.44394122495 5.054726220680369e-09)
(-17436739.51523615 70916.77403023913 -2.5038851870351688e-09)
(-18037301.58227502 74255.5533077307 1.4188087616992218e-09)
(-18674072.14179452 77854.19859891248 3.1567028695693605e-09)
(-19354746.772944238 81697.64189977283 -4.131557376429691e-09)
(-20081980.388102558 86425.26645537833 1.1557541819131562e-08)
(-20855486.964216053 91524.35652815008 2.4950902406951268e-09)
(-21687805.3406074 97918.55964329095 -4.1290912813443974e-10)
(-22569291.58491322 105115.47210836633 -1.5885141611246561e-09)
(-23517445.93055454 113268.85242254652 -3.927133814998703e-09)
(-24522898.05390208 123664.59672882041 -4.083993732022611e-09)
(-25591409.759006694 134673.52121623352 -1.5345426974989702e-09)
(-26725514.873541065 149461.14819293286 1.4892165173998946e-09)
(-27906645.027345803 165921.945447469 -2.997306190868655e-09)
(-29146571.63568095 185146.04993687454 -7.2889125534193324e-09)
(-30404956.490197986 211912.27097708837 -1.3908099171816201e-08)
(-31643194.528103054 241844.09744659002 -6.252823748795018e-09)
(-32783085.17715893 295382.625506064 -6.048686181358703e-09)
(-33634393.60330775 351180.61955130124 -1.0837480327840397e-08)
(-34128388.064697854 406130.4987116649 -2.6423959128483746e-10)
(-34151347.28129051 444513.82081684045 -8.088205464844164e-09)
(-33636871.7286492 447204.03696315095 -3.315297536998875e-09)
(-32625763.830687456 427044.97540799517 1.3014557050246872e-09)
(-30987586.513350286 370472.51994098234 -3.0765067776380117e-10)
(-28748210.676793706 281567.4030481293 1.0355012300313572e-08)
(-25807276.509201724 165634.46249107915 -2.132132090551022e-08)
(-21874125.27954747 28712.53020904607 1.1428880600840105e-08)
(-16373657.027596015 -140221.013890069 9.804986828122147e-09)
(-8036248.246731893 -281557.06401153526 6.468675386049115e-09)
(-523484.4243372659 111987.47526323638 1.2010346994360723e-09)
(-1898186.0600943114 61342.284766437864 1.5812425977495726e-09)
(-2299071.6698662266 67591.9768051134 -3.195016058357851e-09)
(-3093766.3538430952 55577.197756238376 5.019744208894393e-09)
(-4139958.0501007903 42340.89177852501 -3.237594608761217e-09)
(-5302061.003904336 30209.55549605057 2.891267104913228e-09)
(-6597996.86294713 15316.62750477435 2.4659879749617498e-09)
(-7980527.230583941 139.53321452131513 4.927333010879258e-10)
(-9404383.423521822 -7691.847195800868 4.390246325136216e-10)
(-10871713.467108406 69445.52310225833 -1.9108798221798532e-12)
(-11095613.0808567 89556.5323835718 -2.2796753721897e-11)
(-11095613.0808567 89556.5323835718 -2.2796753721897e-11)
(-11095613.0808567 89556.5323835718 -2.2796753721897e-11)
(-11095613.0808567 89556.5323835718 -2.2796753721897e-11)
(-11095613.0808567 89556.5323835718 -2.2796753721897e-11)
(-11095613.0808567 89556.5323835718 -2.2796753721897e-11)
(-11095613.0808567 89556.5323835718 -2.2796753721897e-11)
(-11095613.0808567 89556.5323835718 -2.2796753721897e-11)
(-11095613.0808567 89556.5323835718 -2.2796753721897e-11)
(-11095613.0808567 89556.5323835718 -2.2796753721897e-11)
(-11095613.0808567 89556.5323835718 -2.2796753721897e-11)
(-11095613.0808567 89556.5323835718 -2.2796753721897e-11)
(-11095613.0808567 89556.5323835718 -2.2796753721897e-11)
(-11095613.0808567 89556.5323835718 -2.2796753721897e-11)
(-11095613.0808567 89556.5323835718 -2.2796753721897e-11)
(-11095613.0808567 89556.5323835718 -2.2796753721897e-11)
(-11095613.0808567 89556.5323835718 -2.2796753721897e-11)
(-11095613.0808567 89556.5323835718 -2.2796753721897e-11)
(-11095613.0808567 89556.5323835718 -2.2796753721897e-11)
(-11095613.0808567 89556.5323835718 -2.2796753721897e-11)
(-11095613.0808567 89556.5323835718 -2.2796753721897e-11)
(-11095613.0808567 89556.5323835718 -2.2796753721897e-11)
(-11095613.0808567 89556.5323835718 -2.2796753721897e-11)
(-11095613.0808567 89556.5323835718 -2.2796753721897e-11)
(-11095613.0808567 89556.5323835718 -2.2796753721897e-11)
(-11095613.0808567 89556.5323835718 -2.2796753721897e-11)
(-11095613.0808567 89556.5323835718 -2.2796753721897e-11)
(-11095613.0808567 89556.5323835718 -2.2796753721897e-11)
(-11095613.0808567 89556.5323835718 -2.2796753721897e-11)
(-11095613.0808567 89556.5323835718 -2.2796753721897e-11)
(-11095613.0808567 89556.5323835718 -2.2796753721897e-11)
(-11095613.0808567 89556.5323835718 -2.2796753721897e-11)
(-11095613.0808567 89556.5323835718 -2.2796753721897e-11)
(-11095613.0808567 89556.5323835718 -2.2796753721897e-11)
(-11095613.0808567 89556.5323835718 -2.2796753721897e-11)
(-11095613.0808567 89556.5323835718 -2.2796753721897e-11)
(-11095613.0808567 89556.5323835718 -2.2796753721897e-11)
(-11095613.0808567 89556.5323835718 -2.2796753721897e-11)
(-11095613.0808567 89556.5323835718 -2.2796753721897e-11)
(-11095613.0808567 89556.5323835718 -2.2796753721897e-11)
(-11095613.0808567 89556.5323835718 -2.2796753721897e-11)
(-11095613.0808567 89556.5323835718 -2.2796753721897e-11)
(-11095613.0808567 89556.5323835718 -2.2796753721897e-11)
(-11095613.0808567 89556.5323835718 -2.2796753721897e-11)
(-11095613.0808567 89556.5323835718 -2.2796753721897e-11)
(-11095613.0808567 89556.5323835718 -2.2796753721897e-11)
(-11095613.0808567 89556.5323835718 -2.2796753721897e-11)
(-11095613.0808567 89556.5323835718 -2.2796753721897e-11)
(-11095613.0808567 89556.5323835718 -2.2796753721897e-11)
(-11095613.0808567 89556.5323835718 -2.2796753721897e-11)
)