202
(
(0 -4.153908114192488e-06 1.8136354502096322e-07)
(0 -4.153908114192488e-06 1.8136354502096322e-07)
(0 -4.153908114192488e-06 1.8136354502096322e-07)
(0 -4.153908114192488e-06 1.8136354502096322e-07)
(0 -4.153908114192488e-06 1.8136354502096322e-07)
(0 -4.153908114192488e-06 1.8136354502096322e-07)
(0 -4.153908114192488e-06 1.8136354502096322e-07)
(0 -4.153908114192488e-06 1.8136354502096322e-07)
(0 -4.153908114192488e-06 1.8136354502096322e-07)
(0 -4.153908114192488e-06 1.8136354502096322e-07)
(0 -4.153908114192488e-06 1.8136354502096322e-07)
(0 -4.153908114192488e-06 1.8136354502096322e-07)
(0 -4.153908114192488e-06 1.8136354502096322e-07)
(0 -4.153908114192488e-06 1.8136354502096322e-07)
(0 -4.153908114192488e-06 1.8136354502096322e-07)
(0 -4.153908114192488e-06 1.8136354502096322e-07)
(0 -4.153908114192488e-06 1.8136354502096322e-07)
(0 -4.153908114192488e-06 1.8136354502096322e-07)
(0 -4.153908114192488e-06 1.8136354502096322e-07)
(0 -4.153908114192488e-06 1.8136354502096322e-07)
(0 -4.153908114192488e-06 1.8136354502096322e-07)
(0 -4.153908114192488e-06 1.8136354502096322e-07)
(0 -4.153908114192488e-06 1.8136354502096322e-07)
(0 -4.153908114192488e-06 1.8136354502096322e-07)
(0 -4.153908114192488e-06 1.8136354502096322e-07)
(0 -4.153908114192488e-06 1.8136354502096322e-07)
(0 -4.153908114192488e-06 1.8136354502096322e-07)
(0 -4.153908114192488e-06 1.8136354502096322e-07)
(0 -4.153908114192488e-06 1.8136354502096322e-07)
(0 -4.153908114192488e-06 1.8136354502096322e-07)
(0 -4.153908114192488e-06 1.8136354502096322e-07)
(0 -4.153908114192488e-06 1.8136354502096322e-07)
(0 -4.153908114192488e-06 1.8136354502096322e-07)
(0 -4.153908114192488e-06 1.8136354502096322e-07)
(0 -4.153908114192488e-06 1.8136354502096322e-07)
(0 -4.153908114192488e-06 1.8136354502096322e-07)
(0 -4.153908114192488e-06 1.8136354502096322e-07)
(0 -4.153908114192488e-06 1.8136354502096322e-07)
(0 -4.153908114192488e-06 1.8136354502096322e-07)
(0 -4.153908114192488e-06 1.8136354502096322e-07)
(0 -4.153908114192488e-06 1.8136354502096322e-07)
(0 -4.153908114192488e-06 1.8136354502096322e-07)
(0 -4.153908114192488e-06 1.8136354502096322e-07)
(0 -4.153908114192488e-06 1.8136354502096322e-07)
(0 -4.153908114192488e-06 1.8136354502096322e-07)
(0 -4.153908114192488e-06 1.8136354502096322e-07)
(0 -4.153908114192488e-06 1.8136354502096322e-07)
(0 -4.153908114192488e-06 1.8136354502096322e-07)
(0 -4.153908114192488e-06 1.8136354502096322e-07)
(0 -4.153908114192488e-06 1.8136354502096322e-07)
(0 -4.153908114192488e-06 1.8136354502096322e-07)
(0 -4.153908114192488e-06 1.8136354502096322e-07)
(0 -4.153908114192488e-06 1.8136354502096322e-07)
(0 -4.153908114192488e-06 1.8136354502096322e-07)
(0 -4.153908114192488e-06 1.8136354502096322e-07)
(0 -4.153908114192488e-06 1.8136354502096322e-07)
(0 -4.153908114192488e-06 1.8136354502096322e-07)
(0 -4.153908114192488e-06 1.8136354502096322e-07)
(0 -4.153908114192488e-06 1.8136354502096322e-07)
(0 -4.153908114192488e-06 1.8136354502096322e-07)
(0 -4.153908114192488e-06 1.8136354502096322e-07)
(0 -4.153908114192488e-06 1.8136354502096322e-07)
(0 -4.153908114192488e-06 1.8136354502096322e-07)
(0 -4.153908114192488e-06 1.8136354502096322e-07)
(0 -4.153908114192488e-06 1.8136354502096322e-07)
(0 -4.153908114192488e-06 1.8136354502096322e-07)
(0 -4.153908114192488e-06 1.8136354502096322e-07)
(0 -4.153908114192488e-06 1.8136354502096322e-07)
(0 -4.153908114192488e-06 1.8136354502096322e-07)
(0 -4.153908114192488e-06 1.8136354502096322e-07)
(0 -4.153908114192488e-06 1.8136354502096322e-07)
(0 -4.153908114192488e-06 1.8136354502096322e-07)
(0 -4.153908114192488e-06 1.8136354502096322e-07)
(0 -4.153908114192488e-06 1.8136354502096322e-07)
(0 -4.153908114192488e-06 1.8136354502096322e-07)
(0 -4.153908114192488e-06 1.8136354502096322e-07)
(0 -4.153908114192488e-06 1.8136354502096322e-07)
(0 -4.153908114192488e-06 1.8136354502096322e-07)
(0 -4.153908114192488e-06 1.8136354502096322e-07)
(0 -4.153908114192488e-06 1.8136354502096322e-07)
(0 -4.153908114192488e-06 1.8136354502096322e-07)
(0 -4.153908114192488e-06 1.8136354502096322e-07)
(0 -4.153908114192488e-06 1.8136354502096322e-07)
(0 -4.153908114192488e-06 1.8136354502096322e-07)
(0 -4.153908114192488e-06 1.8136354502096322e-07)
(0 -4.153908114192488e-06 1.8136354502096322e-07)
(0 -4.153908114192488e-06 1.8136354502096322e-07)
(0 -4.153908114192488e-06 1.8136354502096322e-07)
(0 -4.153908114192488e-06 1.8136354502096322e-07)
(0 -4.153908114192488e-06 1.8136354502096322e-07)
(0 -4.153908114192488e-06 1.8136354502096322e-07)
(0 -4.153908114192488e-06 1.8136354502096322e-07)
(0 -4.153908114192488e-06 1.8136354502096322e-07)
(0 -4.153908114192488e-06 1.8136354502096322e-07)
(0 -4.153908114192488e-06 1.8136354502096322e-07)
(0 -4.153908114192488e-06 1.8136354502096322e-07)
(0 -4.153908114192488e-06 1.8136354502096322e-07)
(0 -4.153908114192488e-06 1.8136354502096322e-07)
(0 -4.153908114192488e-06 1.8136354502096322e-07)
(0 -4.153908114192488e-06 1.8136354502096322e-07)
(0 -4.153908114192488e-06 1.8136354502096322e-07)
(0 -4.153908114192488e-06 -1.8136354502096322e-07)
(0 -4.153908114192488e-06 -1.8136354502096322e-07)
(0 -4.153908114192488e-06 -1.8136354502096322e-07)
(0 -4.153908114192488e-06 -1.8136354502096322e-07)
(0 -4.153908114192488e-06 -1.8136354502096322e-07)
(0 -4.153908114192488e-06 -1.8136354502096322e-07)
(0 -4.153908114192488e-06 -1.8136354502096322e-07)
(0 -4.153908114192488e-06 -1.8136354502096322e-07)
(0 -4.153908114192488e-06 -1.8136354502096322e-07)
(0 -4.153908114192488e-06 -1.8136354502096322e-07)
(0 -4.153908114192488e-06 -1.8136354502096322e-07)
(0 -4.153908114192488e-06 -1.8136354502096322e-07)
(0 -4.153908114192488e-06 -1.8136354502096322e-07)
(0 -4.153908114192488e-06 -1.8136354502096322e-07)
(0 -4.153908114192488e-06 -1.8136354502096322e-07)
(0 -4.153908114192488e-06 -1.8136354502096322e-07)
(0 -4.153908114192488e-06 -1.8136354502096322e-07)
(0 -4.153908114192488e-06 -1.8136354502096322e-07)
(0 -4.153908114192488e-06 -1.8136354502096322e-07)
(0 -4.153908114192488e-06 -1.8136354502096322e-07)
(0 -4.153908114192488e-06 -1.8136354502096322e-07)
(0 -4.153908114192488e-06 -1.8136354502096322e-07)
(0 -4.153908114192488e-06 -1.8136354502096322e-07)
(0 -4.153908114192488e-06 -1.8136354502096322e-07)
(0 -4.153908114192488e-06 -1.8136354502096322e-07)
(0 -4.153908114192488e-06 -1.8136354502096322e-07)
(0 -4.153908114192488e-06 -1.8136354502096322e-07)
(0 -4.153908114192488e-06 -1.8136354502096322e-07)
(0 -4.153908114192488e-06 -1.8136354502096322e-07)
(0 -4.153908114192488e-06 -1.8136354502096322e-07)
(0 -4.153908114192488e-06 -1.8136354502096322e-07)
(0 -4.153908114192488e-06 -1.8136354502096322e-07)
(0 -4.153908114192488e-06 -1.8136354502096322e-07)
(0 -4.153908114192488e-06 -1.8136354502096322e-07)
(0 -4.153908114192488e-06 -1.8136354502096322e-07)
(0 -4.153908114192488e-06 -1.8136354502096322e-07)
(0 -4.153908114192488e-06 -1.8136354502096322e-07)
(0 -4.153908114192488e-06 -1.8136354502096322e-07)
(0 -4.153908114192488e-06 -1.8136354502096322e-07)
(0 -4.153908114192488e-06 -1.8136354502096322e-07)
(0 -4.153908114192488e-06 -1.8136354502096322e-07)
(0 -4.153908114192488e-06 -1.8136354502096322e-07)
(0 -4.153908114192488e-06 -1.8136354502096322e-07)
(0 -4.153908114192488e-06 -1.8136354502096322e-07)
(0 -4.153908114192488e-06 -1.8136354502096322e-07)
(0 -4.153908114192488e-06 -1.8136354502096322e-07)
(0 -4.153908114192488e-06 -1.8136354502096322e-07)
(0 -4.153908114192488e-06 -1.8136354502096322e-07)
(0 -4.153908114192488e-06 -1.8136354502096322e-07)
(0 -4.153908114192488e-06 -1.8136354502096322e-07)
(0 -4.153908114192488e-06 -1.8136354502096322e-07)
(0 -4.153908114192488e-06 -1.8136354502096322e-07)
(0 -4.153908114192488e-06 -1.8136354502096322e-07)
(0 -4.153908114192488e-06 -1.8136354502096322e-07)
(0 -4.153908114192488e-06 -1.8136354502096322e-07)
(0 -4.153908114192488e-06 -1.8136354502096322e-07)
(0 -4.153908114192488e-06 -1.8136354502096322e-07)
(0 -4.153908114192488e-06 -1.8136354502096322e-07)
(0 -4.153908114192488e-06 -1.8136354502096322e-07)
(0 -4.153908114192488e-06 -1.8136354502096322e-07)
(0 -4.153908114192488e-06 -1.8136354502096322e-07)
(0 -4.153908114192488e-06 -1.8136354502096322e-07)
(0 -4.153908114192488e-06 -1.8136354502096322e-07)
(0 -4.153908114192488e-06 -1.8136354502096322e-07)
(0 -4.153908114192488e-06 -1.8136354502096322e-07)
(0 -4.153908114192488e-06 -1.8136354502096322e-07)
(0 -4.153908114192488e-06 -1.8136354502096322e-07)
(0 -4.153908114192488e-06 -1.8136354502096322e-07)
(0 -4.153908114192488e-06 -1.8136354502096322e-07)
(0 -4.153908114192488e-06 -1.8136354502096322e-07)
(0 -4.153908114192488e-06 -1.8136354502096322e-07)
(0 -4.153908114192488e-06 -1.8136354502096322e-07)
(0 -4.153908114192488e-06 -1.8136354502096322e-07)
(0 -4.153908114192488e-06 -1.8136354502096322e-07)
(0 -4.153908114192488e-06 -1.8136354502096322e-07)
(0 -4.153908114192488e-06 -1.8136354502096322e-07)
(0 -4.153908114192488e-06 -1.8136354502096322e-07)
(0 -4.153908114192488e-06 -1.8136354502096322e-07)
(0 -4.153908114192488e-06 -1.8136354502096322e-07)
(0 -4.153908114192488e-06 -1.8136354502096322e-07)
(0 -4.153908114192488e-06 -1.8136354502096322e-07)
(0 -4.153908114192488e-06 -1.8136354502096322e-07)
(0 -4.153908114192488e-06 -1.8136354502096322e-07)
(0 -4.153908114192488e-06 -1.8136354502096322e-07)
(0 -4.153908114192488e-06 -1.8136354502096322e-07)
(0 -4.153908114192488e-06 -1.8136354502096322e-07)
(0 -4.153908114192488e-06 -1.8136354502096322e-07)
(0 -4.153908114192488e-06 -1.8136354502096322e-07)
(0 -4.153908114192488e-06 -1.8136354502096322e-07)
(0 -4.153908114192488e-06 -1.8136354502096322e-07)
(0 -4.153908114192488e-06 -1.8136354502096322e-07)
(0 -4.153908114192488e-06 -1.8136354502096322e-07)
(0 -4.153908114192488e-06 -1.8136354502096322e-07)
(0 -4.153908114192488e-06 -1.8136354502096322e-07)
(0 -4.153908114192488e-06 -1.8136354502096322e-07)
(0 -4.153908114192488e-06 -1.8136354502096322e-07)
(0 -4.153908114192488e-06 -1.8136354502096322e-07)
(0 -4.153908114192488e-06 -1.8136354502096322e-07)
(0 -4.153908114192488e-06 -1.8136354502096322e-07)
(0 -4.153908114192488e-06 -1.8136354502096322e-07)
(0 -4.153908114192488e-06 -1.8136354502096322e-07)
)