
                    FoamFile
                    {
                         version   2.0;
                         format    ascii;
                         class     vectorField;
                         object    values;
                    }
                    //***********************************************************************// //

                    244
(
(-8959178.68760986 40874.9546965003 9.67763012646302e-11)
(-8959178.68760986 40874.9546965003 9.67763012646302e-11)
(-8979116.183652297 38931.63929528752 6.993775232093074e-11)
(-9125694.367284834 32700.26201670343 -1.57335687915668e-10)
(-9294421.72800254 35908.21744853872 -2.773496839583764e-10)
(-9478323.900879676 38478.56526877181 1.9366368647947356e-10)
(-9671539.540315159 39946.0376233279 3.637095186039793e-11)
(-9873715.653446725 41042.85667896354 -1.4441211178906543e-09)
(-10083802.76291576 42111.306549744426 -2.0349324591965826e-09)
(-10302925.720791327 43244.65854527102 -5.90070193672535e-10)
(-10531673.172083579 44425.804694866834 4.5769257184474974e-10)
(-10769950.88066947 45648.81513187693 1.0854262776616727e-09)
(-11020018.67102285 46912.302164576795 -2.36729657543718e-10)
(-11280649.499304993 48229.31968018136 -2.590011166447275e-10)
(-11554723.54169605 49611.31323192129 -1.2245892588303935e-09)
(-11841417.748930288 51049.89168791527 1.2589469450492182e-10)
(-12142666.014626242 52571.33639258043 8.71225867130756e-11)
(-12459480.102859229 54185.90452029214 -7.551211226224077e-10)
(-12791921.827720474 55853.76859443246 -1.1333038360391408e-10)
(-13143876.777222948 57628.65687536634 -1.819475231011198e-09)
(-13513341.188200409 59537.64760691523 -5.117205895178349e-09)
(-13905503.74154442 61565.94553219977 -2.687876146272526e-09)
(-14319156.631592812 63731.447208356636 3.204769424862087e-10)
(-14757752.484187614 66065.62520951623 -4.2315310895226215e-09)
(-15223485.205292773 68577.9216383654 2.204985417725247e-09)
(-15716873.674474256 71339.46121600829 8.770513817852422e-09)
(-16244483.77657415 74379.89523010394 -2.9348652270925163e-09)
(-16803641.65735158 77633.58226681824 1.0968338007576652e-09)
(-17404098.24916615 81399.66576517097 9.587292917062672e-10)
(-18043291.4194304 85661.25905290814 6.589165393120504e-09)
(-18728029.622642655 90382.98581623333 4.473998241088259e-09)
(-19463076.006455235 95815.42045973218 -1.3949232897047401e-09)
(-20248248.289166264 102235.63080060552 4.583651882401759e-09)
(-21095781.399610847 109495.24878819898 -3.532775238520835e-09)
(-22001744.547541387 118009.2424984603 -2.2712233996414576e-08)
(-22979472.025064163 128840.95270805742 -5.027194410484051e-09)
(-24023531.946035802 140915.88328237232 7.869343859534671e-09)
(-25145853.61291233 155538.5559285198 8.542069012579584e-09)
(-26344386.33537929 174559.89364972504 -9.382120394122354e-09)
(-27611210.752134066 196075.71748051728 1.298820552797672e-09)
(-28961487.7334679 222517.7711071245 1.222910479485445e-08)
(-30356753.534188285 264048.2032226687 1.751042276113756e-08)
(-31713672.34922889 323179.465954723 -5.183554367209518e-09)
(-32957834.121893596 407599.0779860243 -1.0893682649937631e-08)
(-33830784.09638047 541754.8094352232 2.5095051523095065e-09)
(-34126158.37351303 662949.4636987769 -5.20480129140885e-09)
(-33861666.53539364 773200.6761893398 -1.3250341896955214e-08)
(-32758901.549686596 875741.8414108951 -9.443372827525003e-09)
(-30966464.73234255 915345.258971418 6.602022568305826e-09)
(-28510798.3011524 909006.1446341155 9.834002052944077e-09)
(-25522656.608070288 855915.9176269735 1.3096489035825739e-08)
(-22204404.799423948 743694.1009508102 -1.0161588008189228e-09)
(-18723420.09992335 600817.1614952894 8.854056029260947e-09)
(-15213298.458479293 435367.74317737826 3.279545937651565e-09)
(-11772941.58051165 263255.20670901553 -3.5243466627376747e-08)
(-8427600.189142646 93415.0823724168 1.8238503762106783e-08)
(-5190472.289661345 -60223.855662338974 -5.111668516342761e-09)
(-1954203.9397314822 -195829.61235239787 3.658232604229747e-10)
(1356841.4145658754 -305718.03470536665 1.398170429057151e-08)
(4934234.265119635 -400714.6092506234 1.9760243586869733e-08)
(9048157.568552257 -457489.4869142028 -1.3696969685739779e-08)
(14027155.39783926 -486379.8260508656 -7.437638298474617e-09)
(17622611.633358605 -49872.47663954503 7.878742233281337e-09)
(17078255.536194228 -189.49799739071568 -3.5199078877926028e-09)
(17014656.522824522 38386.46800272459 8.977255750031598e-09)
(16977784.113600858 72285.18603543527 -1.0750034742205069e-08)
(16984412.896358363 80819.85273496565 -5.993354332710758e-09)
(17035208.818872992 85817.46173564966 7.402601043481091e-11)
(17109759.90848095 82362.315081365 -6.10002404816997e-09)
(17186679.714511707 76132.802197741 -7.420017252137357e-10)
(17259921.916065592 67751.2878012642 -4.960817166628189e-10)
(17327199.894181326 64053.21644341557 -2.7996954547700777e-10)
(17335769.9430081 63691.6296153424 -3.5961248364315e-10)
(17335769.9430081 63691.6296153424 -3.5961248364315e-10)
(17335769.9430081 63691.6296153424 -3.5961248364315e-10)
(17335769.9430081 63691.6296153424 -3.5961248364315e-10)
(17335769.9430081 63691.6296153424 -3.5961248364315e-10)
(17335769.9430081 63691.6296153424 -3.5961248364315e-10)
(17335769.9430081 63691.6296153424 -3.5961248364315e-10)
(17335769.9430081 63691.6296153424 -3.5961248364315e-10)
(17335769.9430081 63691.6296153424 -3.5961248364315e-10)
(17335769.9430081 63691.6296153424 -3.5961248364315e-10)
(17335769.9430081 63691.6296153424 -3.5961248364315e-10)
(17335769.9430081 63691.6296153424 -3.5961248364315e-10)
(17335769.9430081 63691.6296153424 -3.5961248364315e-10)
(17335769.9430081 63691.6296153424 -3.5961248364315e-10)
(17335769.9430081 63691.6296153424 -3.5961248364315e-10)
(17335769.9430081 63691.6296153424 -3.5961248364315e-10)
(17335769.9430081 63691.6296153424 -3.5961248364315e-10)
(17335769.9430081 63691.6296153424 -3.5961248364315e-10)
(17335769.9430081 63691.6296153424 -3.5961248364315e-10)
(17335769.9430081 63691.6296153424 -3.5961248364315e-10)
(17335769.9430081 63691.6296153424 -3.5961248364315e-10)
(17335769.9430081 63691.6296153424 -3.5961248364315e-10)
(17335769.9430081 63691.6296153424 -3.5961248364315e-10)
(17335769.9430081 63691.6296153424 -3.5961248364315e-10)
(17335769.9430081 63691.6296153424 -3.5961248364315e-10)
(17335769.9430081 63691.6296153424 -3.5961248364315e-10)
(17335769.9430081 63691.6296153424 -3.5961248364315e-10)
(17335769.9430081 63691.6296153424 -3.5961248364315e-10)
(17335769.9430081 63691.6296153424 -3.5961248364315e-10)
(17335769.9430081 63691.6296153424 -3.5961248364315e-10)
(17335769.9430081 63691.6296153424 -3.5961248364315e-10)
(17335769.9430081 63691.6296153424 -3.5961248364315e-10)
(17335769.9430081 63691.6296153424 -3.5961248364315e-10)
(17335769.9430081 63691.6296153424 -3.5961248364315e-10)
(17335769.9430081 63691.6296153424 -3.5961248364315e-10)
(17335769.9430081 63691.6296153424 -3.5961248364315e-10)
(17335769.9430081 63691.6296153424 -3.5961248364315e-10)
(17335769.9430081 63691.6296153424 -3.5961248364315e-10)
(17335769.9430081 63691.6296153424 -3.5961248364315e-10)
(17335769.9430081 63691.6296153424 -3.5961248364315e-10)
(17335769.9430081 63691.6296153424 -3.5961248364315e-10)
(17335769.9430081 63691.6296153424 -3.5961248364315e-10)
(17335769.9430081 63691.6296153424 -3.5961248364315e-10)
(17335769.9430081 63691.6296153424 -3.5961248364315e-10)
(17335769.9430081 63691.6296153424 -3.5961248364315e-10)
(17335769.9430081 63691.6296153424 -3.5961248364315e-10)
(17335769.9430081 63691.6296153424 -3.5961248364315e-10)
(17335769.9430081 63691.6296153424 -3.5961248364315e-10)
(17335769.9430081 63691.6296153424 -3.5961248364315e-10)
(17335769.9430081 63691.6296153424 -3.5961248364315e-10)
(-8959178.68760986 40874.9546965003 9.67763012646302e-11)
(-8959178.68760986 40874.9546965003 9.67763012646302e-11)
(-8979116.183652297 38931.63929528752 6.993775232093074e-11)
(-9125694.367284834 32700.26201670343 -1.57335687915668e-10)
(-9294421.72800254 35908.21744853872 -2.773496839583764e-10)
(-9478323.900879676 38478.56526877181 1.9366368647947356e-10)
(-9671539.540315159 39946.0376233279 3.637095186039793e-11)
(-9873715.653446725 41042.85667896354 -1.4441211178906543e-09)
(-10083802.76291576 42111.306549744426 -2.0349324591965826e-09)
(-10302925.720791327 43244.65854527102 -5.90070193672535e-10)
(-10531673.172083579 44425.804694866834 4.5769257184474974e-10)
(-10769950.88066947 45648.81513187693 1.0854262776616727e-09)
(-11020018.67102285 46912.302164576795 -2.36729657543718e-10)
(-11280649.499304993 48229.31968018136 -2.590011166447275e-10)
(-11554723.54169605 49611.31323192129 -1.2245892588303935e-09)
(-11841417.748930288 51049.89168791527 1.2589469450492182e-10)
(-12142666.014626242 52571.33639258043 8.71225867130756e-11)
(-12459480.102859229 54185.90452029214 -7.551211226224077e-10)
(-12791921.827720474 55853.76859443246 -1.1333038360391408e-10)
(-13143876.777222948 57628.65687536634 -1.819475231011198e-09)
(-13513341.188200409 59537.64760691523 -5.117205895178349e-09)
(-13905503.74154442 61565.94553219977 -2.687876146272526e-09)
(-14319156.631592812 63731.447208356636 3.204769424862087e-10)
(-14757752.484187614 66065.62520951623 -4.2315310895226215e-09)
(-15223485.205292773 68577.9216383654 2.204985417725247e-09)
(-15716873.674474256 71339.46121600829 8.770513817852422e-09)
(-16244483.77657415 74379.89523010394 -2.9348652270925163e-09)
(-16803641.65735158 77633.58226681824 1.0968338007576652e-09)
(-17404098.24916615 81399.66576517097 9.587292917062672e-10)
(-18043291.4194304 85661.25905290814 6.589165393120504e-09)
(-18728029.622642655 90382.98581623333 4.473998241088259e-09)
(-19463076.006455235 95815.42045973218 -1.3949232897047401e-09)
(-20248248.289166264 102235.63080060552 4.583651882401759e-09)
(-21095781.399610847 109495.24878819898 -3.532775238520835e-09)
(-22001744.547541387 118009.2424984603 -2.2712233996414576e-08)
(-22979472.025064163 128840.95270805742 -5.027194410484051e-09)
(-24023531.946035802 140915.88328237232 7.869343859534671e-09)
(-25145853.61291233 155538.5559285198 8.542069012579584e-09)
(-26344386.33537929 174559.89364972504 -9.382120394122354e-09)
(-27611210.752134066 196075.71748051728 1.298820552797672e-09)
(-28961487.7334679 222517.7711071245 1.222910479485445e-08)
(-30356753.534188285 264048.2032226687 1.751042276113756e-08)
(-31713672.34922889 323179.465954723 -5.183554367209518e-09)
(-32957834.121893596 407599.0779860243 -1.0893682649937631e-08)
(-33830784.09638047 541754.8094352232 2.5095051523095065e-09)
(-34126158.37351303 662949.4636987769 -5.20480129140885e-09)
(-33861666.53539364 773200.6761893398 -1.3250341896955214e-08)
(-32758901.549686596 875741.8414108951 -9.443372827525003e-09)
(-30966464.73234255 915345.258971418 6.602022568305826e-09)
(-28510798.3011524 909006.1446341155 9.834002052944077e-09)
(-25522656.608070288 855915.9176269735 1.3096489035825739e-08)
(-22204404.799423948 743694.1009508102 -1.0161588008189228e-09)
(-18723420.09992335 600817.1614952894 8.854056029260947e-09)
(-15213298.458479293 435367.74317737826 3.279545937651565e-09)
(-11772941.58051165 263255.20670901553 -3.5243466627376747e-08)
(-8427600.189142646 93415.0823724168 1.8238503762106783e-08)
(-5190472.289661345 -60223.855662338974 -5.111668516342761e-09)
(-1954203.9397314822 -195829.61235239787 3.658232604229747e-10)
(1356841.4145658754 -305718.03470536665 1.398170429057151e-08)
(4934234.265119635 -400714.6092506234 1.9760243586869733e-08)
(9048157.568552257 -457489.4869142028 -1.3696969685739779e-08)
(14027155.39783926 -486379.8260508656 -7.437638298474617e-09)
(17622611.633358605 -49872.47663954503 7.878742233281337e-09)
(17078255.536194228 -189.49799739071568 -3.5199078877926028e-09)
(17014656.522824522 38386.46800272459 8.977255750031598e-09)
(16977784.113600858 72285.18603543527 -1.0750034742205069e-08)
(16984412.896358363 80819.85273496565 -5.993354332710758e-09)
(17035208.818872992 85817.46173564966 7.402601043481091e-11)
(17109759.90848095 82362.315081365 -6.10002404816997e-09)
(17186679.714511707 76132.802197741 -7.420017252137357e-10)
(17259921.916065592 67751.2878012642 -4.960817166628189e-10)
(17327199.894181326 64053.21644341557 -2.7996954547700777e-10)
(17335769.9430081 63691.6296153424 -3.5961248364315e-10)
(17335769.9430081 63691.6296153424 -3.5961248364315e-10)
(17335769.9430081 63691.6296153424 -3.5961248364315e-10)
(17335769.9430081 63691.6296153424 -3.5961248364315e-10)
(17335769.9430081 63691.6296153424 -3.5961248364315e-10)
(17335769.9430081 63691.6296153424 -3.5961248364315e-10)
(17335769.9430081 63691.6296153424 -3.5961248364315e-10)
(17335769.9430081 63691.6296153424 -3.5961248364315e-10)
(17335769.9430081 63691.6296153424 -3.5961248364315e-10)
(17335769.9430081 63691.6296153424 -3.5961248364315e-10)
(17335769.9430081 63691.6296153424 -3.5961248364315e-10)
(17335769.9430081 63691.6296153424 -3.5961248364315e-10)
(17335769.9430081 63691.6296153424 -3.5961248364315e-10)
(17335769.9430081 63691.6296153424 -3.5961248364315e-10)
(17335769.9430081 63691.6296153424 -3.5961248364315e-10)
(17335769.9430081 63691.6296153424 -3.5961248364315e-10)
(17335769.9430081 63691.6296153424 -3.5961248364315e-10)
(17335769.9430081 63691.6296153424 -3.5961248364315e-10)
(17335769.9430081 63691.6296153424 -3.5961248364315e-10)
(17335769.9430081 63691.6296153424 -3.5961248364315e-10)
(17335769.9430081 63691.6296153424 -3.5961248364315e-10)
(17335769.9430081 63691.6296153424 -3.5961248364315e-10)
(17335769.9430081 63691.6296153424 -3.5961248364315e-10)
(17335769.9430081 63691.6296153424 -3.5961248364315e-10)
(17335769.9430081 63691.6296153424 -3.5961248364315e-10)
(17335769.9430081 63691.6296153424 -3.5961248364315e-10)
(17335769.9430081 63691.6296153424 -3.5961248364315e-10)
(17335769.9430081 63691.6296153424 -3.5961248364315e-10)
(17335769.9430081 63691.6296153424 -3.5961248364315e-10)
(17335769.9430081 63691.6296153424 -3.5961248364315e-10)
(17335769.9430081 63691.6296153424 -3.5961248364315e-10)
(17335769.9430081 63691.6296153424 -3.5961248364315e-10)
(17335769.9430081 63691.6296153424 -3.5961248364315e-10)
(17335769.9430081 63691.6296153424 -3.5961248364315e-10)
(17335769.9430081 63691.6296153424 -3.5961248364315e-10)
(17335769.9430081 63691.6296153424 -3.5961248364315e-10)
(17335769.9430081 63691.6296153424 -3.5961248364315e-10)
(17335769.9430081 63691.6296153424 -3.5961248364315e-10)
(17335769.9430081 63691.6296153424 -3.5961248364315e-10)
(17335769.9430081 63691.6296153424 -3.5961248364315e-10)
(17335769.9430081 63691.6296153424 -3.5961248364315e-10)
(17335769.9430081 63691.6296153424 -3.5961248364315e-10)
(17335769.9430081 63691.6296153424 -3.5961248364315e-10)
(17335769.9430081 63691.6296153424 -3.5961248364315e-10)
(17335769.9430081 63691.6296153424 -3.5961248364315e-10)
(17335769.9430081 63691.6296153424 -3.5961248364315e-10)
(17335769.9430081 63691.6296153424 -3.5961248364315e-10)
(17335769.9430081 63691.6296153424 -3.5961248364315e-10)
(17335769.9430081 63691.6296153424 -3.5961248364315e-10)
(17335769.9430081 63691.6296153424 -3.5961248364315e-10)
)