202
(
(0 -9.988260874581028e-06 4.36096887800407e-07)
(0 -9.988260874581028e-06 4.36096887800407e-07)
(0 -9.988260874581028e-06 4.36096887800407e-07)
(0 -9.988260874581028e-06 4.36096887800407e-07)
(0 -9.988260874581028e-06 4.36096887800407e-07)
(0 -9.988260874581028e-06 4.36096887800407e-07)
(0 -9.988260874581028e-06 4.36096887800407e-07)
(0 -9.988260874581028e-06 4.36096887800407e-07)
(0 -9.988260874581028e-06 4.36096887800407e-07)
(0 -9.988260874581028e-06 4.36096887800407e-07)
(0 -9.988260874581028e-06 4.36096887800407e-07)
(0 -9.988260874581028e-06 4.36096887800407e-07)
(0 -9.988260874581028e-06 4.36096887800407e-07)
(0 -9.988260874581028e-06 4.36096887800407e-07)
(0 -9.988260874581028e-06 4.36096887800407e-07)
(0 -9.988260874581028e-06 4.36096887800407e-07)
(0 -9.988260874581028e-06 4.36096887800407e-07)
(0 -9.988260874581028e-06 4.36096887800407e-07)
(0 -9.988260874581028e-06 4.36096887800407e-07)
(0 -9.988260874581028e-06 4.36096887800407e-07)
(0 -9.988260874581028e-06 4.36096887800407e-07)
(0 -9.988260874581028e-06 4.36096887800407e-07)
(0 -9.988260874581028e-06 4.36096887800407e-07)
(0 -9.988260874581028e-06 4.36096887800407e-07)
(0 -9.988260874581028e-06 4.36096887800407e-07)
(0 -9.988260874581028e-06 4.36096887800407e-07)
(0 -9.988260874581028e-06 4.36096887800407e-07)
(0 -9.988260874581028e-06 4.36096887800407e-07)
(0 -9.988260874581028e-06 4.36096887800407e-07)
(0 -9.988260874581028e-06 4.36096887800407e-07)
(0 -9.988260874581028e-06 4.36096887800407e-07)
(0 -9.988260874581028e-06 4.36096887800407e-07)
(0 -9.988260874581028e-06 4.36096887800407e-07)
(0 -9.988260874581028e-06 4.36096887800407e-07)
(0 -9.988260874581028e-06 4.36096887800407e-07)
(0 -9.988260874581028e-06 4.36096887800407e-07)
(0 -9.988260874581028e-06 4.36096887800407e-07)
(0 -9.988260874581028e-06 4.36096887800407e-07)
(0 -9.988260874581028e-06 4.36096887800407e-07)
(0 -9.988260874581028e-06 4.36096887800407e-07)
(0 -9.988260874581028e-06 4.36096887800407e-07)
(0 -9.988260874581028e-06 4.36096887800407e-07)
(0 -9.988260874581028e-06 4.36096887800407e-07)
(0 -9.988260874581028e-06 4.36096887800407e-07)
(0 -9.988260874581028e-06 4.36096887800407e-07)
(0 -9.988260874581028e-06 4.36096887800407e-07)
(0 -9.988260874581028e-06 4.36096887800407e-07)
(0 -9.988260874581028e-06 4.36096887800407e-07)
(0 -9.988260874581028e-06 4.36096887800407e-07)
(0 -9.988260874581028e-06 4.36096887800407e-07)
(0 -9.988260874581028e-06 4.36096887800407e-07)
(0 -9.988260874581028e-06 4.36096887800407e-07)
(0 -9.988260874581028e-06 4.36096887800407e-07)
(0 -9.988260874581028e-06 4.36096887800407e-07)
(0 -9.988260874581028e-06 4.36096887800407e-07)
(0 -9.988260874581028e-06 4.36096887800407e-07)
(0 -9.988260874581028e-06 4.36096887800407e-07)
(0 -9.988260874581028e-06 4.36096887800407e-07)
(0 -9.988260874581028e-06 4.36096887800407e-07)
(0 -9.988260874581028e-06 4.36096887800407e-07)
(0 -9.988260874581028e-06 4.36096887800407e-07)
(0 -9.988260874581028e-06 4.36096887800407e-07)
(0 -9.988260874581028e-06 4.36096887800407e-07)
(0 -9.988260874581028e-06 4.36096887800407e-07)
(0 -9.988260874581028e-06 4.36096887800407e-07)
(0 -9.988260874581028e-06 4.36096887800407e-07)
(0 -9.988260874581028e-06 4.36096887800407e-07)
(0 -9.988260874581028e-06 4.36096887800407e-07)
(0 -9.988260874581028e-06 4.36096887800407e-07)
(0 -9.988260874581028e-06 4.36096887800407e-07)
(0 -9.988260874581028e-06 4.36096887800407e-07)
(0 -9.988260874581028e-06 4.36096887800407e-07)
(0 -9.988260874581028e-06 4.36096887800407e-07)
(0 -9.988260874581028e-06 4.36096887800407e-07)
(0 -9.988260874581028e-06 4.36096887800407e-07)
(0 -9.988260874581028e-06 4.36096887800407e-07)
(0 -9.988260874581028e-06 4.36096887800407e-07)
(0 -9.988260874581028e-06 4.36096887800407e-07)
(0 -9.988260874581028e-06 4.36096887800407e-07)
(0 -9.988260874581028e-06 4.36096887800407e-07)
(0 -9.988260874581028e-06 4.36096887800407e-07)
(0 -9.988260874581028e-06 4.36096887800407e-07)
(0 -9.988260874581028e-06 4.36096887800407e-07)
(0 -9.988260874581028e-06 4.36096887800407e-07)
(0 -9.988260874581028e-06 4.36096887800407e-07)
(0 -9.988260874581028e-06 4.36096887800407e-07)
(0 -9.988260874581028e-06 4.36096887800407e-07)
(0 -9.988260874581028e-06 4.36096887800407e-07)
(0 -9.988260874581028e-06 4.36096887800407e-07)
(0 -9.988260874581028e-06 4.36096887800407e-07)
(0 -9.988260874581028e-06 4.36096887800407e-07)
(0 -9.988260874581028e-06 4.36096887800407e-07)
(0 -9.988260874581028e-06 4.36096887800407e-07)
(0 -9.988260874581028e-06 4.36096887800407e-07)
(0 -9.988260874581028e-06 4.36096887800407e-07)
(0 -9.988260874581028e-06 4.36096887800407e-07)
(0 -9.988260874581028e-06 4.36096887800407e-07)
(0 -9.988260874581028e-06 4.36096887800407e-07)
(0 -9.988260874581028e-06 4.36096887800407e-07)
(0 -9.988260874581028e-06 4.36096887800407e-07)
(0 -9.988260874581028e-06 4.36096887800407e-07)
(0 -9.988260874581028e-06 -4.36096887800407e-07)
(0 -9.988260874581028e-06 -4.36096887800407e-07)
(0 -9.988260874581028e-06 -4.36096887800407e-07)
(0 -9.988260874581028e-06 -4.36096887800407e-07)
(0 -9.988260874581028e-06 -4.36096887800407e-07)
(0 -9.988260874581028e-06 -4.36096887800407e-07)
(0 -9.988260874581028e-06 -4.36096887800407e-07)
(0 -9.988260874581028e-06 -4.36096887800407e-07)
(0 -9.988260874581028e-06 -4.36096887800407e-07)
(0 -9.988260874581028e-06 -4.36096887800407e-07)
(0 -9.988260874581028e-06 -4.36096887800407e-07)
(0 -9.988260874581028e-06 -4.36096887800407e-07)
(0 -9.988260874581028e-06 -4.36096887800407e-07)
(0 -9.988260874581028e-06 -4.36096887800407e-07)
(0 -9.988260874581028e-06 -4.36096887800407e-07)
(0 -9.988260874581028e-06 -4.36096887800407e-07)
(0 -9.988260874581028e-06 -4.36096887800407e-07)
(0 -9.988260874581028e-06 -4.36096887800407e-07)
(0 -9.988260874581028e-06 -4.36096887800407e-07)
(0 -9.988260874581028e-06 -4.36096887800407e-07)
(0 -9.988260874581028e-06 -4.36096887800407e-07)
(0 -9.988260874581028e-06 -4.36096887800407e-07)
(0 -9.988260874581028e-06 -4.36096887800407e-07)
(0 -9.988260874581028e-06 -4.36096887800407e-07)
(0 -9.988260874581028e-06 -4.36096887800407e-07)
(0 -9.988260874581028e-06 -4.36096887800407e-07)
(0 -9.988260874581028e-06 -4.36096887800407e-07)
(0 -9.988260874581028e-06 -4.36096887800407e-07)
(0 -9.988260874581028e-06 -4.36096887800407e-07)
(0 -9.988260874581028e-06 -4.36096887800407e-07)
(0 -9.988260874581028e-06 -4.36096887800407e-07)
(0 -9.988260874581028e-06 -4.36096887800407e-07)
(0 -9.988260874581028e-06 -4.36096887800407e-07)
(0 -9.988260874581028e-06 -4.36096887800407e-07)
(0 -9.988260874581028e-06 -4.36096887800407e-07)
(0 -9.988260874581028e-06 -4.36096887800407e-07)
(0 -9.988260874581028e-06 -4.36096887800407e-07)
(0 -9.988260874581028e-06 -4.36096887800407e-07)
(0 -9.988260874581028e-06 -4.36096887800407e-07)
(0 -9.988260874581028e-06 -4.36096887800407e-07)
(0 -9.988260874581028e-06 -4.36096887800407e-07)
(0 -9.988260874581028e-06 -4.36096887800407e-07)
(0 -9.988260874581028e-06 -4.36096887800407e-07)
(0 -9.988260874581028e-06 -4.36096887800407e-07)
(0 -9.988260874581028e-06 -4.36096887800407e-07)
(0 -9.988260874581028e-06 -4.36096887800407e-07)
(0 -9.988260874581028e-06 -4.36096887800407e-07)
(0 -9.988260874581028e-06 -4.36096887800407e-07)
(0 -9.988260874581028e-06 -4.36096887800407e-07)
(0 -9.988260874581028e-06 -4.36096887800407e-07)
(0 -9.988260874581028e-06 -4.36096887800407e-07)
(0 -9.988260874581028e-06 -4.36096887800407e-07)
(0 -9.988260874581028e-06 -4.36096887800407e-07)
(0 -9.988260874581028e-06 -4.36096887800407e-07)
(0 -9.988260874581028e-06 -4.36096887800407e-07)
(0 -9.988260874581028e-06 -4.36096887800407e-07)
(0 -9.988260874581028e-06 -4.36096887800407e-07)
(0 -9.988260874581028e-06 -4.36096887800407e-07)
(0 -9.988260874581028e-06 -4.36096887800407e-07)
(0 -9.988260874581028e-06 -4.36096887800407e-07)
(0 -9.988260874581028e-06 -4.36096887800407e-07)
(0 -9.988260874581028e-06 -4.36096887800407e-07)
(0 -9.988260874581028e-06 -4.36096887800407e-07)
(0 -9.988260874581028e-06 -4.36096887800407e-07)
(0 -9.988260874581028e-06 -4.36096887800407e-07)
(0 -9.988260874581028e-06 -4.36096887800407e-07)
(0 -9.988260874581028e-06 -4.36096887800407e-07)
(0 -9.988260874581028e-06 -4.36096887800407e-07)
(0 -9.988260874581028e-06 -4.36096887800407e-07)
(0 -9.988260874581028e-06 -4.36096887800407e-07)
(0 -9.988260874581028e-06 -4.36096887800407e-07)
(0 -9.988260874581028e-06 -4.36096887800407e-07)
(0 -9.988260874581028e-06 -4.36096887800407e-07)
(0 -9.988260874581028e-06 -4.36096887800407e-07)
(0 -9.988260874581028e-06 -4.36096887800407e-07)
(0 -9.988260874581028e-06 -4.36096887800407e-07)
(0 -9.988260874581028e-06 -4.36096887800407e-07)
(0 -9.988260874581028e-06 -4.36096887800407e-07)
(0 -9.988260874581028e-06 -4.36096887800407e-07)
(0 -9.988260874581028e-06 -4.36096887800407e-07)
(0 -9.988260874581028e-06 -4.36096887800407e-07)
(0 -9.988260874581028e-06 -4.36096887800407e-07)
(0 -9.988260874581028e-06 -4.36096887800407e-07)
(0 -9.988260874581028e-06 -4.36096887800407e-07)
(0 -9.988260874581028e-06 -4.36096887800407e-07)
(0 -9.988260874581028e-06 -4.36096887800407e-07)
(0 -9.988260874581028e-06 -4.36096887800407e-07)
(0 -9.988260874581028e-06 -4.36096887800407e-07)
(0 -9.988260874581028e-06 -4.36096887800407e-07)
(0 -9.988260874581028e-06 -4.36096887800407e-07)
(0 -9.988260874581028e-06 -4.36096887800407e-07)
(0 -9.988260874581028e-06 -4.36096887800407e-07)
(0 -9.988260874581028e-06 -4.36096887800407e-07)
(0 -9.988260874581028e-06 -4.36096887800407e-07)
(0 -9.988260874581028e-06 -4.36096887800407e-07)
(0 -9.988260874581028e-06 -4.36096887800407e-07)
(0 -9.988260874581028e-06 -4.36096887800407e-07)
(0 -9.988260874581028e-06 -4.36096887800407e-07)
(0 -9.988260874581028e-06 -4.36096887800407e-07)
(0 -9.988260874581028e-06 -4.36096887800407e-07)
(0 -9.988260874581028e-06 -4.36096887800407e-07)
)