
                    FoamFile
                    {
                         version   2.0;
                         format    ascii;
                         class     scalarField;
                         object    values;
                    }
                    //***********************************************************************// //

                    244
(
1380783.94783186
1380783.94783186
1985600.921122511
6082013.756979751
10338612.860927984
14767374.692655168
19353944.65354928
24139407.872405738
29107872.461925548
34284539.3999015
39681927.845643446
45297536.88152229
51179846.70615517
57300373.62677975
63724037.899107546
70429773.45698863
77459414.8808774
84835829.50302747
92558469.01944405
100708320.49470553
109243973.80326916
118275865.21758142
127774607.22494033
137816099.7911474
148445492.06135574
159669268.42170933
171636843.31164646
184284927.72605768
197821314.46118
212206381.84261245
227592247.3143262
244080132.56963873
261700426.20892847
280759651.2618705
301160069.0487586
323338704.4505221
347242647.45959365
373220530.9488464
401507763.49752223
432200984.63611966
465998994.02653754
502692448.5163202
543256851.8375814
587576767.1027997
636267672.5343372
689653865.9577103
747255254.4356935
808965456.9137751
873244227.0116806
938457392.4680904
1002816159.8744678
1064063467.1899714
1120000315.1061502
1169401333.4744263
1209537634.68498
1240888900.4791873
1260630463.0993876
1269398644.7751293
1264794678.6470413
1244616328.1036077
1206548549.4706948
1140138451.4191198
1036136390.1767592
931745229.7664458
825709790.4503616
719857466.2013297
613305710.3783827
505487686.72709537
396003590.8988765
284992837.19063294
172132319.11840874
57780580.093956724
40554397.3125628
40554397.3125628
40554397.3125628
40554397.3125628
40554397.3125628
40554397.3125628
40554397.3125628
40554397.3125628
40554397.3125628
40554397.3125628
40554397.3125628
40554397.3125628
40554397.3125628
40554397.3125628
40554397.3125628
40554397.3125628
40554397.3125628
40554397.3125628
40554397.3125628
40554397.3125628
40554397.3125628
40554397.3125628
40554397.3125628
40554397.3125628
40554397.3125628
40554397.3125628
40554397.3125628
40554397.3125628
40554397.3125628
40554397.3125628
40554397.3125628
40554397.3125628
40554397.3125628
40554397.3125628
40554397.3125628
40554397.3125628
40554397.3125628
40554397.3125628
40554397.3125628
40554397.3125628
40554397.3125628
40554397.3125628
40554397.3125628
40554397.3125628
40554397.3125628
40554397.3125628
40554397.3125628
40554397.3125628
40554397.3125628
40554397.3125628
1380783.94783186
1380783.94783186
1985600.921122511
6082013.756979751
10338612.860927984
14767374.692655168
19353944.65354928
24139407.872405738
29107872.461925548
34284539.3999015
39681927.845643446
45297536.88152229
51179846.70615517
57300373.62677975
63724037.899107546
70429773.45698863
77459414.8808774
84835829.50302747
92558469.01944405
100708320.49470553
109243973.80326916
118275865.21758142
127774607.22494033
137816099.7911474
148445492.06135574
159669268.42170933
171636843.31164646
184284927.72605768
197821314.46118
212206381.84261245
227592247.3143262
244080132.56963873
261700426.20892847
280759651.2618705
301160069.0487586
323338704.4505221
347242647.45959365
373220530.9488464
401507763.49752223
432200984.63611966
465998994.02653754
502692448.5163202
543256851.8375814
587576767.1027997
636267672.5343372
689653865.9577103
747255254.4356935
808965456.9137751
873244227.0116806
938457392.4680904
1002816159.8744678
1064063467.1899714
1120000315.1061502
1169401333.4744263
1209537634.68498
1240888900.4791873
1260630463.0993876
1269398644.7751293
1264794678.6470413
1244616328.1036077
1206548549.4706948
1140138451.4191198
1036136390.1767592
931745229.7664458
825709790.4503616
719857466.2013297
613305710.3783827
505487686.72709537
396003590.8988765
284992837.19063294
172132319.11840874
57780580.093956724
40554397.3125628
40554397.3125628
40554397.3125628
40554397.3125628
40554397.3125628
40554397.3125628
40554397.3125628
40554397.3125628
40554397.3125628
40554397.3125628
40554397.3125628
40554397.3125628
40554397.3125628
40554397.3125628
40554397.3125628
40554397.3125628
40554397.3125628
40554397.3125628
40554397.3125628
40554397.3125628
40554397.3125628
40554397.3125628
40554397.3125628
40554397.3125628
40554397.3125628
40554397.3125628
40554397.3125628
40554397.3125628
40554397.3125628
40554397.3125628
40554397.3125628
40554397.3125628
40554397.3125628
40554397.3125628
40554397.3125628
40554397.3125628
40554397.3125628
40554397.3125628
40554397.3125628
40554397.3125628
40554397.3125628
40554397.3125628
40554397.3125628
40554397.3125628
40554397.3125628
40554397.3125628
40554397.3125628
40554397.3125628
40554397.3125628
40554397.3125628
)