
                    FoamFile
                    {
                         version   2.0;
                         format    ascii;
                         class     vectorField;
                         object    values;
                    }
                    //***********************************************************************// //

                    244
(
(-8726709.58564409 31055.6071612831 -2.39278784349077e-11)
(-8726709.58564409 31055.6071612831 -2.39278784349077e-11)
(-8744948.743487963 29301.125584892052 -2.186481204172804e-11)
(-8878532.122459704 22402.57458808308 2.7160273689857195e-11)
(-9026260.567554012 23867.804475839133 2.4752010742992253e-11)
(-9187622.935165046 25454.968115620453 1.1335916701581447e-10)
(-9356355.372557743 26336.434182731784 -5.388911481559374e-10)
(-9532334.06261632 26987.672422209285 -4.114227142480197e-10)
(-9714502.218352053 27680.323137401843 2.4197659541126316e-11)
(-9903570.390088268 28326.548525785816 -1.5095510706677006e-09)
(-10100274.438113378 28964.344598320964 -6.482570511350073e-10)
(-10304344.346011136 29760.649385967816 -1.0585754996570394e-09)
(-10517230.502054248 30490.446247585045 1.1519201986766423e-10)
(-10738272.78760208 31175.996811317258 7.114904397493572e-10)
(-10969642.385394385 31957.535512142596 2.3115735395935766e-09)
(-11210342.094508115 32913.27140720141 2.9070947378572024e-09)
(-11461623.736284357 33761.978349817284 4.955626346762992e-09)
(-11724738.398503007 34599.556173716905 2.897876612922937e-09)
(-11999113.327223295 35567.634345635306 1.0615826892882454e-09)
(-12287817.954643048 36480.75039332185 2.5460472093986514e-09)
(-12589111.841391094 37599.52025138265 4.19000032522693e-09)
(-12906502.124222629 38705.3758826523 2.3629913624125548e-09)
(-13239185.728412941 39767.25810050315 -9.180904159769233e-10)
(-13589561.948358584 40998.50724896492 2.9237928960929137e-09)
(-13958772.894533351 42423.49914845767 1.4429819041698577e-09)
(-14346747.234730056 43928.96878793099 1.5823991925113844e-09)
(-14758348.6694528 45406.38741808975 4.2178420206440816e-10)
(-15191406.590492487 47151.03301488045 -2.495938479163658e-09)
(-15651902.002547443 48854.7595504123 2.707643600180177e-09)
(-16139063.281166451 50903.876739601656 1.6665811034003831e-09)
(-16656086.899656257 53310.077722340444 -6.595923864561719e-11)
(-17206324.984216966 55606.14795999264 -4.73726149873037e-09)
(-17790525.137471188 58511.315592779334 1.5977929289398605e-09)
(-18415842.542378597 61973.976846258345 7.965129407483013e-10)
(-19079235.495892566 65778.30201017337 5.2787666899301586e-09)
(-19791823.4191995 70367.96749723265 6.582487247968801e-09)
(-20550147.628996212 75508.73738190134 1.9182176427897653e-09)
(-21363367.964891423 81787.23180624553 -6.3587467302041894e-09)
(-22232254.186400354 89797.51423141852 -2.3030738132748666e-10)
(-23158082.22716444 98266.48263222048 9.91351466754539e-09)
(-24153836.1081427 110039.1511718715 2.099684092356227e-09)
(-25204931.979155 123647.06047110213 2.72059532193558e-09)
(-26330161.817974 139915.72104708262 -6.628193235245728e-09)
(-27511870.59075582 161802.46572170206 1.7404488675407571e-09)
(-28747970.34053613 185382.13361213944 6.805838173270748e-09)
(-30031923.17579884 220756.42497829467 -5.6599602375816455e-09)
(-31291363.236366786 272355.2927749118 -1.5050254336837792e-09)
(-32454606.14066625 339253.0127936936 -1.0517741044839137e-09)
(-33390725.101466574 450921.3529753301 -2.4473282267997187e-09)
(-33855514.00471471 545828.2963445124 -1.0502373332102686e-08)
(-33895389.661279686 637821.5302990767 4.56990675488517e-09)
(-33331410.42189604 709167.0267288573 4.561798516753645e-09)
(-32202067.24561724 731870.8469964268 1.034815267087507e-08)
(-30537124.23125206 732856.0695535354 -1.5110669015359526e-08)
(-28297233.5287693 676927.6944118915 -2.1872177527643e-08)
(-25654227.467184987 591785.7198210019 -1.36041932664733e-09)
(-22560666.719697446 468004.0386525119 5.949288950847681e-10)
(-19064754.394168235 328798.0734061343 -1.1506222110660489e-08)
(-15212484.38265026 172271.45481942376 -9.599116312757616e-09)
(-10774683.912622198 22558.889624248608 3.938256102835943e-09)
(-5033769.550878311 -139800.27385451132 -4.64756129514569e-09)
(1954656.1715383437 -230884.05736304173 -3.323805542578584e-09)
(7956605.012995542 -5771.025370499205 -1.2647636161995978e-09)
(6918309.621776508 25385.469709599085 7.345415273703027e-10)
(6858165.297065692 29161.08068222725 -7.133040914954347e-09)
(6763013.437574708 53264.80607713471 -3.2979566787547455e-09)
(6368319.916617086 50453.54589078768 1.7477651866455443e-09)
(6007584.793921959 49956.25699666838 3.6802126390661956e-09)
(5681676.68279035 47978.29579481525 -1.7907951479783666e-09)
(5312462.339914596 44273.994962763085 2.3082645678531015e-09)
(4924257.415462678 38690.54878304519 2.545833956798536e-10)
(4529783.156413691 100953.85327259211 -5.372892163812091e-12)
(4464236.46403236 117561.0093564 3.37982604994017e-11)
(4464236.46403236 117561.0093564 3.37982604994017e-11)
(4464236.46403236 117561.0093564 3.37982604994017e-11)
(4464236.46403236 117561.0093564 3.37982604994017e-11)
(4464236.46403236 117561.0093564 3.37982604994017e-11)
(4464236.46403236 117561.0093564 3.37982604994017e-11)
(4464236.46403236 117561.0093564 3.37982604994017e-11)
(4464236.46403236 117561.0093564 3.37982604994017e-11)
(4464236.46403236 117561.0093564 3.37982604994017e-11)
(4464236.46403236 117561.0093564 3.37982604994017e-11)
(4464236.46403236 117561.0093564 3.37982604994017e-11)
(4464236.46403236 117561.0093564 3.37982604994017e-11)
(4464236.46403236 117561.0093564 3.37982604994017e-11)
(4464236.46403236 117561.0093564 3.37982604994017e-11)
(4464236.46403236 117561.0093564 3.37982604994017e-11)
(4464236.46403236 117561.0093564 3.37982604994017e-11)
(4464236.46403236 117561.0093564 3.37982604994017e-11)
(4464236.46403236 117561.0093564 3.37982604994017e-11)
(4464236.46403236 117561.0093564 3.37982604994017e-11)
(4464236.46403236 117561.0093564 3.37982604994017e-11)
(4464236.46403236 117561.0093564 3.37982604994017e-11)
(4464236.46403236 117561.0093564 3.37982604994017e-11)
(4464236.46403236 117561.0093564 3.37982604994017e-11)
(4464236.46403236 117561.0093564 3.37982604994017e-11)
(4464236.46403236 117561.0093564 3.37982604994017e-11)
(4464236.46403236 117561.0093564 3.37982604994017e-11)
(4464236.46403236 117561.0093564 3.37982604994017e-11)
(4464236.46403236 117561.0093564 3.37982604994017e-11)
(4464236.46403236 117561.0093564 3.37982604994017e-11)
(4464236.46403236 117561.0093564 3.37982604994017e-11)
(4464236.46403236 117561.0093564 3.37982604994017e-11)
(4464236.46403236 117561.0093564 3.37982604994017e-11)
(4464236.46403236 117561.0093564 3.37982604994017e-11)
(4464236.46403236 117561.0093564 3.37982604994017e-11)
(4464236.46403236 117561.0093564 3.37982604994017e-11)
(4464236.46403236 117561.0093564 3.37982604994017e-11)
(4464236.46403236 117561.0093564 3.37982604994017e-11)
(4464236.46403236 117561.0093564 3.37982604994017e-11)
(4464236.46403236 117561.0093564 3.37982604994017e-11)
(4464236.46403236 117561.0093564 3.37982604994017e-11)
(4464236.46403236 117561.0093564 3.37982604994017e-11)
(4464236.46403236 117561.0093564 3.37982604994017e-11)
(4464236.46403236 117561.0093564 3.37982604994017e-11)
(4464236.46403236 117561.0093564 3.37982604994017e-11)
(4464236.46403236 117561.0093564 3.37982604994017e-11)
(4464236.46403236 117561.0093564 3.37982604994017e-11)
(4464236.46403236 117561.0093564 3.37982604994017e-11)
(4464236.46403236 117561.0093564 3.37982604994017e-11)
(4464236.46403236 117561.0093564 3.37982604994017e-11)
(4464236.46403236 117561.0093564 3.37982604994017e-11)
(-8726709.58564409 31055.6071612831 -2.39278784349077e-11)
(-8726709.58564409 31055.6071612831 -2.39278784349077e-11)
(-8744948.743487963 29301.125584892052 -2.186481204172804e-11)
(-8878532.122459704 22402.57458808308 2.7160273689857195e-11)
(-9026260.567554012 23867.804475839133 2.4752010742992253e-11)
(-9187622.935165046 25454.968115620453 1.1335916701581447e-10)
(-9356355.372557743 26336.434182731784 -5.388911481559374e-10)
(-9532334.06261632 26987.672422209285 -4.114227142480197e-10)
(-9714502.218352053 27680.323137401843 2.4197659541126316e-11)
(-9903570.390088268 28326.548525785816 -1.5095510706677006e-09)
(-10100274.438113378 28964.344598320964 -6.482570511350073e-10)
(-10304344.346011136 29760.649385967816 -1.0585754996570394e-09)
(-10517230.502054248 30490.446247585045 1.1519201986766423e-10)
(-10738272.78760208 31175.996811317258 7.114904397493572e-10)
(-10969642.385394385 31957.535512142596 2.3115735395935766e-09)
(-11210342.094508115 32913.27140720141 2.9070947378572024e-09)
(-11461623.736284357 33761.978349817284 4.955626346762992e-09)
(-11724738.398503007 34599.556173716905 2.897876612922937e-09)
(-11999113.327223295 35567.634345635306 1.0615826892882454e-09)
(-12287817.954643048 36480.75039332185 2.5460472093986514e-09)
(-12589111.841391094 37599.52025138265 4.19000032522693e-09)
(-12906502.124222629 38705.3758826523 2.3629913624125548e-09)
(-13239185.728412941 39767.25810050315 -9.180904159769233e-10)
(-13589561.948358584 40998.50724896492 2.9237928960929137e-09)
(-13958772.894533351 42423.49914845767 1.4429819041698577e-09)
(-14346747.234730056 43928.96878793099 1.5823991925113844e-09)
(-14758348.6694528 45406.38741808975 4.2178420206440816e-10)
(-15191406.590492487 47151.03301488045 -2.495938479163658e-09)
(-15651902.002547443 48854.7595504123 2.707643600180177e-09)
(-16139063.281166451 50903.876739601656 1.6665811034003831e-09)
(-16656086.899656257 53310.077722340444 -6.595923864561719e-11)
(-17206324.984216966 55606.14795999264 -4.73726149873037e-09)
(-17790525.137471188 58511.315592779334 1.5977929289398605e-09)
(-18415842.542378597 61973.976846258345 7.965129407483013e-10)
(-19079235.495892566 65778.30201017337 5.2787666899301586e-09)
(-19791823.4191995 70367.96749723265 6.582487247968801e-09)
(-20550147.628996212 75508.73738190134 1.9182176427897653e-09)
(-21363367.964891423 81787.23180624553 -6.3587467302041894e-09)
(-22232254.186400354 89797.51423141852 -2.3030738132748666e-10)
(-23158082.22716444 98266.48263222048 9.91351466754539e-09)
(-24153836.1081427 110039.1511718715 2.099684092356227e-09)
(-25204931.979155 123647.06047110213 2.72059532193558e-09)
(-26330161.817974 139915.72104708262 -6.628193235245728e-09)
(-27511870.59075582 161802.46572170206 1.7404488675407571e-09)
(-28747970.34053613 185382.13361213944 6.805838173270748e-09)
(-30031923.17579884 220756.42497829467 -5.6599602375816455e-09)
(-31291363.236366786 272355.2927749118 -1.5050254336837792e-09)
(-32454606.14066625 339253.0127936936 -1.0517741044839137e-09)
(-33390725.101466574 450921.3529753301 -2.4473282267997187e-09)
(-33855514.00471471 545828.2963445124 -1.0502373332102686e-08)
(-33895389.661279686 637821.5302990767 4.56990675488517e-09)
(-33331410.42189604 709167.0267288573 4.561798516753645e-09)
(-32202067.24561724 731870.8469964268 1.034815267087507e-08)
(-30537124.23125206 732856.0695535354 -1.5110669015359526e-08)
(-28297233.5287693 676927.6944118915 -2.1872177527643e-08)
(-25654227.467184987 591785.7198210019 -1.36041932664733e-09)
(-22560666.719697446 468004.0386525119 5.949288950847681e-10)
(-19064754.394168235 328798.0734061343 -1.1506222110660489e-08)
(-15212484.38265026 172271.45481942376 -9.599116312757616e-09)
(-10774683.912622198 22558.889624248608 3.938256102835943e-09)
(-5033769.550878311 -139800.27385451132 -4.64756129514569e-09)
(1954656.1715383437 -230884.05736304173 -3.323805542578584e-09)
(7956605.012995542 -5771.025370499205 -1.2647636161995978e-09)
(6918309.621776508 25385.469709599085 7.345415273703027e-10)
(6858165.297065692 29161.08068222725 -7.133040914954347e-09)
(6763013.437574708 53264.80607713471 -3.2979566787547455e-09)
(6368319.916617086 50453.54589078768 1.7477651866455443e-09)
(6007584.793921959 49956.25699666838 3.6802126390661956e-09)
(5681676.68279035 47978.29579481525 -1.7907951479783666e-09)
(5312462.339914596 44273.994962763085 2.3082645678531015e-09)
(4924257.415462678 38690.54878304519 2.545833956798536e-10)
(4529783.156413691 100953.85327259211 -5.372892163812091e-12)
(4464236.46403236 117561.0093564 3.37982604994017e-11)
(4464236.46403236 117561.0093564 3.37982604994017e-11)
(4464236.46403236 117561.0093564 3.37982604994017e-11)
(4464236.46403236 117561.0093564 3.37982604994017e-11)
(4464236.46403236 117561.0093564 3.37982604994017e-11)
(4464236.46403236 117561.0093564 3.37982604994017e-11)
(4464236.46403236 117561.0093564 3.37982604994017e-11)
(4464236.46403236 117561.0093564 3.37982604994017e-11)
(4464236.46403236 117561.0093564 3.37982604994017e-11)
(4464236.46403236 117561.0093564 3.37982604994017e-11)
(4464236.46403236 117561.0093564 3.37982604994017e-11)
(4464236.46403236 117561.0093564 3.37982604994017e-11)
(4464236.46403236 117561.0093564 3.37982604994017e-11)
(4464236.46403236 117561.0093564 3.37982604994017e-11)
(4464236.46403236 117561.0093564 3.37982604994017e-11)
(4464236.46403236 117561.0093564 3.37982604994017e-11)
(4464236.46403236 117561.0093564 3.37982604994017e-11)
(4464236.46403236 117561.0093564 3.37982604994017e-11)
(4464236.46403236 117561.0093564 3.37982604994017e-11)
(4464236.46403236 117561.0093564 3.37982604994017e-11)
(4464236.46403236 117561.0093564 3.37982604994017e-11)
(4464236.46403236 117561.0093564 3.37982604994017e-11)
(4464236.46403236 117561.0093564 3.37982604994017e-11)
(4464236.46403236 117561.0093564 3.37982604994017e-11)
(4464236.46403236 117561.0093564 3.37982604994017e-11)
(4464236.46403236 117561.0093564 3.37982604994017e-11)
(4464236.46403236 117561.0093564 3.37982604994017e-11)
(4464236.46403236 117561.0093564 3.37982604994017e-11)
(4464236.46403236 117561.0093564 3.37982604994017e-11)
(4464236.46403236 117561.0093564 3.37982604994017e-11)
(4464236.46403236 117561.0093564 3.37982604994017e-11)
(4464236.46403236 117561.0093564 3.37982604994017e-11)
(4464236.46403236 117561.0093564 3.37982604994017e-11)
(4464236.46403236 117561.0093564 3.37982604994017e-11)
(4464236.46403236 117561.0093564 3.37982604994017e-11)
(4464236.46403236 117561.0093564 3.37982604994017e-11)
(4464236.46403236 117561.0093564 3.37982604994017e-11)
(4464236.46403236 117561.0093564 3.37982604994017e-11)
(4464236.46403236 117561.0093564 3.37982604994017e-11)
(4464236.46403236 117561.0093564 3.37982604994017e-11)
(4464236.46403236 117561.0093564 3.37982604994017e-11)
(4464236.46403236 117561.0093564 3.37982604994017e-11)
(4464236.46403236 117561.0093564 3.37982604994017e-11)
(4464236.46403236 117561.0093564 3.37982604994017e-11)
(4464236.46403236 117561.0093564 3.37982604994017e-11)
(4464236.46403236 117561.0093564 3.37982604994017e-11)
(4464236.46403236 117561.0093564 3.37982604994017e-11)
(4464236.46403236 117561.0093564 3.37982604994017e-11)
(4464236.46403236 117561.0093564 3.37982604994017e-11)
(4464236.46403236 117561.0093564 3.37982604994017e-11)
)