
                    FoamFile
                    {
                         version   2.0;
                         format    ascii;
                         class     vectorField;
                         object    values;
                    }
                    //***********************************************************************// //

                    244
(
(-9090193.85488239 34121.1406715362 -1.37673731014849e-10)
(-9090193.85488239 34121.1406715362 -1.37673731014849e-10)
(-9111507.779939778 32139.144187518283 -1.3593147303066512e-10)
(-9265333.265358342 24606.977400333606 1.5922666331315207e-10)
(-9434701.049699571 26387.350078947784 2.8355473362254293e-10)
(-9619879.25898046 28047.223300567155 1.0632069920348694e-09)
(-9813705.688204372 29045.12780300489 1.863302739443423e-09)
(-10016318.21345521 29882.52266559907 7.16146395988231e-10)
(-10226649.64200573 30711.709739266247 6.040256016617724e-10)
(-10445917.93970427 31543.119351299098 3.541039584673301e-10)
(-10674729.739189386 32419.314007212124 5.982168947870715e-10)
(-10912927.915705577 33323.01760405089 -4.3586998939385934e-10)
(-11162785.3467688 34238.5093537871 9.002421869240912e-10)
(-11423052.098637488 35207.53550462447 5.50536400780584e-10)
(-11696550.13854795 36221.81846566223 3.7179480217913804e-10)
(-11982479.566338787 37273.16199755497 1.362110050366262e-09)
(-12282697.370195704 38385.95994542479 -1.3524362080888586e-09)
(-12598220.855781615 39546.68339378686 -1.2097786558246828e-09)
(-12929162.756323822 40768.425675799655 5.4683322835965604e-11)
(-13279129.400146298 42115.893146160444 -4.972393289315188e-10)
(-13646220.94263238 43540.626527032844 7.079157442666712e-10)
(-14035544.390646573 45030.133772404515 1.8219215664132003e-09)
(-14445886.598123536 46650.64088457503 2.1099879769051693e-09)
(-14880510.65671483 48430.18482822881 -9.804875521458767e-10)
(-15341647.153654037 50331.890404309175 -1.3065147691821699e-09)
(-15829641.965924092 52460.299461715455 -4.781045172586388e-09)
(-16350933.486622998 54843.33427283929 -7.267456877660048e-10)
(-16902911.55793769 57421.29748183236 1.7254992039858875e-09)
(-17494851.232696854 60504.29428875231 5.234836193667071e-09)
(-18124192.820365056 64009.840747301045 5.184624851166283e-09)
(-18797911.506745607 67886.32331648572 4.335027408807693e-09)
(-19520148.83838565 72721.71174957344 4.298600057488664e-11)
(-20290120.284529123 78413.52467117351 5.98951208667103e-10)
(-21121042.6993175 84813.22195494299 1.043721038329395e-08)
(-22007618.472846545 92894.06043003126 4.679223696500866e-09)
(-22962519.979804516 102993.40092542492 6.471036419834898e-09)
(-23982611.394363098 114234.4806325462 5.7181807399225835e-09)
(-25077521.383908547 129107.88060248311 1.5392433532958323e-09)
(-26242998.85278192 148022.77529820253 4.406344971661341e-09)
(-27477779.389803223 168415.16372341785 3.775878963584825e-09)
(-28793970.204792902 197554.295994179 4.513429634443085e-09)
(-30147030.462492395 239568.82671795742 1.2030868529058894e-08)
(-31497494.95975223 296589.31575498777 -2.0818001918530184e-10)
(-32753638.30873265 397629.15447787393 8.683451674694579e-09)
(-33656216.219554506 537182.2304297806 -5.609363575334471e-09)
(-34086174.18477365 672431.6078392909 1.9662261129106244e-09)
(-33952115.65348774 824563.5462943836 5.170649480005815e-09)
(-32991678.47175615 941065.3965857121 1.016733423113228e-08)
(-31419596.73421739 1003761.0585042752 -4.29011345169455e-09)
(-29118717.155183572 1033643.7734793208 1.9618992943475115e-08)
(-26273806.82029501 990272.9660033011 -6.830654321868211e-09)
(-23075841.240056492 892492.8156756004 1.1464549142116881e-08)
(-19644242.89125038 753999.4661233113 1.1913333617903996e-08)
(-16152547.998450428 584928.1643845162 -1.8066788950830466e-08)
(-12683442.3948255 402458.1379968555 -3.323528789896835e-09)
(-9304481.843464155 220912.78877112287 -1.1286718081602034e-08)
(-5977751.487918298 54967.59764332844 6.233577855626358e-09)
(-2651334.58351325 -92498.82551791387 -7.073340997475648e-11)
(727807.6853461904 -214205.1285791409 6.363845250313365e-09)
(4395306.79361215 -304676.3335939292 1.635783984064338e-08)
(8750124.977955895 -373894.22430402663 -1.4039304908038715e-08)
(13801965.544848658 -400074.5056719546 2.4344233894549504e-09)
(17650875.790746756 -52479.2430287819 1.9205721736890833e-09)
(16901542.353293456 -31690.099133493124 6.565402648178626e-09)
(16850051.019107684 23945.58214826068 -3.817984830901112e-09)
(16890827.09331547 60473.02985345538 8.927879042052742e-09)
(16849571.458481744 71785.93146143944 -3.65970178220942e-09)
(16876679.537404858 80311.96683491964 4.0004559297067185e-09)
(16953076.25497955 79626.16063182265 -5.29579543456569e-09)
(17021752.033319607 75398.58108560169 7.16036405166338e-10)
(17080578.839938562 70933.45812536827 -6.398918829994227e-10)
(17137473.20292577 70232.66303696307 -1.4091497381845575e-10)
(17143551.7112873 69916.6858523397 -2.18349624712962e-10)
(17143551.7112873 69916.6858523397 -2.18349624712962e-10)
(17143551.7112873 69916.6858523397 -2.18349624712962e-10)
(17143551.7112873 69916.6858523397 -2.18349624712962e-10)
(17143551.7112873 69916.6858523397 -2.18349624712962e-10)
(17143551.7112873 69916.6858523397 -2.18349624712962e-10)
(17143551.7112873 69916.6858523397 -2.18349624712962e-10)
(17143551.7112873 69916.6858523397 -2.18349624712962e-10)
(17143551.7112873 69916.6858523397 -2.18349624712962e-10)
(17143551.7112873 69916.6858523397 -2.18349624712962e-10)
(17143551.7112873 69916.6858523397 -2.18349624712962e-10)
(17143551.7112873 69916.6858523397 -2.18349624712962e-10)
(17143551.7112873 69916.6858523397 -2.18349624712962e-10)
(17143551.7112873 69916.6858523397 -2.18349624712962e-10)
(17143551.7112873 69916.6858523397 -2.18349624712962e-10)
(17143551.7112873 69916.6858523397 -2.18349624712962e-10)
(17143551.7112873 69916.6858523397 -2.18349624712962e-10)
(17143551.7112873 69916.6858523397 -2.18349624712962e-10)
(17143551.7112873 69916.6858523397 -2.18349624712962e-10)
(17143551.7112873 69916.6858523397 -2.18349624712962e-10)
(17143551.7112873 69916.6858523397 -2.18349624712962e-10)
(17143551.7112873 69916.6858523397 -2.18349624712962e-10)
(17143551.7112873 69916.6858523397 -2.18349624712962e-10)
(17143551.7112873 69916.6858523397 -2.18349624712962e-10)
(17143551.7112873 69916.6858523397 -2.18349624712962e-10)
(17143551.7112873 69916.6858523397 -2.18349624712962e-10)
(17143551.7112873 69916.6858523397 -2.18349624712962e-10)
(17143551.7112873 69916.6858523397 -2.18349624712962e-10)
(17143551.7112873 69916.6858523397 -2.18349624712962e-10)
(17143551.7112873 69916.6858523397 -2.18349624712962e-10)
(17143551.7112873 69916.6858523397 -2.18349624712962e-10)
(17143551.7112873 69916.6858523397 -2.18349624712962e-10)
(17143551.7112873 69916.6858523397 -2.18349624712962e-10)
(17143551.7112873 69916.6858523397 -2.18349624712962e-10)
(17143551.7112873 69916.6858523397 -2.18349624712962e-10)
(17143551.7112873 69916.6858523397 -2.18349624712962e-10)
(17143551.7112873 69916.6858523397 -2.18349624712962e-10)
(17143551.7112873 69916.6858523397 -2.18349624712962e-10)
(17143551.7112873 69916.6858523397 -2.18349624712962e-10)
(17143551.7112873 69916.6858523397 -2.18349624712962e-10)
(17143551.7112873 69916.6858523397 -2.18349624712962e-10)
(17143551.7112873 69916.6858523397 -2.18349624712962e-10)
(17143551.7112873 69916.6858523397 -2.18349624712962e-10)
(17143551.7112873 69916.6858523397 -2.18349624712962e-10)
(17143551.7112873 69916.6858523397 -2.18349624712962e-10)
(17143551.7112873 69916.6858523397 -2.18349624712962e-10)
(17143551.7112873 69916.6858523397 -2.18349624712962e-10)
(17143551.7112873 69916.6858523397 -2.18349624712962e-10)
(17143551.7112873 69916.6858523397 -2.18349624712962e-10)
(17143551.7112873 69916.6858523397 -2.18349624712962e-10)
(-9090193.85488239 34121.1406715362 -1.37673731014849e-10)
(-9090193.85488239 34121.1406715362 -1.37673731014849e-10)
(-9111507.779939778 32139.144187518283 -1.3593147303066512e-10)
(-9265333.265358342 24606.977400333606 1.5922666331315207e-10)
(-9434701.049699571 26387.350078947784 2.8355473362254293e-10)
(-9619879.25898046 28047.223300567155 1.0632069920348694e-09)
(-9813705.688204372 29045.12780300489 1.863302739443423e-09)
(-10016318.21345521 29882.52266559907 7.16146395988231e-10)
(-10226649.64200573 30711.709739266247 6.040256016617724e-10)
(-10445917.93970427 31543.119351299098 3.541039584673301e-10)
(-10674729.739189386 32419.314007212124 5.982168947870715e-10)
(-10912927.915705577 33323.01760405089 -4.3586998939385934e-10)
(-11162785.3467688 34238.5093537871 9.002421869240912e-10)
(-11423052.098637488 35207.53550462447 5.50536400780584e-10)
(-11696550.13854795 36221.81846566223 3.7179480217913804e-10)
(-11982479.566338787 37273.16199755497 1.362110050366262e-09)
(-12282697.370195704 38385.95994542479 -1.3524362080888586e-09)
(-12598220.855781615 39546.68339378686 -1.2097786558246828e-09)
(-12929162.756323822 40768.425675799655 5.4683322835965604e-11)
(-13279129.400146298 42115.893146160444 -4.972393289315188e-10)
(-13646220.94263238 43540.626527032844 7.079157442666712e-10)
(-14035544.390646573 45030.133772404515 1.8219215664132003e-09)
(-14445886.598123536 46650.64088457503 2.1099879769051693e-09)
(-14880510.65671483 48430.18482822881 -9.804875521458767e-10)
(-15341647.153654037 50331.890404309175 -1.3065147691821699e-09)
(-15829641.965924092 52460.299461715455 -4.781045172586388e-09)
(-16350933.486622998 54843.33427283929 -7.267456877660048e-10)
(-16902911.55793769 57421.29748183236 1.7254992039858875e-09)
(-17494851.232696854 60504.29428875231 5.234836193667071e-09)
(-18124192.820365056 64009.840747301045 5.184624851166283e-09)
(-18797911.506745607 67886.32331648572 4.335027408807693e-09)
(-19520148.83838565 72721.71174957344 4.298600057488664e-11)
(-20290120.284529123 78413.52467117351 5.98951208667103e-10)
(-21121042.6993175 84813.22195494299 1.043721038329395e-08)
(-22007618.472846545 92894.06043003126 4.679223696500866e-09)
(-22962519.979804516 102993.40092542492 6.471036419834898e-09)
(-23982611.394363098 114234.4806325462 5.7181807399225835e-09)
(-25077521.383908547 129107.88060248311 1.5392433532958323e-09)
(-26242998.85278192 148022.77529820253 4.406344971661341e-09)
(-27477779.389803223 168415.16372341785 3.775878963584825e-09)
(-28793970.204792902 197554.295994179 4.513429634443085e-09)
(-30147030.462492395 239568.82671795742 1.2030868529058894e-08)
(-31497494.95975223 296589.31575498777 -2.0818001918530184e-10)
(-32753638.30873265 397629.15447787393 8.683451674694579e-09)
(-33656216.219554506 537182.2304297806 -5.609363575334471e-09)
(-34086174.18477365 672431.6078392909 1.9662261129106244e-09)
(-33952115.65348774 824563.5462943836 5.170649480005815e-09)
(-32991678.47175615 941065.3965857121 1.016733423113228e-08)
(-31419596.73421739 1003761.0585042752 -4.29011345169455e-09)
(-29118717.155183572 1033643.7734793208 1.9618992943475115e-08)
(-26273806.82029501 990272.9660033011 -6.830654321868211e-09)
(-23075841.240056492 892492.8156756004 1.1464549142116881e-08)
(-19644242.89125038 753999.4661233113 1.1913333617903996e-08)
(-16152547.998450428 584928.1643845162 -1.8066788950830466e-08)
(-12683442.3948255 402458.1379968555 -3.323528789896835e-09)
(-9304481.843464155 220912.78877112287 -1.1286718081602034e-08)
(-5977751.487918298 54967.59764332844 6.233577855626358e-09)
(-2651334.58351325 -92498.82551791387 -7.073340997475648e-11)
(727807.6853461904 -214205.1285791409 6.363845250313365e-09)
(4395306.79361215 -304676.3335939292 1.635783984064338e-08)
(8750124.977955895 -373894.22430402663 -1.4039304908038715e-08)
(13801965.544848658 -400074.5056719546 2.4344233894549504e-09)
(17650875.790746756 -52479.2430287819 1.9205721736890833e-09)
(16901542.353293456 -31690.099133493124 6.565402648178626e-09)
(16850051.019107684 23945.58214826068 -3.817984830901112e-09)
(16890827.09331547 60473.02985345538 8.927879042052742e-09)
(16849571.458481744 71785.93146143944 -3.65970178220942e-09)
(16876679.537404858 80311.96683491964 4.0004559297067185e-09)
(16953076.25497955 79626.16063182265 -5.29579543456569e-09)
(17021752.033319607 75398.58108560169 7.16036405166338e-10)
(17080578.839938562 70933.45812536827 -6.398918829994227e-10)
(17137473.20292577 70232.66303696307 -1.4091497381845575e-10)
(17143551.7112873 69916.6858523397 -2.18349624712962e-10)
(17143551.7112873 69916.6858523397 -2.18349624712962e-10)
(17143551.7112873 69916.6858523397 -2.18349624712962e-10)
(17143551.7112873 69916.6858523397 -2.18349624712962e-10)
(17143551.7112873 69916.6858523397 -2.18349624712962e-10)
(17143551.7112873 69916.6858523397 -2.18349624712962e-10)
(17143551.7112873 69916.6858523397 -2.18349624712962e-10)
(17143551.7112873 69916.6858523397 -2.18349624712962e-10)
(17143551.7112873 69916.6858523397 -2.18349624712962e-10)
(17143551.7112873 69916.6858523397 -2.18349624712962e-10)
(17143551.7112873 69916.6858523397 -2.18349624712962e-10)
(17143551.7112873 69916.6858523397 -2.18349624712962e-10)
(17143551.7112873 69916.6858523397 -2.18349624712962e-10)
(17143551.7112873 69916.6858523397 -2.18349624712962e-10)
(17143551.7112873 69916.6858523397 -2.18349624712962e-10)
(17143551.7112873 69916.6858523397 -2.18349624712962e-10)
(17143551.7112873 69916.6858523397 -2.18349624712962e-10)
(17143551.7112873 69916.6858523397 -2.18349624712962e-10)
(17143551.7112873 69916.6858523397 -2.18349624712962e-10)
(17143551.7112873 69916.6858523397 -2.18349624712962e-10)
(17143551.7112873 69916.6858523397 -2.18349624712962e-10)
(17143551.7112873 69916.6858523397 -2.18349624712962e-10)
(17143551.7112873 69916.6858523397 -2.18349624712962e-10)
(17143551.7112873 69916.6858523397 -2.18349624712962e-10)
(17143551.7112873 69916.6858523397 -2.18349624712962e-10)
(17143551.7112873 69916.6858523397 -2.18349624712962e-10)
(17143551.7112873 69916.6858523397 -2.18349624712962e-10)
(17143551.7112873 69916.6858523397 -2.18349624712962e-10)
(17143551.7112873 69916.6858523397 -2.18349624712962e-10)
(17143551.7112873 69916.6858523397 -2.18349624712962e-10)
(17143551.7112873 69916.6858523397 -2.18349624712962e-10)
(17143551.7112873 69916.6858523397 -2.18349624712962e-10)
(17143551.7112873 69916.6858523397 -2.18349624712962e-10)
(17143551.7112873 69916.6858523397 -2.18349624712962e-10)
(17143551.7112873 69916.6858523397 -2.18349624712962e-10)
(17143551.7112873 69916.6858523397 -2.18349624712962e-10)
(17143551.7112873 69916.6858523397 -2.18349624712962e-10)
(17143551.7112873 69916.6858523397 -2.18349624712962e-10)
(17143551.7112873 69916.6858523397 -2.18349624712962e-10)
(17143551.7112873 69916.6858523397 -2.18349624712962e-10)
(17143551.7112873 69916.6858523397 -2.18349624712962e-10)
(17143551.7112873 69916.6858523397 -2.18349624712962e-10)
(17143551.7112873 69916.6858523397 -2.18349624712962e-10)
(17143551.7112873 69916.6858523397 -2.18349624712962e-10)
(17143551.7112873 69916.6858523397 -2.18349624712962e-10)
(17143551.7112873 69916.6858523397 -2.18349624712962e-10)
(17143551.7112873 69916.6858523397 -2.18349624712962e-10)
(17143551.7112873 69916.6858523397 -2.18349624712962e-10)
(17143551.7112873 69916.6858523397 -2.18349624712962e-10)
(17143551.7112873 69916.6858523397 -2.18349624712962e-10)
)