/*--------------------------------*- C++ -*----------------------------------*\
  =========                 |
  \\      /  F ield         | OpenFOAM: The Open Source CFD Toolbox
   \\    /   O peration     | Website:  https://openfoam.org
    \\  /    A nd           | Version:  8
     \\/     M anipulation  |
\*---------------------------------------------------------------------------*/
FoamFile
{
    version     2.0;
    format      ascii;
    class       volVectorField;
    location    "0.0830000";
    object      U;
}
// * * * * * * * * * * * * * * * * * * * * * * * * * * * * * * * * * * * * * //

dimensions      [0 1 -1 0 0 0 0];

internalField   nonuniform List<vector> 
900
(
(0.701783587899124 0.000376129224528642 7.16652804450357e-18)
(0.702223408236082 0.000210185822903635 -2.32241346045197e-18)
(0.702172677921274 0.000173704272524427 -8.76197469780595e-18)
(0.702199733704387 0.000197752142793491 -3.19854905303247e-18)
(0.702084992606736 0.000205523706976593 -2.15473945674981e-18)
(0.701930664027499 0.000211457301572804 2.54188214878799e-18)
(0.701758434401889 0.000215463948909535 -1.34098689594723e-18)
(0.701581382600826 0.000219424305576069 9.33550227866311e-18)
(0.701401609871488 0.000222531289508381 9.47420040134097e-18)
(0.701218140366166 0.000225247118879223 9.33823501268728e-18)
(0.701030432872439 0.000227965072445688 4.5954956666031e-17)
(0.700838845152596 0.000230964844080945 9.80214591068349e-18)
(0.700643189089939 0.000233669495069444 2.17175202052266e-18)
(0.700442565002438 0.000236042080735233 3.23229543562163e-18)
(0.700236582792011 0.000238413454750234 1.28050460012236e-17)
(0.700025040325005 0.000240977069729961 9.35144712009588e-18)
(0.699808771385697 0.000243442318502368 3.19869531855217e-17)
(0.69958757892862 0.000245597939139826 -5.24913306723646e-18)
(0.699359984760002 0.000247794617567469 3.5074393463251e-18)
(0.699125913799088 0.000250258784576618 -2.3127512021252e-17)
(0.69888573965226 0.000253031616946888 2.38909003221261e-17)
(0.698639110399252 0.000255371527146348 2.51121321456183e-17)
(0.698385366233899 0.000257570658189416 3.75976292771901e-17)
(0.698124572209899 0.000260041768966923 2.41485803849344e-18)
(0.697857071967411 0.000263315246817928 3.63116720840766e-17)
(0.697582389738622 0.000266114155028266 1.99372562414429e-17)
(0.697299563948223 0.000268850697002521 -1.51107171361229e-17)
(0.697008168630812 0.000271949664739935 3.39634403131303e-17)
(0.696708924701681 0.000276075394148249 4.60760623129245e-17)
(0.69640213238535 0.000279954036268088 -2.31255630970871e-17)
(0.696086936420546 0.000283729201376206 8.96934955951075e-17)
(0.695762775088126 0.000287995806734551 7.33244936921542e-17)
(0.695429855004232 0.000293730712013438 6.85652977221004e-17)
(0.695088993450587 0.000299856296184225 6.80436464725149e-17)
(0.694740062880597 0.000305757480730161 -3.4440730998517e-18)
(0.694382179295701 0.000312387286528451 -1.3867903350451e-17)
(0.694015487047312 0.000321299106063018 -9.8726417761161e-19)
(0.693641933964246 0.000331996907541438 -6.53446079254433e-17)
(0.693261875429571 0.00034225858796602 -7.02652389683973e-17)
(0.692873907862133 0.000353463902882405 5.57192849309018e-17)
(0.692479789851893 0.00036805480554013 -6.31486331446563e-17)
(0.692083007736317 0.000387809331955223 -6.01565558494522e-18)
(0.691684583311981 0.000406383869751522 -3.51897845567261e-17)
(0.691283901825607 0.000426177064563276 3.07213337636045e-17)
(0.690884219868521 0.000450922286768575 -8.30546814055968e-17)
(0.690492161737084 0.000487914376166437 -6.89728742526367e-17)
(0.690110890619525 0.000522038356568929 -2.43225551868703e-17)
(0.689740908344814 0.000557686630043991 -7.35212737213484e-17)
(0.689388439653003 0.000600216100007006 3.50868474881841e-17)
(0.689065992553083 0.000665842639285786 1.76358709318563e-17)
(0.688780330202417 0.000727833740847452 5.89126074479607e-17)
(0.688537909826444 0.000791002169042491 2.01893718291654e-17)
(0.688353885384453 0.000864606167228416 -6.90587646378131e-17)
(0.688244524538223 0.000975338829162653 -5.95913801110022e-17)
(0.68823031820198 0.00108670781820617 -2.7587620698251e-17)
(0.688334893392488 0.00119826181238301 -9.61365254837195e-17)
(0.688609684263197 0.00133185742376794 8.47005810061018e-18)
(0.689225049046534 0.00157024894100367 4.52337446890314e-17)
(0.690480676753989 0.00191091176989475 -3.83953006143026e-17)
(0.692626581164674 0.00229775609285214 -2.67186886527044e-18)
(0.695863450630481 0.00276530088043338 4.74231790749915e-17)
(0.700323463750354 0.00347567328082527 8.3106139468508e-18)
(0.70591159589348 0.00421771050682126 -8.99065534862713e-18)
(0.712654504454693 0.00477586199060528 9.13708633151611e-17)
(0.720684803977908 0.00527457287263003 -1.46390176826534e-16)
(0.729958922497727 0.00587022939812259 -2.43163074099246e-17)
(0.740406757788517 0.00630712788784366 -4.29247458383258e-17)
(0.752087041840613 0.00647769697048548 4.58981944141473e-17)
(0.764968344852785 0.00653062734872431 -1.48311450966393e-17)
(0.778800909351696 0.00656892184430536 -1.30517518636917e-18)
(0.793431543287054 0.00633548846423628 6.91892560568095e-17)
(0.808802202549629 0.00592958722519897 3.49014717965512e-17)
(0.824671995398541 0.00543842324729757 9.36761924978873e-17)
(0.84089708021871 0.0048432538075825 5.97217067404645e-18)
(0.857373682106957 0.00414603716869298 1.54815822909453e-18)
(0.874040533447547 0.00342950164219794 -2.31103729255169e-18)
(0.890713220493339 0.00269423288191984 7.32009043538198e-17)
(0.907552079804651 0.00192990868877113 -2.1196905689685e-17)
(0.924310739898168 0.00126189154982572 -5.36913915561284e-17)
(0.941489013463424 0.000624257299173671 5.1860605095982e-17)
(0.958386223653446 0.000102032775248795 1.6844646719876e-16)
(0.976416199426942 -0.000381144807804904 1.91873684965033e-16)
(0.993579743476647 -0.000666397988226901 1.30970000515018e-16)
(1.01411710606979 -0.00102771673748623 -3.86639537092401e-17)
(1.03145168246421 -0.000834695137894415 -5.83896041758079e-17)
(1.05636105430847 -0.00109862800530777 4.50046239383318e-18)
(1.06662878020474 -0.000196942708805387 -3.60242733258936e-17)
(1.0643585630027 -0.000148968837481986 -3.49379709371253e-17)
(1.06874255468136 0.000148717627438246 -5.29333777336294e-17)
(1.06834200592831 0.000146590558792317 -2.87612080446761e-17)
(1.07031892890276 0.000289335564417738 2.93144374330959e-18)
(1.07021727211681 0.00033559778441976 -1.47864598529976e-17)
(1.07073779977486 0.00036438897987888 -3.70187924962458e-18)
(1.07057646076636 0.000366112510042634 -9.08226976874501e-18)
(1.07058715552838 0.000380561547450622 -6.67047349624952e-18)
(1.07031224502369 0.000362908943180962 6.15720325604855e-18)
(1.07014729519194 0.000352414319019074 4.70228646276199e-18)
(1.06983452962338 0.000333835037408491 -2.71279146732739e-18)
(1.06955369425728 0.000311503984783157 -1.20659762667601e-18)
(1.06867967229481 0.000363240425574175 9.59149434898381e-19)
(0.348425213233168 0.0019631000640347 3.67433065293187e-18)
(0.350098778367197 0.00206009188566312 -1.07051430583057e-17)
(0.350088627997538 0.00213621566779806 -1.78788173524776e-17)
(0.350065035551383 0.00227090718699839 -8.20318263636918e-18)
(0.349706109537088 0.00234857243875002 -7.08986992995215e-18)
(0.349240893011626 0.00238713676605657 9.29240062818287e-18)
(0.348727713561848 0.00240732630638727 -5.05451451794738e-18)
(0.348197592780702 0.00242201760111398 2.78636262790426e-17)
(0.347657275167221 0.00243395772355114 2.76201289642327e-17)
(0.347106312305137 0.00244513190604221 2.61846078719819e-17)
(0.346543695360544 0.00245644031300438 7.115784818594e-17)
(0.345969442127056 0.00246839538713354 1.99743501241103e-17)
(0.345382969009645 0.00247995708265316 5.31419577309925e-18)
(0.344782811677755 0.00249103881624072 1.28027426926555e-17)
(0.344168006103858 0.00250221049321186 -4.21946127702277e-17)
(0.343538317137218 0.00251384312216327 2.32178307534254e-17)
(0.342893823324237 0.00252545067568139 -1.37877179170574e-17)
(0.34223354339363 0.00253664135199526 2.90712681258534e-17)
(0.341555850435188 0.00254807535116977 1.64620840964983e-17)
(0.340860299393188 0.00256020200551535 -4.81279659765396e-17)
(0.340146934924327 0.00257309860797979 2.81907994558911e-17)
(0.339414802929662 0.0025854008915515 1.03500152139186e-16)
(0.338662256457966 0.00259767304361108 1.12058263874914e-16)
(0.337888625168073 0.00261071718497209 1.23854675453164e-16)
(0.337094197631649 0.00262554186052712 1.42935428126926e-16)
(0.336278015916103 0.00263978115346357 7.20718812431771e-17)
(0.335437988594379 0.00265420741442772 -5.20517101730464e-17)
(0.334573010221039 0.00266968374536405 1.28739202186649e-17)
(0.33368360827439 0.0026875010190093 5.48883523112975e-17)
(0.332769373835707 0.00270525440499534 7.37490803799857e-18)
(0.331828203774916 0.00272320921428659 1.59563230281465e-16)
(0.33085859517795 0.00274260630463398 2.23010931014408e-16)
(0.329860910931064 0.00276539013501045 1.08911966209154e-16)
(0.328835583404707 0.00278950250302393 1.01195230522388e-16)
(0.327780988059615 0.00281373933690288 -1.55812415527251e-17)
(0.326695109875139 0.00284008354766691 -4.10517560238057e-17)
(0.325578752032231 0.00287173331660781 1.71335454582252e-18)
(0.324434426715543 0.002907713715659 -8.13227185548273e-17)
(0.323261490535488 0.0029436293491585 -5.99325701378737e-17)
(0.322057268785917 0.00298230401037125 2.60920773840742e-17)
(0.320824308812902 0.00302901477157772 -3.79585761512821e-17)
(0.319569657155028 0.00308717037222832 -1.18206905974233e-17)
(0.318295263432216 0.00314416869605421 -1.0715874402644e-16)
(0.31699859900979 0.00320461522754497 -3.73434109045044e-17)
(0.31568496189546 0.00327717665287742 -2.54085649918431e-16)
(0.314371425521588 0.00337599415473306 -2.05683001956422e-16)
(0.313066429431885 0.00347091818175632 -6.95904712683986e-17)
(0.311769062824808 0.00356970002939141 -6.9744482812498e-17)
(0.310490266389783 0.00368582923386678 -2.50740230013659e-17)
(0.309265353417617 0.0038509460279947 4.24648225237516e-17)
(0.308116895596455 0.0040115391230665 1.91503720078954e-16)
(0.307053207914619 0.00417474836570846 6.15861746875526e-17)
(0.306100130089095 0.00436405227114801 -1.05720918076045e-16)
(0.305321409272966 0.00463206078241877 -1.80378874014676e-16)
(0.304775019466717 0.00490540467925163 -7.8108804238409e-17)
(0.304500299204695 0.00517943704077741 -3.90417591740587e-16)
(0.304584655759007 0.00551010444301476 3.83698642840325e-17)
(0.30531160536197 0.0060726975199515 2.28227398617373e-16)
(0.307133514526939 0.00686451815784101 9.72763898844052e-17)
(0.310465067074906 0.00776467112972942 -6.09301031637646e-18)
(0.315726159470522 0.00885948503395344 4.44758404936922e-17)
(0.323510247447368 0.0104641419756777 -7.19179614338308e-18)
(0.334212201707699 0.0121213873571065 -5.9536586307919e-17)
(0.347939013611028 0.0133604284948722 2.22049054827806e-16)
(0.364777832701295 0.0144464764915933 -2.85610492773686e-16)
(0.384931514220854 0.0156823488472251 -7.06897140283937e-17)
(0.408441824388036 0.0165298620389593 -1.311029062025e-16)
(0.435076410952205 0.0167545774128447 1.45279311717845e-16)
(0.464548774460665 0.0166858682218621 -4.54968879338239e-17)
(0.496584506303926 0.0165058557663182 -5.97824733486376e-18)
(0.530793021832549 0.0157090113847078 2.71869633668731e-16)
(0.5666854933153 0.0144955763995099 -4.12569403114076e-17)
(0.603759974458477 0.0130631538064442 2.68297332364512e-16)
(0.641677762825261 0.0113789945922674 1.82578414199547e-16)
(0.680051536641896 0.00946684029899729 6.28366118381891e-18)
(0.718724649131855 0.00750274639975386 -7.18566297432528e-18)
(0.757290519616217 0.00549365444145127 -6.29553056738872e-17)
(0.796020149821422 0.00343551474926169 -2.29989102295234e-16)
(0.834311681592081 0.00160039807335701 -1.62457662175928e-16)
(0.873436342669561 -0.000161383173008499 1.51445249515324e-16)
(0.911675596760501 -0.00166978841084783 7.5557608486874e-17)
(0.95252089417233 -0.00307455482384172 5.64499010997281e-16)
(0.991043872398087 -0.00403475038652686 2.48829878170264e-16)
(1.03736729381453 -0.00515618893959319 1.40381052679151e-17)
(1.07606368705793 -0.00511216851850487 -4.66723903939925e-17)
(1.13344865116967 -0.00551427322464177 1.58818479884675e-17)
(1.15475184580246 -0.000883296214109135 -1.24096727110733e-16)
(1.14548352969426 -0.000663794458568338 -9.51134259857611e-17)
(1.15317159923246 2.98029780027992e-05 -1.59348779097856e-16)
(1.14952126686728 0.000113124179364573 -6.41993318244088e-17)
(1.15211720196099 0.000444727369807465 1.09673131339946e-17)
(1.15045632030089 0.000580191046422832 -5.03556131772572e-17)
(1.15084643874162 0.000680069264611972 -1.08150145973097e-17)
(1.14978158778962 0.000712146123359141 -3.14842713008818e-17)
(1.14941474786501 0.000762951092396489 -2.01864389288462e-17)
(1.14848792098469 0.000752013729285137 1.78995819774388e-18)
(1.14786933874151 0.000747257141972107 1.39592568213797e-17)
(1.14698213001006 0.000722506475101882 -3.22512996079038e-18)
(1.14630377607123 0.000689974112695832 -3.56210286998497e-18)
(1.14507661758846 0.000671770958197393 3.9341666615419e-18)
(0.0692213842704368 0.00418542377647543 8.28255582368751e-19)
(0.072072365070031 0.00468936364180156 -7.85118939914407e-18)
(0.072143446520358 0.00515044687133228 -1.11397213997533e-17)
(0.072002899047446 0.00549837904560659 -8.536939543187e-18)
(0.071412906101448 0.00568665247162359 -1.54699080506194e-17)
(0.0706825807171906 0.0057730375174541 2.35276685625504e-17)
(0.0698890202628798 0.00581446109211138 -1.31761068838386e-17)
(0.0690704345308505 0.0058408362336388 1.69824963908772e-17)
(0.0682357084856855 0.00586207878950539 3.78649053448362e-17)
(0.0673849039395895 0.00588215225968152 3.63139112383755e-17)
(0.0665169756310241 0.00590255877616853 5.29803223019582e-17)
(0.0656317285878244 0.00592377309206768 2.04755989261491e-17)
(0.0647283629839448 0.0059448153682225 5.73054292199756e-18)
(0.0638050863235655 0.00596551375486671 2.23152320725609e-17)
(0.0628606020247799 0.00598645987191716 -3.81653041169521e-18)
(0.061894484604618 0.00600802904807509 5.33663910173259e-17)
(0.0609063588363852 0.00602973971352299 3.66804389470705e-17)
(0.0598947603078492 0.0060512482832647 7.28421915381518e-17)
(0.0588578885398191 0.00607321297872885 2.9343643045795e-17)
(0.0577949958462105 0.00609617615193527 -8.96877754267305e-17)
(0.0567058892756418 0.00612012605703518 4.72867951054751e-17)
(0.0555891824563279 0.00614378262852201 7.11007063823501e-17)
(0.0544426001082955 0.00616762597355999 1.97530649204586e-16)
(0.0532649172573631 0.00619268564081894 1.13450331542709e-16)
(0.0520563387805245 0.00621981741247146 1.7572522302354e-16)
(0.0508155731137353 0.00624682378430853 1.00005132584753e-17)
(0.0495397346207496 0.00627429648671228 -1.0274781017666e-16)
(0.04822721047358 0.00630341038678771 -9.98182597543376e-17)
(0.0468783626911638 0.0063353118134525 7.15442933570956e-17)
(0.0454923679039569 0.00636771720472303 1.93045380011494e-17)
(0.0440661615809663 0.00640072934968802 7.00124157620283e-17)
(0.0425975479451689 0.00643593592823934 2.59277727445779e-16)
(0.0410869177893519 0.00647528610679883 1.40650870457169e-16)
(0.0395346342423685 0.00651671425276341 1.30041212140109e-16)
(0.0379379366762572 0.00655889736518725 -3.17738085820274e-17)
(0.0362938481847185 0.00660415362785456 -6.97264084619717e-17)
(0.034603461004437 0.00665603372327642 1.26684531342589e-17)
(0.0328702507282942 0.0067133282723374 -1.15368807383327e-16)
(0.0310927308905934 0.00677156160712017 -5.69681915310303e-17)
(0.0292668966563602 0.00683364191395338 7.72286448332397e-18)
(0.0273952743691627 0.00690613038612929 -4.68907692319757e-17)
(0.0254889243739937 0.00699169628360547 -9.85905020007714e-18)
(0.0235504588424126 0.0070777952162604 -4.7172560258277e-17)
(0.0215748414786356 0.00716820540167041 -8.94314699599911e-17)
(0.0195668206253716 0.00727512327447213 -3.01649722764465e-16)
(0.0175547216507706 0.00741079188026266 -3.44180401919904e-16)
(0.0155519026101137 0.00754546102602294 -1.06566279171378e-16)
(0.0135526516395027 0.00768391153815074 -7.04699101849928e-17)
(0.0115670037100201 0.00784694271921359 -1.53290515589189e-16)
(0.00965401150606785 0.00806288440657775 4.76879734066778e-17)
(0.00785215504094154 0.0082788249263725 1.19210680378466e-16)
(0.0061617051116869 0.00849588422327579 1.04594175386568e-16)
(0.00460830358811502 0.00874941520723451 -4.3518335813279e-17)
(0.00330130962699173 0.00908827513068083 -2.03832575132485e-16)
(0.00233731918981088 0.00943900394685277 -1.16508474669624e-16)
(0.00174871274068816 0.0097883563432478 -5.05349888495308e-16)
(0.00161414440836245 0.010217391660954 4.61643847736331e-17)
(0.00229087232923865 0.0109167139671566 3.25197153497639e-16)
(0.00439764399666379 0.011885691996906 4.62617256770287e-17)
(0.00846362969230523 0.0129875195674167 -8.6762204265334e-18)
(0.0149449640757935 0.0143472050752748 2.52333619138057e-17)
(0.0248531492357 0.0162593514858006 -8.52960300480146e-17)
(0.0391412651138151 0.0182073688269989 -1.85089694104765e-16)
(0.0578238073533166 0.0196530091425219 1.78009982192357e-16)
(0.080755627968858 0.0208912480920525 -3.11544775425662e-16)
(0.108523345399889 0.0222075767128546 -1.11579890164957e-16)
(0.141412263912877 0.0230260444649162 -2.26237916098032e-16)
(0.17876022024403 0.0230722366304545 2.63044414996258e-16)
(0.219965275349757 0.0227286988810954 6.51179635657179e-17)
(0.265007247551393 0.022140704780861 -1.22275360955063e-17)
(0.313316900785946 0.0208265822992179 1.83589987393963e-16)
(0.363876735070542 0.0189689819169195 1.67149004097181e-17)
(0.416088308767627 0.0168121032518236 4.59550185182226e-16)
(0.469518756016182 0.0143326201778141 1.43710480854904e-16)
(0.523484867899743 0.0115841607433575 8.87705257628059e-18)
(0.577764860536378 0.00875595905535689 -1.02475986797706e-17)
(0.631866151411996 0.00587215463339373 -1.9378037495543e-16)
(0.685985110202853 0.00294938422794521 -4.04144924479565e-16)
(0.73930689540557 0.0002959750094761 -2.74247159088527e-16)
(0.793729831327492 -0.0022596258039485 2.47980843548486e-16)
(0.846720243075682 -0.00451064149434634 1.34049185561664e-17)
(0.903161168504345 -0.00664085549588426 8.51203224936604e-16)
(0.956218672952688 -0.0081987900377948 3.58188638894884e-16)
(1.01984604495829 -0.00996306156525468 6.40854546727215e-17)
(1.07280672894324 -0.0103861265014876 -3.45931372591781e-17)
(1.1520629378608 -0.0106905075570446 -2.98926250675203e-17)
(1.18079355652184 -0.00114506285042579 -1.40318854901269e-16)
(1.16667675698636 -0.000916591792522509 -1.74593825937922e-16)
(1.17665887971179 -4.96482813374373e-05 -2.285593596127e-16)
(1.17093238064175 0.000105457722703973 -5.54071584239166e-17)
(1.17397950327274 0.000498402239598227 1.69693408043386e-17)
(1.17137194436509 0.000660713259460501 -3.40393543979604e-17)
(1.17176171387129 0.000804530124040866 -1.72899720815701e-17)
(1.17015164608536 0.000849596873451663 -1.741047197561e-17)
(1.16959906778558 0.000907745659519388 -3.44581597251781e-17)
(1.1683048989311 0.000904381568862216 -2.40351488268782e-18)
(1.16745298498991 0.00089569385379596 2.38327047064098e-17)
(1.1662818815048 0.00085930474475984 -9.21215940896281e-19)
(1.16549429007658 0.000808046619104977 -5.36681614653505e-18)
(1.16446256473932 0.000582414775486775 1.41473924123621e-18)
(-0.135367851240635 0.00720554970769007 -2.22608261124415e-18)
(-0.132548865270255 0.00750904421464577 -9.74161185684383e-18)
(-0.132661060481966 0.00854548993311304 -5.70848920846222e-18)
(-0.133060430512156 0.00915890467905782 -8.20597506174206e-18)
(-0.133879409923462 0.00946929783751009 -1.01136106623322e-18)
(-0.134821747105843 0.00960551927755821 4.87576909958908e-17)
(-0.13582139947824 0.00966863729257436 6.88844497927262e-18)
(-0.136847142408861 0.00970687262161585 4.40629530314677e-18)
(-0.137892217132367 0.00973765903435582 6.15137394799651e-17)
(-0.138956762809137 0.00976699252060354 4.21504811512915e-17)
(-0.140041843646434 0.00979684123074674 4.03053945618184e-17)
(-0.141147866555821 0.0098276280354862 1.82188863676092e-17)
(-0.142275748729136 0.00985855719218568 7.64267028715249e-19)
(-0.143427290876328 0.0098894243685805 3.86802868460462e-17)
(-0.144603911849381 0.00992073055442972 1.11886552099493e-17)
(-0.14580628473321 0.00995279918176338 9.38864161927418e-17)
(-0.147035137189974 0.00998524239491595 7.82457832888177e-17)
(-0.14829211932676 0.0100178061426088 1.23561141261365e-16)
(-0.149579044245927 0.010051050573169 4.47771792477485e-17)
(-0.150896893843554 0.0100854956238402 -2.89766617674649e-18)
(-0.152246171114063 0.0101210920896414 -1.7614084487026e-17)
(-0.153628487163459 0.0101568173635828 1.54695451949955e-17)
(-0.155046296233285 0.0101930392072039 2.14363906395622e-16)
(-0.156501147948585 0.0102307660853589 1.3829365556134e-16)
(-0.157993163241413 0.0102706530755519 1.80652361269484e-16)
(-0.159523847934546 0.0103109447561549 6.47139403660843e-17)
(-0.161096280320543 0.0103520531426793 -1.75008903941097e-16)
(-0.162712350405599 0.0103951615568782 -1.36375521425785e-16)
(-0.164372084139108 0.0104411827577033 1.97528451338716e-17)
(-0.1660766417426 0.0104882535234794 2.11270991182034e-17)
(-0.167829386716658 0.0105363837542091 5.97535222824729e-17)
(-0.169632803252941 0.0105871367396091 3.57407109079663e-16)
(-0.171486760675596 0.0106422035045505 1.60617249308334e-16)
(-0.173391168724628 0.0106998277632466 1.76934121764897e-16)
(-0.175349198709471 0.0107588216938973 -6.41422108605053e-17)
(-0.177364095267952 0.0108213761576106 -1.22912517305917e-16)
(-0.179434847431727 0.0108907642669424 4.87935411437326e-17)
(-0.181557889568558 0.0109658286645502 -1.70815339994164e-17)
(-0.18373498757769 0.0110426670988406 -5.62640905077637e-17)
(-0.185970305892031 0.0111238467999948 -9.87987144370699e-17)
(-0.188261450458999 0.0112157683983688 -4.91463647565469e-17)
(-0.19059595552966 0.0113203534865537 -4.06713430896646e-18)
(-0.192970743011352 0.0114267025613299 1.23778266037219e-17)
(-0.195391079703806 0.011537646271451 4.18114124338242e-18)
(-0.197852383104398 0.0116657009844139 -3.54691054733428e-16)
(-0.20032144604647 0.0118205547264334 -4.84236623675853e-16)
(-0.202782166429497 0.0119762243256845 -1.31833138867697e-16)
(-0.205240893345223 0.0121352896557321 -6.01117701498416e-17)
(-0.207687594924093 0.0123197524508507 -6.40304546411702e-17)
(-0.210051777293502 0.012552817672906 -6.56240228468074e-17)
(-0.212286026204654 0.0127876941602282 6.4567737479366e-17)
(-0.214391725019809 0.0130221617380398 4.10469762905781e-17)
(-0.216342406437769 0.0132932655082732 1.70129177181057e-17)
(-0.218004662710431 0.0136423593562108 -2.38798975813746e-16)
(-0.219259906241102 0.0140031533637335 -1.40848454691177e-16)
(-0.220075389925766 0.0143591165357972 -5.47636919976977e-16)
(-0.220374358691779 0.0147937901814264 -8.59540814742057e-18)
(-0.219764110820761 0.0154844436355966 4.43882841423423e-16)
(-0.217541569153652 0.0164287262139344 2.73001455431257e-17)
(-0.213109728740394 0.0174913761818266 -6.15225110139499e-18)
(-0.205988655579224 0.0187985571734267 1.71632940120979e-17)
(-0.194925943201361 0.0206048717230541 -2.24405127296033e-16)
(-0.178626115723466 0.0224066179685088 -2.37506728110684e-16)
(-0.157108889969672 0.023680831298976 2.18513714187517e-16)
(-0.130657987963335 0.0247115565397916 -3.46440327776795e-16)
(-0.0984636868354064 0.0257509801655675 -1.45917260569299e-16)
(-0.0600873250684296 0.0262514530126927 -3.3256853824668e-16)
(-0.0164440782154078 0.025949509881394 2.47003471656186e-16)
(0.0316631562464907 0.025224510492372 1.73459853368184e-16)
(0.0843721900434122 0.0241940692458289 -2.11255084743292e-17)
(0.141012112114828 0.0224286961204093 1.67554309502592e-16)
(0.200236636830589 0.0200985989658453 6.65869815356414e-17)
(0.26138797037204 0.0174499613098512 4.71437446114379e-16)
(0.323975281983041 0.0144687702010778 1.16701663867767e-16)
(0.387127892237826 0.0112219810144573 1.04103481844867e-17)
(0.450578112597948 0.00789058696331056 -1.12935749804335e-17)
(0.513784637066045 0.00450374988187765 -1.70330536005901e-16)
(0.576878096959033 0.00109392049450759 -4.70552265476795e-16)
(0.638913941874839 -0.00205202354961185 -3.90197915252361e-16)
(0.7021613787067 -0.00509565230638004 3.43355032355465e-16)
(0.763595946645143 -0.007840611900803 -7.31488993368327e-17)
(0.828890061635273 -0.0104649214725656 9.11756550690728e-16)
(0.890115594663345 -0.0125394347172969 3.26011507357869e-16)
(0.963377270316646 -0.0148119608671662 1.12467072239083e-16)
(1.02418128990692 -0.0157876514450743 -1.5626398772034e-16)
(1.11585628099693 -0.0158265300383191 -7.43116920148238e-17)
(1.14874701871056 -0.00124125449353418 -1.18895576869941e-16)
(1.13147815811629 -0.000898754709201573 -1.8146197321574e-16)
(1.14266321904205 -9.42902428083784e-05 -2.55443948233008e-16)
(1.13572683232103 0.000115477981145784 -2.4306943851825e-17)
(1.13898987150475 0.000468960169633568 2.58895114951696e-17)
(1.13585746681881 0.00064225454693361 -2.53160489658005e-17)
(1.13626951056182 0.000778713575974421 -2.33712265653059e-17)
(1.13438154563088 0.000829594552946727 -4.00154169667133e-17)
(1.13376207169489 0.000881869408091157 -4.00405352125424e-17)
(1.13230391471266 0.000882054807712761 2.45187091659906e-18)
(1.13136496732316 0.00087100194746314 2.03605900709003e-17)
(1.13008584515852 0.000831816334466864 3.87080706368303e-18)
(1.12929644793664 0.000772386456084712 -7.27520187396137e-18)
(1.12846586634488 0.000520687689069042 -1.15559004197478e-19)
(-0.266108430007318 0.00945188386809586 -2.96076117280942e-18)
(-0.264809176033384 0.0100172282916521 -4.99554267229158e-18)
(-0.265462843851983 0.0115801352246732 -5.71767076394923e-19)
(-0.266265572103615 0.0124051258596996 -5.99666049314898e-18)
(-0.267293905041729 0.0128009880293091 1.07537270904469e-17)
(-0.268376837549672 0.0129701686733725 6.310103929689e-17)
(-0.269491664722891 0.0130482691962748 1.910442192046e-17)
(-0.270626783987952 0.0130957744793693 -1.15040596998467e-17)
(-0.271781381634805 0.0131347065020642 3.31272935069841e-17)
(-0.272956706748317 0.0131722015084366 4.83547381862939e-17)
(-0.27415391718513 0.0132103697500895 3.15101531147701e-17)
(-0.275373551573539 0.0132495858634226 1.53957103951897e-17)
(-0.276616529646403 0.0132892331327765 -5.50071239547695e-18)
(-0.277884483933388 0.013329124611274 -2.00053769199681e-17)
(-0.279178806969417 0.0133696401198071 7.29226556212577e-18)
(-0.280500351852724 0.013411040133979 5.41233844930205e-17)
(-0.281850060664964 0.0134530490293187 1.08169985479771e-16)
(-0.283229577058669 0.0134954912372172 1.3683572000214e-16)
(-0.284640608359682 0.0135388128078671 1.40393835409827e-17)
(-0.286084262930177 0.0135834470153872 7.29674253144746e-17)
(-0.287561286068795 0.0136293614609607 2.43958191316721e-18)
(-0.289073338698028 0.0136757912032687 4.63837227197703e-17)
(-0.290622785132828 0.0137230271978719 1.68521725343882e-16)
(-0.292211302684 0.0137719043162968 9.38137205002754e-18)
(-0.293839333606164 0.013822939645418 1.31320447247445e-16)
(-0.295508456742336 0.0138748038509589 1.459137305124e-17)
(-0.297221599185255 0.0139278146571735 -1.73009149579219e-16)
(-0.298980729121882 0.0139829608392681 -9.47058360601962e-17)
(-0.300786241464297 0.0140409702749136 -1.074887273872e-16)
(-0.302639489308425 0.0141004139428843 2.0248966142115e-17)
(-0.304543735511319 0.0141613008996769 2.90776785002934e-17)
(-0.306501475359983 0.014224936099968 3.11009053846237e-16)
(-0.308512878374673 0.0142926919925921 1.66656210519574e-16)
(-0.31057812909913 0.0143631976161967 2.25009818382754e-16)
(-0.312700368359574 0.0144355150054634 5.52704348111558e-17)
(-0.314882716523884 0.0145114570391273 -1.89012487883785e-16)
(-0.31712438970389 0.0145937123789262 -5.97204464423119e-17)
(-0.319422148412087 0.0146813397681175 6.97086064830928e-17)
(-0.321777722032105 0.014771208991654 -5.15547053584383e-17)
(-0.324194877340935 0.0148654071198276 -1.77287254139785e-16)
(-0.326671475812239 0.0149692580618968 -4.92234080062676e-17)
(-0.329195217129393 0.0150842117441411 2.71205789568482e-18)
(-0.331762811952396 0.0152014184955703 7.20626353698174e-17)
(-0.334378777660246 0.0153230632591281 -1.80416344072653e-17)
(-0.337038791518672 0.0154596771971083 -4.1466205148128e-16)
(-0.339709023074728 0.0156188378597547 -5.14984366115102e-16)
(-0.342372450102118 0.0157792103483925 -1.3964375773553e-16)
(-0.345034334710693 0.015942510450701 -4.80047520476137e-17)
(-0.347684909256156 0.0161273758930911 -2.37128004474032e-17)
(-0.350251140572137 0.0163521883870812 -1.98225697185628e-16)
(-0.352682442079629 0.0165780551513433 2.18831133033033e-17)
(-0.354979389901646 0.0168023325522691 -2.3340706458821e-17)
(-0.357115841250056 0.0170563534658837 8.39148558134013e-17)
(-0.358951217975557 0.0173731271839169 -1.83247737418622e-16)
(-0.360359057483468 0.0176966438914264 -1.50308440710526e-16)
(-0.361305286221811 0.0180118092376231 -4.19391317043884e-16)
(-0.361716344206408 0.0183890841745779 -8.88141905484846e-17)
(-0.36119922946511 0.0189745900332845 4.60085547106499e-16)
(-0.359036187241853 0.0197613121091719 -8.38602255750159e-17)
(-0.354613384760047 0.0206290349036626 9.02966252086341e-18)
(-0.347456217312225 0.0216804354646516 -5.23485432071703e-18)
(-0.336225134916912 0.0231170556420924 -2.06917116947822e-16)
(-0.319467461477799 0.0244986117169721 -1.61932376713204e-16)
(-0.297209783092702 0.0253783271341668 2.58548131581139e-16)
(-0.269808306658988 0.0259994748378942 -5.4837084373407e-16)
(-0.236358191930387 0.0265664382921959 -1.73540492186928e-16)
(-0.196341601017642 0.026609869364958 -4.53531794839293e-16)
(-0.150783287807488 0.0259139037498326 1.21623154882043e-16)
(-0.100581669630483 0.0248108205926078 2.81963659090822e-16)
(-0.0455105555319145 0.0233955120443344 -3.37949424600504e-17)
(0.0137293609715706 0.021313148973068 5.85281700984511e-18)
(0.0756451100259611 0.0187218460859111 1.09022720136651e-16)
(0.139565563411626 0.0158373179166995 5.05969702239681e-16)
(0.204983190260846 0.0126544834443553 1.06046930412204e-16)
(0.270945462732394 0.00924005817768509 1.06856021567055e-17)
(0.33716342539802 0.00575289869770685 -1.085897109322e-17)
(0.403086652412423 0.00221846095631614 -1.42648598224915e-16)
(0.468796058099037 -0.00132411284580702 -5.12448596591516e-16)
(0.533299183888726 -0.00463951232085947 -3.78623524734583e-16)
(0.598996485648971 -0.00786157461345979 3.03029136470564e-16)
(0.662682605858535 -0.0108345502900342 -2.30680031301164e-16)
(0.730267348088552 -0.0136961487855178 9.09094037855608e-16)
(0.79347715365248 -0.0161224832937236 1.63082584431748e-16)
(0.869024682965944 -0.0187056735373381 1.60398257859355e-16)
(0.931522410764862 -0.0202039301571179 -1.089847640352e-16)
(1.0266620226224 -0.0199242902671457 -6.05501370292256e-17)
(1.0605566490567 -0.00122599462156153 -7.3395539555948e-17)
(1.04174591096377 -0.000721616349105249 -1.54764186286062e-16)
(1.05311601286396 -0.000124875806289776 -2.56344222391854e-16)
(1.0457469944331 0.000121626740735155 5.56384816329065e-19)
(1.04898785402889 0.00037677760462517 7.57673294181349e-17)
(1.04569504242904 0.000547137512126003 -1.89848086681048e-17)
(1.0461251958405 0.000647841997072927 -5.68906456134543e-17)
(1.04418354725946 0.00069933769077251 -5.53089762429197e-17)
(1.04358427199417 0.000738475493212487 -4.13882248708187e-17)
(1.04212757661116 0.000741362608286166 -9.80551382611763e-19)
(1.0412128173749 0.000730473141781864 1.72849857104965e-17)
(1.03995935817498 0.000696639488271318 7.8661333756482e-18)
(1.0392312019005 0.000643636325565276 -9.44290132766237e-18)
(1.03856518448956 0.000448221637747144 -4.7732502794484e-19)
(-0.32539881398555 0.0109210454539593 -2.70605437664548e-18)
(-0.326230965097557 0.0117906526516235 -1.41936035467634e-18)
(-0.327565518373646 0.0135822341161009 1.05028575852413e-17)
(-0.328785769253257 0.0144663294019379 1.01346715164102e-17)
(-0.329948334688557 0.0148712734112708 1.84551670359704e-17)
(-0.331070481876685 0.0150418907040766 5.20141303763158e-17)
(-0.332190176424213 0.0151225102465188 3.90985906255518e-17)
(-0.333320749007059 0.0151737989552405 -8.75521739752719e-18)
(-0.334468619141551 0.015217377596695 1.7703593309585e-17)
(-0.335636420610148 0.0152599352021215 5.90989946946171e-17)
(-0.336825361647697 0.0153032958077952 2.28152843859989e-17)
(-0.338035986570774 0.0153477387328286 1.81513648316318e-17)
(-0.339269107385151 0.0153928186253602 5.16562613722104e-17)
(-0.340526088450762 0.0154383912856384 2.16447758494743e-17)
(-0.341808181478421 0.0154847199760211 -2.99193940521287e-18)
(-0.343116296642972 0.015531999180321 1.30762959812408e-17)
(-0.34445143614653 0.0155800583676303 1.417280166431e-16)
(-0.345815096054316 0.0156287912386544 1.68904808159002e-16)
(-0.347208780167504 0.0156785246252071 5.25970284757594e-17)
(-0.348633593754736 0.0157295802608046 8.65980908507107e-17)
(-0.35009038834485 0.0157819560715579 4.89190338240716e-17)
(-0.351580717037655 0.0158351337621195 2.72737537710524e-17)
(-0.353106677903589 0.0158893360580313 1.67502631750791e-16)
(-0.354669894687211 0.0159451713546541 5.87956587483447e-17)
(-0.356271003607586 0.0160030327945925 1.08878782558067e-16)
(-0.357911502326645 0.0160619991169887 -1.76665297742109e-17)
(-0.359593956970165 0.0161223185504344 -1.39076011846535e-16)
(-0.361320229831035 0.0161847107591651 -4.36783246301692e-17)
(-0.363090943481479 0.0162497232741184 -1.57379409894085e-16)
(-0.36490746526753 0.0163163609065524 2.90339157329408e-17)
(-0.366772699137982 0.0163846566910542 9.38255446677446e-17)
(-0.368688939333879 0.0164555619621013 2.456381225871e-16)
(-0.370656564933846 0.0165300870599366 1.52622502697924e-16)
(-0.372675931950764 0.0166072707009423 1.97615516473685e-16)
(-0.374749866726724 0.0166864639798473 1.31009250489264e-16)
(-0.37688113351794 0.0167689871803176 -2.07404262593119e-16)
(-0.379069197162293 0.0168567894104222 -1.14612831834643e-16)
(-0.38131131915026 0.0169492001794488 3.32877643911516e-17)
(-0.383609016779646 0.0170439656854189 -4.64718501297607e-17)
(-0.38596543420643 0.0171426033036827 -2.19774006338942e-16)
(-0.388378807723981 0.0172489357620298 -4.59900661456225e-17)
(-0.390838020268247 0.017363994188216 7.87243103891018e-18)
(-0.393339863099779 0.0174812801594895 1.40390175414427e-16)
(-0.395887839771726 0.0176023913131193 -2.24462294794403e-17)
(-0.398478206352204 0.0177348409174307 -3.57122292791315e-16)
(-0.401079643795524 0.0178840504606441 -5.52486394206023e-16)
(-0.403675849842527 0.0180341586388929 -1.89432479717949e-16)
(-0.406270624830928 0.0181864535064851 -3.30275810620715e-17)
(-0.408855272706007 0.0183541764362438 -8.80151166929141e-17)
(-0.411361335681586 0.0185504441019759 -1.97128329916319e-16)
(-0.41374018506188 0.0187460342386291 -9.18359399385301e-18)
(-0.415991275078499 0.0189389998140616 1.29463077925639e-17)
(-0.418090936632962 0.0191515875866327 5.59817880220942e-17)
(-0.419905848993304 0.0194070783147421 -1.38385806954303e-16)
(-0.421314553505705 0.0196627374446712 -5.14580642279626e-17)
(-0.422283952718286 0.0199070404642626 -3.07823368985383e-16)
(-0.42274851185802 0.0201899576837978 -6.77798388830529e-17)
(-0.42234809214409 0.0206152090275059 3.4986278389731e-16)
(-0.42041404007311 0.0211705913976665 -1.20738643669686e-16)
(-0.416369178281759 0.0217608475383204 -1.29299704682028e-16)
(-0.409780792372566 0.0224545608830129 8.75565422737008e-17)
(-0.39936477901893 0.0233879620324705 -2.05464197387976e-16)
(-0.383683216757731 0.0242202044532951 -1.14513461239121e-16)
(-0.362758079421545 0.0246204059449791 3.34951011338587e-16)
(-0.336964036655721 0.0247715113968214 -5.67004837444609e-16)
(-0.305413145379921 0.0248161924917704 -1.92531341514599e-16)
(-0.267575840800041 0.0244011577777614 -3.89886802370015e-16)
(-0.224459666346494 0.0233787745162242 1.07487741861613e-16)
(-0.176956131449319 0.0220046593021035 2.54121162082845e-16)
(-0.124805088034882 0.0203474552304484 -5.03736183357733e-17)
(-0.0686673214738582 0.0181507669579377 -9.93210805450949e-18)
(-0.0100103557348735 0.0155509040538205 1.48468497975915e-16)
(0.0505346876321577 0.0127129832288625 3.99727950887812e-16)
(0.112488730394768 0.00964015048314479 9.01239989475123e-17)
(0.174920835710961 0.00639060992380074 9.82852044583492e-18)
(0.237549190074968 0.0030888494099955 -9.27188678370602e-18)
(0.29985714077647 -0.000246932475301301 -1.10607710179084e-16)
(0.361890486773067 -0.00357803119517586 -3.86974057248229e-16)
(0.422693759497906 -0.00673710179443066 -3.61760279400347e-16)
(0.484568415842196 -0.00982111867863297 2.63802943862318e-16)
(0.544429529289255 -0.0127291897256907 -1.61885185634025e-16)
(0.607891200592309 -0.015545325583588 7.8635957940657e-16)
(0.667067600044004 -0.0180769816690001 1.30916019958549e-16)
(0.737784378968521 -0.0207171386757409 2.03544595581993e-16)
(0.796043891367293 -0.0225869387491973 -1.25571778157223e-16)
(0.885894222410562 -0.0220544428908054 -4.60697009988071e-17)
(0.917686336636033 -0.0010969188870866 -1.48732728596571e-17)
(0.899025090033348 -0.000473015241487867 -1.21609890954322e-16)
(0.909613620665553 -0.000143901018838333 -1.85078464928411e-16)
(0.902555754011891 0.000113464114085859 2.92170663523947e-17)
(0.905538364506093 0.000249937515388313 6.79362576200774e-17)
(0.902421329592984 0.000401507991227244 -1.40007111879085e-17)
(0.902849475370836 0.000457644256606591 -9.06890691339827e-17)
(0.901050402437624 0.000504812310365283 -4.83534855745301e-17)
(0.900535286958087 0.000527907628408714 -3.37047000529166e-17)
(0.899218906055301 0.000533293017694668 2.02796487897513e-18)
(0.898415241587221 0.000524225254133551 1.44451638087431e-17)
(0.897297149116995 0.00049992177601646 5.52082678104758e-18)
(0.896675664995084 0.00046017747004337 -1.24701296969464e-17)
(0.896136133626825 0.00033907889135843 -7.06323017303281e-19)
(-0.315176404331475 0.0110435567273097 -2.64522133150615e-18)
(-0.318435900700257 0.0121705707345099 -1.71111068866885e-19)
(-0.3203298304935 0.0138010298992043 1.67977781966435e-17)
(-0.321802357239231 0.0145509756210417 1.43432591143829e-17)
(-0.322948872588633 0.0148765999341974 3.34077526419317e-17)
(-0.323973492187479 0.0150136885967566 5.04337922737261e-17)
(-0.32496789857907 0.0150823653165804 3.40235205517081e-17)
(-0.325964866725146 0.015129843962305 -1.27210408036067e-17)
(-0.32697573136271 0.0151722671668885 -2.5381724538198e-18)
(-0.328003800714669 0.0152143562100513 2.5976537377607e-17)
(-0.329050100380427 0.0152572905431629 9.86710255154702e-18)
(-0.33011503511843 0.015301215321273 1.27822054095938e-17)
(-0.331199216938668 0.015345847817145 3.29382765345078e-17)
(-0.332303683282944 0.0153911001346728 5.30508450088876e-17)
(-0.333429449530437 0.0154371348701726 -2.00507792476873e-17)
(-0.33457733914433 0.0154840810585666 -4.49744915562576e-17)
(-0.335748254627759 0.0155318557987007 8.08082522397214e-17)
(-0.336943425512304 0.0155804109972791 1.17976258497188e-16)
(-0.338164061817289 0.0156299580238501 5.81684509386827e-17)
(-0.339411126331678 0.0156807015210087 1.0094645339362e-16)
(-0.340685411487601 0.015732664399352 8.4363277684573e-17)
(-0.341988213921017 0.0157855504114279 1.55268747402191e-17)
(-0.343321230268259 0.0158395162916588 1.02460754767469e-16)
(-0.344685856543706 0.015894939260952 7.59375163285348e-17)
(-0.346082740796387 0.0159520881064695 9.96983520656606e-17)
(-0.347513140591636 0.0160104144226029 -4.60316793811091e-17)
(-0.348979112293942 0.01607010226652 -1.26205601741725e-16)
(-0.350482234405325 0.0161315923954976 3.02886684119209e-17)
(-0.352023160953393 0.0161952485170164 -1.48527508574508e-16)
(-0.353603081489666 0.0162604810883202 -4.09848414482268e-17)
(-0.355224349370772 0.0163273455082251 6.02225245116853e-17)
(-0.356888874522394 0.0163964250325305 1.99030679799688e-16)
(-0.358597093217852 0.0164683561884514 1.26793244086316e-16)
(-0.36034938402987 0.0165425678454597 1.60093608455685e-16)
(-0.362148052672303 0.0166186936375874 1.40762972217114e-16)
(-0.363995348647612 0.0166975442284803 -9.47080667907935e-17)
(-0.365890943882686 0.0167802983502549 -1.529880828e-16)
(-0.367832666500137 0.0168665500786921 1.84366229381777e-17)
(-0.369821721597541 0.0169549278157053 -3.44758685431367e-17)
(-0.371860562755246 0.0170463680636559 -1.41629474631511e-16)
(-0.373947905802886 0.0171431163926429 -3.66003929997747e-17)
(-0.376074574547104 0.0172457855324916 7.23474627838422e-18)
(-0.378237768213662 0.0173502984687511 8.97117248953036e-17)
(-0.380440064578929 0.0174576902579552 -1.65026520881929e-17)
(-0.382678687998316 0.0175722735407702 -1.74524665612004e-16)
(-0.384927423633964 0.0176972860836415 -4.86250203886469e-16)
(-0.387172280268887 0.0178226290965876 -4.73355749338157e-18)
(-0.389415904471574 0.0179492796717441 -8.77773713102344e-18)
(-0.39165166079112 0.0180847189236205 -1.5511326774534e-16)
(-0.393821896369673 0.0182366663126102 -1.97591107395673e-16)
(-0.395884843720068 0.0183863076135287 -3.15414230291505e-17)
(-0.397839627167724 0.0185327161487658 4.76607056695742e-17)
(-0.399667546178235 0.0186884293234868 3.606141532017e-17)
(-0.401255694612874 0.0188666932007749 -1.04811145705562e-16)
(-0.402500031577108 0.0190394530211168 -4.29746619175555e-17)
(-0.403372459445664 0.0191995154435812 -2.10152794858847e-16)
(-0.403821721555657 0.0193749432535617 -4.97138556508268e-17)
(-0.403552177700897 0.0196245277909564 1.35406749833521e-16)
(-0.402005129110649 0.0199325985163899 -7.20719580732873e-17)
(-0.398695285682967 0.0202340795298122 -1.63822512104854e-16)
(-0.393271350554729 0.0205629852132197 -1.81593477379404e-17)
(-0.384640757353531 0.0209890991360114 -2.0065846872399e-16)
(-0.371547248178197 0.0212872303069169 -7.61806952335816e-17)
(-0.354006585263232 0.0212563836487074 3.16083579278744e-16)
(-0.332362719450774 0.0210124706643813 -5.81246974688745e-16)
(-0.305847418835976 0.0206333435060535 -1.8768157304634e-16)
(-0.273985371484966 0.0198963905210764 -3.083668308354e-16)
(-0.237649571282845 0.0187259518321772 -2.38483290959269e-17)
(-0.197621679034136 0.0172885175554866 2.32563215441329e-16)
(-0.153653462480882 0.0156245211171336 -7.19673329917184e-17)
(-0.106298598297877 0.0135832100280908 -2.41636849269376e-17)
(-0.0568308882024553 0.0112695260793006 1.88587186921822e-16)
(-0.00578251357239799 0.00878971977753833 4.6075311174755e-16)
(0.0464434279013721 0.00615256567097904 7.02587013698282e-17)
(0.0990413289579912 0.00340275969821021 7.96012888610493e-18)
(0.151767725918133 0.000623485509086941 -6.93184986115317e-18)
(0.20418626841171 -0.00217457996582575 -7.80129017489915e-17)
(0.256320008772907 -0.00495938182460792 -2.77585844206352e-16)
(0.307342494392267 -0.00763313567469548 -3.60624134806505e-16)
(0.359224975847869 -0.010256834421953 9.31531512275977e-17)
(0.409310952671872 -0.0127788762959987 -2.21228353677255e-16)
(0.4623795989516 -0.0152402794182562 6.82399697698812e-16)
(0.511687214922283 -0.0175568376722282 9.63335794656827e-17)
(0.570662380243294 -0.0199502550204756 1.30956198584343e-16)
(0.618989166575304 -0.0218974942589037 2.70753899623005e-17)
(0.694813117523346 -0.0212818299152021 -3.17831984170612e-17)
(0.721424044235074 -0.000850054559665119 6.19822520219468e-17)
(0.704814083642617 -0.00022450520199471 -9.0476819004352e-17)
(0.71366834840485 -0.000139174369593155 -1.1363445020179e-16)
(0.707655910874233 8.93081028245822e-05 4.14571083183841e-17)
(0.710137087767028 0.000122759004280454 8.16713699570303e-17)
(0.707514091201501 0.000239387961169605 -9.66853988297195e-18)
(0.707902880367783 0.000256209137526803 -9.84138100094454e-17)
(0.706420468939186 0.000293662546725017 -4.16544479825526e-17)
(0.706031918251103 0.000302262582545865 -2.70603730458978e-17)
(0.704972152888778 0.000308816920724876 -1.77785242711012e-18)
(0.704345040416927 0.000302528326278461 1.18890269091284e-17)
(0.703452745041072 0.000288580272633346 2.33520027785462e-18)
(0.70296914696488 0.000263180047932876 -9.47087049922026e-18)
(0.702517659158838 0.000205733355751199 3.88060911256159e-19)
(-0.238127475236704 0.00905144307292789 -3.31403080252578e-18)
(-0.243160410217999 0.0101755604305302 -2.52161336446099e-18)
(-0.245125889594325 0.0112511276945364 1.72409774841105e-17)
(-0.24647759077316 0.0117067701969996 8.36925940998618e-18)
(-0.247382230462595 0.0118919283215367 1.88386787098183e-17)
(-0.248141495647595 0.0119718758415484 2.67485249542123e-17)
(-0.24886374864442 0.0120165838634113 3.44361735790288e-17)
(-0.249584996420268 0.0120513058081366 -2.8777291197359e-17)
(-0.250316122981301 0.0120841069882714 -2.88248326941438e-17)
(-0.251059716315341 0.0121171437912747 1.50158708749724e-18)
(-0.251816324321047 0.0121508819062125 -4.73501085845081e-18)
(-0.252586111837746 0.0121853507630911 6.45202108133325e-18)
(-0.253369434128679 0.0122204137253908 1.61309532207536e-17)
(-0.25416695948832 0.0122560382599536 2.51889585364643e-17)
(-0.254979377859054 0.0122923056627855 -5.30951924682469e-17)
(-0.255807281418241 0.0123292838288235 -2.20895251469302e-17)
(-0.256651317324671 0.012366951302475 3.09130186647446e-17)
(-0.257512331998762 0.0124053002782232 8.05428456910983e-17)
(-0.258391146472849 0.0124444398279015 4.72246767313149e-17)
(-0.259288440952534 0.0124844681548758 8.46952446038779e-17)
(-0.260204784410032 0.0125254167644289 1.75103111733275e-17)
(-0.261141071023867 0.0125671650607322 9.53903953001295e-18)
(-0.262098463143808 0.0126098057785201 5.75506967325435e-17)
(-0.263077953165372 0.0126535149168931 8.38529624742653e-17)
(-0.264080016197525 0.0126984393834758 1.06963746286328e-16)
(-0.265105513729107 0.0127443352364317 -2.25744093373603e-17)
(-0.266155848533606 0.0127913205148359 -6.28474235126434e-17)
(-0.267232132857212 0.0128395944327058 5.30083044233532e-17)
(-0.268334854702153 0.012889345689801 -7.69749348933769e-17)
(-0.26946483965221 0.0129403183756428 -2.52920357019905e-17)
(-0.27062370461631 0.0129925722440718 2.77421059630194e-17)
(-0.271812787795796 0.0130463722036396 1.70932642986727e-16)
(-0.273032423034374 0.0131020181883094 9.19607644630693e-17)
(-0.274282870159235 0.0131592609182869 3.67033729541508e-17)
(-0.275565720386518 0.0132179634630581 1.03874423694926e-16)
(-0.276882545304293 0.0132784965745748 -2.98812342567151e-17)
(-0.278233164479391 0.0133413709349757 -1.63523894663239e-16)
(-0.279616049840842 0.0134063977833058 2.33581115308014e-17)
(-0.281032014693943 0.0134729676215398 -1.98878084779542e-17)
(-0.282482754582778 0.0135415137398472 -7.89583356887902e-17)
(-0.283967530426077 0.013612951327423 -2.31443640521166e-17)
(-0.285479876409131 0.0136875167951428 4.67494020939435e-18)
(-0.287017763603979 0.0137632921734563 4.96674339759244e-17)
(-0.288582961574648 0.0138408083652469 -1.04401206583557e-17)
(-0.290173942965083 0.0139217289101686 -1.12261886909831e-16)
(-0.291772204740357 0.0140073772782721 -4.91867824646684e-16)
(-0.293367743495617 0.0140928915844605 -1.65439346062122e-17)
(-0.294962434075632 0.0141789159061666 2.88951793200687e-17)
(-0.296552461007005 0.0142682190684906 -9.51752949395455e-17)
(-0.298097205245015 0.014363857137725 -2.04171966177432e-16)
(-0.299566847738125 0.0144566217207938 -5.60118387966136e-17)
(-0.300961099279053 0.0145464092780493 8.62463440667027e-17)
(-0.302268345270152 0.0146378165213334 2.07665882315676e-17)
(-0.30340915074512 0.0147356502416938 -7.86020481055291e-17)
(-0.304309636516946 0.0148257275660691 -2.83897107111555e-17)
(-0.304950960642226 0.0149048274739135 -1.22093027103617e-16)
(-0.305301560058077 0.014983115907245 -3.08679610613883e-17)
(-0.305160729530349 0.0150820183881757 6.36164440827082e-17)
(-0.304140786273645 0.0151867664980373 -2.57271734379184e-17)
(-0.301904815765077 0.0152624950746855 -1.02799777340971e-16)
(-0.298220443462135 0.0153172762900646 -2.82537845625299e-17)
(-0.292321183025742 0.0153687211816182 -1.26628891985834e-16)
(-0.283303249664526 0.0153021423466827 -4.41835282735841e-17)
(-0.271178283486394 0.0150315600545059 1.21442901452015e-16)
(-0.25620720098486 0.0146122681923354 -4.19052675604445e-16)
(-0.237842419198738 0.0140690792304431 -1.73351668991082e-16)
(-0.215732921918823 0.0132982648700077 -1.8109158046273e-16)
(-0.190501640455752 0.0122809783637335 -1.8052681981859e-17)
(-0.162712789871652 0.011099871519351 2.19117531685262e-16)
(-0.132174651536487 0.00977060444229835 4.1787080836623e-17)
(-0.0992689199364905 0.00823296574201805 -3.93152514175992e-17)
(-0.064904954800961 0.00655305774468864 2.20522197843029e-16)
(-0.0294532400435397 0.00478228696163392 3.46968012804156e-16)
(0.00680746654852342 0.00293037768097828 4.59386750834941e-17)
(0.043303562930474 0.00102570686290053 5.24041691539766e-18)
(0.0798629255403176 -0.00088957946471044 -4.19279316262295e-18)
(0.116179947619211 -0.00281016906632125 -4.60441205731951e-17)
(0.1522646663253 -0.00471616858284923 -1.60670757519757e-16)
(0.187522974212003 -0.00656567668637851 -1.71315713094398e-16)
(0.223353772633235 -0.00839259979710361 5.56135000448413e-17)
(0.257859330688541 -0.0101738136373238 -1.8258103031981e-17)
(0.29441571822622 -0.0119335008720215 4.26704725577209e-16)
(0.328232536938153 -0.0136392761644974 6.02130940507039e-17)
(0.368760451628247 -0.0154142172059064 5.38057818073297e-17)
(0.40174555502755 -0.0169850930377313 9.82514672329019e-18)
(0.454682567297855 -0.0165021359017595 -1.85036635473599e-17)
(0.473052278553416 -0.000490757547268044 3.48473115417246e-17)
(0.460732814098486 -2.62411646882586e-05 -6.25722937917058e-17)
(0.466880750540937 -7.83375107864972e-05 -6.90402680809157e-17)
(0.462655622791468 7.03778373711082e-05 4.54685866232727e-17)
(0.464375278935213 4.6935079151735e-05 3.59666658184949e-17)
(0.462553584326135 0.000113100063464558 -5.65053244722609e-18)
(0.462846156891011 0.000105960659234288 -7.90604873863051e-17)
(0.461836586801846 0.000126717576925529 -3.50476792851959e-17)
(0.461596345039232 0.000124774108248093 -1.8654691873897e-17)
(0.460889978951291 0.000128285904939594 -2.15953319212193e-18)
(0.460485342329704 0.000123360697599901 -3.13645241907216e-18)
(0.459893718876161 0.000116200906819854 -3.39519188923043e-18)
(0.459572001804642 0.000101161072801723 -6.72621681708296e-18)
(0.459180882550315 7.14077216754159e-05 -4.82914145727903e-20)
(-0.0981911547329621 0.00395890251284039 -2.4350772191767e-18)
(-0.102192225580608 0.00458351950864513 -4.61163486591779e-18)
(-0.103279705655172 0.00478440473382051 4.08810733005724e-18)
(-0.103959259827312 0.00488556725577396 3.17800413421576e-18)
(-0.104352764982127 0.00492099114271905 5.38100570053305e-18)
(-0.104665936406913 0.00494016725843844 1.07258112639816e-18)
(-0.104960579683541 0.00495449272693395 2.06429431122519e-17)
(-0.105254898118106 0.00496774228268161 -8.14063433729447e-18)
(-0.105553646439567 0.00498100566890826 -2.41275514115018e-17)
(-0.105857636521027 0.00499450859079519 -1.84806479771183e-17)
(-0.106166901986159 0.00500827963728351 -2.17647200000731e-17)
(-0.106481413671801 0.00502231305488276 1.18295894087345e-18)
(-0.106801269038401 0.00503658690219095 5.08619779129652e-18)
(-0.107126717380421 0.00505110421114696 8.99172213605713e-18)
(-0.10745802747712 0.00506588424728141 -1.13593118473489e-17)
(-0.107795430910693 0.00508094324374565 -8.06482699966048e-18)
(-0.10813918038106 0.00509628560796732 -1.85273915285197e-17)
(-0.108489609494055 0.00511191705626431 5.4710858590039e-17)
(-0.108847038365319 0.00512786352377985 1.91253821081545e-17)
(-0.10921173342767 0.00514414244731769 4.40494077179579e-17)
(-0.109583908611532 0.00516077118891412 7.38667699874954e-18)
(-0.10996391051078 0.00517773475108202 -2.8922900222424e-18)
(-0.110352201171782 0.00519506265041898 1.76717352914662e-17)
(-0.110749182169972 0.00521278367110039 2.55780689817345e-17)
(-0.111155024146898 0.00523093745190313 6.56689587560946e-18)
(-0.111570052180308 0.0052494800884923 -3.90858695465173e-18)
(-0.111994825056892 0.00526845455646032 -1.89043875819831e-17)
(-0.112429790560097 0.00528788900275155 1.47200227759272e-17)
(-0.112875127274247 0.00530782884437027 -2.32476251871961e-17)
(-0.113331143592146 0.00532823205106725 -9.26629173498649e-18)
(-0.113798485720921 0.00534913058031476 -1.5479226199731e-17)
(-0.114277696503352 0.00537056371938592 7.98649822177314e-17)
(-0.114768896270075 0.00539258615356659 5.64607661990757e-17)
(-0.115272155526633 0.00541515653133739 1.45274981236159e-17)
(-0.11578811253247 0.00543826789995043 3.18349266961372e-17)
(-0.116317418390523 0.00546197984583695 1.31241752324473e-18)
(-0.116860008788733 0.00548635675530755 -4.93078795259914e-17)
(-0.117415219615433 0.00551136099005311 1.62014412092438e-17)
(-0.117983372862104 0.00553689091554317 -5.45073122153767e-18)
(-0.118565189437084 0.0055630255534839 -2.50068787803255e-17)
(-0.119160470247841 0.00558983710409337 -7.89068830347768e-18)
(-0.119766529638286 0.0056173467523003 1.50354810829695e-18)
(-0.12038253182874 0.00564516994821834 1.58401990641946e-17)
(-0.12100927634598 0.00567345130785452 -3.18285296219942e-18)
(-0.121646450023203 0.00570224641960318 -3.79546744348804e-17)
(-0.122286467877172 0.00573172201716956 -1.86676010175229e-16)
(-0.122925242474733 0.00576084382803819 -4.22524511130995e-18)
(-0.123563737639563 0.00578989262623815 8.15408170345846e-17)
(-0.124201036167256 0.00581886807107189 -3.15542150394643e-17)
(-0.124820690685976 0.00584808299966826 -6.57265031967407e-17)
(-0.125410553984729 0.00587551159392331 -5.43977997645059e-17)
(-0.125970991414826 0.00590140969657886 2.65524437444701e-17)
(-0.126498432844019 0.00592576825341506 6.74834583638123e-18)
(-0.126961049635813 0.00594877284734105 -5.78049646401359e-17)
(-0.12732902820057 0.00596708837937759 -1.00061617140817e-17)
(-0.127595794632914 0.00598027720929374 -3.97520155385159e-17)
(-0.127751716031511 0.00598827946528722 -1.0691901273149e-17)
(-0.127720453232711 0.00599156774205946 -1.09937580968262e-17)
(-0.127349653474811 0.00598309414418568 1.98598873826324e-17)
(-0.126507878160444 0.00595396561803089 -3.49324520170767e-17)
(-0.125111673954241 0.00590089957312743 -3.65932767617843e-17)
(-0.122857957593711 0.00581931663084057 -4.82031212266205e-17)
(-0.119378456353662 0.0056832071086012 -1.44558818388225e-17)
(-0.11467978269578 0.00548171303438333 1.57401513138746e-16)
(-0.108875875813791 0.0052258896481915 -1.35119303872482e-16)
(-0.101745520486491 0.0049143963406439 -1.06591553195794e-16)
(-0.093141046917686 0.00452832933082213 -5.98418026195799e-17)
(-0.0833139177464819 0.00407396900118945 -7.00330941424661e-18)
(-0.0724944766891395 0.00356912382322507 7.17164788450764e-17)
(-0.0605978536541192 0.00301523741290501 1.42499633988441e-17)
(-0.0477711161272507 0.00240642956097066 -5.79536335091981e-17)
(-0.0343803975941608 0.00176487636888115 1.19630030748994e-16)
(-0.020570065134981 0.0011004483687943 1.296178733935e-16)
(-0.00644733095435671 0.000418005456142979 1.61673146255127e-17)
(0.00775769851170105 -0.000273580066984693 1.86865245634962e-18)
(0.0219775625114894 -0.000964525748704351 -1.34849429011798e-18)
(0.036091403960064 -0.00165452169099915 -1.49701192149595e-17)
(0.0501027467831519 -0.00233605412621634 -5.18368480752466e-17)
(0.0637677979096892 -0.00300609098241574 -2.12881158534468e-17)
(0.0776516907384884 -0.00367005621222882 1.87614521331553e-17)
(0.0909813821821826 -0.00433014932010317 -7.46898899351336e-18)
(0.105115225690984 -0.00498277501934884 1.84219802421668e-16)
(0.118112468497365 -0.00564446473162014 2.08770502794644e-17)
(0.133755491944193 -0.00631806753424468 -2.09007599789475e-17)
(0.146372201664197 -0.00698930249606058 3.63324106382294e-18)
(0.167347034584117 -0.0066963328631792 -6.09263885222671e-18)
(0.174455813959608 -6.96727487522794e-05 1.11087499691521e-17)
(0.169153642540819 0.000166973755902657 -3.75354218754284e-17)
(0.171578657520208 7.90362884480597e-05 -2.32012931264744e-17)
(0.169900869611352 0.00012615725591206 3.19254240389269e-17)
(0.170578136123327 8.70538477331191e-05 1.37719944068592e-17)
(0.169863019201986 9.87393584373983e-05 -1.83815958142179e-18)
(0.169987444697082 7.86398324583341e-05 -3.51554607987741e-17)
(0.169598552114946 7.59869529271951e-05 -2.87049856692188e-17)
(0.169515588313594 6.29102647538492e-05 -1.55701409915604e-17)
(0.169249275316834 5.50365660575181e-05 -7.43119096233087e-19)
(0.169102061040805 4.39527440841934e-05 -5.23942103889483e-18)
(0.168880212616629 3.34153465609606e-05 3.18216304872796e-18)
(0.168758214542398 2.05773043591142e-05 -4.20530347571133e-18)
(0.16855740617965 5.46807403474154e-06 -5.33518482205474e-19)
)
;

boundaryField
{
    dieWall
    {
        type            fixedValue;
        value           uniform (0 0 0);
    }
    outlet
    {
        type            pressureInletOutletVelocity;
        value           nonuniform List<vector> 9((1.06867967229481 0.000363240425574175 9.59149434898381e-19) (1.14507661758846 0.000671770958197393 3.9341666615419e-18) (1.16446256473932 0.000582414775486775 1.41473924123621e-18) (1.12846586634488 0.000520687689069042 -1.15559004197478e-19) (1.03856518448956 0.000448221637747144 -4.7732502794484e-19) (0.896136133626825 0.00033907889135843 -7.06323017303281e-19) (0.702517659158838 0.000205733355751199 3.88060911256159e-19) (0.459180882550315 7.14077216754159e-05 -4.82914145727903e-20) (0.16855740617965 5.46807403474154e-06 -5.33518482205474e-19));
    }
    Wire
    {
        type            timeVaryingMappedCoupledVelocity;
        fieldTable      U;
        value           nonuniform List<vector> 
100
(
(0.916810911745737 0 0)
(0.916826595168172 0 0)
(0.916837900785843 0 0)
(0.916848530895738 0 0)
(0.916860753330188 0 0)
(0.916873109595376 0 0)
(0.916885846543675 0 0)
(0.916899217027067 0 0)
(0.916913226557347 0 0)
(0.916927776599677 0 0)
(0.91694288532013 0 0)
(0.916958980657858 0 0)
(0.916976060564861 0 0)
(0.916993902021902 0 0)
(0.917012561975558 0 0)
(0.917031571581175 0 0)
(0.917052245436786 0 0)
(0.917075131922437 0 0)
(0.917098798054319 0 0)
(0.917123377262782 0 0)
(0.917149247449899 0 0)
(0.917176494127072 0 0)
(0.917205327596923 0 0)
(0.917236365645608 0 0)
(0.917269634053418 0 0)
(0.91730494768163 0 0)
(0.917342362296473 0 0)
(0.917381878564045 0 0)
(0.917424115254655 0 0)
(0.917469823818352 0 0)
(0.917519138731758 0 0)
(0.917572144126542 0 0)
(0.91762873017033 0 0)
(0.91768994666793 0 0)
(0.917756794039705 0 0)
(0.917829116676942 0 0)
(0.91790642065763 0 0)
(0.917990453681164 0 0)
(0.918082263041148 0 0)
(0.918181043363436 0 0)
(0.918287751696849 0 0)
(0.918404338444445 0 0)
(0.918531253234813 0 0)
(0.918668305843555 0 0)
(0.918816118258572 0 0)
(0.918977343939825 0 0)
(0.919152581027112 0 0)
(0.919340081838664 0 0)
(0.91953950307314 0 0)
(0.919755318532819 0 0)
(0.919987804088114 0 0)
(0.920233746037774 0 0)
(0.920494027738065 0 0)
(0.920765919174307 0 0)
(0.921056455383595 0 0)
(0.921360370567234 0 0)
(0.92166981898852 0 0)
(0.922079010046034 0 0)
(0.922851491762476 0 0)
(0.924127573342101 0 0)
(0.925848254915915 0 0)
(0.927944042531098 0 0)
(0.930211160688656 0 0)
(0.932465989245263 0 0)
(0.934668665199552 0 0)
(0.936823588745937 0 0)
(0.938954722187066 0 0)
(0.941084534380515 0 0)
(0.943218168961207 0 0)
(0.945364174445546 0 0)
(0.947532730418656 0 0)
(0.949726611781528 0 0)
(0.95195098017256 0 0)
(0.95422598016284 0 0)
(0.956564527033671 0 0)
(0.958955793050434 0 0)
(0.961407073058887 0 0)
(0.963932687078151 0 0)
(0.966531308918717 0 0)
(0.969189198700421 0 0)
(0.97190789308278 0 0)
(0.974690535771315 0 0)
(0.977530031531428 0 0)
(0.980402556604552 0 0)
(0.983307220315109 0 0)
(0.986193946159663 0 0)
(0.989007417356575 0 0)
(0.99165340640677 0 0)
(0.994018086958461 0 0)
(0.996049523827787 0 0)
(0.997680073339397 0 0)
(0.998803768823459 0 0)
(0.999534326130499 0 0)
(1.00005278931709 0 0)
(1.00039236504173 0 0)
(1.00063373679024 0 0)
(1.00084612220333 0 0)
(1.00103910632163 0 0)
(1.0012178868257 0 0)
(1.00136963831262 0 0)
)
;
    }
    inlet
    {
        type            pressureInletOutletVelocity;
        value           nonuniform List<vector> 9((0.701783587899124 0 0) (0.348425213233168 0 0) (0.0692213842704368 0 0) (-0.135367851240635 0.00720554970769007 -2.22608261124415e-18) (-0.266108430007318 0.00945188386809586 -2.96076117280942e-18) (-0.32539881398555 0.0109210454539593 -2.70605437664548e-18) (-0.315176404331475 0.0110435567273097 -2.64522133150615e-18) (-0.238127475236704 0.00905144307292789 -3.31403080252578e-18) (-0.0981911547329621 0.00395890251284039 -2.4350772191767e-18));
    }
    back
    {
        type            wedge;
    }
    front
    {
        type            wedge;
    }
}


// ************************************************************************* //
