202
(
(0.9662647224602479 0.0 0.0)
(0.9662722055741331 0.0 0.0)
(0.9662902826250684 0.0 0.0)
(0.9662941206098908 0.0 0.0)
(0.9663020148590328 0.0 0.0)
(0.9663138070088625 0.0 0.0)
(0.9663302420890763 0.0 0.0)
(0.9663382728110846 0.0 0.0)
(0.9663505801636457 0.0 0.0)
(0.9663677307873065 0.0 0.0)
(0.9663807580817881 0.0 0.0)
(0.9663907460427562 0.0 0.0)
(0.9664018823336223 0.0 0.0)
(0.9664170745605412 0.0 0.0)
(0.9664329705890075 0.0 0.0)
(0.9664526029142237 0.0 0.0)
(0.9664739523797198 0.0 0.0)
(0.9664920346261376 0.0 0.0)
(0.9665067131423075 0.0 0.0)
(0.9665259268572122 0.0 0.0)
(0.9665514936678589 0.0 0.0)
(0.966573183398378 0.0 0.0)
(0.9665958522565664 0.0 0.0)
(0.9666194115908987 0.0 0.0)
(0.9666439882079285 0.0 0.0)
(0.9666654718259492 0.0 0.0)
(0.9666928964864892 0.0 0.0)
(0.9667247651533831 0.0 0.0)
(0.9667497191460567 0.0 0.0)
(0.9667802854881442 0.0 0.0)
(0.9668135047284881 0.0 0.0)
(0.9668481796425653 0.0 0.0)
(0.9668857108255221 0.0 0.0)
(0.9669283928514207 0.0 0.0)
(0.9669739624441855 0.0 0.0)
(0.9670180012083464 0.0 0.0)
(0.9670656649277837 0.0 0.0)
(0.9671159920066044 0.0 0.0)
(0.9671687184174887 0.0 0.0)
(0.967221785851145 0.0 0.0)
(0.9672856268622806 0.0 0.0)
(0.9673550496529107 0.0 0.0)
(0.9674257421096638 0.0 0.0)
(0.9675029904710979 0.0 0.0)
(0.967582597562403 0.0 0.0)
(0.9676664200494065 0.0 0.0)
(0.9677671507375292 0.0 0.0)
(0.9678681749514455 0.0 0.0)
(0.9679752764252643 0.0 0.0)
(0.9680929295634056 0.0 0.0)
(0.9682230042556157 0.0 0.0)
(0.9683613972893226 0.0 0.0)
(0.9685095147053481 0.0 0.0)
(0.9686742153679031 0.0 0.0)
(0.9688434248920395 0.0 0.0)
(0.9690228739251582 0.0 0.0)
(0.9692156832973136 0.0 0.0)
(0.9694305251071837 0.0 0.0)
(0.9696529358709265 0.0 0.0)
(0.9698838379950104 0.0 0.0)
(0.970127495253241 0.0 0.0)
(0.9703770746126816 0.0 0.0)
(0.9706376937827449 0.0 0.0)
(0.9709098450583734 0.0 0.0)
(0.9711820379064608 0.0 0.0)
(0.97150095610499 0.0 0.0)
(0.9719630345847633 0.0 0.0)
(0.9727277410408418 0.0 0.0)
(0.9739215700195677 0.0 0.0)
(0.9751839312437536 0.0 0.0)
(0.9764382922981822 0.0 0.0)
(0.9774593450552442 0.0 0.0)
(0.9783450604117028 0.0 0.0)
(0.9791559690357308 0.0 0.0)
(0.9799303047175673 0.0 0.0)
(0.9807216252370685 0.0 0.0)
(0.9815267388426847 0.0 0.0)
(0.9823484867185441 0.0 0.0)
(0.9832262082296869 0.0 0.0)
(0.9841386747005745 0.0 0.0)
(0.9850892106754441 0.0 0.0)
(0.9861005659420276 0.0 0.0)
(0.987183393081118 0.0 0.0)
(0.9883232199933655 0.0 0.0)
(0.9895215071316461 0.0 0.0)
(0.9908469064606152 0.0 0.0)
(0.9922084369329043 0.0 0.0)
(0.993587557536927 0.0 0.0)
(0.9949178681186309 0.0 0.0)
(0.9961293215745353 0.0 0.0)
(0.9971908750846326 0.0 0.0)
(0.9980079678605241 0.0 0.0)
(0.9985933831112749 0.0 0.0)
(0.9990713164661768 0.0 0.0)
(0.9994557610408372 0.0 0.0)
(0.9997452084082998 0.0 0.0)
(1.0000114238306355 0.0 0.0)
(1.0002582240590832 0.0 0.0)
(1.0004948945480008 0.0 0.0)
(1.0007085155963962 0.0 0.0)
(1.000875971072038 0.0 0.0)
(0.9662722055741331 0.0 0.0)
(0.9662647224602479 0.0 0.0)
(0.9662902826250684 0.0 0.0)
(0.9662941206098908 0.0 0.0)
(0.9663020148590328 0.0 0.0)
(0.9663138070088625 0.0 0.0)
(0.9663302420890763 0.0 0.0)
(0.9663382728110846 0.0 0.0)
(0.9663505801636457 0.0 0.0)
(0.9663677307873065 0.0 0.0)
(0.9663807580817881 0.0 0.0)
(0.9663907460427562 0.0 0.0)
(0.9664018823336223 0.0 0.0)
(0.9664170745605412 0.0 0.0)
(0.9664329705890075 0.0 0.0)
(0.9664526029142237 0.0 0.0)
(0.9664739523797198 0.0 0.0)
(0.9664920346261376 0.0 0.0)
(0.9665067131423075 0.0 0.0)
(0.9665259268572122 0.0 0.0)
(0.9665514936678589 0.0 0.0)
(0.966573183398378 0.0 0.0)
(0.9665958522565664 0.0 0.0)
(0.9666194115908987 0.0 0.0)
(0.9666439882079285 0.0 0.0)
(0.9666654718259492 0.0 0.0)
(0.9666928964864892 0.0 0.0)
(0.9667247651533831 0.0 0.0)
(0.9667497191460567 0.0 0.0)
(0.9667802854881442 0.0 0.0)
(0.9668135047284881 0.0 0.0)
(0.9668481796425653 0.0 0.0)
(0.9668857108255221 0.0 0.0)
(0.9669283928514207 0.0 0.0)
(0.9669739624441855 0.0 0.0)
(0.9670180012083464 0.0 0.0)
(0.9670656649277837 0.0 0.0)
(0.9671159920066044 0.0 0.0)
(0.9671687184174887 0.0 0.0)
(0.967221785851145 0.0 0.0)
(0.9672856268622806 0.0 0.0)
(0.9673550496529107 0.0 0.0)
(0.9674257421096638 0.0 0.0)
(0.9675029904710979 0.0 0.0)
(0.967582597562403 0.0 0.0)
(0.9676664200494065 0.0 0.0)
(0.9677671507375292 0.0 0.0)
(0.9678681749514455 0.0 0.0)
(0.9679752764252643 0.0 0.0)
(0.9680929295634056 0.0 0.0)
(0.9682230042556157 0.0 0.0)
(0.9683613972893226 0.0 0.0)
(0.9685095147053481 0.0 0.0)
(0.9686742153679031 0.0 0.0)
(0.9688434248920395 0.0 0.0)
(0.9690228739251582 0.0 0.0)
(0.9692156832973136 0.0 0.0)
(0.9694305251071837 0.0 0.0)
(0.9696529358709265 0.0 0.0)
(0.9698838379950104 0.0 0.0)
(0.970127495253241 0.0 0.0)
(0.9703770746126816 0.0 0.0)
(0.9706376937827449 0.0 0.0)
(0.9709098450583734 0.0 0.0)
(0.9711820379064608 0.0 0.0)
(0.97150095610499 0.0 0.0)
(0.9719630345847633 0.0 0.0)
(0.9727277410408418 0.0 0.0)
(0.9739215700195677 0.0 0.0)
(0.9751839312437536 0.0 0.0)
(0.9764382922981822 0.0 0.0)
(0.9774593450552442 0.0 0.0)
(0.9783450604117028 0.0 0.0)
(0.9791559690357308 0.0 0.0)
(0.9799303047175673 0.0 0.0)
(0.9807216252370685 0.0 0.0)
(0.9815267388426847 0.0 0.0)
(0.9823484867185441 0.0 0.0)
(0.9832262082296869 0.0 0.0)
(0.9841386747005745 0.0 0.0)
(0.9850892106754441 0.0 0.0)
(0.9861005659420276 0.0 0.0)
(0.987183393081118 0.0 0.0)
(0.9883232199933655 0.0 0.0)
(0.9895215071316461 0.0 0.0)
(0.9908469064606152 0.0 0.0)
(0.9922084369329043 0.0 0.0)
(0.993587557536927 0.0 0.0)
(0.9949178681186309 0.0 0.0)
(0.9961293215745353 0.0 0.0)
(0.9971908750846326 0.0 0.0)
(0.9980079678605241 0.0 0.0)
(0.9985933831112749 0.0 0.0)
(0.9990713164661768 0.0 0.0)
(0.9994557610408372 0.0 0.0)
(0.9997452084082998 0.0 0.0)
(1.0000114238306355 0.0 0.0)
(1.0002582240590832 0.0 0.0)
(1.0004948945480008 0.0 0.0)
(1.0007085155963962 0.0 0.0)
(1.000875971072038 0.0 0.0)
)