/*--------------------------------*- C++ -*----------------------------------*\
  =========                 |
  \\      /  F ield         | OpenFOAM: The Open Source CFD Toolbox
   \\    /   O peration     | Website:  https://openfoam.org
    \\  /    A nd           | Version:  8
     \\/     M anipulation  |
\*---------------------------------------------------------------------------*/
FoamFile
{
    version     2.0;
    format      ascii;
    class       volVectorField;
    location    "0.0505000";
    object      U_0;
}
// * * * * * * * * * * * * * * * * * * * * * * * * * * * * * * * * * * * * * //

dimensions      [0 1 -1 0 0 0 0];

internalField   nonuniform List<vector> 
900
(
(0.735718089998348 0.000358364706155721 -1.63996383511664e-18)
(0.736269751604447 0.000207064187066533 5.01950849547758e-18)
(0.73629564480838 0.000164154116391907 2.07216206797679e-18)
(0.736420183857762 0.000187328767746385 -7.22678506628255e-18)
(0.736406168848179 0.000194801503500785 4.76128925186652e-18)
(0.736351170058539 0.000200784944859173 -1.81125939385343e-19)
(0.736280343113252 0.00020504099299937 -4.61566415891288e-20)
(0.736206953261614 0.000207834365600504 -2.78240056281786e-18)
(0.736132241098077 0.000210318210312453 -1.6163516291594e-18)
(0.736056164871364 0.000213030786633946 -1.13080459738217e-17)
(0.735979696103546 0.000215739634505727 5.64689010944576e-18)
(0.735902963762732 0.000217755900929842 -6.52215203337492e-19)
(0.735824633206056 0.000219807060835197 9.40605462505606e-18)
(0.735744132665022 0.000222229918581995 1.58565245071915e-17)
(0.735662126215145 0.000224460915780358 4.11176246216145e-17)
(0.73557889738843 0.000226178236773209 -1.74425832471987e-17)
(0.7354936911408 0.000227903509992604 -2.22581360392972e-17)
(0.735407286512926 0.000230106736160337 -3.86789401650706e-17)
(0.735319204679501 0.000232201520964081 -4.39110182326586e-17)
(0.735228376007524 0.000233947363922632 1.56953717077754e-17)
(0.735135217528347 0.000235666476110223 -2.20417672194097e-17)
(0.735041071766039 0.000237998216938261 -4.61291599857809e-17)
(0.734945180099531 0.000239999554091437 -1.36000655457173e-17)
(0.734845995570974 0.000241834936146798 -6.24731474442709e-17)
(0.734744416224839 0.000243874332815688 3.60389285137068e-17)
(0.734641514810311 0.000246382276892032 1.63412714799098e-17)
(0.734537094388302 0.000248403351085472 1.32410528358843e-17)
(0.734430332441494 0.000250524894870092 1.62247025714151e-17)
(0.7343205499662 0.000253254599537431 4.45911671034702e-17)
(0.734209145627138 0.0002561564188662 -1.40212549137391e-17)
(0.734096105826293 0.000258649415605177 -6.13684890158857e-18)
(0.733979665461379 0.000261345054659425 3.0401643307328e-17)
(0.733861585317294 0.000265008564412428 -2.71307821058641e-17)
(0.733743084233593 0.000268611903324423 1.677422378909e-17)
(0.733622855136158 0.000271870475784012 1.47436810980781e-17)
(0.733500470441147 0.000275606552807026 2.5211571696315e-17)
(0.73337832953632 0.000281425751447317 1.91393200512294e-17)
(0.73325679711148 0.000286428738747695 1.9099913775234e-17)
(0.733133960087587 0.000291427093368271 4.44503034490625e-17)
(0.733010693825238 0.000297862900206728 4.00173185809768e-17)
(0.732889939916088 0.000306902735003286 -3.14645432837959e-17)
(0.732772122856805 0.000314677248935021 4.07860786412392e-18)
(0.732656274466848 0.000323045345291879 -4.04863397678272e-17)
(0.732544422190136 0.000334962155443568 -3.16549108008178e-17)
(0.732440748750121 0.000349279944515564 -5.83885268727415e-17)
(0.732345391884385 0.000362192332316626 -4.69028348071028e-17)
(0.732258117435562 0.000376840887766594 3.49614444845822e-17)
(0.732185490859726 0.000399639010966277 -4.03923402475747e-17)
(0.732131374942345 0.00042270960519765 -4.90794766225116e-17)
(0.732094942472247 0.000444444764508698 -2.44807050473412e-17)
(0.732082157892057 0.000470608128077243 -4.31595183098142e-18)
(0.732101856859145 0.000514223152399929 -1.28872964679512e-16)
(0.732158446160785 0.00055039083698949 -1.14980233444263e-16)
(0.732258359892806 0.000587913326921197 4.61081445835016e-17)
(0.732412308315105 0.000639178094934325 8.02420688486456e-17)
(0.732632285077909 0.000708845044231977 8.44781394774964e-19)
(0.732926663344248 0.000768406058760328 6.25902208211823e-17)
(0.73331644543555 0.000833129751720037 -1.859915472806e-17)
(0.733817483314195 0.000930829478422202 -4.58341876364746e-17)
(0.734451507685147 0.00103730086729739 2.12575234748139e-17)
(0.735241186116867 0.00113171810856342 -6.49970835497316e-17)
(0.73625906942236 0.00124152061916055 7.29133811467689e-18)
(0.737639439617637 0.00147698083537879 -2.82268915455515e-17)
(0.73960382508955 0.001723560561903 -6.2838659933756e-17)
(0.742389616978204 0.00199046413745209 -5.28278118903358e-17)
(0.746175826635123 0.00237358719035486 -3.31292315379394e-17)
(0.750881938368013 0.00294102435059856 -7.22196543875709e-17)
(0.756433381021459 0.00330983202465796 -2.0803949102146e-18)
(0.763015406091424 0.00362939169198253 3.28459566389749e-17)
(0.770495820876608 0.00402870970736352 1.28207551061717e-17)
(0.77886011809483 0.00426878599695729 -4.22802017339576e-17)
(0.788275105735027 0.00433670401929083 -1.51486544313848e-17)
(0.798705082715114 0.0043476191990345 5.62710098977112e-17)
(0.810021781419676 0.00432401674085435 9.79927258442703e-17)
(0.822154410147799 0.00409236387201769 2.46987318248564e-17)
(0.835174414270069 0.00379203035867276 -4.57540987030583e-17)
(0.848748992703764 0.00342529531096353 -1.85916468577461e-17)
(0.863137187139012 0.0029445024060416 -5.09141290557644e-17)
(0.877885719022021 0.00247606422214897 -3.3404636531649e-18)
(0.893589899390023 0.00196350471378801 6.54213457918007e-17)
(0.909178577134332 0.00141570866841371 1.08576746797161e-16)
(0.926713477956663 0.000889129637360664 -7.00003710554389e-17)
(0.943079329799992 0.00052522204039478 5.31207951428809e-17)
(0.963806681410301 3.44604794720435e-05 -2.51642653536849e-17)
(0.980769710936862 -7.82724195071202e-05 6.49759862568632e-17)
(1.00772779526579 -0.000463322446898412 4.12046467059134e-17)
(1.01832845928612 9.42936202471217e-05 3.61800946848847e-17)
(1.01486062480498 4.33288334432921e-05 -8.75445311196895e-18)
(1.01913041942545 0.000135811999579752 -1.56025264730483e-19)
(1.01801615890957 8.29563618780977e-05 6.79855130371312e-18)
(1.0195622270343 0.000173876789891289 2.55089854370817e-17)
(1.01878414576187 0.000137243964520638 -7.31824631575922e-18)
(1.01894260125905 0.000146193294197379 1.08707908182975e-17)
(1.01819770036001 0.000138051022904974 -2.79569147195835e-18)
(1.01770404757215 0.000135481066598975 8.28769634122961e-18)
(1.01685068392955 0.000117492968333998 5.99300493230826e-18)
(1.01611161062093 0.000111692953279361 7.87365551790356e-18)
(1.01524169214738 9.18259516741558e-05 -2.84738927177847e-18)
(1.01451880399537 9.20255948572081e-05 6.5680837968314e-19)
(1.01341370393543 0.000271315963232095 9.96805697836644e-19)
(0.378912740256882 0.00187672219187325 2.87755787682419e-18)
(0.380831491349722 0.00200284324491213 8.93484946707322e-18)
(0.381031723161554 0.00206375959954115 -6.37141208251442e-18)
(0.381256969392016 0.00219432581097182 -1.6026370651957e-17)
(0.381154886630483 0.00227278043023 -4.18343948817103e-18)
(0.380944414392674 0.0023122994436143 -1.07987293009572e-17)
(0.38068943555355 0.00233232731642862 2.89338906998964e-18)
(0.380421887609321 0.00234349679782881 -8.94768866373879e-18)
(0.380148949657707 0.0023523598861812 -7.38575448834882e-18)
(0.379872488585193 0.00236129477929353 2.85910806766772e-17)
(0.379593356182874 0.00237034402239773 2.67975513533505e-17)
(0.379310659720615 0.00237834080224722 -4.87808879988727e-18)
(0.379022876833538 0.00238643853828066 2.83938608968729e-17)
(0.378729946991924 0.00239519524920693 4.81295101474634e-17)
(0.378432322368705 0.00240368467078214 6.40585694938756e-17)
(0.378129391473269 0.00241133417270337 1.15289696209014e-17)
(0.377820277008482 0.00241904553488935 -5.53473467361691e-17)
(0.377505628825806 0.00242767304600268 -1.17824247225753e-16)
(0.377185350128833 0.00243618688472429 -1.41038250557606e-16)
(0.376858214602333 0.00244418851489052 6.06487277089136e-17)
(0.376523901027074 0.0024522495344972 -6.84170816682944e-17)
(0.376183469988009 0.00246152069496453 -1.43503759291721e-16)
(0.375836521927659 0.00247030681072019 -4.62987976298215e-17)
(0.375481457040173 0.00247892916319964 -8.39426931370001e-17)
(0.37511845816466 0.00248806209780772 1.19082897247538e-17)
(0.374748560753181 0.00249820435044801 4.25414009323855e-17)
(0.374371271406321 0.00250762579820796 1.15405924227256e-16)
(0.373985348440115 0.00251740298853581 5.52334768924125e-17)
(0.373590672277346 0.00252850433556677 6.74428446344391e-17)
(0.373188296151334 0.00254014810172684 -5.5742522741292e-17)
(0.372777483214603 0.00255122866617066 7.00198923362932e-17)
(0.372356725690275 0.00256291824228662 9.96347164242005e-17)
(0.371927509669977 0.00257671120485545 1.20747939289286e-17)
(0.371490882180896 0.00259065898970495 -3.2668503678013e-17)
(0.371045178052699 0.00260422420587224 3.91824698411134e-17)
(0.370589713528182 0.00261907689258053 4.48350461962391e-17)
(0.370127439814955 0.00263831864198252 5.81227330553074e-17)
(0.369659003429396 0.00265638218664706 7.08156625876332e-17)
(0.369181972879479 0.00267479800197842 1.33942320039893e-16)
(0.368697345282431 0.00269656965040477 2.84376972921249e-18)
(0.36820975465248 0.00272395673287557 -7.04509314024125e-17)
(0.367719801550623 0.00274940544030431 3.52690474265416e-17)
(0.367225931572597 0.00277657245584783 -1.24503367664607e-16)
(0.366732235969544 0.00281155069211245 -9.40249496196194e-17)
(0.366245894051991 0.00285202962932588 -1.75573329362226e-16)
(0.365767336941207 0.002890362284357 -1.40566604670233e-16)
(0.365297055620059 0.00293315089212765 -2.79190191197448e-17)
(0.364847255876724 0.00299328514361992 -1.2408015742862e-16)
(0.364427926142215 0.00305503866755083 -1.46860345916319e-16)
(0.3640388163239 0.00311462768840877 -7.25962534315469e-17)
(0.363688326117593 0.00318513823333862 -7.87301568830823e-18)
(0.363402735549371 0.0032919813015262 -2.11855004918348e-16)
(0.363195754171952 0.00338534760413977 -1.25884058940441e-16)
(0.363073315199287 0.00348174025367907 -6.19484765199282e-17)
(0.363060934350297 0.0036089303022701 2.46988258162059e-16)
(0.363202225418969 0.00377487511757872 3.99035652276456e-17)
(0.363519905882941 0.00392135394643331 1.44230999659705e-16)
(0.364041214680332 0.00407992350801785 -4.87790998932398e-17)
(0.364828183251214 0.00430834411300845 -3.8870886962593e-17)
(0.36595188659856 0.00455664061177753 -2.88280296516756e-17)
(0.367458322029266 0.00477851880453001 -1.97271616003904e-16)
(0.369452678334197 0.00504410150643734 2.39512319964038e-17)
(0.372217738412826 0.00557233877047473 -8.42568956875089e-17)
(0.376095622912162 0.00613675983393454 -1.87218489807859e-16)
(0.38141940511935 0.00674635492481886 -1.58435013972952e-16)
(0.388606810369177 0.007619665158368 7.08030650317258e-17)
(0.398055417596202 0.00884887832290776 -1.20661973536979e-16)
(0.409893568643968 0.0096608098865896 -9.23919387732107e-18)
(0.42425528598168 0.0103359016363228 9.89357487658706e-17)
(0.441233329775547 0.0111296883291054 4.24785653198639e-17)
(0.460875495578924 0.0115538924898948 -1.25980447862797e-16)
(0.483159797928111 0.011568115592813 -1.93353283971487e-16)
(0.507919771781365 0.0114232587361118 3.54203307778789e-17)
(0.535095773792077 0.0111421813855795 2.92527296316395e-16)
(0.564372931192524 0.0103999138660458 7.4226275355002e-17)
(0.59573098799807 0.00946167522353228 -1.35374835697222e-16)
(0.628513553393881 0.00834950267300683 -5.5001747036387e-17)
(0.663209030416467 0.00697760557233888 -1.52124674698266e-16)
(0.698647471860373 0.00561366477606105 1.50072569074894e-17)
(0.736485861048614 0.00412069056024966 8.15774793101038e-17)
(0.773831352506868 0.00256951467677427 2.28425633989697e-16)
(0.815721641416783 0.00104175150844927 -9.95986850866793e-17)
(0.85464809810347 -0.000128872649910018 1.48157841167481e-16)
(0.904138784367308 -0.0016201582106982 -7.38463603489612e-17)
(0.944164591704167 -0.00225324723755968 1.05471971119046e-16)
(1.00883280503675 -0.00320654284279304 1.20919446375087e-16)
(1.03275603314754 -0.000114023170949997 1.07220722981193e-16)
(1.02175100491777 -0.000184940654971759 1.57073507946881e-17)
(1.0301633748319 6.6100152170356e-05 1.01583533088112e-17)
(1.02520477866316 9.48909161224024e-06 2.07959381535309e-17)
(1.02732599134504 0.000200385166052546 3.50815480747426e-17)
(1.02418173817298 0.000169178137383858 -1.47662054772834e-17)
(1.02358053690309 0.000211031849281785 3.23199330127654e-17)
(1.02097553308419 0.00021227128674919 -8.41351627881183e-18)
(1.0192168776386 0.000225066273841048 2.52251786950958e-17)
(1.01666750613309 0.00020757408425759 1.78345893506898e-17)
(1.01448997429421 0.000205774500211026 1.13732661877706e-17)
(1.01201881255712 0.000181239617048675 6.90562040636977e-19)
(1.00997061816856 0.000191221603724212 2.15723030084261e-18)
(1.00779088098791 0.00039748609248471 2.92902294148532e-18)
(0.0966373193213318 0.00400426818160496 7.25547412664119e-18)
(0.0997955397051136 0.00453614104291617 1.19301565041258e-17)
(0.100180148668591 0.00497052080728216 2.27631263639924e-19)
(0.10039768726462 0.00531600425927703 -8.56907906139082e-18)
(0.10017218609114 0.00550840471600648 -4.76714155155865e-18)
(0.0998046559044713 0.00559763894340995 -2.47417090085831e-17)
(0.0993790061688825 0.00563804417990453 1.78450330326385e-18)
(0.0989348768611366 0.00565871856462772 -1.68635136234949e-17)
(0.098482109180814 0.00567370928263052 -1.73739435302161e-17)
(0.0980236549868057 0.00568812296059627 1.53274989859948e-17)
(0.0975604327679504 0.00570262870669512 4.62634703101726e-17)
(0.0970912744855082 0.00571631037728317 4.83502160518961e-17)
(0.0966145974417392 0.00573015547108712 5.43786643044212e-17)
(0.0961305246380711 0.00574470042013628 8.06022863855076e-17)
(0.0956393480677347 0.00575902759202576 9.85726988445573e-17)
(0.095140048639755 0.00577258545411193 4.43950092266381e-17)
(0.0946316059062516 0.00578627856273434 -9.22093570801275e-17)
(0.09411457907775 0.00580092736249712 -9.37935816582658e-17)
(0.0935890088681147 0.00581560086493078 -1.53329045148272e-16)
(0.0930535762146017 0.00582983258976469 4.15709826251162e-17)
(0.0925075352398753 0.00584427991207261 -1.37510097953413e-16)
(0.0919517965725579 0.00585996663964243 -1.8411445309619e-16)
(0.0913861026718267 0.00587539240414996 -1.15918086730178e-17)
(0.0908087361441819 0.00589072764361418 -4.63655136522928e-17)
(0.0902194998527676 0.00590677080847654 1.87140982150784e-17)
(0.089619376621335 0.00592391162273112 5.90815437439638e-17)
(0.0890077100634247 0.0059405648728837 1.73399101789732e-16)
(0.0883828991266422 0.00595774203909478 8.46678131921272e-17)
(0.0877451250653142 0.00597649304632646 6.13044585880063e-17)
(0.0870953190640028 0.00599597426825014 -2.49237252076944e-17)
(0.0864323344940123 0.00601510659685526 1.55844989947866e-16)
(0.0857545220574494 0.00603514613449866 1.79791311616185e-16)
(0.0850633613888685 0.00605754528326486 5.02218317586583e-17)
(0.0843598904438835 0.00608042893067401 -5.29035101940528e-19)
(0.083642105912359 0.0061031208556847 6.62172100021834e-17)
(0.0829087810917933 0.00612771392227358 2.42195560282349e-16)
(0.0821636850283044 0.0061570102375124 1.78080687675949e-16)
(0.0814078352346229 0.00618569763524063 7.07697357270035e-17)
(0.0806378913739263 0.00621495238026275 8.8421089152912e-17)
(0.0798548164915758 0.00624852975652158 6.0626587784703e-17)
(0.0790650742102866 0.0062882503873145 -9.30445488046309e-17)
(0.0782696229641397 0.00632667458922092 5.69489720153958e-17)
(0.0774652093153388 0.00636742832344459 -2.21908989362501e-16)
(0.0766577656574277 0.00641734093916507 -6.73926150419907e-18)
(0.0758577485034274 0.00647367781683684 -1.52309566084713e-16)
(0.0750656675395554 0.00652837058809093 -2.88491580602464e-16)
(0.074279690135775 0.00658925334776897 -7.96083942927264e-17)
(0.0735184366142081 0.00666915601814483 -7.43888830964952e-17)
(0.0727981063165182 0.00675224747535162 -2.47073918788337e-16)
(0.072116794562155 0.00683287719750409 -1.20186982936835e-16)
(0.0714792290109581 0.00692885946260584 3.15499469983138e-19)
(0.070932123946174 0.0070628167128642 -1.82513787432586e-16)
(0.0704987613287763 0.00718540883159741 -4.11365508326041e-17)
(0.070173067550035 0.00731046291283488 -1.4900128215945e-16)
(0.0699915941442366 0.0074730019860784 2.42613033820531e-16)
(0.0700326838290925 0.007676557321104 6.09781827804777e-17)
(0.0703298831003036 0.00786099917206703 1.56907001992429e-16)
(0.0708911797765878 0.00806082576310527 8.77624889877623e-18)
(0.0718254535101166 0.00833708132242956 -3.10995719256591e-17)
(0.0732574445271282 0.00863649428439987 -7.4353027539102e-17)
(0.075238116341398 0.00890265199664717 -1.50952990881116e-16)
(0.077822960051828 0.00923937007275027 4.86852390591956e-17)
(0.0814550028031455 0.00985468341306783 -2.28895809547537e-16)
(0.0866238045487502 0.0105297601099003 -2.28878709141935e-16)
(0.0936282068206985 0.0112566225098377 -2.6508800866126e-16)
(0.102993521892376 0.0123098286423159 1.30444802231348e-17)
(0.115722663721601 0.0136912900708948 -1.57709927748981e-16)
(0.132080910462247 0.0146282669442144 -2.45909177341577e-17)
(0.151836787252971 0.0153649917313908 1.67476712231321e-16)
(0.175508542866921 0.0161520337389997 8.66301795727133e-17)
(0.203282803950571 0.0164899673065054 -2.10648545118058e-16)
(0.234777885915151 0.0163077673884685 -3.48958860776994e-16)
(0.269705602719682 0.0158940575029888 1.20768113494434e-17)
(0.308271305703955 0.0152337365035182 4.89763739012525e-16)
(0.34988981571423 0.0140453296664094 1.23030730291539e-16)
(0.394350066010476 0.0125581014085922 -2.24092313055838e-16)
(0.440915051897511 0.0108339467757141 -8.97256689425746e-17)
(0.490116158179709 0.00879654229702818 -2.54919237599987e-16)
(0.540264337942872 0.00674352006600974 2.0907507100847e-17)
(0.593930584359575 0.00448948817593909 9.42532551820878e-17)
(0.646703375940469 0.00221519588087551 3.28221974685318e-16)
(0.705656233384003 -9.27349377355333e-05 -8.53644761461854e-17)
(0.760505632964564 -0.00194059788357912 2.86897044118595e-16)
(0.830035237133612 -0.00425357415353479 -1.2164676328743e-16)
(0.886038961891128 -0.0054625171462212 1.62528366506019e-16)
(0.976769019981189 -0.0067432137932026 1.5375642222273e-16)
(1.01001709101173 -0.000179498170708553 1.36099629586046e-16)
(0.993772658738667 -0.000332576972697161 3.91543670622843e-17)
(1.00500991221084 3.11655515489911e-05 6.78902653771187e-17)
(0.9973986812395 -8.48064058557521e-06 3.55512570027843e-17)
(0.999899912147118 0.00018390467960482 8.70847250357413e-18)
(0.995137240762663 0.000179373961495499 -5.69458179331185e-17)
(0.994008509402995 0.000238224862329865 3.35912615378017e-17)
(0.990122374147595 0.000237523756634279 -1.44335755642428e-17)
(0.987496015257329 0.000254453947091823 4.24751257224414e-17)
(0.98378162688387 0.000239529150607207 3.04108370709908e-17)
(0.980618134955647 0.000229436177647603 1.48241073241136e-17)
(0.977050254700977 0.000203842089087134 3.93311215354879e-18)
(0.974105401660638 0.000195923770893674 3.82472975594736e-18)
(0.971233120498431 0.000164325991008822 3.84266697504977e-18)
(-0.110957377390314 0.0069435768984372 1.41761677327996e-17)
(-0.107775983164676 0.00723767326268846 2.00404339757469e-17)
(-0.107513572826304 0.00823233228046637 2.00425998512802e-18)
(-0.10749389407827 0.00884880658339116 -3.13230290325176e-18)
(-0.107890246414121 0.00916803020165585 -2.03156514889438e-18)
(-0.10840909928519 0.00930898642323224 -1.64507407493665e-17)
(-0.108977762255658 0.00936996745231449 -1.84918643075777e-17)
(-0.109563657869855 0.00940021562728305 -3.48246316272474e-17)
(-0.110159101552371 0.00942140988999898 -3.42549167339459e-17)
(-0.110761684752917 0.00944125161708064 3.31596069165754e-18)
(-0.111370746046939 0.00946117694655392 7.39930940609899e-17)
(-0.111987365003117 0.00948064737980845 8.39930298069343e-17)
(-0.112612904021064 0.0095003675779009 7.90091105654783e-17)
(-0.113247280630902 0.00952075347178148 1.14545436119642e-16)
(-0.113890406871708 0.00954104476112493 1.50622938706582e-16)
(-0.11454336073288 0.00956079120215401 9.36262818161274e-17)
(-0.115207145690045 0.0095807477541467 -3.61338795847556e-17)
(-0.115881420689535 0.00960158622963411 -6.45114664585032e-17)
(-0.116566180098539 0.0096225903493278 -9.63748618897402e-17)
(-0.117262628951804 0.00964333698580344 -3.6241554994677e-17)
(-0.117971652238543 0.00966442742525008 -1.9788185192482e-16)
(-0.118692645186393 0.00968665214238288 -1.86316755356879e-16)
(-0.119425846424551 0.00970886393070724 5.89152728087327e-18)
(-0.120172819047728 0.00973112716904923 -2.07541968151195e-17)
(-0.120933978188941 0.00975418637863008 1.87737646785971e-17)
(-0.121708619552062 0.00977831509339527 6.52049919785592e-17)
(-0.122497445420119 0.00980226270238141 1.46506070334111e-16)
(-0.123302030460357 0.00982684832828374 1.04031306887608e-16)
(-0.124122167627978 0.00985301181504565 8.42892147445973e-17)
(-0.124957177837328 0.00988001320131392 -2.74549031148709e-17)
(-0.125808278265755 0.00990695100068567 1.62300870699839e-16)
(-0.126677030806266 0.00993494079672801 1.82128997600786e-16)
(-0.127562205051467 0.00996520439467245 8.13377614760003e-17)
(-0.128462955553735 0.00999619328778386 1.19373258594841e-17)
(-0.129381184833276 0.0100272533495091 8.58597569000744e-17)
(-0.130318241378263 0.0100604140026574 1.88348673945852e-16)
(-0.131270383746063 0.0100979172479919 3.05012184290095e-16)
(-0.132236469420177 0.0101353522497631 1.92304281425789e-16)
(-0.13321978185518 0.0101735303787365 1.8615149317333e-16)
(-0.134219384505644 0.0102160970382003 1.51721383950063e-16)
(-0.135228426674458 0.0102643863555254 8.09253158482868e-18)
(-0.136245597081475 0.0103120346030474 4.93322835334984e-17)
(-0.137274395667919 0.0103621476111358 -3.71495539261458e-16)
(-0.138308185489884 0.0104210312614814 -5.1086379697458e-17)
(-0.139335359118662 0.0104860795572481 -1.33467786903917e-16)
(-0.140354734236198 0.0105500215981995 -2.05930901755059e-16)
(-0.141368662559017 0.0106203132358549 -1.21135760788524e-16)
(-0.142355824860963 0.0107080716358062 -1.46819891495848e-16)
(-0.143297077108004 0.0107993677173866 -3.60055479600947e-16)
(-0.144193695168772 0.0108881802128103 -1.67380044521231e-16)
(-0.145042435265579 0.0109925597586485 1.89746638765069e-17)
(-0.145786820460672 0.0111308303078383 -1.34466949248299e-16)
(-0.146397806116439 0.0112595947122916 -7.00489497047629e-17)
(-0.146885977712607 0.0113895564802155 -2.39276340584471e-16)
(-0.147208859649568 0.0115551971220123 1.44543033442453e-16)
(-0.147269968913721 0.0117571362722953 1.2136352862812e-16)
(-0.14702764038091 0.0119406021211533 1.29560929197139e-16)
(-0.146483193076624 0.0121375094339954 -2.78980202470739e-18)
(-0.145501788580507 0.0124034675902351 -2.39949602544064e-17)
(-0.143928730163961 0.0126885727809009 -2.33441605857226e-17)
(-0.141705145128382 0.0129365082875485 -1.80593739861432e-17)
(-0.138805100348393 0.0132556272559566 8.48921919139414e-17)
(-0.134698726128274 0.0138269557996681 -3.72554137981255e-16)
(-0.128814772299345 0.0144528295597197 -2.32337788218296e-16)
(-0.120874354816603 0.0151156223387588 -2.91607762253128e-16)
(-0.110296366480482 0.0160864584976507 -2.28230948507829e-17)
(-0.0957080875955609 0.0173226183370632 -1.15119168638753e-16)
(-0.076742721237382 0.0181130161236534 9.71904102722057e-17)
(-0.0538591301488446 0.0186694795431734 2.41367977924113e-16)
(-0.0262746060423743 0.0192167250063247 4.95608828524668e-18)
(0.00628681162191478 0.0192881140564037 -2.97534114393195e-16)
(0.0432178561412445 0.0188105494317824 -5.23932709748899e-16)
(0.0841491015727131 0.0180673549198171 -1.39949315491805e-17)
(0.129457564211407 0.0170278913120484 5.66140885376455e-16)
(0.178391628011958 0.0154520924865185 1.69303685404236e-16)
(0.230612302837215 0.0135438277433281 -1.91834317422189e-16)
(0.285346234802043 0.011374137501099 -1.38414249510152e-16)
(0.343134345007357 0.00888215726584359 -3.60481254111204e-16)
(0.401974123431405 0.00635268447741433 2.86457753377935e-18)
(0.464993356533939 0.00359615954107238 9.98550551031373e-17)
(0.526853045108272 0.000825693011386367 4.15817679425156e-16)
(0.595808024663007 -0.00201060978380026 -6.00243892491083e-17)
(0.659980937935223 -0.00440794139762794 3.13845595579209e-16)
(0.741183022407432 -0.00730821644943355 -1.22214121898835e-16)
(0.80644626545456 -0.00909897124245982 1.51626093986783e-16)
(0.912460371617823 -0.0104897401670078 1.85306054268283e-16)
(0.951264070008672 -0.000252412851296841 1.24696914594364e-16)
(0.931773513897105 -0.000314036382481538 6.21286626319937e-17)
(0.944575876879922 -1.16827561296439e-06 9.83637313641888e-17)
(0.935373184066672 5.72728137219817e-06 5.08967935968059e-17)
(0.938048036599876 0.000161496806177972 2.26768924568454e-17)
(0.932324979709963 0.000177770355796887 -7.89938841110023e-17)
(0.930872512141301 0.000228209536970319 3.81911679167239e-17)
(0.926234948254791 0.000231924298179801 -1.03590321256483e-18)
(0.923103069510378 0.000245123542275043 4.23098736585892e-17)
(0.918713254372352 0.000232761631469273 3.92142829209396e-17)
(0.914979735178766 0.000219798504814973 1.77674571961194e-17)
(0.910776247780516 0.000193943955562908 7.67637373659941e-18)
(0.907305349101876 0.000175871500245081 5.46815197657498e-18)
(0.904037711708748 0.000107496144050714 4.28786816392575e-18)
(-0.244886595153998 0.00910372600472819 1.88255197575233e-17)
(-0.243150406515508 0.00963066766724618 2.43063038978348e-17)
(-0.243412269806311 0.0111422129452981 3.48335219355008e-18)
(-0.243785278432885 0.0119761179713639 6.28661180992458e-19)
(-0.244381743637768 0.0123843465743409 6.02521051961101e-18)
(-0.245026799441858 0.0125587424333011 -9.01762727893839e-18)
(-0.245693017585571 0.0126330839322982 -4.54609113753312e-17)
(-0.246368474528966 0.0126703462744265 -5.56720563861559e-17)
(-0.247052098439705 0.0126967847328571 -5.09333593241209e-17)
(-0.247743403137003 0.0127214390245486 -1.51497954328971e-17)
(-0.24844223205818 0.0127462292474042 4.71445188118761e-17)
(-0.24914945647045 0.0127708905919391 7.51690655427585e-17)
(-0.249866112585245 0.0127958904890419 9.52595585460906e-17)
(-0.250592195230314 0.0128215136279703 1.4665243963663e-16)
(-0.251327780570221 0.0128471836149654 2.1313745117541e-16)
(-0.252073849067827 0.012872557974502 1.60761169605122e-16)
(-0.252831306047181 0.0128982108903014 1.29813709966021e-18)
(-0.253600028519523 0.0129246594670824 -3.77866057089942e-17)
(-0.254380089013575 0.0129513813408063 -5.5721990318021e-17)
(-0.255172498472413 0.0129780501310323 -7.64361613344234e-17)
(-0.255978133177736 0.0130051428641139 -1.96937738314496e-16)
(-0.256796691914744 0.0130332553353222 -1.02663726091355e-16)
(-0.257628426604323 0.0130615386253728 2.84426200058143e-19)
(-0.258474641637493 0.0130900288791732 -1.7450047921497e-17)
(-0.259335857925691 0.0131193232529987 1.46609943864804e-17)
(-0.260211678931811 0.0131496292927822 9.97104129736952e-17)
(-0.261102780990573 0.0131800054934338 1.4638144159628e-16)
(-0.262010543565951 0.0132110824446042 1.26106554921324e-16)
(-0.262934832390784 0.0132436125556584 8.25808221517911e-17)
(-0.263875226942031 0.0132770227606263 2.90981510870674e-17)
(-0.264832847547737 0.0133106115704875 1.87381895435532e-16)
(-0.265809062407673 0.0133452682477003 1.96793942399678e-16)
(-0.266802955939758 0.0133819612550276 1.08176435052905e-16)
(-0.267813918573175 0.0134194910314196 3.58427773569359e-17)
(-0.268843562846696 0.0134573255188686 1.01077682706778e-16)
(-0.269893159064564 0.0134971307180932 2.50702580381067e-16)
(-0.270959388538044 0.0135406606832886 3.3617772544573e-16)
(-0.272041125459568 0.0135844387456156 2.59446759724743e-16)
(-0.273141178202466 0.0136290667211442 3.35234809807987e-16)
(-0.2742586759509 0.0136775430983219 2.30633801829915e-16)
(-0.275387169199097 0.0137308866770188 1.05209657710977e-16)
(-0.276525108243287 0.0137839906093876 -1.18386817274173e-16)
(-0.277675598061443 0.0138393344917103 -4.2516518589739e-16)
(-0.278832073009413 0.0139020569818898 -6.38228111574986e-17)
(-0.279983116614936 0.0139699790317464 -1.1655420616969e-16)
(-0.28112684473288 0.0140371246744425 -1.83553692200044e-16)
(-0.282265388560748 0.0141096327947142 -1.53692146439402e-16)
(-0.283377291201935 0.0141964290791423 -2.24648702628643e-16)
(-0.284442821147172 0.0142860688662958 -3.78028760588161e-16)
(-0.285461927628372 0.0143733346998051 -2.13550449296309e-16)
(-0.286432067592376 0.0144733673134994 5.01697664810341e-17)
(-0.287294571094741 0.014600603119909 -1.11036688093268e-16)
(-0.288018063267767 0.0147192030524512 -8.24255249475468e-17)
(-0.288613881698477 0.0148375680041835 -2.28257631150494e-16)
(-0.289038272617873 0.01498442064161 1.80048412644379e-16)
(-0.289189289557519 0.0151592187347727 1.77923261346151e-16)
(-0.289021102983868 0.0153159916880288 1.59417745265977e-16)
(-0.288539330378814 0.0154811289424466 -2.62815534709139e-17)
(-0.28760050656466 0.0156999738721949 -1.76829393120169e-17)
(-0.286039516991712 0.0159295456260018 2.64934424461256e-17)
(-0.283792199260856 0.0161211700014757 1.12351936340402e-16)
(-0.280851545670024 0.0163672021187384 1.34871013069636e-16)
(-0.276662733653643 0.0168139926804615 -4.3936866535008e-16)
(-0.27063173644451 0.0172918296307727 -3.8979716728109e-16)
(-0.262501294393856 0.0177814769192804 -3.13932927033438e-16)
(-0.251686481928397 0.0185088982311064 -5.14404445063857e-17)
(-0.236647719382725 0.0194193813373624 -1.98233721571228e-16)
(-0.216960461114528 0.0199087345025445 2.11406538094226e-16)
(-0.193203430155269 0.0201578106872008 2.69059245168629e-16)
(-0.164466838211226 0.0203479075920789 -6.71917700208604e-17)
(-0.130428662913802 0.0200805338345782 -3.86568782154722e-16)
(-0.0918083136863429 0.019299893797891 -5.76399972556504e-16)
(-0.0490152962256636 0.0182506027844126 -4.15871888273309e-17)
(-0.00158131785564025 0.0169016157560716 5.25037600088477e-16)
(0.0496716284599951 0.0150571872704891 8.9615546851125e-17)
(0.104336643058918 0.0128975487974777 -1.60153869656001e-16)
(0.161650394363743 0.010482940330504 -2.69586838589985e-16)
(0.222134544132019 0.00777170975135513 -5.1361491896305e-16)
(0.283671448726316 0.00500508860358009 -5.32797608918885e-17)
(0.349604697684753 0.00202133893784663 1.07826800365198e-16)
(0.414240464928646 -0.00099135411534073 3.63392389829724e-16)
(0.486203449731086 -0.0040791132583376 1.33182706878065e-17)
(0.553141844307901 -0.00682689679829385 2.8936234474189e-16)
(0.63777956224413 -0.0100436413365068 -5.93219019198837e-17)
(0.705660680966655 -0.0123150228161221 2.01783846709492e-16)
(0.816414746694779 -0.013652302230234 2.21082438657771e-16)
(0.856998343144222 -0.000333426842763623 1.13493084884802e-16)
(0.836189418157171 -0.00021580889370429 8.51957511736122e-17)
(0.84935540645303 -3.94830088945562e-05 8.55759076278461e-17)
(0.839577803985735 2.74657973213283e-05 6.78205046852149e-17)
(0.84223047986065 0.000121594236255587 4.00055465209331e-17)
(0.836178630740171 0.00015754116276122 -6.46364530107992e-17)
(0.834598645114484 0.000186395575819633 5.74223276310531e-17)
(0.829718635761019 0.000197644125549946 1.21403747685545e-17)
(0.826429859084401 0.000203857411453844 3.97451293419627e-17)
(0.82183642590356 0.000195866793176057 3.97623748623241e-17)
(0.817934508454588 0.000183472256162639 2.06529016138018e-17)
(0.8135416661386 0.000161270162991992 3.06532573676022e-18)
(0.809911536624622 0.000144511514188825 7.2281892663592e-18)
(0.806545217087244 0.000101041236350263 3.8808381467382e-18)
(-0.307739196432837 0.010514313430394 2.1472688087637e-17)
(-0.308072276893172 0.0113222460269179 2.40857294639837e-17)
(-0.309037564475054 0.0130635532890051 2.96616407081995e-18)
(-0.309863335292592 0.0139597625860717 2.93825376267499e-18)
(-0.310629583977777 0.0143771664953178 1.89314343613078e-17)
(-0.311343188811962 0.0145511648471924 6.56977215162958e-18)
(-0.312040509411533 0.0146258446398858 -5.03635289319577e-17)
(-0.312736253614438 0.0146651126024753 -3.0920249143503e-17)
(-0.313437600545346 0.0146943593994183 -4.04412936975927e-17)
(-0.314146371950627 0.0147220056639906 -3.94356682642292e-17)
(-0.314862907031555 0.0147498966425056 2.95446256290567e-17)
(-0.315587824831135 0.0147779052390777 5.21798508102712e-17)
(-0.316321819578724 0.0148063060670115 1.03203562338271e-16)
(-0.317064929805133 0.0148352719030442 1.75396227940203e-16)
(-0.317817324218781 0.0148644048341664 2.02502545423717e-16)
(-0.3185798200254 0.0148934676728121 1.35343233243613e-16)
(-0.31935318324673 0.0149228578791447 2.07906524770408e-17)
(-0.320137449309951 0.0149529417761527 -1.48944430430611e-17)
(-0.320932748366016 0.0149833689096035 -1.63206799725157e-17)
(-0.32173987648053 0.0150139168527762 -1.02814512294966e-16)
(-0.322559620290031 0.0150449227490766 -2.02976377919809e-16)
(-0.323391907121707 0.0150768088394454 -5.91797435377801e-17)
(-0.324236987506716 0.0151089912336691 -3.6830328473264e-17)
(-0.325095883729015 0.015141499831819 -3.08598948528048e-17)
(-0.325969135291698 0.0151747591496442 5.91951536184448e-18)
(-0.326856589530366 0.0152089255208625 2.3389830518068e-17)
(-0.327758846070056 0.0152433445281416 1.61931988190767e-16)
(-0.328677028954074 0.0152784637638993 1.5748129360518e-16)
(-0.329611085453237 0.0153148220856245 1.13177484694911e-16)
(-0.330560798282808 0.0153520245393101 -2.50082143389353e-17)
(-0.331527112285251 0.0153895775500519 1.3679238072453e-16)
(-0.332511159793488 0.0154281142426318 2.21858365336465e-16)
(-0.333512314488439 0.0154683334798096 1.373252247255e-16)
(-0.33453017369644 0.0155093890398432 1.12748262699081e-16)
(-0.335566004797268 0.0155509040487458 1.09244054515143e-16)
(-0.336620915622305 0.0155940648632714 2.34196253181604e-16)
(-0.337692167804241 0.0156401415882742 4.03259403986736e-16)
(-0.338778735027229 0.01568662448173 2.49724083483976e-16)
(-0.33988283447231 0.0157339527541555 2.83928153595187e-16)
(-0.341003721456494 0.0157842580350663 2.15892593811828e-16)
(-0.342135783445438 0.0158382772791307 2.00330688293951e-16)
(-0.343277404723873 0.0158922844554571 -7.41395099107956e-17)
(-0.344431107632356 0.0159480640777651 -4.07312621656517e-16)
(-0.345590967538327 0.0160092806869774 -6.59292666362828e-17)
(-0.346746669858863 0.0160743046261207 -9.84780590923947e-17)
(-0.347895918868308 0.0161387384874003 -1.66390793149394e-16)
(-0.349040477493798 0.016206968472515 -4.48953303858443e-17)
(-0.350160664311044 0.0162853775193996 -2.60121872261834e-16)
(-0.351238005723595 0.0163654414273162 -3.74891894528267e-16)
(-0.352271340216802 0.0164432932508065 -2.7783887168171e-16)
(-0.353258805097593 0.0165297394941837 9.69104690621939e-17)
(-0.35414536390724 0.016635088026735 -9.71025695083793e-17)
(-0.354900524626965 0.0167325864822082 -9.85266820019031e-17)
(-0.355534780831719 0.0168284375597591 -2.20009873216278e-16)
(-0.35600739621908 0.0169430545506585 2.2594629043748e-16)
(-0.356221456364337 0.0170753254971954 1.38439524054646e-16)
(-0.35613164930241 0.017190769940852 1.89944519931484e-16)
(-0.355745651168476 0.0173085291420006 -4.78361100941284e-17)
(-0.354926616643794 0.0174606235602004 -1.32112280081312e-17)
(-0.353516258601537 0.0176136864697284 7.44592132549844e-17)
(-0.351450843924784 0.0177311087868765 1.52433190318234e-16)
(-0.348736515295431 0.0178794438057378 1.09953928674722e-16)
(-0.344848893018569 0.0181620952239491 -4.33710184214068e-16)
(-0.339226512104198 0.0184468251874054 -3.884488248527e-16)
(-0.331644402436628 0.0187168541486413 -2.50262068009519e-16)
(-0.32156538507913 0.0191312896868361 -7.61726836524367e-17)
(-0.307468686183735 0.0196357833401789 -1.44008304442651e-16)
(-0.288921150910289 0.0197762229917747 1.81343242803333e-16)
(-0.266530863277113 0.0196939747424238 2.72671666642066e-16)
(-0.239383954862402 0.0195133927805361 -1.41765477499501e-16)
(-0.207152595332207 0.0189347612848163 -4.79868108621919e-16)
(-0.17056711131265 0.01792717685198 -5.07561562298726e-16)
(-0.130034196005884 0.016674533776368 5.95848392554957e-17)
(-0.0850656726531972 0.0151510254839134 3.68695864285729e-16)
(-0.0364623458758165 0.0132165797424837 1.01594241048798e-17)
(0.0153584801146358 0.011016954520046 -1.27324340499321e-16)
(0.0696947511210303 0.00859405116118144 -3.06419717960848e-16)
(0.127019578618552 0.00592705185404772 -4.57826719191562e-16)
(0.185298107804448 0.00319370017067905 -1.1213396513334e-16)
(0.247757502997839 0.000275661337089154 1.22968989875151e-16)
(0.308910273262897 -0.00268726925486116 2.94903520553648e-16)
(0.376955348129203 -0.0057245818209007 -3.50037003314277e-18)
(0.440172933406944 -0.0085502697439354 2.70572488403846e-16)
(0.520117572912091 -0.0117725489965012 -7.86365925829147e-17)
(0.584061085907958 -0.0143037837258798 1.98831477153368e-16)
(0.68908222288536 -0.0154821993594435 2.43342944753159e-16)
(0.727624244610025 -0.000387173270373358 1.02433760353537e-16)
(0.707449719351414 -9.86769802048763e-05 6.84217599236538e-17)
(0.719806213791568 -7.60240008751892e-05 3.61443157033388e-17)
(0.710446711139016 4.31139767368174e-05 4.65359593955298e-17)
(0.712884669898695 6.83613028668163e-05 2.25830972251023e-17)
(0.70711846498581 0.000120268954973607 -5.76631786674164e-17)
(0.705598601581183 0.000125417578506573 6.35855723721004e-17)
(0.700969145914672 0.000143162029737211 2.47145431865675e-17)
(0.697859479275369 0.0001422924062465 4.42547883220763e-17)
(0.693519317930741 0.000139734063407318 3.65628711945272e-17)
(0.689837702898633 0.000129463658298614 2.35287644990736e-17)
(0.68568932224439 0.000113837713134257 -3.96278279617211e-18)
(0.682258448388654 0.000101747752980072 9.00564816419848e-18)
(0.679086253012465 8.19512915005807e-05 3.05928259552836e-18)
(-0.301621839526037 0.0106276326228997 1.86278892919741e-17)
(-0.304363506599678 0.0116844296899843 2.16221171963657e-17)
(-0.305952712046197 0.0132792930755134 2.05125192177046e-18)
(-0.307107363043862 0.0140408284005012 -1.14343078848113e-18)
(-0.307932271903115 0.0143749757411995 9.21054400783155e-18)
(-0.308618097624658 0.0145116860489927 3.29013923172998e-18)
(-0.309258504846987 0.0145723965791079 -1.46253154875054e-17)
(-0.309889311746611 0.014607345405874 -3.51277009692677e-18)
(-0.310523477725562 0.0146354374849743 -2.33910601538314e-17)
(-0.311164218902009 0.0146626271566165 -1.67144705908501e-17)
(-0.311812054947521 0.0146901703464612 1.94391854821808e-17)
(-0.312467320082882 0.0147179691957346 2.90984814296197e-17)
(-0.313130401339045 0.0147461516613698 1.10149383338978e-16)
(-0.313801333123207 0.0147748061454368 1.36133814178712e-16)
(-0.314480299451308 0.0148036964814772 1.3473278975507e-16)
(-0.315167927776174 0.0148326835766709 1.244651889648e-16)
(-0.315864820797991 0.0148620069828422 2.61910292264428e-17)
(-0.31657108895308 0.0148918924545855 1.57547014747592e-18)
(-0.317286872036599 0.0149221370676874 3.56711700145098e-17)
(-0.31801275375632 0.0149526132747992 -1.2625715791918e-16)
(-0.318749379389947 0.0149835255180558 -1.20538880195137e-16)
(-0.319496800825019 0.0150151384494639 2.04254997460279e-17)
(-0.320255231929716 0.0150471023374584 -5.50528931668411e-17)
(-0.32102542219021 0.0150794448255615 -5.54321071553814e-17)
(-0.321807854574833 0.0151124229536074 -8.50734149233466e-18)
(-0.322602518060843 0.015146143413321 -2.2749816023909e-17)
(-0.323409894065084 0.0151802122949373 9.66053190037857e-17)
(-0.324230837775923 0.0152149075828279 9.80280962687996e-17)
(-0.325065345862736 0.0152505570596614 9.12437403145208e-17)
(-0.325913323842429 0.0152869296820275 -4.64995798745047e-17)
(-0.326775503456132 0.0153237321408064 9.35291916822986e-17)
(-0.327652765726753 0.0153613481067147 1.74912520571797e-16)
(-0.328544707968445 0.0154002083211658 1.51072498956819e-16)
(-0.329451075343638 0.0154398002744658 1.25421773111612e-16)
(-0.330372796549916 0.0154799040318981 1.04900027870244e-16)
(-0.331310782952792 0.0155212196686345 2.14892952906933e-16)
(-0.332262925113697 0.0155645383039682 3.08839069460716e-16)
(-0.333228356334589 0.0156082956608388 2.30613713308166e-16)
(-0.334208727125515 0.0156527865915467 3.30436538733297e-16)
(-0.335203483940263 0.0156992541869499 1.70619525679109e-16)
(-0.336208124007036 0.0157481531920432 2.28563384656184e-16)
(-0.337221173675117 0.0157971492496356 -4.86555962168402e-17)
(-0.338244596672786 0.0158473395240043 -3.00482112180282e-16)
(-0.339273571283205 0.0159008742045152 -1.41831477002148e-16)
(-0.34029959864296 0.0159566903159469 -7.99080969808295e-17)
(-0.341320430012787 0.0160120429527579 -1.6111395357744e-16)
(-0.342337575780772 0.0160695142489759 -4.71528765867416e-17)
(-0.343334722753152 0.0161328840698851 -1.99562477230866e-16)
(-0.344296274817878 0.0161966804084319 -2.86630803736664e-16)
(-0.345220644016156 0.0162585526927264 -3.29578369992353e-16)
(-0.346106934527944 0.016324737233529 1.64098676382889e-16)
(-0.34690871617158 0.016401337042618 2.92649904417268e-17)
(-0.347599561927009 0.0164712746961628 9.31422243728997e-17)
(-0.348188577209862 0.0165385999499481 -2.27512175049914e-16)
(-0.348642059100725 0.0166149369111962 1.23421474374429e-16)
(-0.348877571715114 0.0166988589894586 1.00193496773848e-16)
(-0.348855500895368 0.0167684406789909 2.34378167337454e-16)
(-0.348584587397718 0.0168352371199699 -7.95139761000813e-17)
(-0.347948703590176 0.0169173349909002 -1.11441326014102e-17)
(-0.346812585655372 0.016992268152037 2.83009323313399e-17)
(-0.345120456319422 0.0170371149257159 1.05069194090462e-16)
(-0.342887671491079 0.0170904991164132 9.44004875612901e-17)
(-0.339672057415037 0.0172109075905868 -4.10494898989463e-16)
(-0.334998773420786 0.017309056677005 -2.17742175330364e-16)
(-0.328690445439121 0.0173728288158455 -1.7857809694507e-16)
(-0.3203076244536 0.0174903014793879 -9.819308004094e-17)
(-0.308525627657483 0.017613977115649 -1.23999597586193e-16)
(-0.292956862028659 0.0174579421099508 1.57433875351055e-16)
(-0.274155833316683 0.0171188083093359 2.33010066086827e-16)
(-0.251319428397071 0.016661696425551 -9.36835505855528e-17)
(-0.224154197299535 0.0158980148661779 -4.46655150248542e-16)
(-0.193306742508764 0.014821142508317 -4.4845702701855e-16)
(-0.159135290025161 0.0135462700752986 3.69012766261233e-17)
(-0.121198872381387 0.012054570458008 2.20957355575909e-16)
(-0.0801877800812489 0.0102655337356869 -1.90345207719337e-16)
(-0.0364733692278364 0.00828153504457863 -9.37266208759359e-17)
(0.00935997325416598 0.00612580348710902 -3.56814924505996e-16)
(0.057704458741617 0.00379436632813396 -3.32420247277455e-16)
(0.106812352847722 0.0013975613781824 -5.19226560921216e-17)
(0.159459170147381 -0.00113955392558083 3.30679667603846e-17)
(0.21093135686257 -0.00372520553068089 2.13487551926652e-16)
(0.26819833976456 -0.0063826384931803 -3.00813968023197e-17)
(0.321300898891513 -0.00894251495095011 2.60737660513299e-16)
(0.38851989621244 -0.0118157474524854 -3.51243418725299e-17)
(0.442089009045878 -0.0142595540463404 1.55729972659745e-16)
(0.530875694942195 -0.01522252504102 1.92507784956062e-16)
(0.56349578774177 -0.000373942791903058 5.12739532575384e-17)
(0.546008112595373 -1.17442678308649e-06 5.14207184829655e-17)
(0.55638542309309 -9.35281897878109e-05 -1.47098216983029e-17)
(0.548426705544142 4.59946097144481e-05 2.72733854643534e-17)
(0.550451871078229 1.83503024589534e-05 7.90069298858612e-18)
(0.545573047220853 7.45361467867189e-05 -5.01832995096626e-17)
(0.544289231787846 6.22934380551991e-05 6.2250336256745e-17)
(0.540389115842142 8.21869470269473e-05 1.79442138806528e-17)
(0.537780899427535 7.65608789691132e-05 2.60350689519352e-17)
(0.534136606402438 7.84605666489721e-05 3.71726738460655e-17)
(0.531050492075135 7.12691044235535e-05 1.69048078031056e-17)
(0.527567820226713 6.28295827168312e-05 1.13186301394581e-19)
(0.524683904051357 5.53513829088047e-05 6.35446348011451e-18)
(0.521993548899864 4.88021989361787e-05 2.19160803888053e-18)
(-0.229360722760763 0.00870967424039418 1.22275072187256e-17)
(-0.233949322599454 0.00977741859068502 1.39862761349871e-17)
(-0.235715893972748 0.0108383396172405 -2.25120247387231e-19)
(-0.236860597350978 0.0113010180292744 -7.28697502628164e-18)
(-0.23755117457173 0.0114886208592909 3.94188842968943e-18)
(-0.238078732120266 0.0115648152103834 3.0945904708242e-18)
(-0.238556246884681 0.0116014255643561 3.09886037589808e-18)
(-0.239023376209964 0.0116256290686984 -1.39990727609474e-17)
(-0.239492798491002 0.0116469341243166 -1.01650277101651e-17)
(-0.239967317457042 0.0116680908265457 5.93909922721358e-19)
(-0.240447201073977 0.0116896026352164 1.52957393217572e-17)
(-0.240932504702057 0.0117113738806027 -7.22582467619813e-18)
(-0.241423379446462 0.011733441220129 5.33350754561971e-17)
(-0.24191982613142 0.0117558378246752 1.0496758610379e-16)
(-0.242421978040001 0.0117784597086471 7.35249039736797e-17)
(-0.242930252974757 0.0118012488831474 7.00685209529706e-17)
(-0.243445063525069 0.011824317043737 2.04829559416344e-17)
(-0.243966513091062 0.0118477699347868 3.77256749780039e-18)
(-0.244494700277316 0.0118715196259296 1.3067509263689e-17)
(-0.245029998087719 0.0118955141416176 -6.55395469689791e-17)
(-0.245572861176736 0.0119198479751221 -6.56150319314471e-17)
(-0.246123364390069 0.0119446497920547 3.56087645828316e-17)
(-0.246681647148298 0.0119697600063455 -2.0902112361132e-17)
(-0.247248193116517 0.0119952017781214 -9.13191781030844e-17)
(-0.247823356524161 0.0120210916432827 -1.16067011308904e-17)
(-0.248407166554183 0.0120474863118911 -1.61341133268594e-17)
(-0.248999946639791 0.0120742077322841 4.95577098160204e-17)
(-0.249602270302428 0.0121013903137639 5.39130174293134e-17)
(-0.250214143495151 0.0121291809331797 8.0535623115191e-17)
(-0.250835520466301 0.0121574793827014 1.14919473188249e-18)
(-0.251466889241026 0.0121861600310449 5.58739229811971e-17)
(-0.252108854649002 0.0122153970245654 1.37359362481251e-16)
(-0.252761174160421 0.0122453865281161 1.68769076908553e-16)
(-0.253423686835009 0.0122758950515776 1.26058419244268e-16)
(-0.254096993746588 0.0123068343825696 8.7571509242531e-17)
(-0.254781765544933 0.0123385005160641 1.92096578198471e-16)
(-0.255476570006038 0.0123712580341945 2.8567158880078e-16)
(-0.256180771167345 0.0124043663273426 8.73875816777161e-17)
(-0.256895481765795 0.0124379909273759 1.79031608770526e-16)
(-0.257620386559913 0.0124726355083631 1.93306807281416e-16)
(-0.258352367007878 0.0125084966654105 1.21083077195518e-16)
(-0.259090324079488 0.012544470570215 -2.7160827054909e-17)
(-0.259835681011032 0.0125810678627087 -2.24490660757987e-16)
(-0.26058515061634 0.0126191615537886 -9.20776240810477e-17)
(-0.261332779009775 0.0126581971464 -5.30256724477188e-17)
(-0.262076871387088 0.0126969015896767 -1.67062690485412e-16)
(-0.262818743498877 0.0127363533508139 -3.56605324851541e-17)
(-0.263547022774413 0.0127781011965738 -1.07699184344852e-16)
(-0.264250652755152 0.0128194480395243 -1.62959870241919e-16)
(-0.264928386186291 0.0128593848283213 -2.68787399157486e-16)
(-0.26558040424306 0.0129003696554904 1.32243822607105e-16)
(-0.266173856758149 0.0129448543162089 2.53275642144449e-17)
(-0.26668974081951 0.0129846017756233 1.30155463623758e-16)
(-0.267135215570494 0.0130217093996182 -1.28968227327758e-16)
(-0.267487363569802 0.013060522598511 -3.26031905795575e-18)
(-0.267687739484259 0.0130996298217913 6.0701250283098e-17)
(-0.267707944113103 0.0131285951322617 1.92893498625618e-16)
(-0.26755647337712 0.0131524907431306 -2.18006376098057e-17)
(-0.267151774443705 0.013177823047904 -8.06205683497966e-18)
(-0.266397989926122 0.0131927083488755 -1.81099671990881e-17)
(-0.265255519349654 0.0131866262361289 5.98945513222046e-17)
(-0.263743498962086 0.0131749014493009 1.97031782572802e-18)
(-0.261553056094422 0.0131785047665264 -3.23332802634828e-16)
(-0.258351206055338 0.0131503219146227 -1.28512228547795e-16)
(-0.254023785393419 0.0130836165347339 -1.05182878646771e-16)
(-0.248275735870926 0.0130086935052243 2.83604886590216e-17)
(-0.240157109513643 0.0128907086394571 -1.01478947814264e-16)
(-0.229384641632927 0.0125971580743518 5.97965912559506e-17)
(-0.216373789891552 0.0121806028234909 2.14250702034722e-16)
(-0.200545687309058 0.0116589703243844 -5.15015062427711e-17)
(-0.181684247693115 0.0109448338345469 -2.75588554317094e-16)
(-0.160258433392329 0.0100469771223018 -2.66307554119991e-16)
(-0.136528344575088 0.00901871846421534 1.90882518688014e-17)
(-0.11016821759722 0.00784827197888539 8.06720791923385e-17)
(-0.0816679419727741 0.00650604046583247 -1.38953362721522e-16)
(-0.0512964818035892 0.00504806191868126 -5.74741465176807e-17)
(-0.019458950417463 0.003483991363353 -1.84893234673308e-16)
(0.0141182959889849 0.00181735588399331 -1.99217685001166e-16)
(0.048192151184146 0.000102526312502065 5.7875022240697e-18)
(0.0847362786736858 -0.00170308507093783 -3.64598868728638e-17)
(0.120403629147772 -0.00354158706446505 1.24449235312436e-16)
(0.160099173418585 -0.00544642542256871 -2.71055035010951e-17)
(0.19680874255469 -0.00731980761298279 2.04915560686502e-16)
(0.243362649479453 -0.00942139013123971 6.995615938983e-18)
(0.280282789554068 -0.0112940840372602 1.11124464784711e-16)
(0.342226133491024 -0.0119784036476517 8.83922538905667e-17)
(0.364977870178922 -0.000252317441144884 -2.48586467783141e-19)
(0.352404274418551 6.18831568724432e-05 3.71631610426888e-17)
(0.359615289882821 -5.81033717470771e-05 -1.54176924746855e-17)
(0.354041356119162 4.88134783108211e-05 1.26142695412947e-17)
(0.355442341700006 3.923942616274e-06 -3.49198123356379e-18)
(0.352043564292694 4.43126845988999e-05 -4.95420425588926e-17)
(0.351157016172404 2.62835393818243e-05 6.48699226103517e-17)
(0.348451964809718 3.99165075992929e-05 1.10007897779386e-17)
(0.346652488532739 3.22952293738138e-05 8.60795019799871e-18)
(0.344132492534101 3.41787058006784e-05 2.04154846293031e-17)
(0.342002663622114 2.89895710919604e-05 1.01494224772467e-17)
(0.339594391601001 2.47393923715326e-05 7.04884291047783e-19)
(0.3375956079162 1.94102418632753e-05 3.78352810649762e-18)
(0.335674643936221 8.70259170846911e-06 1.31150681628393e-18)
(-0.0949963320708971 0.00381477889081166 4.11088178555337e-18)
(-0.0987824802165502 0.00441333238973182 4.32080116015287e-18)
(-0.099804502104123 0.00461387224487827 3.04814745668302e-19)
(-0.100411423898659 0.00471470415092742 -1.99360258056132e-18)
(-0.100725769031297 0.00474824850501488 1.02771729469588e-18)
(-0.100949948074892 0.00476400237832862 3.59729478348721e-19)
(-0.101149558890939 0.00477413056148018 -6.84046545891245e-18)
(-0.101344949765048 0.00478274578058781 6.82753572082309e-18)
(-0.101541822909271 0.00479117532137709 -1.6153482553013e-18)
(-0.101741118532072 0.00479971757901033 1.74430193143073e-17)
(-0.101942744021724 0.00480839676560476 2.18047321281193e-17)
(-0.10214661156688 0.0048171746259122 -1.52563166838795e-18)
(-0.10235273602248 0.00482605635005006 3.03501605538813e-19)
(-0.102561096294152 0.00483504789725785 3.12708209318858e-17)
(-0.102771736388884 0.00484413350252088 7.14309630161811e-18)
(-0.102984823023865 0.00485330654851376 2.20955695681358e-17)
(-0.103200526577963 0.00486258800981531 7.74695873465044e-18)
(-0.103418886457319 0.00487199706345857 1.74647701439117e-18)
(-0.103639931312403 0.0048815183984822 3.43433696579165e-18)
(-0.103863803669075 0.0048911471888623 -1.97458436690324e-17)
(-0.104090695120311 0.00490089952102993 -2.01515793558179e-17)
(-0.104320634843644 0.00491080255115194 9.25937694355093e-18)
(-0.104553665979945 0.00492082411111262 1.09423576526355e-18)
(-0.104789978710881 0.00493097630792548 -5.52542156589601e-17)
(-0.105029721965001 0.00494127685069232 -5.83827894170292e-18)
(-0.105272902812901 0.00495173992990162 -5.13181843183253e-18)
(-0.105519644273881 0.00496233165869269 1.46353882382128e-17)
(-0.105770182910167 0.00497308062379918 -1.19479826186523e-17)
(-0.106024514129503 0.00498400853396777 -1.18846374612995e-18)
(-0.106282609593933 0.00499509889092706 2.78665196306569e-17)
(-0.106544662141855 0.00500633333601567 1.79985391261254e-17)
(-0.106810926669126 0.00501773976155612 1.8724549795112e-17)
(-0.107081302716722 0.00502935063097182 7.95091993822784e-17)
(-0.10735571461199 0.00504112072211894 4.36550290356046e-17)
(-0.107634400206101 0.00505304329059815 5.64848548294912e-17)
(-0.10791767027356 0.00506514861433042 1.09502071622224e-16)
(-0.108204928760378 0.00507750398992295 1.2891322301617e-16)
(-0.108495894017378 0.00508995493365271 5.02151171444795e-17)
(-0.108791043530549 0.00510255464457396 1.04956051830333e-16)
(-0.109090301281148 0.00511534053116638 -3.81501223854466e-18)
(-0.109392378848717 0.00512834203022886 4.04594600249967e-17)
(-0.109696811244927 0.00514133581809883 -6.91363010122588e-18)
(-0.110004274959134 0.00515441822935846 -2.90227400635056e-17)
(-0.110313490318006 0.00516766536552954 -2.86529551348639e-17)
(-0.110622016609757 0.00518093562222644 -1.79745211462035e-17)
(-0.110929169284282 0.00519399776475141 -5.35443113237869e-17)
(-0.111235731585772 0.00520696205329886 -1.300288124861e-17)
(-0.111537125649979 0.0052199966947978 -3.52027673062177e-17)
(-0.111828828064054 0.00523249385715626 -5.34118808895782e-17)
(-0.112110419542913 0.00524434708900462 -9.50298581776589e-17)
(-0.112382565203761 0.00525568436034112 3.2211766647601e-18)
(-0.112631844917121 0.00526678375075782 9.69588048120947e-18)
(-0.112850465084148 0.00527590581883217 2.99472198595259e-17)
(-0.113041985939623 0.00528360832397617 -4.1952276933662e-17)
(-0.113197741278336 0.00528999616319404 1.77113643661588e-17)
(-0.113293998986727 0.00529442575939777 1.96458552357223e-17)
(-0.11331931315475 0.00529483012728994 6.20076933304573e-17)
(-0.113278680144752 0.00529192884309057 -7.03142588545341e-17)
(-0.113139633607704 0.0052858428944547 -3.82313159867708e-18)
(-0.1128635488095 0.00527352782692846 -6.60847377847015e-17)
(-0.112434857150707 0.00525326573655112 1.88368388012107e-17)
(-0.11186605483396 0.00522592852995781 6.50515783575018e-19)
(-0.111034912777904 0.00519211434130938 -1.37496355748294e-16)
(-0.109809135547374 0.00513976775736757 -3.99377903476609e-17)
(-0.108149216517771 0.00506725625939828 -3.47340161248213e-17)
(-0.105945676260315 0.00497356584121627 9.19389187062139e-18)
(-0.102812727996823 0.00484637824992294 -8.22417045437658e-17)
(-0.0986340043287198 0.00466164072671047 -7.36703440928825e-20)
(-0.0935875025343599 0.00443370678249988 6.5686354544551e-17)
(-0.0874371117118317 0.0041594816710439 -1.59219192236998e-17)
(-0.0800923513456396 0.00382313586285934 -1.37832678458447e-16)
(-0.0717453705286662 0.00343343962404809 -8.81974516231439e-17)
(-0.062503077891672 0.00299958345467856 5.62781412433334e-18)
(-0.0522286388414631 0.00251848359580886 6.71316329464721e-17)
(-0.0411182454937742 0.00198830861650819 -8.65668858491867e-17)
(-0.0292806900547951 0.00142506203759573 -1.94088759167122e-17)
(-0.0168750283510705 0.00082841803137702 -6.34621932697797e-17)
(-0.00379095125109709 0.000203898469643363 -6.63521182650301e-17)
(0.00946954489469093 -0.000440429829984802 -3.31099012333598e-17)
(0.0237033476303013 -0.00111076250201663 -1.63089417547875e-17)
(0.037562841761873 -0.00179720838240896 4.06251090199237e-17)
(0.0530054965884814 -0.00250432861436075 -1.6569063870711e-17)
(0.0672282938398815 -0.00322587102438069 6.29864393141805e-17)
(0.0853302058211118 -0.00401089702525317 2.51371904133387e-18)
(0.0995863786544659 -0.00476955807991671 7.67401336551659e-17)
(0.123971683894583 -0.00492584930389585 2.95445106244393e-17)
(0.132875352646469 -2.24651243619667e-05 -1.28766115387803e-17)
(0.12769865132189 0.000152453724362217 2.20845683659375e-17)
(0.130528025633192 6.99885548561921e-05 -9.45247452782894e-18)
(0.128330077985678 0.000108166046412994 -9.32323369841794e-18)
(0.128879760328199 7.15486362687441e-05 9.84954999263551e-18)
(0.127548184212571 8.00499388097904e-05 -1.41018045081512e-17)
(0.127206428839542 6.08226446295949e-05 2.13283785454135e-17)
(0.126152188919362 5.83258164418669e-05 3.67963363951444e-18)
(0.125455776149832 4.59089164195075e-05 1.10134696922437e-17)
(0.124477025646714 3.91571172301539e-05 6.8711650847861e-18)
(0.123652015719209 2.93734974307163e-05 3.3734126742631e-18)
(0.122716851312147 2.08415621726439e-05 2.20472327416934e-18)
(0.12193931916546 1.21794052494106e-05 1.26019453973199e-18)
(0.121161509251188 -1.68612729019055e-06 4.34574258808127e-19)
)
;

boundaryField
{
    dieWall
    {
        type            fixedValue;
        value           uniform (0 0 0);
    }
    outlet
    {
        type            pressureInletOutletVelocity;
        value           nonuniform List<vector> 9((1.01341370393543 0.000271315963232095 9.96805697836644e-19) (1.00779088098791 0.00039748609248471 2.92902294148532e-18) (0.971233120498431 0.000164325991008822 3.84266697504977e-18) (0.904037711708748 0.000107496144050714 4.28786816392575e-18) (0.806545217087244 0.000101041236350263 3.8808381467382e-18) (0.679086253012465 8.19512915005807e-05 3.05928259552836e-18) (0.521993548899864 4.88021989361787e-05 2.19160803888053e-18) (0.335674643936221 8.70259170846911e-06 1.31150681628393e-18) (0.121161509251188 -1.68612729019055e-06 4.34574258808127e-19));
    }
    Wire
    {
        type            timeVaryingMappedCoupledVelocity;
        fieldTable      U;
        value           nonuniform List<vector> 
100
(
(0.952762212361123 0 0)
(0.952775791384931 0 0)
(0.952787284519882 0 0)
(0.95279696068287 0 0)
(0.952807423756801 0 0)
(0.952817832564485 0 0)
(0.952829190360893 0 0)
(0.952842237428754 0 0)
(0.952855861546441 0 0)
(0.952868795165516 0 0)
(0.952882146135905 0 0)
(0.952897419524453 0 0)
(0.952913822978178 0 0)
(0.952929784944052 0 0)
(0.952945961476369 0 0)
(0.952963724616093 0 0)
(0.952982545094087 0 0)
(0.953002999925677 0 0)
(0.95302406791084 0 0)
(0.953044982417117 0 0)
(0.953067007701454 0 0)
(0.953091390325419 0 0)
(0.953116906185468 0 0)
(0.953142274295468 0 0)
(0.953169007529217 0 0)
(0.953197901679678 0 0)
(0.953229020502497 0 0)
(0.953262119620883 0 0)
(0.9532957909961 0 0)
(0.953331635917649 0 0)
(0.95337034672264 0 0)
(0.953409929528881 0 0)
(0.953452243846036 0 0)
(0.95349859867642 0 0)
(0.953547988357066 0 0)
(0.9536002121954 0 0)
(0.95365718821821 0 0)
(0.953719114845541 0 0)
(0.953784418960979 0 0)
(0.95385385804327 0 0)
(0.953929344956764 0 0)
(0.954011328507088 0 0)
(0.954098790101075 0 0)
(0.95419246722346 0 0)
(0.954295212369661 0 0)
(0.954406883323382 0 0)
(0.954525135132878 0 0)
(0.954654388665807 0 0)
(0.954795809157926 0 0)
(0.95494651556406 0 0)
(0.955107188002696 0 0)
(0.955281498163744 0 0)
(0.955469894766135 0 0)
(0.955669869623 0 0)
(0.955882823587414 0 0)
(0.956111159028645 0 0)
(0.956353692264041 0 0)
(0.956606871107015 0 0)
(0.956869274006482 0 0)
(0.957148252305578 0 0)
(0.957437642502177 0 0)
(0.957720775861429 0 0)
(0.95809085866987 0 0)
(0.958751633647211 0 0)
(0.959780924361211 0 0)
(0.96114948040842 0 0)
(0.96272242784761 0 0)
(0.964281053607644 0 0)
(0.965725724648361 0 0)
(0.967029001334735 0 0)
(0.968231679301498 0 0)
(0.96940473586658 0 0)
(0.970571360569845 0 0)
(0.971749543259953 0 0)
(0.972952678104703 0 0)
(0.974181392145799 0 0)
(0.975446264153731 0 0)
(0.976760857332278 0 0)
(0.978126435147266 0 0)
(0.979538168964907 0 0)
(0.981014331921113 0 0)
(0.982558033682259 0 0)
(0.98415715786145 0 0)
(0.985821378183751 0 0)
(0.987562306907285 0 0)
(0.989347365109832 0 0)
(0.991140349230208 0 0)
(0.992888945890436 0 0)
(0.994533421322138 0 0)
(0.996032448119331 0 0)
(0.997251947744511 0 0)
(0.998149279686279 0 0)
(0.998835029746932 0 0)
(0.999350736999513 0 0)
(0.999729902092458 0 0)
(1.00002890912891 0 0)
(1.00027904039393 0 0)
(1.00051891958458 0 0)
(1.00075501026717 0 0)
(1.00095434710402 0 0)
)
;
    }
    inlet
    {
        type            pressureInletOutletVelocity;
        value           nonuniform List<vector> 9((0.735718089998348 0 0) (0.378912740256882 0 0) (0.0966373193213318 0 0) (-0.110957377390314 0.0069435768984372 1.41761677327996e-17) (-0.244886595153998 0.00910372600472819 1.88255197575233e-17) (-0.307739196432837 0.010514313430394 2.1472688087637e-17) (-0.301621839526037 0.0106276326228997 1.86278892919741e-17) (-0.229360722760763 0.00870967424039418 1.22275072187256e-17) (-0.0949963320708971 0.00381477889081166 4.11088178555337e-18));
    }
    back
    {
        type            wedge;
    }
    front
    {
        type            wedge;
    }
}


// ************************************************************************* //
