
                    FoamFile
                    {
                         version   2.0;
                         format    ascii;
                         class     vectorField;
                         object    values;
                    }
                    //***********************************************************************// //

                    244
(
(-8843798.00539547 39771.414627307 4.74467056877371e-11)
(-8843798.00539547 39771.414627307 4.74467056877371e-11)
(-8862829.114003824 37883.11410316457 1.1382104764851189e-10)
(-9002980.827815708 31775.353760292513 1.2911208108512106e-10)
(-9164460.341536965 34805.90024072072 -1.5850396734947186e-10)
(-9340513.51929617 37315.27055060871 -4.783058684086808e-10)
(-9525489.317710996 38723.3685812007 -5.666265640154201e-10)
(-9718918.75089772 39762.58917317018 5.733939430244195e-10)
(-9919631.120911619 40790.7185564417 6.115311427737898e-10)
(-10128783.643857092 41851.98379614185 1.1245349325784271e-09)
(-10346770.033472572 42958.022717780936 1.2111627253273204e-10)
(-10573657.963879293 44098.33176138141 -8.764567166908819e-10)
(-10811353.15299215 45297.44337542354 -4.28797563728013e-10)
(-11058772.661520673 46503.74645169318 -9.63943988371055e-10)
(-11318610.4368599 47769.9401805243 -2.9786110738730738e-09)
(-11590066.945880923 49087.66904139094 -1.090091026170167e-09)
(-11874808.705091733 50506.621318618665 1.2236021585877836e-09)
(-12173769.485339407 51994.844921562224 1.9855065274548117e-09)
(-12487044.61945851 53542.316271444695 4.238549956611673e-09)
(-12817927.38885505 55183.497485693595 3.309671410449344e-09)
(-13164777.225410584 56905.36741548808 1.9387694789092032e-09)
(-13532233.587915529 58756.94622876131 -1.3067697082442688e-10)
(-13918978.442909405 60717.33620642929 2.4456573884108415e-11)
(-14328289.553450886 62800.96060547887 1.7998920193633791e-10)
(-14762073.704106878 65071.401764407005 -5.779621893955464e-09)
(-15220397.066918692 67517.43803489069 2.621880124655191e-09)
(-15709628.528945899 70161.21668063515 1.2376220602912637e-09)
(-16227106.946747622 73052.6652544518 -5.311827986244736e-09)
(-16780997.264992855 76278.80284000482 6.871182644507406e-10)
(-17369871.671172585 79797.78657762596 2.213144181401694e-09)
(-17999579.86242194 83852.50504602185 -3.2231544123620807e-10)
(-18673305.199445963 88399.60453251739 6.351176904185913e-10)
(-19392438.496043276 93500.9188659363 7.73394930335348e-09)
(-20167793.278342396 99730.32221720384 2.846225041439732e-09)
(-20993396.991628423 106678.90169380087 7.94825230042119e-09)
(-21885994.37879937 114796.7231195842 4.037774235155203e-09)
(-22839743.091017224 124942.28185976006 6.853016289754144e-09)
(-23861921.610418115 136537.21158696574 9.797407614194349e-09)
(-24959879.32948677 150372.67555068916 1.0394408109405675e-08)
(-26126137.00836187 168232.4804083254 2.7247913294292153e-08)
(-27369119.9227772 188215.8590916195 6.1540729221386645e-09)
(-28682509.71877709 212894.93013052017 -1.4117314483245747e-08)
(-30042692.860116497 251240.3197801105 -2.458062367177678e-11)
(-31395228.71301815 298640.23405897577 1.7466238266628041e-09)
(-32660537.299268663 378680.8407252276 -1.733767305580922e-08)
(-33583411.29894701 495616.896701135 1.2366731362878197e-09)
(-34076109.35206189 600418.7352971543 5.929354485644774e-09)
(-33962015.211100146 717308.5701260016 6.656228033108796e-09)
(-33160194.43079553 806824.0010846113 1.6253488137113538e-08)
(-31658621.130349815 843389.6912586992 -7.4431984232136224e-09)
(-29535930.464787804 855489.9015586218 -1.2690715092179478e-08)
(-26838266.626534477 803953.8935555341 1.8326337469826408e-08)
(-23765520.293252144 709912.0596250286 -4.58042020082083e-09)
(-20447521.22239869 581981.6967277876 -8.546459522567272e-09)
(-17002905.0641552 428985.2626012835 -1.3376142608464988e-10)
(-13520035.097934723 264116.40201681864 4.01186711115006e-09)
(-10049329.787252964 102021.34123466477 -2.029475507196816e-08)
(-6522908.978432154 -51474.97434024074 1.5312246015097626e-09)
(-2890653.000974044 -185847.103944046 -1.2253765128519528e-08)
(1029262.8779098706 -305821.2609024213 -2.8236532574185e-09)
(5553809.086713048 -396271.000805646 5.489709994563952e-10)
(11055530.576654399 -446122.42963282263 -1.320408810273214e-08)
(15124387.91156815 -34906.832739764635 7.485102520863919e-09)
(14538141.02508432 12417.765337687959 2.5036748867036025e-09)
(14476024.012807857 42828.7768932922 1.2636995853852784e-08)
(14405010.610992214 74161.71812281538 -2.235343329072583e-08)
(14357247.780491687 81690.07456509487 -1.2903367868948232e-10)
(14350735.139865028 86380.31591141732 -1.2949125834558435e-09)
(14367564.2163518 83961.07796061889 -7.202884368660752e-10)
(14389384.681019386 78008.20517982442 4.778938194608586e-10)
(14407852.747801699 71110.68729481033 -8.831287695697928e-10)
(14417138.178563122 79400.23980566932 -2.28433786802613e-10)
(14416502.2923258 81886.8617127469 -2.68049271081216e-10)
(14416502.2923258 81886.8617127469 -2.68049271081216e-10)
(14416502.2923258 81886.8617127469 -2.68049271081216e-10)
(14416502.2923258 81886.8617127469 -2.68049271081216e-10)
(14416502.2923258 81886.8617127469 -2.68049271081216e-10)
(14416502.2923258 81886.8617127469 -2.68049271081216e-10)
(14416502.2923258 81886.8617127469 -2.68049271081216e-10)
(14416502.2923258 81886.8617127469 -2.68049271081216e-10)
(14416502.2923258 81886.8617127469 -2.68049271081216e-10)
(14416502.2923258 81886.8617127469 -2.68049271081216e-10)
(14416502.2923258 81886.8617127469 -2.68049271081216e-10)
(14416502.2923258 81886.8617127469 -2.68049271081216e-10)
(14416502.2923258 81886.8617127469 -2.68049271081216e-10)
(14416502.2923258 81886.8617127469 -2.68049271081216e-10)
(14416502.2923258 81886.8617127469 -2.68049271081216e-10)
(14416502.2923258 81886.8617127469 -2.68049271081216e-10)
(14416502.2923258 81886.8617127469 -2.68049271081216e-10)
(14416502.2923258 81886.8617127469 -2.68049271081216e-10)
(14416502.2923258 81886.8617127469 -2.68049271081216e-10)
(14416502.2923258 81886.8617127469 -2.68049271081216e-10)
(14416502.2923258 81886.8617127469 -2.68049271081216e-10)
(14416502.2923258 81886.8617127469 -2.68049271081216e-10)
(14416502.2923258 81886.8617127469 -2.68049271081216e-10)
(14416502.2923258 81886.8617127469 -2.68049271081216e-10)
(14416502.2923258 81886.8617127469 -2.68049271081216e-10)
(14416502.2923258 81886.8617127469 -2.68049271081216e-10)
(14416502.2923258 81886.8617127469 -2.68049271081216e-10)
(14416502.2923258 81886.8617127469 -2.68049271081216e-10)
(14416502.2923258 81886.8617127469 -2.68049271081216e-10)
(14416502.2923258 81886.8617127469 -2.68049271081216e-10)
(14416502.2923258 81886.8617127469 -2.68049271081216e-10)
(14416502.2923258 81886.8617127469 -2.68049271081216e-10)
(14416502.2923258 81886.8617127469 -2.68049271081216e-10)
(14416502.2923258 81886.8617127469 -2.68049271081216e-10)
(14416502.2923258 81886.8617127469 -2.68049271081216e-10)
(14416502.2923258 81886.8617127469 -2.68049271081216e-10)
(14416502.2923258 81886.8617127469 -2.68049271081216e-10)
(14416502.2923258 81886.8617127469 -2.68049271081216e-10)
(14416502.2923258 81886.8617127469 -2.68049271081216e-10)
(14416502.2923258 81886.8617127469 -2.68049271081216e-10)
(14416502.2923258 81886.8617127469 -2.68049271081216e-10)
(14416502.2923258 81886.8617127469 -2.68049271081216e-10)
(14416502.2923258 81886.8617127469 -2.68049271081216e-10)
(14416502.2923258 81886.8617127469 -2.68049271081216e-10)
(14416502.2923258 81886.8617127469 -2.68049271081216e-10)
(14416502.2923258 81886.8617127469 -2.68049271081216e-10)
(14416502.2923258 81886.8617127469 -2.68049271081216e-10)
(14416502.2923258 81886.8617127469 -2.68049271081216e-10)
(14416502.2923258 81886.8617127469 -2.68049271081216e-10)
(14416502.2923258 81886.8617127469 -2.68049271081216e-10)
(-8843798.00539547 39771.414627307 4.74467056877371e-11)
(-8843798.00539547 39771.414627307 4.74467056877371e-11)
(-8862829.114003824 37883.11410316457 1.1382104764851189e-10)
(-9002980.827815708 31775.353760292513 1.2911208108512106e-10)
(-9164460.341536965 34805.90024072072 -1.5850396734947186e-10)
(-9340513.51929617 37315.27055060871 -4.783058684086808e-10)
(-9525489.317710996 38723.3685812007 -5.666265640154201e-10)
(-9718918.75089772 39762.58917317018 5.733939430244195e-10)
(-9919631.120911619 40790.7185564417 6.115311427737898e-10)
(-10128783.643857092 41851.98379614185 1.1245349325784271e-09)
(-10346770.033472572 42958.022717780936 1.2111627253273204e-10)
(-10573657.963879293 44098.33176138141 -8.764567166908819e-10)
(-10811353.15299215 45297.44337542354 -4.28797563728013e-10)
(-11058772.661520673 46503.74645169318 -9.63943988371055e-10)
(-11318610.4368599 47769.9401805243 -2.9786110738730738e-09)
(-11590066.945880923 49087.66904139094 -1.090091026170167e-09)
(-11874808.705091733 50506.621318618665 1.2236021585877836e-09)
(-12173769.485339407 51994.844921562224 1.9855065274548117e-09)
(-12487044.61945851 53542.316271444695 4.238549956611673e-09)
(-12817927.38885505 55183.497485693595 3.309671410449344e-09)
(-13164777.225410584 56905.36741548808 1.9387694789092032e-09)
(-13532233.587915529 58756.94622876131 -1.3067697082442688e-10)
(-13918978.442909405 60717.33620642929 2.4456573884108415e-11)
(-14328289.553450886 62800.96060547887 1.7998920193633791e-10)
(-14762073.704106878 65071.401764407005 -5.779621893955464e-09)
(-15220397.066918692 67517.43803489069 2.621880124655191e-09)
(-15709628.528945899 70161.21668063515 1.2376220602912637e-09)
(-16227106.946747622 73052.6652544518 -5.311827986244736e-09)
(-16780997.264992855 76278.80284000482 6.871182644507406e-10)
(-17369871.671172585 79797.78657762596 2.213144181401694e-09)
(-17999579.86242194 83852.50504602185 -3.2231544123620807e-10)
(-18673305.199445963 88399.60453251739 6.351176904185913e-10)
(-19392438.496043276 93500.9188659363 7.73394930335348e-09)
(-20167793.278342396 99730.32221720384 2.846225041439732e-09)
(-20993396.991628423 106678.90169380087 7.94825230042119e-09)
(-21885994.37879937 114796.7231195842 4.037774235155203e-09)
(-22839743.091017224 124942.28185976006 6.853016289754144e-09)
(-23861921.610418115 136537.21158696574 9.797407614194349e-09)
(-24959879.32948677 150372.67555068916 1.0394408109405675e-08)
(-26126137.00836187 168232.4804083254 2.7247913294292153e-08)
(-27369119.9227772 188215.8590916195 6.1540729221386645e-09)
(-28682509.71877709 212894.93013052017 -1.4117314483245747e-08)
(-30042692.860116497 251240.3197801105 -2.458062367177678e-11)
(-31395228.71301815 298640.23405897577 1.7466238266628041e-09)
(-32660537.299268663 378680.8407252276 -1.733767305580922e-08)
(-33583411.29894701 495616.896701135 1.2366731362878197e-09)
(-34076109.35206189 600418.7352971543 5.929354485644774e-09)
(-33962015.211100146 717308.5701260016 6.656228033108796e-09)
(-33160194.43079553 806824.0010846113 1.6253488137113538e-08)
(-31658621.130349815 843389.6912586992 -7.4431984232136224e-09)
(-29535930.464787804 855489.9015586218 -1.2690715092179478e-08)
(-26838266.626534477 803953.8935555341 1.8326337469826408e-08)
(-23765520.293252144 709912.0596250286 -4.58042020082083e-09)
(-20447521.22239869 581981.6967277876 -8.546459522567272e-09)
(-17002905.0641552 428985.2626012835 -1.3376142608464988e-10)
(-13520035.097934723 264116.40201681864 4.01186711115006e-09)
(-10049329.787252964 102021.34123466477 -2.029475507196816e-08)
(-6522908.978432154 -51474.97434024074 1.5312246015097626e-09)
(-2890653.000974044 -185847.103944046 -1.2253765128519528e-08)
(1029262.8779098706 -305821.2609024213 -2.8236532574185e-09)
(5553809.086713048 -396271.000805646 5.489709994563952e-10)
(11055530.576654399 -446122.42963282263 -1.320408810273214e-08)
(15124387.91156815 -34906.832739764635 7.485102520863919e-09)
(14538141.02508432 12417.765337687959 2.5036748867036025e-09)
(14476024.012807857 42828.7768932922 1.2636995853852784e-08)
(14405010.610992214 74161.71812281538 -2.235343329072583e-08)
(14357247.780491687 81690.07456509487 -1.2903367868948232e-10)
(14350735.139865028 86380.31591141732 -1.2949125834558435e-09)
(14367564.2163518 83961.07796061889 -7.202884368660752e-10)
(14389384.681019386 78008.20517982442 4.778938194608586e-10)
(14407852.747801699 71110.68729481033 -8.831287695697928e-10)
(14417138.178563122 79400.23980566932 -2.28433786802613e-10)
(14416502.2923258 81886.8617127469 -2.68049271081216e-10)
(14416502.2923258 81886.8617127469 -2.68049271081216e-10)
(14416502.2923258 81886.8617127469 -2.68049271081216e-10)
(14416502.2923258 81886.8617127469 -2.68049271081216e-10)
(14416502.2923258 81886.8617127469 -2.68049271081216e-10)
(14416502.2923258 81886.8617127469 -2.68049271081216e-10)
(14416502.2923258 81886.8617127469 -2.68049271081216e-10)
(14416502.2923258 81886.8617127469 -2.68049271081216e-10)
(14416502.2923258 81886.8617127469 -2.68049271081216e-10)
(14416502.2923258 81886.8617127469 -2.68049271081216e-10)
(14416502.2923258 81886.8617127469 -2.68049271081216e-10)
(14416502.2923258 81886.8617127469 -2.68049271081216e-10)
(14416502.2923258 81886.8617127469 -2.68049271081216e-10)
(14416502.2923258 81886.8617127469 -2.68049271081216e-10)
(14416502.2923258 81886.8617127469 -2.68049271081216e-10)
(14416502.2923258 81886.8617127469 -2.68049271081216e-10)
(14416502.2923258 81886.8617127469 -2.68049271081216e-10)
(14416502.2923258 81886.8617127469 -2.68049271081216e-10)
(14416502.2923258 81886.8617127469 -2.68049271081216e-10)
(14416502.2923258 81886.8617127469 -2.68049271081216e-10)
(14416502.2923258 81886.8617127469 -2.68049271081216e-10)
(14416502.2923258 81886.8617127469 -2.68049271081216e-10)
(14416502.2923258 81886.8617127469 -2.68049271081216e-10)
(14416502.2923258 81886.8617127469 -2.68049271081216e-10)
(14416502.2923258 81886.8617127469 -2.68049271081216e-10)
(14416502.2923258 81886.8617127469 -2.68049271081216e-10)
(14416502.2923258 81886.8617127469 -2.68049271081216e-10)
(14416502.2923258 81886.8617127469 -2.68049271081216e-10)
(14416502.2923258 81886.8617127469 -2.68049271081216e-10)
(14416502.2923258 81886.8617127469 -2.68049271081216e-10)
(14416502.2923258 81886.8617127469 -2.68049271081216e-10)
(14416502.2923258 81886.8617127469 -2.68049271081216e-10)
(14416502.2923258 81886.8617127469 -2.68049271081216e-10)
(14416502.2923258 81886.8617127469 -2.68049271081216e-10)
(14416502.2923258 81886.8617127469 -2.68049271081216e-10)
(14416502.2923258 81886.8617127469 -2.68049271081216e-10)
(14416502.2923258 81886.8617127469 -2.68049271081216e-10)
(14416502.2923258 81886.8617127469 -2.68049271081216e-10)
(14416502.2923258 81886.8617127469 -2.68049271081216e-10)
(14416502.2923258 81886.8617127469 -2.68049271081216e-10)
(14416502.2923258 81886.8617127469 -2.68049271081216e-10)
(14416502.2923258 81886.8617127469 -2.68049271081216e-10)
(14416502.2923258 81886.8617127469 -2.68049271081216e-10)
(14416502.2923258 81886.8617127469 -2.68049271081216e-10)
(14416502.2923258 81886.8617127469 -2.68049271081216e-10)
(14416502.2923258 81886.8617127469 -2.68049271081216e-10)
(14416502.2923258 81886.8617127469 -2.68049271081216e-10)
(14416502.2923258 81886.8617127469 -2.68049271081216e-10)
(14416502.2923258 81886.8617127469 -2.68049271081216e-10)
(14416502.2923258 81886.8617127469 -2.68049271081216e-10)
)