/*--------------------------------*- C++ -*----------------------------------*\
  =========                 |
  \\      /  F ield         | OpenFOAM: The Open Source CFD Toolbox
   \\    /   O peration     | Website:  https://openfoam.org
    \\  /    A nd           | Version:  8
     \\/     M anipulation  |
\*---------------------------------------------------------------------------*/
FoamFile
{
    version     2.0;
    format      ascii;
    class       surfaceScalarField;
    location    "0.0135000";
    object      meshPhi;
}
// * * * * * * * * * * * * * * * * * * * * * * * * * * * * * * * * * * * * * //

dimensions      [0 3 -1 0 0 0 0];

internalField   nonuniform List<scalar> 
1691
(
-5.77607354700862e-19
-5.39945014984923e-14
-1.15428058028621e-18
-5.39416481438726e-14
-1.73320882469393e-18
-5.39068084916806e-14
-2.31172256586376e-18
-5.38797998244538e-14
-2.88687434748746e-18
-5.38463487968462e-14
-3.47374614994301e-18
-5.38352576127534e-14
-4.06234945157669e-18
-5.38528957236269e-14
-4.64661619531317e-18
-5.38553203052192e-14
-5.22910229608529e-18
-5.38596189010311e-14
-5.86771509591801e-18
-5.39531489351398e-14
-6.49755767157395e-18
-5.40778853403042e-14
-7.04574004295786e-18
-5.40661964945357e-14
-7.6104462999424e-18
-5.39473776003655e-14
-8.19565701402096e-18
-5.38662491444968e-14
-8.79862259597047e-18
-5.38513455996503e-14
-9.41746085527451e-18
-5.38985801303691e-14
-1.01152331699465e-17
-5.40467283340222e-14
-1.07954656994003e-17
-5.41912538894381e-14
-1.12673884697222e-17
-5.41393003038695e-14
-1.18387772587258e-17
-5.39902985358467e-14
-1.25007230863406e-17
-5.39840051751949e-14
-1.32168604854083e-17
-5.41275184476143e-14
-1.39268350389116e-17
-5.43060549378531e-14
-1.46144150974938e-17
-5.44475753983319e-14
-1.52612570239758e-17
-5.45132593793491e-14
-1.58458445610604e-17
-5.4501331575527e-14
-1.64821132410961e-17
-5.44818427821374e-14
-1.71901633351124e-17
-5.45455089323215e-14
-1.79611940991414e-17
-5.4679560020509e-14
-1.86079201549192e-17
-5.47747258374409e-14
-1.92588826877744e-17
-5.48081444083703e-14
-2.00110079093737e-17
-5.48955542919428e-14
-2.09013199161444e-17
-5.51158397374447e-14
-2.18085434546134e-17
-5.54119425810574e-14
-2.25858690390529e-17
-5.55860771974872e-14
-2.29561631109529e-17
-5.55350300265089e-14
-2.38431392425977e-17
-5.55416814788857e-14
-2.48499281433222e-17
-5.57438713388893e-14
-2.53820987019459e-17
-5.58942259326151e-14
-2.64072733273755e-17
-5.60519935171345e-14
-2.74958683573256e-17
-5.63733872187688e-14
-2.83204270694e-17
-5.66210674555637e-14
-2.88393117944414e-17
-5.66232664341562e-14
-2.95323492931743e-17
-5.65625020040077e-14
-3.04947289842879e-17
-5.6679329863172e-14
-3.17061229123665e-17
-5.7022340614379e-14
-3.29667635879308e-17
-5.74922505582041e-14
-3.42717965763934e-17
-5.80032595837661e-14
-3.56088372847001e-17
-5.85031088730274e-14
-3.67281305816684e-17
-5.89089081116303e-14
-3.77313298051712e-17
-5.91687974408207e-14
-3.86598018952663e-17
-5.9354841895929e-14
-3.99338085403059e-17
-5.96478932366312e-14
-4.16127346557899e-17
-6.02033552655146e-14
-4.36041799391159e-17
-6.09957721684606e-14
-4.55257151401472e-17
-6.18898995761534e-14
-4.78629167975291e-17
-6.29534849040137e-14
-5.14518985439714e-17
-6.4651541440063e-14
-5.64796141627406e-17
-6.68383617547944e-14
-5.73070034162077e-17
-6.82193702309329e-14
-5.85163475173548e-17
-6.86531031232075e-14
-6.19733163546458e-17
-6.95559030609588e-14
-6.61708371033753e-17
-7.14256946091295e-14
-7.10984390963302e-17
-7.38276794872895e-14
-7.60696916138604e-17
-7.6274737943998e-14
-8.02243699843561e-17
-7.89041613697587e-14
-9.0915013945209e-17
-8.30971778952732e-14
-1.02283388993605e-16
-8.86782015186612e-14
-1.09017265521942e-16
-9.39317484627449e-14
-1.2264123009575e-16
-9.96896818994597e-14
-1.37899218050298e-16
-1.07113377681743e-13
-1.52144999680328e-16
-1.14968282807199e-13
-1.6671499569267e-16
-1.22634408894689e-13
-1.84490533354611e-16
-1.31018999987128e-13
-2.04116512604973e-16
-1.40287411826562e-13
-2.22309026817283e-16
-1.49993287736663e-13
-2.48038398373945e-16
-1.61324362389572e-13
-2.81246474140993e-16
-1.76175774999541e-13
-3.21186497197024e-16
-1.94133753454213e-13
-3.57770325971214e-16
-2.13039250206223e-13
-4.00738728604719e-16
-2.33107063048931e-13
-4.54858241291315e-16
-2.56215005639378e-13
-5.05377154183818e-16
-2.80147460457786e-13
-5.41839557513936e-16
-2.99542072221826e-13
-5.63391973584766e-16
-3.11501677390292e-13
-5.6654386688968e-16
-3.15912796670446e-13
-5.13508719966625e-16
-3.13097573247941e-13
-4.53526879168931e-16
-3.03681546835035e-13
-3.90338134966536e-16
-2.89545362356548e-13
-3.32517392365306e-16
-2.73756207380643e-13
-2.83643489844403e-16
-2.59639962255347e-13
-2.41901189194607e-16
-2.48492172731398e-13
-2.03413088727676e-16
-2.39608989557762e-13
-1.69857191161193e-16
-2.32851832407559e-13
-1.39395339028992e-16
-2.2827183425133e-13
-1.09796565223543e-16
-2.25367382256895e-13
-8.29050685230664e-17
-2.24591535712565e-13
-5.56799284511864e-17
-2.25252136296928e-13
-2.74859479344503e-17
-2.24833873950981e-13
-2.23456576751243e-13
-1.74263202724621e-18
-1.08883889488046e-13
-3.48158109635594e-18
-1.08749879394857e-13
-5.21849517312595e-18
-1.08633669744165e-13
-6.95190776485508e-18
-1.08524744134563e-13
-8.68212668948889e-18
-1.08410180941564e-13
-1.04148756372952e-17
-1.08315518037211e-13
-1.21479482746153e-17
-1.08246186038086e-13
-1.3873528032562e-17
-1.08163325937504e-13
-1.56049063269383e-17
-1.08082298082882e-13
-1.73625937322881e-17
-1.08080178190466e-13
-1.91092520232722e-17
-1.08105395200049e-13
-2.08087186762622e-17
-1.08009768716668e-13
-2.24987681598519e-17
-1.07819633030661e-13
-2.4206808522965e-17
-1.07662997283002e-13
-2.59252446447898e-17
-1.07564792829799e-13
-2.76679221152859e-17
-1.07521427095961e-13
-2.94544972120929e-17
-1.07567173999949e-13
-3.12005885089665e-17
-1.0760969879149e-13
-3.2846950916205e-17
-1.07478422859873e-13
-3.45122454014555e-17
-1.07261546860356e-13
-3.62629975919578e-17
-1.07170972234546e-13
-3.80532108428938e-17
-1.07212614915981e-13
-3.98429753947218e-17
-1.07285110519266e-13
-4.16084308524471e-17
-1.07324749138059e-13
-4.33306598351716e-17
-1.07297273056427e-13
-4.50182077525802e-17
-1.07201284913034e-13
-4.67291046310516e-17
-1.07098726265156e-13
-4.85047453756218e-17
-1.07069576034713e-13
-5.02975009196315e-17
-1.07102591039976e-13
-5.20327660086542e-17
-1.07101101121228e-13
-5.37542837909335e-17
-1.07044920786276e-13
-5.555913524577e-17
-1.07036530018344e-13
-5.74588635824791e-17
-1.07145409658326e-13
-5.93793534247046e-17
-1.07320984306559e-13
-6.11266444627605e-17
-1.07388870356513e-13
-6.27351354123494e-17
-1.07257845444515e-13
-6.4565062957241e-17
-1.07177945370732e-13
-6.64650984667831e-17
-1.07271001596961e-13
-6.82237745467593e-17
-1.07317461279519e-13
-7.01481778934498e-17
-1.07370401457401e-13
-7.21835070933245e-17
-1.07568172637932e-13
-7.40025449202071e-17
-1.07700608440982e-13
-7.56331650595979e-17
-1.07616372476718e-13
-7.73413720599304e-17
-1.07476651175592e-13
-7.92844945454738e-17
-1.0749348098459e-13
-8.14135956330506e-17
-1.07709610545744e-13
-8.36176601207455e-17
-1.08037267655808e-13
-8.58599157511478e-17
-1.08401433822532e-13
-8.80791859176357e-17
-1.08755715337314e-13
-9.01685262042433e-17
-1.09026463580913e-13
-9.21193935350773e-17
-1.09168619104177e-13
-9.40736771980257e-17
-1.09245414563828e-13
-9.62655935363616e-17
-1.09416958614691e-13
-9.88073516022644e-17
-1.09819243514117e-13
-1.01558590994584e-16
-1.10428514440361e-13
-1.04388748885326e-16
-1.11128512267999e-13
-1.07597356303454e-16
-1.11977436476339e-13
-1.11985289259896e-16
-1.13381750285533e-13
-1.1647322951193e-16
-1.15217306013636e-13
-1.19084192693769e-16
-1.16344988391684e-13
-1.21378668395174e-16
-1.16637899772463e-13
-1.2519767862387e-16
-1.1734182289824e-13
-1.29995674199473e-16
-1.18896630726563e-13
-1.35322295152847e-16
-1.20919977812609e-13
-1.40418725890558e-16
-1.22980728558209e-13
-1.46424792706482e-16
-1.25198504999938e-13
-1.55940988686413e-16
-1.28789613311927e-13
-1.66038972343703e-16
-1.33601119387342e-13
-1.75081132852828e-16
-1.38122301055772e-13
-1.87036699187231e-16
-1.4308402131259e-13
-2.0126605891869e-16
-1.49506683460863e-13
-2.15036620379679e-16
-1.56305785233569e-13
-2.29349069471489e-16
-1.62938454327634e-13
-2.4586894853632e-16
-1.70199186981656e-13
-2.63492600814618e-16
-1.78231366668877e-13
-2.82089464482126e-16
-1.86650024357895e-13
-3.05520620450923e-16
-1.96491354523736e-13
-3.36013009054263e-16
-2.09408510227543e-13
-3.70430548302112e-16
-2.25043759091392e-13
-4.05385530768275e-16
-2.41514063081933e-13
-4.45116709503014e-16
-2.59003620014961e-13
-4.91641807604298e-16
-2.79138629669026e-13
-5.35893260838626e-16
-2.99984277088145e-13
-5.69047539291234e-16
-3.16864340525308e-13
-5.89592501718555e-16
-3.27255353408928e-13
-5.9146857185682e-16
-3.31031903977315e-13
-5.38932437852823e-16
-3.28534423133444e-13
-4.79272124077653e-16
-3.20256662294633e-13
-4.17959532343126e-16
-3.07871738762326e-13
-3.60762646268678e-16
-2.94049945598338e-13
-3.10878554434089e-16
-2.81688531420655e-13
-2.6678309986755e-16
-2.71922579412376e-13
-2.26572038294551e-16
-2.64136616914152e-13
-1.90164180804376e-16
-2.58216338252936e-13
-1.56239418901502e-16
-2.54214492012554e-13
-1.23927444672154e-16
-2.51659762614352e-13
-9.31718124467446e-17
-2.50974194923697e-13
-6.22935510914847e-17
-2.51577528645328e-13
-3.09507029538426e-17
-2.51178865797773e-13
-2.49853235685355e-13
-2.93339780281778e-18
-1.65022338576669e-13
-5.85936643508055e-18
-1.64788924512322e-13
-8.77938760658223e-18
-1.64576744606569e-13
-1.1692157171547e-17
-1.64371453497289e-13
-1.45979679476105e-17
-1.64161410552016e-13
-1.75018229051347e-17
-1.63968632395643e-13
-2.04017709613293e-17
-1.63797749963598e-13
-2.32909912970551e-17
-1.63615208559473e-13
-2.61811519846064e-17
-1.63434303888792e-13
-2.90901180573736e-17
-1.63321604871028e-13
-3.19852413485665e-17
-1.63232516673783e-13
-3.48348580802211e-17
-1.63038953877241e-13
-3.76721110798986e-17
-1.6276358682596e-13
-4.05208948366237e-17
-1.62517097515036e-13
-4.3374611961459e-17
-1.6232120032129e-13
-4.62453387331091e-17
-1.62172812029709e-13
-4.91502660237206e-17
-1.62101410166998e-13
-5.20155931126031e-17
-1.62027170877348e-13
-5.47894811269391e-17
-1.61802783238691e-13
-5.75758058178888e-17
-1.61504351140755e-13
-6.04326386571988e-17
-1.6131493856156e-13
-6.33198220203406e-17
-1.61239863279606e-13
-6.62024242114458e-17
-1.61191571166448e-13
-6.90595134278033e-17
-1.61114884708082e-13
-7.18746011781757e-17
-1.60980147773607e-13
-7.46551892597752e-17
-1.60786159171648e-13
-7.74520159746752e-17
-1.60586437897418e-13
-8.03011947681809e-17
-1.60450092984969e-13
-8.31612202484476e-17
-1.6036747087878e-13
-8.59666573541795e-17
-1.60255108173472e-13
-8.87559298538729e-17
-1.60095497514091e-13
-9.16138053903141e-17
-1.59977074033868e-13
-9.45503542445644e-17
-1.59959869050876e-13
-9.75007056758666e-17
-1.60000230667043e-13
-1.00295697354594e-16
-1.59947659831584e-13
-1.02964967037156e-16
-1.59723390644563e-13
-1.05823712532282e-16
-1.59543039795735e-13
-1.08739504974974e-16
-1.59511904931097e-13
-1.1152708613346e-16
-1.59440739413569e-13
-1.1445558618571e-16
-1.59375060508087e-13
-1.17476592666811e-16
-1.59434192828173e-13
-1.20304564070192e-16
-1.59437090813568e-13
-1.2296376248309e-16
-1.59253143443166e-13
-1.25686428630362e-16
-1.59021165730837e-13
-1.28609710282815e-16
-1.58924016599122e-13
-1.31691140887509e-16
-1.58998734517802e-13
-1.34833221166684e-16
-1.59169499725028e-13
-1.38005686111257e-16
-1.59372196794265e-13
-1.41152559966847e-16
-1.59566386777869e-13
-1.44182021383717e-16
-1.59688063164666e-13
-1.47086310780061e-16
-1.59698913525535e-13
-1.4998898998784e-16
-1.59653253618264e-13
-1.53095405724364e-16
-1.59689137593377e-13
-1.56501224265946e-16
-1.5992372631151e-13
-1.60084462891478e-16
-1.60336349036558e-13
-1.63734411807453e-16
-1.60827033538744e-13
-1.67707417409149e-16
-1.61446035106301e-13
-1.72701648992377e-16
-1.62542719316695e-13
-1.77781478531272e-16
-1.64010253370784e-13
-1.81221573984953e-16
-1.64868926771508e-13
-1.84380627573974e-16
-1.65009025733053e-13
-1.88860352579918e-16
-1.65501693363099e-13
-1.94190282437495e-16
-1.66725964755427e-13
-1.9997507030542e-16
-1.68353771730728e-13
-2.05553147845455e-16
-1.7001375315147e-13
-2.11913708021937e-16
-1.71807251277249e-13
-2.21324645987442e-16
-1.74780064702679e-13
-2.31237541951503e-16
-1.7880244097391e-13
-2.40224063645508e-16
-1.82575506816886e-13
-2.51736938782642e-16
-1.86725503605977e-13
-2.65219322005803e-16
-1.92129488617322e-13
-2.78297071710122e-16
-1.97856424500867e-13
-2.91839448346773e-16
-2.03439066611703e-13
-3.0729041428838e-16
-2.09559439917887e-13
-3.23692537076538e-16
-2.16341386555173e-13
-3.40939876760863e-16
-2.23453360414607e-13
-3.62365859914794e-16
-2.31783239676885e-13
-3.89910412455658e-16
-2.42751082295368e-13
-4.20854192412308e-16
-2.56050981383949e-13
-4.52266089644496e-16
-2.70064882406909e-13
-4.87804705478462e-16
-2.84948780991638e-13
-5.29208277841898e-16
-3.02098627496694e-13
-5.68633906938399e-16
-3.19855279466454e-13
-5.98437658756474e-16
-3.34206069339451e-13
-6.17320518683861e-16
-3.42985100282388e-13
-6.18851827196468e-16
-3.46099040453951e-13
-5.65675880026746e-16
-3.43947289763835e-13
-5.06363447522503e-16
-3.36841514286219e-13
-4.45636679899895e-16
-3.26220008795096e-13
-3.88476949378198e-16
-3.14366114676469e-13
-3.37653012100666e-16
-3.03764082898087e-13
-2.91849650368215e-16
-2.95388001944292e-13
-2.49412346900327e-16
-2.88710312241564e-13
-2.10279933150799e-16
-2.83632841872021e-13
-1.73303421001796e-16
-2.80200939169769e-13
-1.37710709206159e-16
-2.78010245804733e-13
-1.03483876729796e-16
-2.77422491745381e-13
-6.91478255788911e-17
-2.77940044496652e-13
-3.4398138212874e-17
-2.77598954841564e-13
-2.76453687615703e-13
-4.15051248232757e-18
-2.22381657808166e-13
-8.28919208444243e-18
-2.22031365375041e-13
-1.2417428378786e-17
-2.21709355422094e-13
-1.65340658824252e-17
-2.21393906847599e-13
-2.06393616903065e-17
-2.2107454211603e-13
-2.47375942598465e-17
-2.20769728671474e-13
-2.88270904657031e-17
-2.20483371364409e-13
-3.29020281740058e-17
-2.20187232096447e-13
-3.69723637784723e-17
-2.1989240822608e-13
-4.10533409261718e-17
-2.19654937713632e-13
-4.51171577954168e-17
-2.19437503634785e-13
-4.91366988640646e-17
-2.19132315433203e-13
-5.31402407228817e-17
-2.18758140414848e-13
-5.71482167548883e-17
-2.18408107040161e-13
-6.11550373286234e-17
-2.18100712464812e-13
-6.51709816289352e-17
-2.17833311221549e-13
-6.92106847196884e-17
-2.17630579207633e-13
-7.32112463068541e-17
-2.17425593868919e-13
-7.71284096659985e-17
-2.17094553325913e-13
-8.10506261080847e-17
-2.16701037075392e-13
-8.5027581173687e-17
-2.1639887569874e-13
-8.90251267764224e-17
-2.16192921428536e-13
-9.30134217135597e-17
-2.16009711323643e-13
-9.69745307812994e-17
-2.15802748965406e-13
-1.00894402294191e-16
-2.15546993418845e-13
-1.04779371179154e-16
-2.1524135354978e-13
-1.08672744035019e-16
-2.14930758106328e-13
-1.12605331074525e-16
-2.14673335387853e-13
-1.16541869149469e-16
-2.14461155470104e-13
-1.20426489222656e-16
-2.14224157794955e-13
-1.24291830335011e-16
-2.13947420014234e-13
-1.28210165351237e-16
-2.1370508858565e-13
-1.32190193444348e-16
-2.13547715042108e-13
-1.36176612467658e-16
-2.13438793905504e-13
-1.40025323048283e-16
-2.13252020826435e-13
-1.43761310262616e-16
-2.12921033202327e-13
-1.47653072022256e-16
-2.1262655492171e-13
-1.51588294570408e-16
-2.12457364675359e-13
-1.55408957412965e-16
-2.1225484049444e-13
-1.59343882122886e-16
-2.12056694675737e-13
-1.63352340948336e-16
-2.11963159240893e-13
-1.67191224993445e-16
-2.11822782549212e-13
-1.70880859440551e-16
-2.11525777621534e-13
-1.74618790514335e-16
-2.1118818324683e-13
-1.78521984677123e-16
-2.10963368801466e-13
-1.82554496008613e-16
-2.10882664032595e-13
-1.86632952152155e-16
-2.10882463121272e-13
-1.90733029193686e-16
-2.10909489534265e-13
-1.94804849614625e-16
-2.10929497218706e-13
-1.98771536047498e-16
-2.10888389885804e-13
-2.02626065850743e-16
-2.10754379589826e-13
-2.06473533310931e-16
-2.10572752343245e-13
-2.10488883141176e-16
-2.10459326077557e-13
-2.14753250234315e-16
-2.10512298279765e-13
-2.19162554993179e-16
-2.10714072616395e-13
-2.23623447798411e-16
-2.10981154467488e-13
-2.28353462238161e-16
-2.11355827871233e-13
-2.33944796710827e-16
-2.12129856821335e-13
-2.39603850247531e-16
-2.13214046433247e-13
-2.43865269529536e-16
-2.13789453612341e-13
-2.47881005727588e-16
-2.13763441973067e-13
-2.53011397567949e-16
-2.14031056366308e-13
-2.58858805076527e-16
-2.14910153361851e-13
-2.65088196949918e-16
-2.16127489770504e-13
-2.71135663004448e-16
-2.17371911634011e-13
-2.77838321823162e-16
-2.1872622462411e-13
-2.87123589544964e-16
-2.21064730026472e-13
-2.96831918193158e-16
-2.24281281053457e-13
-3.05747340404946e-16
-2.27290104693157e-13
-3.167970015577e-16
-2.30612218312914e-13
-3.29511343076132e-16
-2.34980706439123e-13
-3.41876459512085e-16
-2.39618834923705e-13
-3.54626867516716e-16
-2.44135394619026e-13
-3.68988017206925e-16
-2.49099460048853e-13
-3.84149320594403e-16
-2.54615247234865e-13
-4.00016554723444e-16
-2.60404965105054e-13
-4.19413134484139e-16
-2.67207871017424e-13
-4.43987639256296e-16
-2.76210239104591e-13
-4.71435415712074e-16
-2.87158248805938e-13
-4.99267214732321e-16
-2.98699979603015e-13
-5.30580636063559e-16
-3.10963452096437e-13
-5.66851433807458e-16
-3.25113894829465e-13
-6.01437099056926e-16
-3.39768556973893e-13
-6.27860382204269e-16
-3.5157968119387e-13
-6.45019064101275e-16
-3.58739191151326e-13
-6.46207190782153e-16
-3.61186615652944e-13
-5.92433025891175e-16
-3.59385018019986e-13
-5.33487270222573e-16
-3.53454151215612e-13
-4.73344883354924e-16
-3.4459839636832e-13
-4.1622101572222e-16
-3.3471494842702e-13
-3.64459971662893e-16
-3.25874696018181e-13
-3.16949596607781e-16
-3.18890350270444e-13
-2.7228877574306e-16
-3.13322319987812e-13
-2.30425814626712e-16
-3.09088652090551e-13
-1.90388033324296e-16
-3.06227242424054e-13
-1.51521552823986e-16
-3.04400808273823e-13
-1.13811214480925e-16
-3.03910805727592e-13
-7.6008376180575e-17
-3.04342264549383e-13
-3.78555153648973e-17
-3.04057969465036e-13
-3.03091526737964e-13
-5.39335917074988e-18
-2.80935464143436e-13
-1.07699362659677e-17
-2.8045139350533e-13
-1.613096335867e-17
-2.8000625086584e-13
-2.14754829874787e-17
-2.79567405764804e-13
-2.68036935748586e-17
-2.7912543580898e-13
-3.21191105014207e-17
-2.78695224744521e-13
-3.74203901002609e-17
-2.78279993322738e-13
-4.27027072211495e-17
-2.77856872898754e-13
-4.79742500334701e-17
-2.77434677883608e-13
-5.32476669115102e-17
-2.77058808243261e-13
-5.85000436707373e-17
-2.76699433800015e-13
-6.3708917622957e-17
-2.76269348857475e-13
-6.88975301082199e-17
-2.75783291074062e-13
-7.40828766614594e-17
-2.75316555859411e-13
-7.92603924674549e-17
-2.7488435989663e-13
-8.4438446500761e-17
-2.74484464584114e-13
-8.96291756947373e-17
-2.74136722968724e-13
-9.47807983900442e-17
-2.73787415472352e-13
-9.98566424603813e-17
-2.73336560421505e-13
-1.04929482643094e-16
-2.72834926350531e-13
-1.10040526561526e-16
-2.7240667070924e-13
-1.15161733140544e-16
-2.72056193465235e-13
-1.20268484143029e-16
-2.71724370259738e-13
-1.25345897101061e-16
-2.71373557910801e-13
-1.30382314406682e-16
-2.70983392341994e-13
-1.35382909121365e-16
-2.70552855278266e-13
-1.40383397385968e-16
-2.70118131001238e-13
-1.45409284941673e-16
-2.69726213593958e-13
-1.50431654303628e-16
-2.69370959184827e-13
-1.55404327355623e-16
-2.6899591038585e-13
-1.6035400603138e-16
-2.68588727109223e-13
-1.65340305430813e-16
-2.68209047381077e-13
-1.70370597747882e-16
-2.67897840647031e-13
-1.75399361499874e-16
-2.67625902334184e-13
-1.80307814285383e-16
-2.67291453893772e-13
-1.85116095457186e-16
-2.6684062009447e-13
-1.90045514083675e-16
-2.66418775851143e-13
-1.95004227411391e-16
-2.66098028120895e-13
-1.99861601942638e-16
-2.65750718808116e-13
-2.04805711776607e-16
-2.65406638465967e-13
-2.09803744643009e-16
-2.65146762164603e-13
-2.14655530826826e-16
-2.64849610761469e-13
-2.19377258443968e-16
-2.6442642993565e-13
-2.2413136951692e-16
-2.63970181645809e-13
-2.29014434128341e-16
-2.63604401716766e-13
-2.33997134283883e-16
-2.63354635839228e-13
-2.39010577134878e-16
-2.6316973376221e-13
-2.44035801071015e-16
-2.63007121399799e-13
-2.49030148723649e-16
-2.62839026609231e-13
-2.53931204209752e-16
-2.62621605604776e-13
-2.5873274368191e-16
-2.6232938042863e-13
-2.63521159515938e-16
-2.61998542999007e-13
-2.68440769720841e-16
-2.61722438895771e-13
-2.73558036441035e-16
-2.61580132724204e-13
-2.78786941976603e-16
-2.61557162205465e-13
-2.84051703822309e-16
-2.61586651050618e-13
-2.8953068935895e-16
-2.61702825151063e-13
-2.95709337548302e-16
-2.62139445466597e-13
-3.01937461886483e-16
-2.62825185397275e-13
-3.0701156924823e-16
-2.63103092184688e-13
-3.11875167102333e-16
-2.62897720308735e-13
-3.17645449573635e-16
-2.62926758048918e-13
-3.23998133271576e-16
-2.63446368890355e-13
-3.30659020690028e-16
-2.64238428123296e-13
-3.371626366262e-16
-2.65052525457767e-13
-3.44193085186477e-16
-2.6595304305732e-13
-3.53335333752541e-16
-2.67641734540187e-13
-3.62820996470118e-16
-2.70036006377527e-13
-3.71647856389186e-16
-2.72264468590581e-13
-3.82214972679657e-16
-2.7474267631712e-13
-3.94140462655294e-16
-2.78059034919376e-13
-4.05772448024299e-16
-2.81591758335279e-13
-4.17710457874786e-16
-2.85026200391252e-13
-4.30960351195839e-16
-2.88818083795242e-13
-4.44858960267695e-16
-2.93051791228039e-13
-4.59324487663928e-16
-2.9750372941485e-13
-4.76669104218996e-16
-3.02764457943069e-13
-4.98248611254459e-16
-3.09785583405454e-13
-5.22174723901664e-16
-3.18365359879339e-13
-5.46402482024492e-16
-3.27419271483591e-13
-5.73467477933629e-16
-3.37047821437245e-13
-6.04582206614172e-16
-3.48184937467778e-13
-6.3430724185492e-16
-3.59724691359595e-13
-6.57334673396077e-16
-3.68985731059331e-13
-6.72758396272777e-16
-3.74518344496728e-13
-6.73598141283589e-16
-3.762954339129e-13
-6.19228719286001e-16
-3.74848154925382e-13
-5.60649305758099e-16
-3.70094830665635e-13
-5.01090821105345e-16
-3.63006995014228e-13
-4.440020381452e-16
-3.55096395365824e-13
-3.91302266928176e-16
-3.48020237107928e-13
-3.4208224214765e-16
-3.42429483991122e-13
-2.95194727134069e-16
-3.37972533110184e-13
-2.505974779148e-16
-3.3458371297497e-13
-2.07494320207336e-16
-3.32293439476802e-13
-1.65349795270241e-16
-3.30831632100056e-13
-1.24151540883025e-16
-3.30439447559034e-13
-8.2877531008413e-17
-3.30784715749468e-13
-4.13171378307652e-17
-3.30557382641791e-13
-3.29770133415757e-13
-6.66141736750252e-18
-3.40658460741737e-13
-1.33005187542588e-17
-3.40024335548954e-13
-1.99184416458815e-17
-3.39443279064924e-13
-2.65143613467443e-17
-3.38868304817243e-13
-3.30884431328694e-17
-3.38290968142211e-13
-3.96434435361995e-17
-3.37722524046476e-13
-4.61783481844978e-17
-3.37165512967309e-13
-5.26893078508809e-17
-3.36602530816614e-13
-5.91827307703285e-17
-3.36040075689732e-13
-6.56686354922211e-17
-3.35512716399512e-13
-7.21291157562104e-17
-3.3499822177625e-13
-7.85463762979509e-17
-3.3443035470197e-13
-8.49386080292784e-17
-3.33819813482248e-13
-9.13192485277173e-17
-3.3322372657591e-13
-9.76847702347692e-17
-3.32653900881543e-13
-1.04041623727163e-16
-3.32108515984646e-13
-1.10399414714457e-16
-3.31602563033336e-13
-1.16717684051022e-16
-3.3109573494429e-13
-1.22967418505585e-16
-3.30512256280833e-13
-1.29205497785447e-16
-3.29889944773016e-13
-1.35464481360045e-16
-3.29322797137687e-13
-1.41722564200955e-16
-3.28814650918559e-13
-1.47960389071492e-16
-3.28320933383633e-13
-1.54166235682597e-16
-3.27813050653474e-13
-1.6033086393083e-16
-3.27275427081343e-13
-1.66458265922299e-16
-3.26707131590606e-13
-1.72576432733898e-16
-3.2613546319568e-13
-1.78705491382264e-16
-3.25596084597626e-13
-1.84822956511771e-16
-3.25084625854436e-13
-1.90892504383293e-16
-3.24558436580608e-13
-1.96934787528056e-16
-3.24007849912274e-13
-2.02996629032666e-16
-3.23477801951576e-13
-2.0908399503843e-16
-3.22999502450149e-13
-2.15161355174681e-16
-3.22551131066187e-13
-2.21135544205252e-16
-3.22055788858916e-13
-2.2702179949203e-16
-3.21472314179023e-13
-2.32993656238866e-16
-3.20910292228396e-13
-2.38979939712859e-16
-3.2042483281061e-13
-2.4487773974074e-16
-3.19919604638883e-13
-2.50833972863697e-16
-3.19416492708422e-13
-2.56823765224613e-16
-3.18976948326289e-13
-2.62690428782917e-16
-3.18509744865873e-13
-2.68445981662516e-16
-3.17947483780496e-13
-2.74217373330723e-16
-3.17359857657428e-13
-2.80080489656597e-16
-3.16840189680767e-13
-2.8601268499515e-16
-3.16408089972812e-13
-2.91959886097381e-16
-3.16025062650137e-13
-2.97907878322206e-16
-3.15659118289528e-13
-3.03822385873663e-16
-3.15289214707066e-13
-3.09655013320936e-16
-3.14882112437263e-13
-3.15400457146721e-16
-3.14418510352017e-13
-3.21126207890068e-16
-3.13925482572857e-13
-3.26945584791836e-16
-3.13473610158631e-13
-3.32910292738656e-16
-3.13122616498518e-13
-3.38952644025734e-16
-3.12861303112161e-13
-3.45014402523115e-16
-3.12639502763371e-13
-3.5123449713619e-16
-3.12483234843538e-13
-3.57990995307051e-16
-3.12567958454255e-13
-3.6477809333808e-16
-3.12840352105878e-13
-3.70656089475577e-16
-3.12806537299175e-13
-3.76358868605874e-16
-3.12408598408705e-13
-3.82758704803334e-16
-3.12185809434906e-13
-3.89604760331412e-16
-3.12331946856988e-13
-3.96683944890876e-16
-3.12684039962887e-13
-4.03630508827364e-16
-3.13053066279452e-13
-4.10975128979357e-16
-3.13485477772537e-13
-4.1995766804036e-16
-3.14509358019582e-13
-4.29202510432586e-16
-3.16065126585616e-13
-4.37923333629518e-16
-3.17497103517322e-13
-4.47988920524749e-16
-3.19115515010241e-13
-4.59104893796047e-16
-3.21363290964326e-13
-4.69983164319528e-16
-3.23774043877028e-13
-4.81088425479602e-16
-3.261103436249e-13
-4.93205709143754e-16
-3.28714236078564e-13
-5.05819611546076e-16
-3.31649938117365e-13
-5.18862061190436e-16
-3.34748611232443e-13
-5.34132897123691e-16
-3.38452260337035e-13
-5.52692934158905e-16
-3.43476738260962e-13
-5.7307179438777e-16
-3.49672081040817e-13
-5.936717783348e-16
-3.56222577588354e-13
-6.16465672197421e-16
-3.63201883312563e-13
-6.42401329686214e-16
-3.71311916383936e-13
-6.67244848520033e-16
-3.79723802916746e-13
-6.86860986728076e-16
-3.86424201840302e-13
-7.0053932647692e-16
-3.90322536531871e-13
-7.0102538530297e-16
-3.91425522779395e-13
-6.46063169413833e-16
-3.9033668007769e-13
-5.87849578088589e-16
-3.86763451865599e-13
-5.28874348031737e-16
-3.81445644835755e-13
-4.71819784921058e-16
-3.75510249170686e-13
-4.18179669420609e-16
-3.70200490031864e-13
-3.67247395362206e-16
-3.66005188870225e-13
-3.18130053201201e-16
-3.62660737609832e-13
-2.70794817209511e-16
-3.60117808520926e-13
-2.24622228170397e-16
-3.5839930106908e-13
-1.79195434661362e-16
-3.57302475534234e-13
-1.34504874683879e-16
-3.57008176848079e-13
-8.97553462762425e-17
-3.5726716026676e-13
-4.47831361332566e-17
-3.57096960416536e-13
-3.56489270354176e-13
-7.95415787110835e-18
-4.01526351484212e-13
-1.58799404849368e-17
-4.00726613978141e-13
-2.37783587458933e-17
-3.99997350743421e-13
-3.16487439438846e-17
-3.99273971480502e-13
-3.94912267850121e-17
-3.98548992448393e-13
-4.73077953942714e-17
-3.97829979064065e-13
-5.50977391810073e-17
-3.97118746740228e-13
-6.2858242017788e-17
-3.96403496884896e-13
-7.05939011773943e-17
-3.95688431854985e-13
-7.83120334586971e-17
-3.94997003807628e-13
-8.59997811091067e-17
-3.94314592347545e-13
-9.36441949587515e-17
-3.93596413267171e-13
-1.01258297619161e-16
-3.92849237913357e-13
-1.0885191390805e-16
-3.92111634824851e-13
-1.16422502471511e-16
-3.9139180308495e-13
-1.2397465039104e-16
-3.9068839629961e-13
-1.31515327532452e-16
-3.90011485306311e-13
-1.39015571651294e-16
-3.89334288753785e-13
-1.46454208941785e-16
-3.8860570437049e-13
-1.53872035047495e-16
-3.87850611694885e-13
-1.61292746054552e-16
-3.87132306794923e-13
-1.68700775820833e-16
-3.86453825732149e-13
-1.76082179244953e-16
-3.85785325785497e-13
-1.83428449866024e-16
-3.85107483499563e-13
-1.90732846672972e-16
-3.8440967572242e-13
-1.97998157278123e-16
-3.8369112661649e-13
-2.05244549965825e-16
-3.82970123105005e-13
-2.12486643462231e-16
-3.82270752306991e-13
-2.19708412648495e-16
-3.81590328734367e-13
-2.268835992054e-16
-3.80900217835648e-13
-2.34026788828766e-16
-3.80193614963422e-13
-2.41171780338802e-16
-3.79500586353638e-13
-2.48323076992283e-16
-3.78842325999658e-13
-2.55455235187719e-16
-3.78204407189147e-13
-2.6250111834071e-16
-3.77535189396833e-13
-2.69471151639887e-16
-3.76806599574847e-13
-2.76490354693217e-16
-3.76092006101382e-13
-2.83508297584263e-16
-3.75429015585904e-13
-2.90450316981963e-16
-3.74753014982028e-13
-2.97421776556367e-16
-3.74078135858896e-13
-3.04405591531851e-16
-3.73445930478916e-13
-3.1128908087951e-16
-3.7279560559374e-13
-3.18080260583473e-16
-3.72081561536697e-13
-3.24870220799752e-16
-3.71350138796795e-13
-3.31713797017053e-16
-3.70664031598669e-13
-3.385949766049e-16
-3.70036685540396e-13
-3.45474839395203e-16
-3.69442388038962e-13
-3.52343442204752e-16
-3.68859744133326e-13
-3.59175777855047e-16
-3.68274606008043e-13
-3.65937220000954e-16
-3.67664590278817e-13
-3.72623590942204e-16
-3.6701663124414e-13
-3.79283285094002e-16
-3.66348689163998e-13
-3.85998113227256e-16
-3.6570822888172e-13
-3.92804996630795e-16
-3.651353847926e-13
-3.99654945418056e-16
-3.64622423761867e-13
-4.06507035500087e-16
-3.64135928058553e-13
-4.13460551708235e-16
-3.63693498746312e-13
-4.20785747461906e-16
-3.63412098305145e-13
-4.28121777278368e-16
-3.63256452520923e-13
-4.34794691695854e-16
-3.6289669710335e-13
-4.41328101392166e-16
-3.62293017653577e-13
-4.48347609575346e-16
-3.61805424178589e-13
-4.55675421207564e-16
-3.61564423583053e-13
-4.63159609015786e-16
-3.61461969622988e-13
-4.70535944805919e-16
-3.61371187033674e-13
-4.78181839778282e-16
-3.61321485928761e-13
-4.86988620666538e-16
-3.61666069991469e-13
-4.95974417438699e-16
-3.62367330441434e-13
-5.04571713721296e-16
-3.62986686054818e-13
-5.14117137488485e-16
-3.63729544220605e-13
-5.24403057827577e-16
-3.64892460789952e-13
-5.34506932612774e-16
-3.66164699416967e-13
-5.44759162782958e-16
-3.67386832920523e-13
-5.55722558156796e-16
-3.68786980981563e-13
-5.67029581759437e-16
-3.70408734011936e-13
-5.78627809493598e-16
-3.72138687349485e-13
-5.91803750980767e-16
-3.74270645877128e-13
-6.07320301138844e-16
-3.77283425427046e-13
-6.24126318544119e-16
-3.81078271422095e-13
-6.4107495893973e-16
-3.85109804791997e-13
-6.5957549923408e-16
-3.89425715189072e-13
-6.80309223701469e-16
-3.94495067420422e-13
-7.00250072526153e-16
-3.9976609412888e-13
-7.16439242477376e-16
-4.03895150757744e-13
-7.28361973937334e-16
-4.06151810799137e-13
-7.28489007256848e-16
-4.06576967190407e-13
-6.72936306646318e-16
-4.05850635773341e-13
-6.15087942849792e-16
-4.03460000597166e-13
-5.56695266967249e-16
-3.9991429561549e-13
-4.99674070477792e-16
-3.95956457473341e-13
-4.45092030133205e-16
-3.92415424277405e-13
-3.92444951377019e-16
-3.89617475451094e-13
-3.41094680821983e-16
-3.87386991596054e-13
-2.91017788739825e-16
-3.85691044376528e-13
-2.41771719635604e-16
-3.84544968878701e-13
-1.93058451058434e-16
-3.83813510220397e-13
-1.4487120287775e-16
-3.83617188521064e-13
-9.66418144387113e-17
-3.83789799839822e-13
-4.82535114834905e-17
-3.83676945088542e-13
-3.83249263551609e-13
-9.27069913049494e-18
-4.63479640657817e-13
-1.85064426282456e-17
-4.62499511893033e-13
-2.77081028342028e-17
-4.61610239707605e-13
-3.68752251368268e-17
-4.60726652978902e-13
-4.60078349984285e-17
-4.59842242509569e-13
-5.51071748614155e-17
-4.58960815345156e-13
-6.41728040050055e-17
-4.58083375183172e-13
-7.32030160737167e-17
-4.57203916769532e-13
-8.22005533722776e-17
-4.56324423011389e-13
-9.11699368229243e-17
-4.55456848237815e-13
-1.00103416884464e-16
-4.54594090307626e-13
-1.08993045096271e-16
-4.53713405924234e-13
-1.17846644924661e-16
-4.52817879913414e-13
-1.26670277051872e-16
-4.51927067211794e-13
-1.35462404454284e-16
-4.51045287944074e-13
-1.44225736642988e-16
-4.50171771490623e-13
-1.52964549277067e-16
-4.49311591608996e-13
-1.61661470378153e-16
-4.48451506502727e-13
-1.70303456701013e-16
-4.47565635075081e-13
-1.78915048072002e-16
-4.46666089859244e-13
-1.87510779139121e-16
-4.45784873797576e-13
-1.96081358578228e-16
-4.44923848922997e-13
-2.04618310555054e-16
-4.4406804385192e-13
-2.13116471915586e-16
-4.43207651730547e-13
-2.21571683515694e-16
-4.42337221318225e-13
-2.29985577505452e-16
-4.41456256124188e-13
-2.38370332389894e-16
-4.40573916966171e-13
-2.46734912251299e-16
-4.39702423377969e-13
-2.55069748939918e-16
-4.38840605943596e-13
-2.63358876894132e-16
-4.37974058707403e-13
-2.7161088936246e-16
-4.37099127668442e-13
-2.79846310927537e-16
-4.36230869860857e-13
-2.88068016868032e-16
-4.35380126689404e-13
-2.9626073436475e-16
-4.345397969904e-13
-3.0438382151125e-16
-4.33683903273861e-13
-3.12443126056812e-16
-4.32797986641453e-13
-3.20514327522818e-16
-4.31918788758587e-13
-3.2856762410997e-16
-4.31065725202701e-13
-3.36557308024134e-16
-4.3020631285156e-13
-3.44546861340624e-16
-4.29347222352329e-13
-3.52526585013148e-16
-4.28509626963555e-13
-3.60428409339399e-16
-4.27663242457979e-13
-3.68256658210229e-16
-4.26784831288179e-13
-3.76066231203418e-16
-4.25897412523803e-13
-3.83890450157612e-16
-4.25032597935973e-13
-3.9171986797526e-16
-4.24197359335201e-13
-3.99530949744087e-16
-4.23378849432903e-13
-4.07317794268413e-16
-4.22566299221079e-13
-4.15065197890927e-16
-4.21752602286146e-13
-4.22752275212877e-16
-4.20926478817055e-13
-4.30376249984749e-16
-4.20081238869711e-13
-4.37966235458947e-16
-4.19225781687819e-13
-4.4557189909476e-16
-4.18384047424803e-13
-4.53215386626208e-16
-4.17576290170069e-13
-4.60866901914473e-16
-4.16798516781965e-13
-4.68502345682143e-16
-4.16034048831115e-13
-4.76181255152868e-16
-4.15291790547277e-13
-4.84065789710401e-16
-4.14630120338144e-13
-4.91940221988551e-16
-4.14031759669285e-13
-4.99398345937988e-16
-4.13331640982383e-13
-5.06753392237287e-16
-4.12508845477222e-13
-5.14382554927688e-16
-4.11743493782337e-13
-5.22180202244147e-16
-4.11101763759615e-13
-5.30055376915661e-16
-4.10530025648688e-13
-5.37847692294726e-16
-4.09964411472934e-13
-5.45782020091467e-16
-4.09418571686265e-13
-5.54396979895024e-16
-4.09069564974479e-13
-5.63104732598861e-16
-4.0890020410729e-13
-5.715602548563e-16
-4.086904133669e-13
-5.80566466814761e-16
-4.08541678732191e-13
-5.90001132861016e-16
-4.08603202472939e-13
-5.99308977165051e-16
-4.08719930760075e-13
-6.08687043006777e-16
-4.08811333903375e-13
-6.18474364317141e-16
-4.0899143504707e-13
-6.28451106750029e-16
-4.09282596356429e-13
-6.38583019470989e-16
-4.0962761854236e-13
-6.49642411220148e-16
-4.10172696987671e-13
-6.62090576095467e-16
-4.11158136463945e-13
-6.75296651743154e-16
-4.1253548151442e-13
-6.88568763152236e-16
-4.1403124000582e-13
-7.02752067479934e-16
-4.15668176963939e-13
-7.18258585919041e-16
-4.17681414373216e-13
-7.33271962946945e-16
-4.19795846391515e-13
-7.46013511666249e-16
-4.21338862774373e-13
-7.56169514185704e-16
-4.21943925614337e-13
-7.55957242706215e-16
-4.21701129281026e-13
-6.99838976597842e-16
-4.21367174723524e-13
-6.42355110859123e-16
-4.20173162034029e-13
-5.84544271884253e-16
-4.18400581377066e-13
-5.27555886119189e-16
-4.16421685102689e-13
-4.72030953152707e-16
-4.14651017739247e-13
-4.17667329632796e-16
-4.13251923850856e-13
-3.64081928417115e-16
-4.12136662776241e-13
-3.11260685227713e-16
-4.11288713268389e-13
-2.58938075179488e-16
-4.10715781967473e-13
-2.06935120272289e-16
-4.10350200928464e-13
-1.5524778962093e-16
-4.10252169282869e-13
-1.03535145309023e-16
-4.10338590010656e-13
-5.17273260749309e-17
-4.10283052849586e-13
-4.10034283536886e-13
-1.06147448407462e-17
-2.11876818011912e-17
-3.17192178948205e-17
-4.22091750406328e-17
-5.26575452864582e-17
-6.30647624111472e-17
-7.34306855541795e-17
-8.37547191295942e-17
-9.4037776279026e-17
-1.04281403569926e-16
-1.14483022945222e-16
-1.24639912204873e-16
-1.3475468316229e-16
-1.44829427934509e-16
-1.54863611907477e-16
-1.64858118269816e-16
-1.74814420999602e-16
-1.84726728961533e-16
-1.94590566976788e-16
-2.04414163001923e-16
-2.14202448619288e-16
-2.23952335386091e-16
-2.33660977224709e-16
-2.43326614226514e-16
-2.5294783864061e-16
-2.62525188270905e-16
-2.72062737371952e-16
-2.81563545497123e-16
-2.9102441648102e-16
-3.00439974359648e-16
-3.09813032602348e-16
-3.19150526415534e-16
-3.28453442914907e-16
-3.37716711371017e-16
-3.4692664686412e-16
-3.56085079106123e-16
-3.65217457659948e-16
-3.74313985569762e-16
-3.83359133784061e-16
-3.92374161517577e-16
-4.01356003858386e-16
-4.10281800097636e-16
-4.19152853571989e-16
-4.27987557355829e-16
-4.36797149954128e-16
-4.45578534147996e-16
-4.54323802394813e-16
-4.63030979475027e-16
-4.71694970048367e-16
-4.80308750148292e-16
-4.88871329375486e-16
-4.97392434487548e-16
-5.05888799912597e-16
-5.14367823437492e-16
-5.22819447447654e-16
-5.312357546136e-16
-5.39636580023486e-16
-5.48076028882867e-16
-5.56482434703129e-16
-5.64719665418004e-16
-5.72891917630084e-16
-5.81125640213188e-16
-5.8938584432097e-16
-5.97642228921666e-16
-6.05840816523842e-16
-6.14056111595399e-16
-6.22468858519914e-16
-6.30883408601141e-16
-6.391832886065e-16
-6.47636582023415e-16
-6.56203280249623e-16
-6.64697595062212e-16
-6.73184904875279e-16
-6.81778647150051e-16
-6.9040573125989e-16
-6.99053915648414e-16
-7.07980848577666e-16
-7.17341354283135e-16
-7.26924971394339e-16
-7.36499918924159e-16
-7.46347784386625e-16
-7.56606900766165e-16
-7.66671379910048e-16
-7.75947184877147e-16
-7.84329056326896e-16
-7.83800595333148e-16
-7.2710886354267e-16
-6.69960691712196e-16
-6.12703358991347e-16
-5.55720120929326e-16
-4.99224782430686e-16
-4.43116713505456e-16
-3.87268104879199e-16
-3.31674259535338e-16
-2.76246660398171e-16
-2.20925589209126e-16
-1.65709717892938e-16
-1.10485374826186e-16
-5.52293485236359e-17
)
;

boundaryField
{
    dieWall
    {
        type            calculated;
        value           nonuniform List<scalar> 
100
(
-5.26811102934874e-13
-5.25755781914509e-13
-5.24700469483987e-13
-5.23645141164012e-13
-5.22589815901613e-13
-5.21534499315317e-13
-5.20479181288648e-13
-5.19423863254718e-13
-5.18368540510566e-13
-5.17313217220552e-13
-5.16257899325984e-13
-5.15202580634759e-13
-5.14147257090918e-13
-5.13091931662868e-13
-5.12036613392665e-13
-5.10981296303148e-13
-5.09925975315712e-13
-5.08870651092569e-13
-5.07815330100651e-13
-5.06760010570501e-13
-5.05704688813364e-13
-5.04649368853003e-13
-5.03594045564034e-13
-5.02538715550366e-13
-5.01483394382704e-13
-5.0042807980398e-13
-4.9937276206601e-13
-4.98317444953302e-13
-4.972621234028e-13
-4.96206802197723e-13
-4.95151481760354e-13
-4.94096160993468e-13
-4.93040837900507e-13
-4.91985516913254e-13
-4.90930195647935e-13
-4.8987487419145e-13
-4.88819554891649e-13
-4.87764230052325e-13
-4.86708906769301e-13
-4.85653587478499e-13
-4.84598267440897e-13
-4.83542944473027e-13
-4.82487623128856e-13
-4.81432303968487e-13
-4.80376978044446e-13
-4.79321654536806e-13
-4.78266338812274e-13
-4.77211020509286e-13
-4.76155700547683e-13
-4.75100379442891e-13
-4.74045059472351e-13
-4.72989740074991e-13
-4.71934415970423e-13
-4.70879096093447e-13
-4.69823773787131e-13
-4.68768450377497e-13
-4.6771312921579e-13
-4.66657800092814e-13
-4.65602483349258e-13
-4.6454717214483e-13
-4.63491848731129e-13
-4.62436528508638e-13
-4.61381206333074e-13
-4.60325880646228e-13
-4.5927056091895e-13
-4.58215244623152e-13
-4.57159926320884e-13
-4.56104598766595e-13
-4.55049276161361e-13
-4.53993954753904e-13
-4.52938627384565e-13
-4.51883307182691e-13
-4.50827993354345e-13
-4.49772676399323e-13
-4.48717352122855e-13
-4.47662030904754e-13
-4.46606706573971e-13
-4.4555138690124e-13
-4.44496069079863e-13
-4.43440749139939e-13
-4.42385430765999e-13
-4.41330108500369e-13
-4.40274778382967e-13
-4.39219455852867e-13
-4.38164143472668e-13
-4.37250955567646e-13
-4.37311747111394e-13
-4.37311744895112e-13
-4.37311750021948e-13
-4.3731175037242e-13
-4.37311740963211e-13
-4.3731173952795e-13
-4.37311747758926e-13
-4.3731175105832e-13
-4.37311751724207e-13
-4.37311748513265e-13
-4.37311745849705e-13
-4.37311742336695e-13
-4.37311743880413e-13
-4.37311749224214e-13
)
;
    }
    outlet
    {
        type            calculated;
        value           nonuniform List<scalar> 9(4.30817306671727e-26 4.48117466267764e-26 4.48312032832173e-26 0 -4.49365499750677e-26 0 -2.76367777037547e-29 4.51660906635102e-26 0);
    }
    Wire
    {
        type            calculated;
        value           nonuniform List<scalar> 
100
(
2.74763469142687e-16
2.74762501221372e-16
3.10513643861717e-16
3.69075039407513e-16
3.80709227091213e-16
4.3451451174559e-16
5.49533617221904e-16
6.29055637736645e-16
6.51542215211302e-16
8.2978265030976e-16
1.14981695403481e-15
1.17407008963927e-15
1.04300934257813e-15
1.03795615958117e-15
1.10162395905829e-15
1.19802994910494e-15
1.43790717441879e-15
1.80713045458586e-15
1.76164512698444e-15
1.54278847240016e-15
1.64878657489362e-15
1.91128687125859e-15
2.20467581627139e-15
2.43859314231348e-15
2.59781467019719e-15
2.62931860980054e-15
2.6440662714838e-15
2.78414802765548e-15
3.05960482129269e-15
3.2543053358176e-15
3.30498457513092e-15
3.44949265065526e-15
3.78874260317666e-15
4.23671747182073e-15
4.61325570107531e-15
4.48524900913093e-15
4.43251745738965e-15
4.98243686125867e-15
5.1264978205236e-15
5.25503880235441e-15
5.85082071414982e-15
6.2556043385549e-15
6.25142927871519e-15
6.16326582500424e-15
6.36687286531519e-15
6.86093012410588e-15
7.49296168684476e-15
8.12936294094873e-15
8.80277268464567e-15
9.35031381316719e-15
9.69702277854098e-15
9.92098009368284e-15
1.0258906648085e-14
1.09635080000834e-14
1.19986179421782e-14
1.30728360386548e-14
1.41897499380466e-14
1.59415517795742e-14
1.92253031304297e-14
2.10075411353108e-14
2.0665240084978e-14
2.18287551050768e-14
2.41953374443222e-14
2.69757178640331e-14
3.01123043600233e-14
3.23532836864012e-14
3.68511116027353e-14
4.47088588342029e-14
4.98416488948419e-14
5.56272309901586e-14
6.50741826340024e-14
7.40370266775087e-14
8.22775252191031e-14
9.15913091033938e-14
1.02712541621574e-13
1.13128677843381e-13
1.25075378390758e-13
1.41926940345832e-13
1.63300183937127e-13
1.84753230626499e-13
2.05760939462345e-13
2.32726096285607e-13
2.61966460200017e-13
2.84655650808188e-13
2.97816601873355e-13
3.03027329540124e-13
2.99815550002074e-13
2.88742239732938e-13
2.72104904414309e-13
2.53082884635372e-13
2.3677724180153e-13
2.24823737693902e-13
2.1487628292647e-13
2.06855741846935e-13
2.02391667536864e-13
1.9870190933752e-13
1.97606976150883e-13
1.99940790052504e-13
1.99216689256951e-13
1.9710476991668e-13
)
;
    }
    inlet
    {
        type            calculated;
        value           nonuniform List<scalar> 9(-3.50153737212048e-24 -3.58743778191378e-24 -3.67340664302128e-24 -3.75894070766712e-24 -3.84473447176795e-24 3.9305547304558e-24 4.01640046184364e-24 0 0);
    }
    back
    {
        type            wedge;
        value           nonuniform List<scalar> 
900
(
-8.05396870290987e-28
-1.98824280588478e-26
-5.20703848796552e-26
2.94582821438478e-26
1.2601540182058e-26
-1.33850927428698e-26
-1.84560061011306e-26
-3.2653540353978e-26
-3.15849702231671e-26
1.97187210356558e-27
9.51969115917382e-27
-2.83904242058809e-26
-2.00126991639923e-26
-2.73318949910822e-26
-1.96130085152212e-26
-3.92502315871391e-26
-6.49947189451006e-27
-3.2116526887818e-26
-3.82171643832336e-26
2.50611383241261e-26
-8.00388398408979e-26
-2.08192324826301e-26
-2.22770711725651e-26
-5.99856359627627e-26
-3.67972187528676e-26
-2.82719895451862e-26
-2.00043133440262e-26
3.09161156224245e-26
-2.42732624518245e-26
7.55958197680479e-26
2.09696255433395e-26
7.64494681541273e-26
2.77192075276066e-26
-2.99092306156179e-26
1.89709716817814e-26
2.3579401050376e-26
-5.63100468199849e-26
-6.12709033049725e-27
6.66855048803403e-26
4.11125857815913e-27
7.72451380241725e-26
2.94991880933957e-26
-3.71005727808789e-26
2.58756712736527e-27
3.50964621178116e-27
1.05423213250624e-26
1.50409812287526e-26
-3.10097089920178e-26
3.32916551113331e-26
2.96700541906493e-26
-1.73873356614685e-27
1.66579298185723e-26
9.49668030869244e-27
1.01439532641686e-26
1.32170019485953e-26
1.69943105358643e-26
-4.31299973983369e-26
1.86554000356854e-26
2.52579292439905e-26
5.35500608065118e-26
5.34641964298245e-26
3.94634681431692e-26
7.11397996680732e-26
-1.30751576705523e-27
1.2551867238909e-26
-5.77749392205046e-26
-4.24186471486694e-26
1.87984203958264e-26
2.1468300966544e-27
4.66114166993706e-26
-3.60791879337055e-26
2.39250854136232e-26
1.59595156883199e-26
2.65711777402621e-26
-1.50675831361094e-26
4.55504499794861e-27
-1.78664709204456e-26
-1.15485580467345e-27
-2.58802854808111e-26
-2.08021699470291e-26
-5.77132994313991e-27
1.57496416338803e-26
-6.8142255219239e-26
-1.91284967018161e-27
7.62806684192098e-27
3.47195415782789e-26
-1.65506394712537e-26
-2.34261291256352e-28
5.92269599970659e-27
-2.29157777521428e-26
7.9256437932323e-26
-3.79275691051758e-26
-4.2017201095001e-26
-6.04139647885715e-26
-1.93521854401485e-26
2.47220392369647e-26
-2.57364024645492e-26
-1.75905413323716e-26
-3.1935128361181e-26
2.45855954542514e-26
4.38048653187975e-26
-3.06562306310269e-26
-4.40999338356938e-26
-5.85781422852802e-26
8.26103174285195e-26
3.48934971881516e-26
-1.06992831265705e-26
2.39059866083414e-26
1.69454924122072e-27
-6.91693225628369e-27
-1.48316617333646e-26
-2.90429132216231e-26
-3.82226576838423e-26
-2.20767543965786e-26
4.69102568290747e-26
-5.19825143259426e-26
-2.25406828337031e-26
1.69719129799689e-26
1.13064977422919e-26
-4.39678772329966e-28
-3.72800052540309e-26
4.12296462110236e-27
-1.01659810879075e-26
1.6427540448975e-26
3.4050260860834e-26
2.09329125037746e-26
-5.30925931998045e-26
1.35035600039411e-26
-1.51134995127783e-26
-1.21503309072745e-26
-2.65051594697986e-26
-7.02492978100371e-27
-1.68452666292045e-26
-4.41711230274402e-26
3.28580901634881e-26
-9.46960263958867e-27
6.63145928409986e-26
2.00691279082744e-26
-4.96754508702692e-26
4.93362063352735e-27
5.3847175623974e-26
-2.14182869733007e-26
-1.21258555475646e-26
-9.2137090392593e-27
5.11174703057949e-26
-2.40574253888252e-26
5.575741224858e-26
2.17054912762574e-26
-3.36350724945417e-26
2.68623492582866e-26
2.38646794233883e-26
-1.07572817043749e-26
2.54289959589466e-26
1.75853886704342e-26
-3.23845696924608e-26
-6.02653572254147e-27
-1.44594206017435e-26
-4.31697197034399e-27
-5.29062986608301e-27
-1.0920444081851e-26
-8.7273314812205e-27
4.7442395285063e-26
-1.00894701197697e-26
3.45433039420397e-26
1.49871203910631e-26
1.83881571941315e-26
-2.32171256031286e-26
-3.95465439337911e-26
2.97861115315689e-26
-2.22852563748288e-26
2.76643787095023e-27
4.95384979417694e-27
-1.1060660809599e-26
3.5075051193508e-26
8.78263175092575e-27
2.32848942630468e-27
6.90706688076126e-27
2.30045109619764e-26
-1.55819368327675e-26
3.33205942149246e-27
3.53564869538538e-26
4.46064333492974e-26
1.55284220606148e-26
2.93621260790202e-26
7.23476887624132e-26
-4.15557502865029e-26
1.44178726755474e-26
-9.92712565126299e-27
3.85590032930363e-26
3.28705308120343e-26
3.78927218102445e-27
-5.48525913020252e-27
2.46514017439003e-26
3.81505958050898e-26
2.12321538688838e-26
-1.19258196363616e-26
-5.77302516272637e-26
2.5065356311322e-26
2.70645208076261e-27
4.44777696934944e-26
7.25262585794443e-27
3.88852478009074e-26
-4.58733943261504e-26
-2.04119083302774e-26
-5.69724182559176e-27
-9.32284506944124e-27
-5.25406327744098e-26
-4.52112571662418e-26
-1.48998567059006e-26
2.12400481754787e-27
-8.178983114867e-28
-3.05827644283566e-26
-1.34374940867733e-26
-2.33293511459297e-26
7.02743750228547e-28
4.99580409660675e-26
-1.33373150100795e-26
-1.62487900760116e-26
4.67015442022369e-27
2.03981459558831e-26
1.31708029439013e-26
2.81917424641701e-26
9.13510702340399e-27
1.767333625821e-26
-3.12520250840312e-27
2.44708147785631e-26
2.51316303693562e-27
2.56195677300322e-26
1.01867650818907e-26
1.25014520102606e-26
9.6357083765529e-27
-2.28180368074651e-26
1.97068374146993e-26
2.30469014825232e-26
-1.52090568591499e-27
-2.08934535094062e-26
-3.21189443311336e-27
2.16161662442014e-26
-3.29805472091187e-27
-7.0790965606896e-28
6.26619362999616e-27
3.93652055924649e-28
2.20488885976957e-26
2.91771278752158e-26
-1.7477367870926e-26
-1.57767165601639e-26
-3.65808024062522e-26
-2.33958458834367e-26
2.00931067391705e-26
2.4809007011016e-26
-7.35416349264266e-27
-3.89935813602792e-26
-4.6209660942124e-27
-4.75810522101737e-27
-2.06878228720236e-26
-1.38610983656872e-26
8.38930068332516e-27
4.68958725398026e-26
3.60097742086265e-26
-9.11251747009795e-27
-1.00159992934884e-26
-5.46739114587228e-27
-2.33883603354107e-26
-2.46238268406861e-26
-2.3414352866496e-26
2.48111937439736e-27
1.36219420024889e-28
4.90859357513544e-26
7.38328917069747e-26
2.82239215436576e-26
4.2330194176689e-26
-1.71817902866095e-26
-2.46589750621712e-26
-1.71743298157963e-26
-6.53759928887785e-27
-1.78630403577321e-26
-3.05322087673164e-27
-5.29171320167672e-27
9.96578468254251e-27
-2.08785483977704e-26
4.51033483521621e-27
-9.0165218994324e-27
-1.40364582994777e-26
-5.11869046412081e-26
2.90766771809607e-26
6.68406024261743e-27
2.16204093086101e-26
3.62760540852083e-26
-2.72861543116356e-26
3.08544659983495e-26
3.79669002057589e-29
-8.02280223343935e-27
-9.74022016869129e-27
2.98663285199297e-26
2.94440984722782e-26
-1.8180578057313e-26
-3.06089851620786e-26
-4.8409809111543e-26
1.33063703563929e-27
2.08124816969396e-27
1.08530565955677e-26
7.64609234249423e-27
1.92031766415867e-26
3.71156792938801e-26
1.56167440041582e-26
-2.2860748316336e-26
-5.09984319895679e-26
1.34685722766181e-26
3.40189945918931e-27
-1.35133275783335e-26
-4.23130821135926e-26
-2.02020020281094e-27
3.46011370102396e-26
-5.09715415375311e-27
-2.27128128224827e-26
-4.40988821600813e-27
2.20485977020271e-26
1.96467774900013e-26
1.6727082740638e-26
-3.37580712079692e-26
5.40979678139197e-27
2.80233038411172e-26
4.40420455976258e-26
2.69739930097503e-26
9.29381129937141e-27
9.0057738060188e-27
2.67202918631177e-26
1.06187250881154e-26
6.99716429097213e-27
-2.77040709219499e-26
-7.2811486798031e-27
-1.77325184804594e-26
-2.54420762331522e-26
-3.76089715798882e-26
-4.84740266813936e-27
9.22032440800057e-27
-8.13498765269991e-27
3.02260360605845e-26
2.0288046960729e-26
5.65762986022517e-27
1.48061080535035e-26
2.43216865497752e-27
-3.34597053510525e-26
9.67365019954584e-27
1.02358161101618e-26
4.39162883907884e-26
1.27834101602959e-26
-7.6724033541824e-27
8.54589283104302e-27
-2.73769336653025e-26
9.40654277494107e-27
1.43762297694078e-26
-2.39710795296519e-26
1.54138994451197e-26
-1.34532124837673e-26
-5.52887341873478e-27
-2.57912312826534e-26
3.01156562006468e-26
3.64443522758694e-26
2.59279121233942e-26
2.41346023920622e-26
1.08131487190898e-26
3.91039612202169e-26
1.7389547471639e-26
9.84492254764709e-27
1.6241718301997e-26
1.86157379158932e-26
3.10620401197255e-27
2.37897687732598e-26
-2.57191556114339e-26
1.62110338243935e-26
1.86538552793759e-26
1.4460047532064e-26
1.2575399695417e-26
1.15156868361733e-26
-2.78016914960061e-26
-2.37506483212644e-26
-1.29931860609572e-26
-9.72669853554007e-27
-7.45832921924417e-27
-7.09951442736565e-27
7.45526478383786e-27
1.48836568264204e-26
-3.0187457276386e-26
-6.24493818441201e-27
-8.80982548050509e-27
-2.29864954922883e-26
-1.07553551475002e-26
-1.07877655642759e-27
-2.79253823405073e-27
-5.25482462162212e-27
4.99530054617338e-27
-2.49069886969367e-27
-1.33985943142507e-26
-1.84193833395319e-26
6.12156832823483e-27
1.42312853601133e-26
2.79036905514201e-27
-1.39383111039524e-26
2.13505383751528e-27
-3.7405973109456e-27
-1.14881219638442e-26
-5.09112559179177e-27
-2.86761439378389e-26
-6.54457075404113e-27
-2.42441289998338e-26
1.70643311294934e-26
-8.95600556946111e-27
2.1255445584149e-29
2.16748067986539e-26
3.02617259498664e-26
-5.82927836651868e-27
1.70454329419141e-26
-2.37843520952912e-26
-3.83199340731525e-26
3.17349219249309e-26
1.35022835738087e-26
3.75857767253578e-27
-1.44070393196102e-26
2.23630559198739e-26
1.21745655257414e-26
-6.90395730637189e-27
-1.71237240003305e-27
-1.78152083954691e-26
-1.32610633559955e-26
2.57100061903374e-26
-7.80131527439225e-27
-1.57202928313244e-26
4.75993585755305e-27
-1.93162347478533e-26
-6.7257084776648e-28
-6.71902790817021e-27
-2.69342979761162e-26
-2.97327146223165e-26
-1.62438197724311e-26
1.42905807432856e-26
1.26843351078964e-26
5.81371043280155e-27
1.36863503158895e-26
-1.30816484368924e-26
1.25869953986238e-26
4.2290456198328e-27
-3.9519485621161e-26
-1.39731283062283e-26
-8.04323514644308e-27
-3.7568654004446e-26
-7.35867739094982e-27
8.98237676646004e-27
3.660787576521e-26
1.90590227914263e-26
1.20680770223026e-26
2.60079109400034e-26
-2.62445370124285e-26
-4.36199710286937e-26
-1.88371797359572e-26
-1.76908000292161e-26
-1.5405633995775e-26
1.49986408626314e-26
-7.53791927728448e-27
6.63991995954631e-27
-2.13350406576316e-27
-7.51473790175594e-28
6.11854401636903e-27
9.53701449778818e-27
3.89488235508425e-27
1.83055227624551e-26
8.89816748581873e-27
-2.22487740456218e-26
-1.6443990473653e-26
3.02005225042639e-26
5.18379592403771e-27
-1.58711824208476e-26
-7.03549731848502e-27
-3.03353225540433e-26
8.47941815530628e-27
-1.5614436900579e-26
-1.3860135400715e-26
1.32548043971414e-26
-1.09409321647229e-26
3.81682953018965e-27
1.55954935740166e-26
-1.62085210876691e-26
-1.37345386880397e-26
-2.87500314376845e-26
1.3602522208883e-26
6.57610785688047e-27
-1.48333240391092e-26
-1.51459970728686e-26
3.67362610639507e-27
1.21000912191158e-26
2.25569027749535e-27
-2.48312856068831e-26
-2.35308415354761e-26
-1.30826515254051e-26
-1.42752736125817e-26
-2.77959397237812e-26
8.45326513005887e-27
-1.70152449931243e-26
-7.93452542887904e-27
-8.76679799875275e-27
8.73298890043214e-28
1.61710306545069e-26
1.11166782875908e-26
9.06405826404933e-27
4.41594702735742e-27
-1.20511680846301e-26
-1.02756763399353e-26
1.16951644483084e-26
-1.90138286384866e-26
-8.58974786081834e-28
2.80341171352842e-27
-1.37380093742936e-26
-1.01974178818956e-26
2.42684727041764e-28
-8.56527751655098e-27
-4.43987539036276e-27
5.80475285238313e-27
9.55049600739889e-27
-2.33538064438694e-27
-1.0275789187393e-26
-7.75201848943553e-27
-2.75193120487954e-26
-1.26587130926304e-26
5.42497100286786e-27
-1.42620980449674e-26
3.93649548203368e-27
-1.20583476906598e-26
-7.58634839067772e-27
1.46676918696358e-26
1.9404025054485e-26
9.63425389820948e-27
8.81243977994132e-27
-1.02840922525569e-26
-7.81688320810938e-27
-4.86139324517027e-27
9.43987540621815e-27
1.50493018479654e-26
1.90452503861469e-26
-8.12069364139391e-27
6.80645710293729e-28
-1.87823371253859e-26
-1.30367702568341e-26
2.66006033417822e-27
4.02365835680063e-26
3.03307885939659e-27
9.18395241853e-27
-6.16043800810202e-27
1.67625118269066e-26
3.24689720676408e-27
-3.3182205615991e-27
2.23528018475528e-26
-1.78024387652372e-26
-1.89892178618274e-27
-3.73981490190569e-28
2.66833581440801e-27
-2.46534079209257e-27
-1.18857061267387e-26
4.02991813066415e-27
-1.58244121650822e-26
5.95330775339297e-27
1.89135298181015e-26
3.54631912780554e-28
-2.09825051998426e-27
-5.381369252942e-28
1.16491577936734e-26
-3.43285978613385e-27
1.0857028826078e-27
-1.90339681481003e-27
-1.23330861111249e-27
5.78409424446404e-27
4.20337219628052e-27
5.35298184803254e-27
-1.95120275946475e-27
1.83774442088158e-26
1.20369718744541e-26
3.71403552712926e-28
4.10819100810122e-27
-4.8709338707867e-27
2.16512141568352e-26
1.60629177746079e-26
-1.78446587607369e-26
-1.8862828709227e-26
-8.62530734859362e-27
1.25095669963284e-26
2.29000092007231e-27
-7.14792849443119e-27
-1.03263912412768e-26
2.39867552953841e-27
8.16874659659488e-27
-6.37243574981896e-27
1.11367701505002e-26
9.59080511928181e-27
-6.11263080958666e-27
-3.87822105488827e-27
-6.43277089692764e-27
-5.56648296865789e-27
5.07745600308493e-27
-2.61157103547422e-27
3.0733077241985e-27
9.09660347084394e-27
6.04370358243636e-27
5.22307185475255e-27
-9.22322834924484e-27
2.74446960559174e-27
-6.51529812351921e-27
-9.13116488554908e-28
1.16136534757663e-26
-6.22854771811446e-27
-8.31901427124016e-28
-5.50675030158715e-27
-1.14488610794571e-26
-7.13139759574187e-27
1.30099489238651e-26
8.90763664137863e-27
1.8399100889805e-27
-4.04807904818661e-27
-1.0454188479377e-28
1.41889127070807e-26
-9.45670221601872e-27
-3.70886962128885e-28
-2.25670740924723e-26
-1.26136875839468e-27
2.08168702091827e-27
2.86580632673974e-27
5.73679360564759e-27
1.30827869423543e-26
7.89032433356684e-27
-2.74874338958617e-27
-3.4365361055329e-27
1.77842577859445e-27
-7.31792065081811e-27
-8.86805476866742e-28
-4.62499537538186e-27
8.73300394675983e-27
7.15560713699592e-27
-2.92796019870802e-27
-1.13876375720843e-26
-1.40497141141731e-26
1.53834657396443e-27
-8.20248297099832e-27
-1.4676887683576e-26
-4.84522847378808e-27
-4.17491959061774e-27
5.30812372974452e-27
-1.93164253346707e-27
7.30004185193984e-27
1.85493133945821e-27
-1.06384056847346e-27
-1.17037195394611e-26
-8.59818383521016e-27
-5.85228921700006e-27
-6.8499409899629e-28
8.89719448996141e-28
-5.68802344216003e-27
-2.575976439601e-27
-4.31253831911785e-27
8.08928694006122e-27
-9.52585263036309e-27
4.90883933182105e-28
-2.9891786906382e-28
-6.64503508403077e-28
1.24766656931117e-27
-3.08234555169794e-27
-5.24660932670309e-27
-1.29728434259196e-27
-3.08282703418403e-27
-1.50810972460968e-27
1.39839566467229e-27
9.65204367298224e-28
-7.91228946427372e-27
-5.67084053593745e-27
-1.5395878959989e-26
6.42717930539965e-27
-1.15549276587902e-27
-2.89576607289286e-28
-5.2183774005131e-27
-5.31244954895555e-27
-1.32197035088955e-28
1.97225006418252e-27
2.87346239981294e-27
-3.45733514584377e-27
-5.32366157080627e-27
5.29805773651956e-27
-1.23060303062161e-26
-7.34020050054585e-28
1.0661175793973e-27
-1.04961326255356e-26
4.32245886450847e-28
2.66147719670241e-27
-9.56093815881611e-28
-2.67853220913962e-27
2.66667570291949e-27
-8.27936719777562e-27
2.94635934975225e-28
2.14141843412838e-27
9.34650291201331e-28
-3.96985820596613e-27
-1.16562646757858e-27
-6.34262897466403e-28
5.31716155724397e-27
2.28886743005296e-27
-6.58338526404012e-27
7.82222465443952e-27
-2.31046392573143e-28
9.69227003006286e-27
-1.86009473757734e-27
-5.56190010801549e-28
-3.72822421414143e-27
6.78517156469776e-27
-4.95592430660727e-27
3.66131319490166e-27
6.13371071468108e-28
3.57917027659652e-28
-5.65968117623365e-27
-5.74268173521722e-30
-6.10874133387866e-27
-3.91544566959463e-27
-1.06167389728603e-27
-8.88666206057804e-28
4.12230258268397e-27
-7.59946628070257e-27
-2.63652035450639e-27
4.8358796888497e-27
2.37478697660842e-27
6.77916807994924e-27
-4.84224930090535e-27
-5.92331791458447e-27
9.91405540794249e-27
3.45546940121015e-27
2.89588142807182e-27
4.51382809096169e-27
8.62338894181307e-27
1.91287976283699e-27
9.13770753037317e-27
2.39103199507163e-27
-9.88904841132084e-28
-3.14554263571942e-27
-2.1584709388443e-27
-4.68417258218869e-28
5.34064135160503e-27
7.3639987755097e-28
6.14965480659048e-27
-8.63960135989962e-29
3.97807851632772e-27
-1.07001207054786e-27
-2.52471861660194e-27
2.0391861606351e-27
4.49674549359039e-28
-9.2449903545279e-28
-2.68254205546914e-27
3.74126938024911e-29
2.4056043634399e-27
-5.68889111372352e-28
2.09886992714085e-27
1.21921145592711e-27
1.63547814237062e-27
7.53547675675605e-28
-4.15705207648524e-27
-6.88978868112998e-28
-2.8117147786923e-27
3.67759833690537e-27
-2.25938665866466e-27
-1.4453176375752e-27
4.11884192731515e-27
1.12252124646651e-27
-6.32731933623892e-28
-7.71500452331684e-29
-1.93218921670649e-27
-3.36080793826649e-27
6.30182834940989e-28
7.90828212566548e-27
-2.33377570276661e-27
2.01213286344754e-27
2.7761176750978e-27
-1.41131669857653e-27
-1.19403518811894e-27
-2.42975371938319e-27
-6.20511557045775e-27
4.80206055964396e-28
4.72676873588057e-27
3.60865104798482e-27
2.92375475011852e-27
-4.32067587467714e-27
6.16086933616248e-28
-1.5503359894125e-28
4.57016279569566e-27
-1.17314461598128e-27
-2.11112516104478e-28
1.55025574233148e-27
3.24875292051258e-28
-1.88706527996261e-27
-7.54392777747556e-28
-6.16723894821814e-28
-7.3850134798508e-28
-7.36616795441842e-28
1.17931862577696e-28
1.14790941672299e-29
-1.72563573789224e-27
6.69085115184842e-29
1.09943767206796e-27
-2.31597338938744e-27
-2.4235822173088e-27
-3.84078077615168e-27
-2.24074049707417e-27
-1.31290995389857e-27
-9.6569838839073e-29
-1.98253172143771e-27
-1.62345612654589e-27
1.13836502952463e-27
-1.6089539743735e-28
1.65326039397954e-27
-2.44736920752688e-27
1.20005748077707e-27
-1.44700282627653e-27
-2.93640118854241e-27
-7.56976984528404e-28
3.3082147536849e-27
-6.7520144739104e-28
-2.96056559081339e-27
-3.56536401707982e-27
-1.52802604702937e-27
1.27671977422094e-27
-2.99659903791091e-27
-1.5486244696377e-27
9.62400734905223e-29
6.47034721954377e-28
2.48796796121784e-27
9.41413615498222e-28
-2.43029538718005e-28
-2.13149287329519e-27
-1.299340674043e-27
2.91028327139294e-27
-6.9076938110817e-28
2.28078379050122e-27
3.05231433548829e-27
-1.73310749345123e-27
3.76729952715372e-27
4.72612675923244e-28
-3.28432494689427e-27
-1.88626782459501e-27
1.21439412334486e-27
3.24331868849502e-27
2.48755042562442e-27
-1.53573603611013e-27
9.53879497989822e-28
2.00945461711862e-27
1.44246949312944e-27
2.00784466005574e-28
-3.41596652171931e-27
-1.12115453836796e-27
5.71683966740867e-28
1.87182711159403e-27
3.73745513617956e-27
1.65350740452579e-27
-1.31243097913376e-27
-3.0633696247589e-28
1.6064048756906e-27
-2.58180312999916e-27
1.58198468584888e-27
-2.34750296906294e-28
2.93404393053756e-27
1.0708107797761e-27
2.70592781028214e-27
1.32929038931099e-27
4.85390142784102e-28
4.35114719597174e-29
1.346112183669e-27
2.48769712731941e-28
1.32944336030918e-28
-2.86295880922431e-27
3.71456214859843e-29
8.66465349550434e-28
7.57008331044426e-28
-1.33989742340249e-27
2.13006597988587e-27
1.9492379598405e-27
-1.70227756801335e-27
-2.38473009149058e-28
-3.80993455052546e-27
-2.93301827253332e-27
-1.05458582308315e-27
1.78132846597808e-27
3.45413529348825e-28
9.72163293855092e-28
-6.06102441332944e-28
-1.34282205334734e-27
-2.95098985709901e-27
-2.43457355968672e-27
-2.59351418838495e-27
3.06323546167033e-27
2.30817688392247e-27
2.97859861455048e-27
-6.85360226303427e-29
-1.77455134921414e-28
2.45111072767925e-27
-1.41044651929176e-27
-1.12156831237944e-27
-3.95519179804979e-27
-1.67969929945307e-27
2.7215333598185e-27
)
;
    }
    front
    {
        type            wedge;
        value           nonuniform List<scalar> 
900
(
3.93751591692468e-26
2.96889624091138e-27
-1.46205166168834e-26
-3.08691863222734e-26
1.13175969166849e-25
-1.338511280464e-26
4.42634874176898e-27
-1.25246434166743e-26
-1.69703718285086e-26
-1.78952259808048e-26
9.52317689175546e-27
-5.95703272258488e-26
8.45369896584061e-27
6.93974951068211e-26
2.83773740243307e-28
-3.92501312782878e-26
-1.50901225349898e-26
-6.06148733867805e-26
-1.85751791486017e-26
-1.4236950615954e-26
-8.00388599026682e-26
-2.08192625752855e-26
1.43613787305121e-26
-9.45685769473819e-27
-2.83066161606447e-26
-5.64472211724373e-26
-2.84976643987739e-26
2.2535470397878e-26
3.53531023137864e-27
5.61632468144914e-26
-5.41179994915183e-26
1.15334916572737e-25
2.77208124692269e-26
-4.93629687367924e-26
3.842820055098e-26
4.11964439812531e-27
1.7843475155475e-26
5.9764179096371e-26
4.74781353287705e-26
4.25404923103072e-26
2.22191929653822e-26
-1.72448970926648e-26
-3.71006129044194e-26
-1.66468356596218e-26
-7.07987094502141e-26
1.0542326340505e-26
3.40195713677879e-26
6.96061174556928e-27
2.24956943139085e-26
2.96701544995006e-26
4.44612362870838e-26
5.20649682016867e-26
-9.5138933075704e-27
1.01439532641686e-26
-5.53369396433493e-27
-1.76093191493294e-27
-3.50325653795525e-26
1.86554000356854e-26
6.02291256683359e-26
-8.30988616577457e-27
7.7982307772157e-27
5.01432111055123e-26
4.42436663886788e-26
2.52120882556926e-26
1.25513807409803e-26
-5.77749291896195e-26
-5.33304044840003e-27
1.07965024652215e-26
-5.8595816704874e-27
4.66114166993706e-26
-6.26502402879035e-26
2.39262891198385e-26
4.21591970901816e-26
1.61612204488527e-26
4.77797038592292e-26
4.55267770905863e-27
8.36627980195866e-27
3.5506043219318e-26
-7.54717778425672e-27
1.58758417669891e-26
1.25696219055838e-26
7.94686682651889e-27
-6.08191122388517e-27
1.61781124594066e-26
8.00146854695121e-26
8.80822053888477e-27
-4.24702861453033e-26
4.38032102227515e-26
1.62215863155471e-26
3.01937667031309e-27
1.79797974312556e-26
-2.00627081417931e-26
-6.28051773395754e-27
9.1863849081733e-28
2.93839131615161e-26
3.24381571885307e-26
1.00371243375659e-26
-3.79326146403946e-26
-3.19334431724797e-26
-8.26558358611675e-27
5.90264275570492e-26
-1.30122447426985e-26
-1.88332275672172e-26
9.62134414905101e-27
6.4952027498e-26
6.01780885248097e-26
1.45912866176233e-26
-1.38765258670126e-27
-8.20434949929485e-27
-3.42359526063054e-26
-6.47121689728428e-26
1.33317685575345e-26
-5.56569278568201e-26
-1.45532093776811e-26
2.19472356078186e-26
-4.44548967676835e-26
-5.50417136102099e-26
-2.18886687176786e-28
1.53110427490273e-27
1.67587602758691e-26
-2.2432008224237e-26
1.39057358045024e-26
4.1472834990043e-26
-3.14855440897881e-27
3.4050260860834e-26
-3.72039510829979e-27
-6.27386394222426e-26
-3.46689207164854e-27
9.18815034395566e-27
7.0426503426691e-26
-1.68485366977559e-26
3.05480575658171e-28
-1.9172953584699e-26
-4.41711230274402e-26
-3.28074943789074e-26
3.84645106310815e-26
2.55913909737105e-26
2.72962753179962e-26
-1.84558656687388e-26
2.8929022551891e-26
5.61430044883051e-26
-2.86558915807674e-26
-4.56751539433851e-26
-1.15118851307101e-26
8.41576729128223e-26
2.55192162475003e-26
6.16671232674897e-27
5.1721149583073e-27
2.0850498751571e-26
1.03172468356229e-26
3.32737901049219e-26
3.52513389841728e-27
2.54288956500953e-26
-2.90718332038398e-26
-9.0468552960565e-27
8.04544194117103e-27
-7.41939433862365e-27
-1.13567574922208e-26
-5.28948634517853e-27
-1.09216277262959e-26
1.46453731502282e-26
-1.54469612424983e-27
-1.70227382210468e-26
1.15257127058577e-26
-1.0241478544816e-26
-2.07308102302355e-26
-7.12493770572007e-27
-2.12447125370628e-26
5.28370855534537e-26
5.60286323360869e-26
-1.33385494358804e-26
1.17940861378783e-26
-2.04658143069499e-27
1.92141905534562e-26
-4.90951641656713e-27
-2.03883558119991e-26
2.27808021618737e-26
-8.75154603791712e-27
7.14959362136228e-27
1.92165076879205e-26
3.53552496285002e-26
1.54794136636055e-26
2.22765295047683e-26
2.93638614221471e-26
1.19057578661076e-26
-3.26601607381618e-26
3.68260274549524e-26
3.70455232833018e-26
-3.2979544120606e-26
4.16694730956417e-27
-2.49212802005214e-26
-7.59775350706714e-27
3.34164694149686e-26
1.60706315252706e-26
1.2462231249414e-26
3.50310607467835e-27
-4.76717815661476e-27
1.84052498223879e-26
-2.11118366931694e-26
7.5440331017694e-27
-1.44954415102346e-26
3.88852277391372e-26
-3.72338832442169e-26
-2.04119685155881e-26
-2.74667301489596e-26
-1.79688661958221e-26
1.4873435354476e-26
6.13183211797589e-27
-4.27815595571223e-26
-1.28460530379141e-26
-8.17928404142081e-28
7.88969238780384e-27
-4.92043001958532e-27
-1.87896534022254e-27
-5.76440863240227e-27
3.49677859234023e-26
-1.33355688524045e-26
-1.6250565542679e-26
1.10339786551611e-26
-2.18375278171844e-26
1.31707628203608e-26
2.81917424641701e-26
3.86602149239679e-26
-2.02510530563805e-26
-1.78905249829801e-26
2.44695888163215e-26
-1.20073907942145e-26
2.56195326219343e-26
1.01867149274651e-26
1.87707853073015e-26
3.04443983989145e-26
-2.00760141109141e-27
1.97063960557538e-26
-1.03230647489966e-26
-2.39417739852881e-26
-8.5523702751138e-27
-2.36873885442109e-26
1.13727166304579e-27
-3.80914135828404e-26
5.4676549268046e-27
8.74492565373329e-29
2.3564555340388e-27
7.7368056490519e-26
-1.1112451680103e-26
-1.74778919846739e-26
1.23833483687751e-26
-3.65808124371373e-26
-3.23061708020294e-27
2.00941599821088e-26
4.63314546954756e-27
6.74376407089343e-27
-4.50768718308694e-26
-3.04259119478232e-26
-4.63228055647748e-26
5.13076764981374e-27
5.98247004417849e-27
8.38926055978466e-27
-1.45605519855941e-26
2.21398486640275e-26
1.86344555475402e-26
-8.11474532651359e-27
-1.13495059459369e-26
-4.29039564174421e-26
-1.87386764440099e-26
-4.48063187972234e-26
-1.11619175795136e-26
-5.75253206441188e-27
6.86242342341496e-26
2.10948310514949e-26
9.21477231308277e-28
2.89240022506175e-26
-3.77207422847418e-27
-1.88714402241086e-26
-1.71743599084517e-26
-3.33777000439527e-26
-4.44179630486459e-27
2.73961528412059e-27
1.5771119326263e-26
-1.68898238209387e-26
-7.69313719373994e-27
-1.43693582996306e-26
9.86608771526509e-27
1.98521347857642e-26
-1.9096117004626e-26
5.36678936140988e-26
3.12809541567375e-26
-2.36968225916728e-26
1.55622562361483e-26
-3.46566261427038e-26
-6.75407080536144e-28
2.0382071462467e-26
-2.42397342182875e-27
-1.71165218248093e-26
1.68893624002228e-26
3.68248237487372e-26
-4.97512041147484e-26
-1.76267728894504e-26
-2.29287415740414e-26
1.33062951247545e-27
-2.34117749290184e-26
-2.01477550013425e-26
-1.78602918952073e-26
9.44096877269699e-28
1.88507013691085e-26
-9.90638178082032e-27
-5.93946362728491e-26
-3.1361386965861e-26
1.34680682246404e-26
3.40189945918931e-27
-9.85644803465803e-28
-4.71834780781644e-27
1.05151662300641e-26
4.12122927797538e-27
-3.38060890550722e-27
2.03130238646952e-26
8.9663809527992e-28
4.44123708301876e-27
2.03362152711089e-27
2.20368715973136e-26
-1.61387312043979e-26
2.30328080889197e-26
2.27086600360402e-26
1.4095159039241e-26
2.1659810625389e-26
4.08287430790127e-27
2.10853142492307e-26
-2.65492452099319e-27
1.74891692072779e-26
5.36895202024327e-26
-1.56151791860784e-26
-2.62466434983051e-26
-1.77309737241498e-26
3.33708489494109e-26
1.44422458456151e-27
7.00886030303023e-27
2.47806496987619e-27
-1.48800156151193e-26
8.11945984252328e-27
3.29898759322868e-27
1.07790788177559e-26
2.93445519682776e-27
5.9277114422701e-27
-5.6724969798836e-26
-4.02969970814051e-26
-6.42366348016263e-27
3.97241106623096e-27
-3.2195580293504e-26
-7.67235319975676e-27
-3.14252885628301e-26
-1.57256994784079e-26
4.27616031111621e-26
-2.47846648739991e-26
-1.74820949255421e-26
8.92349547076445e-27
-6.96143929359226e-27
-1.69528478721917e-26
1.98403886192804e-27
-4.16424171340003e-27
2.65826881809453e-26
4.63884301229971e-27
6.58009513371846e-27
2.68352056831329e-26
2.30768085665294e-26
1.25552326008691e-26
3.22447918159372e-26
2.0548268182694e-28
2.57719519214393e-27
-2.89758366927788e-26
1.41202763755991e-26
-5.28054788613487e-27
1.62098501799485e-26
2.4893276476968e-26
1.29553295004879e-26
-2.50982174909981e-26
1.77579868977969e-26
-3.4046308692094e-26
-5.04584617632841e-26
-1.29916613664179e-26
-2.0474910125504e-26
4.01832067205242e-26
1.29311450364466e-26
2.74927452495365e-26
8.7687289441397e-27
6.73345232098286e-27
-2.77685795442018e-26
-8.81052764246398e-27
-4.45129555307987e-26
-2.1282870024086e-26
-2.66828616152663e-26
3.3349453071435e-26
2.03593013532287e-26
-2.5171182149412e-26
3.49954511045826e-27
-3.75827574289345e-26
-3.95028995526035e-26
1.57452797661758e-27
3.92448788560632e-27
-6.10631135195664e-27
-3.6280056408374e-27
-8.17885271336035e-27
-3.73946382092625e-27
1.35961726585976e-26
-4.05005713873366e-26
-2.28074241310008e-26
-2.09318492299511e-27
1.61021451182229e-26
2.14172588075752e-26
-1.90460879650551e-26
-1.00718211692202e-26
1.73206703989143e-26
1.00684808844729e-26
4.26786075676211e-27
-2.19669763897485e-26
1.95829158598402e-26
-3.83199400289906e-26
1.62536751170684e-26
1.35034672182537e-26
1.36327352348856e-26
-1.44070292887251e-26
1.2488451983136e-26
-7.57914621515652e-27
-2.10455794055213e-26
-1.15909084437408e-26
-1.78152024396311e-26
-3.2556090304969e-26
2.57100262521077e-26
1.15016235352252e-26
-6.06661913950903e-27
-3.57120575380567e-27
-9.66170843080212e-27
-1.44965850311391e-26
-6.71892759931894e-27
-3.63613275800686e-26
1.4824118507749e-26
-1.62437896797757e-26
4.85989864328634e-27
-6.18164329926053e-27
9.88468497629058e-27
-1.86900266511439e-26
9.86565638720463e-27
1.66583511157476e-26
-1.29245760605491e-26
-5.2092518027688e-27
-9.99955365732262e-27
-4.06846682220727e-27
1.9936384189946e-27
-1.13341980315702e-26
-9.44942480885907e-27
8.95701868885894e-27
-3.34732642865578e-27
2.10559400559968e-26
2.6008414991981e-26
-3.52338952749369e-26
-2.56366954663866e-26
-5.96342139332228e-27
-1.76935384608558e-26
-1.5405553748694e-26
-6.87581064270548e-27
-2.04138643528771e-26
-2.12730027677726e-27
2.85150729999118e-27
-7.51453728405341e-28
-1.45074685415019e-27
4.54909668306829e-27
-2.1223798141573e-26
-6.81642780275354e-27
8.89808723873771e-27
-3.85946831514331e-26
-4.20626359891839e-27
1.31018230546041e-26
-7.05745492602806e-27
-3.62940494931262e-27
5.20962043779722e-27
-2.15370125296641e-27
-7.68867344985841e-29
-1.44419668616225e-26
-2.24152064916493e-26
4.92524735216757e-27
9.84017292353944e-28
8.55347618019905e-27
2.39282000034552e-26
-6.81312764154675e-28
-1.80331240459458e-27
-1.20760522029089e-26
2.55381721126691e-26
1.85069228740353e-26
-1.02226521407584e-26
-3.21815872087517e-29
1.98995357334319e-26
1.55995410361654e-26
1.0371779742616e-26
1.92532508201408e-26
-2.35308515663612e-26
1.12703815403921e-26
2.05812296712214e-26
-2.77959431718979e-26
1.29414868790126e-26
-1.25275699274101e-26
1.57524919725821e-26
-1.21744401396773e-26
8.77168805525217e-27
1.61710707780474e-26
6.6260917574684e-27
-1.69545230300079e-26
1.54024444877698e-26
-7.6868478287653e-27
-1.35879949794978e-26
1.60582132894834e-26
-1.90138436848143e-26
-1.18527747308667e-26
3.24721618891112e-26
-1.69193948702931e-27
-2.11909068692415e-26
-7.78195441223647e-28
-1.1083250362905e-27
-4.43987539036276e-27
2.07253584441689e-26
1.59888948578131e-26
-4.53211439454825e-27
-2.41768606303114e-26
-2.88728997496053e-28
-1.91640060351657e-27
-6.41140699239806e-27
-1.21806166571942e-26
7.46313652094129e-27
-3.3066411585806e-27
2.7285993660741e-26
-1.48317871194286e-26
1.15421282493681e-26
-2.32853958073031e-27
9.63466516449969e-27
8.28770537103745e-28
-1.02824522028386e-26
9.26444024078918e-27
2.16471014939331e-27
1.64664703141529e-26
9.95149067123652e-28
1.20177025441251e-26
-8.121807069643e-27
-2.24632845240631e-26
-5.1664280733706e-27
-6.22944297461205e-27
-1.38957375197521e-26
3.34272275392673e-26
2.25278784088385e-26
-1.12441708375552e-26
6.52810004066257e-27
1.67625118269066e-26
3.24690723764921e-27
-4.7435115370182e-28
-1.62941873543751e-26
-2.439412458672e-26
-1.13353164752618e-26
6.21947979795964e-27
8.35965941777483e-27
-2.46646425122679e-27
3.99480000183446e-28
2.82168798622984e-28
-2.85763046573787e-26
-1.59262569956375e-26
9.78530398189466e-27
-6.0216256042718e-27
-2.09822544277144e-27
-3.28898680075705e-27
1.52740488446788e-26
9.32263442085358e-27
-5.29179344875774e-27
-7.2192700302455e-27
4.08352819622549e-27
-1.8017959855355e-26
-4.61600770230805e-27
-9.62890743643678e-27
-1.34300662163367e-26
2.80422521831222e-26
7.68952607509421e-27
1.18474382999791e-26
1.00553046899283e-26
4.45752974818631e-27
1.0572297136305e-26
-4.3435237232752e-27
-3.38695344035006e-27
-1.03491751429822e-26
2.02933833916165e-26
1.76431633557479e-26
4.8562624474278e-27
-9.62272778426822e-27
-1.28000350985333e-26
2.39866048321072e-27
1.39017485276645e-26
1.5772302970708e-26
-3.27016886025876e-28
9.5878510236119e-27
-8.58630726721978e-27
7.58035995225689e-27
-1.66985649342219e-27
-4.71902990800508e-29
3.1648696436379e-28
-8.12968632991028e-27
-6.32748233812223e-29
9.09556527423329e-27
9.1812591258734e-27
1.31216215141235e-26
-9.22324841101509e-27
-5.57773824870073e-27
-8.8048351151544e-27
1.95811679781068e-26
-6.59215225764113e-27
-6.22858282621241e-27
6.76301333945218e-27
5.10407044904818e-27
-6.14374661525066e-27
-9.41928199905238e-27
3.52160051913129e-27
-5.6723727536406e-27
-8.34742926108371e-27
-1.6432159671576e-26
2.09298430529257e-27
6.90067219149279e-27
-1.16535814140144e-26
-5.46199750759296e-27
2.17741426540668e-27
-5.47433549629919e-27
1.39484096975541e-26
7.74613035986597e-27
-1.10094732027958e-26
-9.97996835411211e-27
7.8903293490094e-27
1.18913484996226e-26
-5.54158756563328e-27
1.77883704488466e-27
1.38294684771605e-27
-1.2882570475219e-26
2.0587438789115e-27
-1.97930679186937e-27
1.64936389665195e-26
-1.22631883958386e-26
-1.1387652618412e-26
-1.40497191296156e-26
-1.18153194058024e-26
-3.74356519908256e-27
-1.91193936735633e-27
-2.31234220897146e-27
-4.17493965238799e-27
3.38506763394618e-27
-1.08448513315338e-26
1.36788371829293e-26
4.38738878393565e-27
-1.06484365698616e-27
-5.62122150879602e-27
1.72981360154765e-27
-1.60427456646175e-27
-9.17815707464787e-27
8.89734495323831e-28
9.71997784250496e-28
3.50056826074121e-27
-9.13812631982723e-27
8.08833400597415e-27
-9.52585639194501e-27
8.56768743670275e-27
7.22211692083061e-27
-2.40650463538005e-27
1.2489956615905e-27
4.987847598524e-27
-1.04698165984049e-26
-1.29730440436222e-27
9.47798273881568e-28
-6.99192691507519e-27
1.39839566467229e-27
-6.16474376554279e-27
1.39138909141107e-27
-1.84552738465163e-27
-1.70475645050036e-26
8.07683359617602e-27
-1.15548775043645e-27
-4.11076204934534e-27
-1.92066172351853e-26
-8.93125937585276e-27
-8.92996789939265e-27
1.23263027250578e-26
-2.30292070011591e-27
8.45364881141498e-27
-3.26927611148246e-27
1.684451431282e-27
-6.64241200757005e-27
-2.67488723625659e-27
5.94505735037599e-27
-5.61710006886946e-27
-2.97535613093318e-27
2.66229471384026e-27
9.26043791762351e-27
3.66306859979889e-27
3.13383408505491e-27
-1.16812766878501e-26
5.31921538097372e-27
-2.43678035441467e-27
-4.45436500392874e-28
6.07560681258284e-28
-2.54500106632877e-27
-1.11623438921315e-26
5.75535575857513e-27
-2.28374164775305e-27
-2.01559602653764e-27
7.8222271621608e-27
4.04660450807294e-27
-7.41538950773669e-27
-6.13602283370286e-27
-1.84447664943458e-27
-8.00129100028446e-27
2.51362445765146e-27
3.58456689279485e-27
3.66127808680371e-27
-6.15728580245085e-27
-7.59267787919287e-27
-4.08103301355014e-27
-2.78100522387594e-27
-5.59537818712691e-28
-1.06592097404881e-26
1.34694725485582e-28
-4.85634269450881e-27
4.12393260151711e-27
-2.35803539844631e-28
-7.06124158516351e-29
2.27239170123183e-27
-5.31246208756196e-27
5.49065574640085e-28
-4.84225180862663e-27
-1.43571156043331e-26
3.340038990611e-27
8.99940920940571e-28
2.09846116857193e-28
9.21390213379799e-27
6.27468728197746e-27
6.60902169870349e-27
-1.20343487979934e-26
4.73684225226938e-27
-9.89120505162314e-28
-8.0028658492494e-28
2.5240916862815e-27
-3.83866425938988e-27
3.50100460424424e-27
-2.31364371631669e-27
5.23127461106517e-27
-3.42591089046211e-27
3.97807350088516e-27
1.0564277443646e-27
5.18556637526263e-28
-8.32914546521845e-29
1.54522023799772e-27
-2.83310814894695e-27
2.77804611276347e-27
3.74227246876181e-29
1.58348806475729e-27
2.15729732528444e-27
2.92080316216989e-27
5.02488162641295e-27
-3.80291920023976e-27
1.78800527389075e-29
4.00619508733875e-27
-2.36588707377948e-27
3.66416447399901e-27
2.95449690531154e-27
4.43983275910097e-27
-1.444808570155e-27
2.67484335113416e-27
1.12251372330267e-27
2.9645503599301e-27
-2.16017493545526e-27
7.76977315611035e-28
1.73188247160509e-28
-2.90272750717101e-27
1.47346680896289e-27
4.09902591374673e-27
3.46328346072409e-27
1.95288042500225e-27
-6.04736987095029e-29
1.87554480839423e-27
1.39964827145253e-27
-6.20511055501519e-27
4.80920756529696e-28
2.81204078245893e-27
9.34274133009068e-28
2.92374471923339e-27
-1.83438307127552e-27
3.26262061920068e-27
3.60569319073299e-27
1.55673945570546e-27
-1.73994479552593e-27
-9.57891852040629e-28
8.03692070425563e-28
2.95172838101649e-27
-5.73864430395352e-28
-2.06559748117454e-27
6.23678432866439e-27
5.47903245825992e-28
1.10522549278625e-27
-1.72374742376708e-27
1.19229608341004e-29
1.40337349141657e-27
6.22228343035264e-28
2.3862798632427e-27
-1.76127547274854e-27
-1.70635136123556e-27
-3.12567772158601e-27
-4.04210189451155e-27
-1.31291622320178e-27
-2.61278351871395e-27
-1.98252795985579e-27
2.15198597160969e-27
2.39631074836972e-27
1.46538442327179e-27
4.22507150853154e-28
1.77117344864762e-27
-1.7881908452656e-27
-1.97735327699089e-27
-2.93641372714881e-27
-2.51762301923522e-27
3.18505679995603e-28
4.07523265422545e-27
1.25180430942607e-27
-1.8476551861592e-27
-1.52802353930809e-27
-1.12443965324705e-27
-4.71547395922755e-27
-1.03019447203617e-27
-1.62397020940865e-27
1.84891782382456e-27
-5.98530376922687e-28
2.6584278076238e-27
-2.07918306121844e-27
2.40307156494533e-27
-1.26435545444125e-28
1.73774176237991e-27
1.65709093823742e-27
-2.76324554175856e-27
4.06800163990951e-27
3.98028280333439e-27
3.76672275125892e-27
1.61810841091255e-27
-3.28432494689427e-27
-1.88627033231629e-27
-3.22240303914455e-27
-5.41075974636416e-28
3.47774548935597e-28
1.10127833948877e-28
3.25278659019428e-27
2.50513331339144e-27
1.28913174070498e-27
1.32592001190831e-27
-6.81199916696996e-28
3.59231073611291e-30
-6.77962448522252e-29
1.87182711159403e-27
4.06923293105885e-27
-4.4420144766161e-28
-8.26504810925681e-28
2.83962320883695e-27
2.6742339748627e-29
-1.47747540143177e-27
1.10562045888813e-27
1.9760254385722e-27
1.35253445787157e-27
-1.86496724002779e-28
1.12374250673073e-27
3.53582306038076e-27
4.85675396079902e-28
4.38570986453751e-27
1.34611343752964e-27
1.95266977641458e-27
1.21895190677445e-27
-6.89051592030169e-28
-5.81604512131487e-28
3.98054360634769e-28
1.37424003942579e-27
7.91846848951196e-28
3.19943858150689e-27
8.79040317917791e-28
-6.31740129856958e-28
2.36531907490916e-27
-3.80993329666482e-27
-3.39537562227483e-27
-1.6639859179016e-27
7.11346488085605e-28
3.45413529348825e-28
9.73058550352679e-28
-5.01920414543105e-30
-8.87564062554473e-28
-1.43807032307093e-27
-4.5496646819386e-27
-2.1425970631308e-29
2.00462098434804e-27
-1.17256407850456e-27
1.5096563617102e-27
2.48058272204307e-27
-6.29664990496306e-28
-1.14552582764468e-27
6.86405946077918e-28
-5.24251672557127e-28
-2.45321846741657e-27
-3.33012847610551e-29
3.31675103692799e-27
)
;
    }
}


// ************************************************************************* //
