202
(
(0 -1.7088658139564714e-05 7.46106927414615e-07)
(0 -1.7088658139564714e-05 7.46106927414615e-07)
(0 -1.7088658139564714e-05 7.46106927414615e-07)
(0 -1.7088658139564714e-05 7.46106927414615e-07)
(0 -1.7088658139564714e-05 7.46106927414615e-07)
(0 -1.7088658139564714e-05 7.46106927414615e-07)
(0 -1.7088658139564714e-05 7.46106927414615e-07)
(0 -1.7088658139564714e-05 7.46106927414615e-07)
(0 -1.7088658139564714e-05 7.46106927414615e-07)
(0 -1.7088658139564714e-05 7.46106927414615e-07)
(0 -1.7088658139564714e-05 7.46106927414615e-07)
(0 -1.7088658139564714e-05 7.46106927414615e-07)
(0 -1.7088658139564714e-05 7.46106927414615e-07)
(0 -1.7088658139564714e-05 7.46106927414615e-07)
(0 -1.7088658139564714e-05 7.46106927414615e-07)
(0 -1.7088658139564714e-05 7.46106927414615e-07)
(0 -1.7088658139564714e-05 7.46106927414615e-07)
(0 -1.7088658139564714e-05 7.46106927414615e-07)
(0 -1.7088658139564714e-05 7.46106927414615e-07)
(0 -1.7088658139564714e-05 7.46106927414615e-07)
(0 -1.7088658139564714e-05 7.46106927414615e-07)
(0 -1.7088658139564714e-05 7.46106927414615e-07)
(0 -1.7088658139564714e-05 7.46106927414615e-07)
(0 -1.7088658139564714e-05 7.46106927414615e-07)
(0 -1.7088658139564714e-05 7.46106927414615e-07)
(0 -1.7088658139564714e-05 7.46106927414615e-07)
(0 -1.7088658139564714e-05 7.46106927414615e-07)
(0 -1.7088658139564714e-05 7.46106927414615e-07)
(0 -1.7088658139564714e-05 7.46106927414615e-07)
(0 -1.7088658139564714e-05 7.46106927414615e-07)
(0 -1.7088658139564714e-05 7.46106927414615e-07)
(0 -1.7088658139564714e-05 7.46106927414615e-07)
(0 -1.7088658139564714e-05 7.46106927414615e-07)
(0 -1.7088658139564714e-05 7.46106927414615e-07)
(0 -1.7088658139564714e-05 7.46106927414615e-07)
(0 -1.7088658139564714e-05 7.46106927414615e-07)
(0 -1.7088658139564714e-05 7.46106927414615e-07)
(0 -1.7088658139564714e-05 7.46106927414615e-07)
(0 -1.7088658139564714e-05 7.46106927414615e-07)
(0 -1.7088658139564714e-05 7.46106927414615e-07)
(0 -1.7088658139564714e-05 7.46106927414615e-07)
(0 -1.7088658139564714e-05 7.46106927414615e-07)
(0 -1.7088658139564714e-05 7.46106927414615e-07)
(0 -1.7088658139564714e-05 7.46106927414615e-07)
(0 -1.7088658139564714e-05 7.46106927414615e-07)
(0 -1.7088658139564714e-05 7.46106927414615e-07)
(0 -1.7088658139564714e-05 7.46106927414615e-07)
(0 -1.7088658139564714e-05 7.46106927414615e-07)
(0 -1.7088658139564714e-05 7.46106927414615e-07)
(0 -1.7088658139564714e-05 7.46106927414615e-07)
(0 -1.7088658139564714e-05 7.46106927414615e-07)
(0 -1.7088658139564714e-05 7.46106927414615e-07)
(0 -1.7088658139564714e-05 7.46106927414615e-07)
(0 -1.7088658139564714e-05 7.46106927414615e-07)
(0 -1.7088658139564714e-05 7.46106927414615e-07)
(0 -1.7088658139564714e-05 7.46106927414615e-07)
(0 -1.7088658139564714e-05 7.46106927414615e-07)
(0 -1.7088658139564714e-05 7.46106927414615e-07)
(0 -1.7088658139564714e-05 7.46106927414615e-07)
(0 -1.7088658139564714e-05 7.46106927414615e-07)
(0 -1.7088658139564714e-05 7.46106927414615e-07)
(0 -1.7088658139564714e-05 7.46106927414615e-07)
(0 -1.7088658139564714e-05 7.46106927414615e-07)
(0 -1.7088658139564714e-05 7.46106927414615e-07)
(0 -1.7088658139564714e-05 7.46106927414615e-07)
(0 -1.7088658139564714e-05 7.46106927414615e-07)
(0 -1.7088658139564714e-05 7.46106927414615e-07)
(0 -1.7088658139564714e-05 7.46106927414615e-07)
(0 -1.7088658139564714e-05 7.46106927414615e-07)
(0 -1.7088658139564714e-05 7.46106927414615e-07)
(0 -1.7088658139564714e-05 7.46106927414615e-07)
(0 -1.7088658139564714e-05 7.46106927414615e-07)
(0 -1.7088658139564714e-05 7.46106927414615e-07)
(0 -1.7088658139564714e-05 7.46106927414615e-07)
(0 -1.7088658139564714e-05 7.46106927414615e-07)
(0 -1.7088658139564714e-05 7.46106927414615e-07)
(0 -1.7088658139564714e-05 7.46106927414615e-07)
(0 -1.7088658139564714e-05 7.46106927414615e-07)
(0 -1.7088658139564714e-05 7.46106927414615e-07)
(0 -1.7088658139564714e-05 7.46106927414615e-07)
(0 -1.7088658139564714e-05 7.46106927414615e-07)
(0 -1.7088658139564714e-05 7.46106927414615e-07)
(0 -1.7088658139564714e-05 7.46106927414615e-07)
(0 -1.7088658139564714e-05 7.46106927414615e-07)
(0 -1.7088658139564714e-05 7.46106927414615e-07)
(0 -1.7088658139564714e-05 7.46106927414615e-07)
(0 -1.7088658139564714e-05 7.46106927414615e-07)
(0 -1.7088658139564714e-05 7.46106927414615e-07)
(0 -1.7088658139564714e-05 7.46106927414615e-07)
(0 -1.7088658139564714e-05 7.46106927414615e-07)
(0 -1.7088658139564714e-05 7.46106927414615e-07)
(0 -1.7088658139564714e-05 7.46106927414615e-07)
(0 -1.7088658139564714e-05 7.46106927414615e-07)
(0 -1.7088658139564714e-05 7.46106927414615e-07)
(0 -1.7088658139564714e-05 7.46106927414615e-07)
(0 -1.7088658139564714e-05 7.46106927414615e-07)
(0 -1.7088658139564714e-05 7.46106927414615e-07)
(0 -1.7088658139564714e-05 7.46106927414615e-07)
(0 -1.7088658139564714e-05 7.46106927414615e-07)
(0 -1.7088658139564714e-05 7.46106927414615e-07)
(0 -1.7088658139564714e-05 7.46106927414615e-07)
(0 -1.7088658139564714e-05 -7.46106927414615e-07)
(0 -1.7088658139564714e-05 -7.46106927414615e-07)
(0 -1.7088658139564714e-05 -7.46106927414615e-07)
(0 -1.7088658139564714e-05 -7.46106927414615e-07)
(0 -1.7088658139564714e-05 -7.46106927414615e-07)
(0 -1.7088658139564714e-05 -7.46106927414615e-07)
(0 -1.7088658139564714e-05 -7.46106927414615e-07)
(0 -1.7088658139564714e-05 -7.46106927414615e-07)
(0 -1.7088658139564714e-05 -7.46106927414615e-07)
(0 -1.7088658139564714e-05 -7.46106927414615e-07)
(0 -1.7088658139564714e-05 -7.46106927414615e-07)
(0 -1.7088658139564714e-05 -7.46106927414615e-07)
(0 -1.7088658139564714e-05 -7.46106927414615e-07)
(0 -1.7088658139564714e-05 -7.46106927414615e-07)
(0 -1.7088658139564714e-05 -7.46106927414615e-07)
(0 -1.7088658139564714e-05 -7.46106927414615e-07)
(0 -1.7088658139564714e-05 -7.46106927414615e-07)
(0 -1.7088658139564714e-05 -7.46106927414615e-07)
(0 -1.7088658139564714e-05 -7.46106927414615e-07)
(0 -1.7088658139564714e-05 -7.46106927414615e-07)
(0 -1.7088658139564714e-05 -7.46106927414615e-07)
(0 -1.7088658139564714e-05 -7.46106927414615e-07)
(0 -1.7088658139564714e-05 -7.46106927414615e-07)
(0 -1.7088658139564714e-05 -7.46106927414615e-07)
(0 -1.7088658139564714e-05 -7.46106927414615e-07)
(0 -1.7088658139564714e-05 -7.46106927414615e-07)
(0 -1.7088658139564714e-05 -7.46106927414615e-07)
(0 -1.7088658139564714e-05 -7.46106927414615e-07)
(0 -1.7088658139564714e-05 -7.46106927414615e-07)
(0 -1.7088658139564714e-05 -7.46106927414615e-07)
(0 -1.7088658139564714e-05 -7.46106927414615e-07)
(0 -1.7088658139564714e-05 -7.46106927414615e-07)
(0 -1.7088658139564714e-05 -7.46106927414615e-07)
(0 -1.7088658139564714e-05 -7.46106927414615e-07)
(0 -1.7088658139564714e-05 -7.46106927414615e-07)
(0 -1.7088658139564714e-05 -7.46106927414615e-07)
(0 -1.7088658139564714e-05 -7.46106927414615e-07)
(0 -1.7088658139564714e-05 -7.46106927414615e-07)
(0 -1.7088658139564714e-05 -7.46106927414615e-07)
(0 -1.7088658139564714e-05 -7.46106927414615e-07)
(0 -1.7088658139564714e-05 -7.46106927414615e-07)
(0 -1.7088658139564714e-05 -7.46106927414615e-07)
(0 -1.7088658139564714e-05 -7.46106927414615e-07)
(0 -1.7088658139564714e-05 -7.46106927414615e-07)
(0 -1.7088658139564714e-05 -7.46106927414615e-07)
(0 -1.7088658139564714e-05 -7.46106927414615e-07)
(0 -1.7088658139564714e-05 -7.46106927414615e-07)
(0 -1.7088658139564714e-05 -7.46106927414615e-07)
(0 -1.7088658139564714e-05 -7.46106927414615e-07)
(0 -1.7088658139564714e-05 -7.46106927414615e-07)
(0 -1.7088658139564714e-05 -7.46106927414615e-07)
(0 -1.7088658139564714e-05 -7.46106927414615e-07)
(0 -1.7088658139564714e-05 -7.46106927414615e-07)
(0 -1.7088658139564714e-05 -7.46106927414615e-07)
(0 -1.7088658139564714e-05 -7.46106927414615e-07)
(0 -1.7088658139564714e-05 -7.46106927414615e-07)
(0 -1.7088658139564714e-05 -7.46106927414615e-07)
(0 -1.7088658139564714e-05 -7.46106927414615e-07)
(0 -1.7088658139564714e-05 -7.46106927414615e-07)
(0 -1.7088658139564714e-05 -7.46106927414615e-07)
(0 -1.7088658139564714e-05 -7.46106927414615e-07)
(0 -1.7088658139564714e-05 -7.46106927414615e-07)
(0 -1.7088658139564714e-05 -7.46106927414615e-07)
(0 -1.7088658139564714e-05 -7.46106927414615e-07)
(0 -1.7088658139564714e-05 -7.46106927414615e-07)
(0 -1.7088658139564714e-05 -7.46106927414615e-07)
(0 -1.7088658139564714e-05 -7.46106927414615e-07)
(0 -1.7088658139564714e-05 -7.46106927414615e-07)
(0 -1.7088658139564714e-05 -7.46106927414615e-07)
(0 -1.7088658139564714e-05 -7.46106927414615e-07)
(0 -1.7088658139564714e-05 -7.46106927414615e-07)
(0 -1.7088658139564714e-05 -7.46106927414615e-07)
(0 -1.7088658139564714e-05 -7.46106927414615e-07)
(0 -1.7088658139564714e-05 -7.46106927414615e-07)
(0 -1.7088658139564714e-05 -7.46106927414615e-07)
(0 -1.7088658139564714e-05 -7.46106927414615e-07)
(0 -1.7088658139564714e-05 -7.46106927414615e-07)
(0 -1.7088658139564714e-05 -7.46106927414615e-07)
(0 -1.7088658139564714e-05 -7.46106927414615e-07)
(0 -1.7088658139564714e-05 -7.46106927414615e-07)
(0 -1.7088658139564714e-05 -7.46106927414615e-07)
(0 -1.7088658139564714e-05 -7.46106927414615e-07)
(0 -1.7088658139564714e-05 -7.46106927414615e-07)
(0 -1.7088658139564714e-05 -7.46106927414615e-07)
(0 -1.7088658139564714e-05 -7.46106927414615e-07)
(0 -1.7088658139564714e-05 -7.46106927414615e-07)
(0 -1.7088658139564714e-05 -7.46106927414615e-07)
(0 -1.7088658139564714e-05 -7.46106927414615e-07)
(0 -1.7088658139564714e-05 -7.46106927414615e-07)
(0 -1.7088658139564714e-05 -7.46106927414615e-07)
(0 -1.7088658139564714e-05 -7.46106927414615e-07)
(0 -1.7088658139564714e-05 -7.46106927414615e-07)
(0 -1.7088658139564714e-05 -7.46106927414615e-07)
(0 -1.7088658139564714e-05 -7.46106927414615e-07)
(0 -1.7088658139564714e-05 -7.46106927414615e-07)
(0 -1.7088658139564714e-05 -7.46106927414615e-07)
(0 -1.7088658139564714e-05 -7.46106927414615e-07)
(0 -1.7088658139564714e-05 -7.46106927414615e-07)
(0 -1.7088658139564714e-05 -7.46106927414615e-07)
(0 -1.7088658139564714e-05 -7.46106927414615e-07)
(0 -1.7088658139564714e-05 -7.46106927414615e-07)
)