
                    FoamFile
                    {
                         version   2.0;
                         format    ascii;
                         class     scalarField;
                         object    values;
                    }
                    //***********************************************************************// //

                    244
(
1447819.55242287
1447819.55242287
2087547.1182897557
6427471.289454764
10939062.369033083
15638856.98616632
20509506.00041817
25595834.962462675
30880624.725466985
36391534.964103624
42142523.814896286
48131118.80664704
54410512.43080657
60950104.07765253
67821138.62330042
75001105.25378326
82536471.1851241
90452757.36741406
98750120.67190616
107518686.98378296
116713317.20572373
126457286.05402657
136719191.45376027
147584109.9591885
159104056.58436853
171287621.39573142
184303048.98457947
198082297.91976574
212860195.5956692
228594111.67034647
245460148.66242975
263573937.26413316
282972666.09684587
304011668.83875895
326578088.0107972
351175810.69271505
377752518.5787568
406696471.05369127
438286794.8361701
472639784.09074736
510513313.9333525
551682393.8214393
597236790.0354683
646863056.928086
701034817.7001183
759509110.8607316
820935412.7738143
884481585.7269851
948003370.953373
1009133972.4160717
1066342790.6959293
1117133063.2790208
1160098238.8288834
1194736189.820487
1219138124.67162
1234580156.6206264
1239156132.41606
1233855725.1413772
1216733906.9678836
1186312952.518907
1141843452.1251156
1072932225.74613
972034889.3588262
875994896.1457996
776143983.4392496
676178941.0515108
576266279.1425033
475021605.5649191
372022470.3997485
267714025.35456616
161708279.9636738
54303046.84326117
38121858.38399
38121858.38399
38121858.38399
38121858.38399
38121858.38399
38121858.38399
38121858.38399
38121858.38399
38121858.38399
38121858.38399
38121858.38399
38121858.38399
38121858.38399
38121858.38399
38121858.38399
38121858.38399
38121858.38399
38121858.38399
38121858.38399
38121858.38399
38121858.38399
38121858.38399
38121858.38399
38121858.38399
38121858.38399
38121858.38399
38121858.38399
38121858.38399
38121858.38399
38121858.38399
38121858.38399
38121858.38399
38121858.38399
38121858.38399
38121858.38399
38121858.38399
38121858.38399
38121858.38399
38121858.38399
38121858.38399
38121858.38399
38121858.38399
38121858.38399
38121858.38399
38121858.38399
38121858.38399
38121858.38399
38121858.38399
38121858.38399
38121858.38399
1447819.55242287
1447819.55242287
2087547.1182897557
6427471.289454764
10939062.369033083
15638856.98616632
20509506.00041817
25595834.962462675
30880624.725466985
36391534.964103624
42142523.814896286
48131118.80664704
54410512.43080657
60950104.07765253
67821138.62330042
75001105.25378326
82536471.1851241
90452757.36741406
98750120.67190616
107518686.98378296
116713317.20572373
126457286.05402657
136719191.45376027
147584109.9591885
159104056.58436853
171287621.39573142
184303048.98457947
198082297.91976574
212860195.5956692
228594111.67034647
245460148.66242975
263573937.26413316
282972666.09684587
304011668.83875895
326578088.0107972
351175810.69271505
377752518.5787568
406696471.05369127
438286794.8361701
472639784.09074736
510513313.9333525
551682393.8214393
597236790.0354683
646863056.928086
701034817.7001183
759509110.8607316
820935412.7738143
884481585.7269851
948003370.953373
1009133972.4160717
1066342790.6959293
1117133063.2790208
1160098238.8288834
1194736189.820487
1219138124.67162
1234580156.6206264
1239156132.41606
1233855725.1413772
1216733906.9678836
1186312952.518907
1141843452.1251156
1072932225.74613
972034889.3588262
875994896.1457996
776143983.4392496
676178941.0515108
576266279.1425033
475021605.5649191
372022470.3997485
267714025.35456616
161708279.9636738
54303046.84326117
38121858.38399
38121858.38399
38121858.38399
38121858.38399
38121858.38399
38121858.38399
38121858.38399
38121858.38399
38121858.38399
38121858.38399
38121858.38399
38121858.38399
38121858.38399
38121858.38399
38121858.38399
38121858.38399
38121858.38399
38121858.38399
38121858.38399
38121858.38399
38121858.38399
38121858.38399
38121858.38399
38121858.38399
38121858.38399
38121858.38399
38121858.38399
38121858.38399
38121858.38399
38121858.38399
38121858.38399
38121858.38399
38121858.38399
38121858.38399
38121858.38399
38121858.38399
38121858.38399
38121858.38399
38121858.38399
38121858.38399
38121858.38399
38121858.38399
38121858.38399
38121858.38399
38121858.38399
38121858.38399
38121858.38399
38121858.38399
38121858.38399
38121858.38399
)