
                    FoamFile
                    {
                         version   2.0;
                         format    ascii;
                         class     scalarField;
                         object    values;
                    }
                    //***********************************************************************// //

                    244
(
1370290.62663321
1370290.62663321
1973689.4967534589
6067317.220655004
10319186.843451027
14741064.26448012
19317419.36285348
24088160.29980292
29037492.42250515
34189795.519706935
39556878.79181516
45136130.774402075
50974333.437523976
57043449.238331676
63406049.69341686
70041271.56427675
76989067.15668103
84270997.37702066
91885882.20986547
99910987.21924736
108305845.75323786
117175109.29231893
126490024.83631968
136321807.11024913
146712159.9292435
157666203.13250118
169323399.49241546
181622510.1697527
194757762.10151085
208688659.46706653
223556270.56506062
239452336.42891324
256400612.17430905
274684696.30766344
294207549.6810566
315368203.5330641
338117450.8792005
362760920.0440367
389516162.70861506
418469282.38263553
450231049.6035015
484635722.313766
522550435.6078928
563851612.238766
609214027.6538444
658938250.488916
712881268.6848252
771625332.3878216
833456780.5003734
897940825.0508428
963108968.7460339
1027055523.62369
1087891259.3729491
1143770848.743904
1192070723.868075
1232446767.5766623
1261907052.599467
1280353811.4283001
1284748523.3613193
1272390109.9697785
1242062614.513952
1178120595.6410298
1067255857.7232828
962806672.5432731
852380541.7976618
741621583.2400644
631628660.0737764
520226945.9754674
406985360.911041
292562341.67884725
176540171.72240147
59147146.12012313
41463028.1668015
41463028.1668015
41463028.1668015
41463028.1668015
41463028.1668015
41463028.1668015
41463028.1668015
41463028.1668015
41463028.1668015
41463028.1668015
41463028.1668015
41463028.1668015
41463028.1668015
41463028.1668015
41463028.1668015
41463028.1668015
41463028.1668015
41463028.1668015
41463028.1668015
41463028.1668015
41463028.1668015
41463028.1668015
41463028.1668015
41463028.1668015
41463028.1668015
41463028.1668015
41463028.1668015
41463028.1668015
41463028.1668015
41463028.1668015
41463028.1668015
41463028.1668015
41463028.1668015
41463028.1668015
41463028.1668015
41463028.1668015
41463028.1668015
41463028.1668015
41463028.1668015
41463028.1668015
41463028.1668015
41463028.1668015
41463028.1668015
41463028.1668015
41463028.1668015
41463028.1668015
41463028.1668015
41463028.1668015
41463028.1668015
41463028.1668015
1370290.62663321
1370290.62663321
1973689.4967534589
6067317.220655004
10319186.843451027
14741064.26448012
19317419.36285348
24088160.29980292
29037492.42250515
34189795.519706935
39556878.79181516
45136130.774402075
50974333.437523976
57043449.238331676
63406049.69341686
70041271.56427675
76989067.15668103
84270997.37702066
91885882.20986547
99910987.21924736
108305845.75323786
117175109.29231893
126490024.83631968
136321807.11024913
146712159.9292435
157666203.13250118
169323399.49241546
181622510.1697527
194757762.10151085
208688659.46706653
223556270.56506062
239452336.42891324
256400612.17430905
274684696.30766344
294207549.6810566
315368203.5330641
338117450.8792005
362760920.0440367
389516162.70861506
418469282.38263553
450231049.6035015
484635722.313766
522550435.6078928
563851612.238766
609214027.6538444
658938250.488916
712881268.6848252
771625332.3878216
833456780.5003734
897940825.0508428
963108968.7460339
1027055523.62369
1087891259.3729491
1143770848.743904
1192070723.868075
1232446767.5766623
1261907052.599467
1280353811.4283001
1284748523.3613193
1272390109.9697785
1242062614.513952
1178120595.6410298
1067255857.7232828
962806672.5432731
852380541.7976618
741621583.2400644
631628660.0737764
520226945.9754674
406985360.911041
292562341.67884725
176540171.72240147
59147146.12012313
41463028.1668015
41463028.1668015
41463028.1668015
41463028.1668015
41463028.1668015
41463028.1668015
41463028.1668015
41463028.1668015
41463028.1668015
41463028.1668015
41463028.1668015
41463028.1668015
41463028.1668015
41463028.1668015
41463028.1668015
41463028.1668015
41463028.1668015
41463028.1668015
41463028.1668015
41463028.1668015
41463028.1668015
41463028.1668015
41463028.1668015
41463028.1668015
41463028.1668015
41463028.1668015
41463028.1668015
41463028.1668015
41463028.1668015
41463028.1668015
41463028.1668015
41463028.1668015
41463028.1668015
41463028.1668015
41463028.1668015
41463028.1668015
41463028.1668015
41463028.1668015
41463028.1668015
41463028.1668015
41463028.1668015
41463028.1668015
41463028.1668015
41463028.1668015
41463028.1668015
41463028.1668015
41463028.1668015
41463028.1668015
41463028.1668015
41463028.1668015
)