
                    FoamFile
                    {
                         version   2.0;
                         format    ascii;
                         class     vectorField;
                         object    values;
                    }
                    //***********************************************************************// //

                    244
(
(-8301145.55650325 34454.2919638528 -3.27988792203928e-11)
(-8301145.55650325 34454.2919638528 -3.27988792203928e-11)
(-8316424.848757465 32673.62444085529 -3.2541686739468e-11)
(-8430228.152770624 26645.72620312603 1.6181719111169474e-11)
(-8561992.567992773 28968.87403204824 -3.032215070631437e-10)
(-8705368.802811414 31166.136577159006 1.6842934605272163e-10)
(-8855863.108135633 32440.98095830607 -1.5472971320616655e-10)
(-9012420.695480436 33190.16496118682 8.950199214761075e-10)
(-9174469.43763719 33787.80633719318 1.1477289405869462e-09)
(-9342402.014900714 34538.05261947232 1.6081592232739662e-10)
(-9516450.05354201 35337.54495011967 9.446960980518423e-10)
(-9696561.152441792 36119.182901304965 3.7474019670698675e-10)
(-9884159.00210744 36911.700669887694 1.4522755399514462e-09)
(-10078369.60091789 37727.98402034005 -2.0313359342460933e-10)
(-10280889.538553108 38579.58641320926 -3.422347533295171e-10)
(-10491186.545426095 39472.91713681796 -3.136954955799732e-10)
(-10710163.692010943 40401.592721367866 1.2655201765849373e-10)
(-10938531.902988521 41290.81055188783 1.1804743220504858e-09)
(-11176183.641156372 42247.31371783995 1.916032406921944e-09)
(-11425230.746896999 43219.47772863919 2.829013607012913e-10)
(-11684398.037913108 44476.69720517979 1.155935348081758e-09)
(-11955949.004218092 45558.40100413487 3.7823720344558625e-09)
(-12239959.30819497 46607.800244824706 -7.664957446616209e-10)
(-12537632.114829663 47839.654896406646 5.584692796403618e-09)
(-12850138.000478923 49093.82684486479 4.327209847879663e-09)
(-13177321.701231334 50584.36913927078 6.64320979424649e-09)
(-13522420.09016675 51977.86292501504 1.4953593435733603e-09)
(-13884138.591991136 53528.09054881687 -4.679753191224543e-09)
(-14266716.72071242 55113.53746443495 -6.211467290853069e-10)
(-14669243.854851415 56771.977403848956 -8.87614237202771e-10)
(-15094801.198818972 58578.465236041986 -1.5114730975536118e-10)
(-15545095.954117835 60464.422172546285 -1.6993327337893503e-09)
(-16020819.272547929 62535.66683455838 -4.213993414805708e-09)
(-16527277.074247899 65016.28528451694 -5.8214327258782986e-09)
(-17061952.2027774 67688.07419974964 -4.766457181615257e-09)
(-17632742.0958801 70607.04927696075 -6.718901846815249e-10)
(-18238086.85829417 73613.31085521608 -1.5103702062279327e-09)
(-18883788.564133372 77232.55910987564 1.1396761295126633e-09)
(-19572127.926797923 81016.84692608075 -7.1163493460077976e-09)
(-20305340.204953793 85228.13071783721 -1.5337548483239574e-09)
(-21091793.76689125 90662.99326866155 -2.3952796054088677e-09)
(-21926027.660884004 96417.91063724332 9.232100495608604e-09)
(-22822128.24836214 103626.18957835509 1.0690790381734772e-08)
(-23771906.08527175 111554.56467535392 -2.1110919246066063e-09)
(-24786504.62646425 120839.47695202008 6.874875473678714e-09)
(-25859782.343620423 132503.3581426167 -7.167482256562482e-09)
(-26990993.405658394 144629.17400150074 -2.7870292611274646e-09)
(-28180475.2315283 161051.13906809702 -3.6819716914317526e-09)
(-29405687.630933356 177664.07988189204 -3.1642092386100637e-09)
(-30663160.66576249 200758.92493736214 -7.71519351683266e-09)
(-31880157.141486064 230245.84943053263 -5.795015278628341e-09)
(-33000478.082233194 267258.7746655931 -7.309837988844902e-09)
(-33842731.65985912 323110.9289607087 -1.2720431831867895e-08)
(-34314869.67889704 361231.9454035171 -7.956280561207493e-09)
(-34288350.3048491 383134.583238137 -1.162131568447472e-09)
(-33782016.508535415 373575.0490615213 1.491881658008605e-08)
(-32666656.634941466 332403.70333301986 8.140501844955413e-09)
(-30950611.49841317 258714.0849748536 6.582660790743157e-09)
(-28440248.878516592 159916.48660572286 -9.49404798939975e-09)
(-24903119.86750088 23219.431739023166 8.599102526606558e-09)
(-19549027.694083646 -138255.5418812579 1.9479479173592347e-08)
(-10851876.605899647 -267947.5794759242 1.4483900818232005e-10)
(-2808684.2871693377 100191.90975340005 -5.0617034929379545e-09)
(-4573444.638192363 68699.89575544075 -1.4162106403653646e-09)
(-5303188.768199053 63606.81370733815 2.940397282926169e-09)
(-6456699.488208843 47148.52511637267 -5.490678847724624e-09)
(-7962661.649463352 31339.220424218285 -4.846832868171294e-09)
(-9633975.032400442 11282.377070270913 -3.601806472647662e-09)
(-11485160.67460905 -5415.323631485945 -1.8024560296791502e-09)
(-13447738.83321057 -23606.37989578906 -6.796893261822388e-10)
(-15483281.745444126 -32175.245577022615 3.324856570800014e-10)
(-17527932.55750793 58241.643292241715 3.344615906852409e-10)
(-17839068.8452225 85474.1302648418 2.02031414859834e-10)
(-17839068.8452225 85474.1302648418 2.02031414859834e-10)
(-17839068.8452225 85474.1302648418 2.02031414859834e-10)
(-17839068.8452225 85474.1302648418 2.02031414859834e-10)
(-17839068.8452225 85474.1302648418 2.02031414859834e-10)
(-17839068.8452225 85474.1302648418 2.02031414859834e-10)
(-17839068.8452225 85474.1302648418 2.02031414859834e-10)
(-17839068.8452225 85474.1302648418 2.02031414859834e-10)
(-17839068.8452225 85474.1302648418 2.02031414859834e-10)
(-17839068.8452225 85474.1302648418 2.02031414859834e-10)
(-17839068.8452225 85474.1302648418 2.02031414859834e-10)
(-17839068.8452225 85474.1302648418 2.02031414859834e-10)
(-17839068.8452225 85474.1302648418 2.02031414859834e-10)
(-17839068.8452225 85474.1302648418 2.02031414859834e-10)
(-17839068.8452225 85474.1302648418 2.02031414859834e-10)
(-17839068.8452225 85474.1302648418 2.02031414859834e-10)
(-17839068.8452225 85474.1302648418 2.02031414859834e-10)
(-17839068.8452225 85474.1302648418 2.02031414859834e-10)
(-17839068.8452225 85474.1302648418 2.02031414859834e-10)
(-17839068.8452225 85474.1302648418 2.02031414859834e-10)
(-17839068.8452225 85474.1302648418 2.02031414859834e-10)
(-17839068.8452225 85474.1302648418 2.02031414859834e-10)
(-17839068.8452225 85474.1302648418 2.02031414859834e-10)
(-17839068.8452225 85474.1302648418 2.02031414859834e-10)
(-17839068.8452225 85474.1302648418 2.02031414859834e-10)
(-17839068.8452225 85474.1302648418 2.02031414859834e-10)
(-17839068.8452225 85474.1302648418 2.02031414859834e-10)
(-17839068.8452225 85474.1302648418 2.02031414859834e-10)
(-17839068.8452225 85474.1302648418 2.02031414859834e-10)
(-17839068.8452225 85474.1302648418 2.02031414859834e-10)
(-17839068.8452225 85474.1302648418 2.02031414859834e-10)
(-17839068.8452225 85474.1302648418 2.02031414859834e-10)
(-17839068.8452225 85474.1302648418 2.02031414859834e-10)
(-17839068.8452225 85474.1302648418 2.02031414859834e-10)
(-17839068.8452225 85474.1302648418 2.02031414859834e-10)
(-17839068.8452225 85474.1302648418 2.02031414859834e-10)
(-17839068.8452225 85474.1302648418 2.02031414859834e-10)
(-17839068.8452225 85474.1302648418 2.02031414859834e-10)
(-17839068.8452225 85474.1302648418 2.02031414859834e-10)
(-17839068.8452225 85474.1302648418 2.02031414859834e-10)
(-17839068.8452225 85474.1302648418 2.02031414859834e-10)
(-17839068.8452225 85474.1302648418 2.02031414859834e-10)
(-17839068.8452225 85474.1302648418 2.02031414859834e-10)
(-17839068.8452225 85474.1302648418 2.02031414859834e-10)
(-17839068.8452225 85474.1302648418 2.02031414859834e-10)
(-17839068.8452225 85474.1302648418 2.02031414859834e-10)
(-17839068.8452225 85474.1302648418 2.02031414859834e-10)
(-17839068.8452225 85474.1302648418 2.02031414859834e-10)
(-17839068.8452225 85474.1302648418 2.02031414859834e-10)
(-17839068.8452225 85474.1302648418 2.02031414859834e-10)
(-8301145.55650325 34454.2919638528 -3.27988792203928e-11)
(-8301145.55650325 34454.2919638528 -3.27988792203928e-11)
(-8316424.848757465 32673.62444085529 -3.2541686739468e-11)
(-8430228.152770624 26645.72620312603 1.6181719111169474e-11)
(-8561992.567992773 28968.87403204824 -3.032215070631437e-10)
(-8705368.802811414 31166.136577159006 1.6842934605272163e-10)
(-8855863.108135633 32440.98095830607 -1.5472971320616655e-10)
(-9012420.695480436 33190.16496118682 8.950199214761075e-10)
(-9174469.43763719 33787.80633719318 1.1477289405869462e-09)
(-9342402.014900714 34538.05261947232 1.6081592232739662e-10)
(-9516450.05354201 35337.54495011967 9.446960980518423e-10)
(-9696561.152441792 36119.182901304965 3.7474019670698675e-10)
(-9884159.00210744 36911.700669887694 1.4522755399514462e-09)
(-10078369.60091789 37727.98402034005 -2.0313359342460933e-10)
(-10280889.538553108 38579.58641320926 -3.422347533295171e-10)
(-10491186.545426095 39472.91713681796 -3.136954955799732e-10)
(-10710163.692010943 40401.592721367866 1.2655201765849373e-10)
(-10938531.902988521 41290.81055188783 1.1804743220504858e-09)
(-11176183.641156372 42247.31371783995 1.916032406921944e-09)
(-11425230.746896999 43219.47772863919 2.829013607012913e-10)
(-11684398.037913108 44476.69720517979 1.155935348081758e-09)
(-11955949.004218092 45558.40100413487 3.7823720344558625e-09)
(-12239959.30819497 46607.800244824706 -7.664957446616209e-10)
(-12537632.114829663 47839.654896406646 5.584692796403618e-09)
(-12850138.000478923 49093.82684486479 4.327209847879663e-09)
(-13177321.701231334 50584.36913927078 6.64320979424649e-09)
(-13522420.09016675 51977.86292501504 1.4953593435733603e-09)
(-13884138.591991136 53528.09054881687 -4.679753191224543e-09)
(-14266716.72071242 55113.53746443495 -6.211467290853069e-10)
(-14669243.854851415 56771.977403848956 -8.87614237202771e-10)
(-15094801.198818972 58578.465236041986 -1.5114730975536118e-10)
(-15545095.954117835 60464.422172546285 -1.6993327337893503e-09)
(-16020819.272547929 62535.66683455838 -4.213993414805708e-09)
(-16527277.074247899 65016.28528451694 -5.8214327258782986e-09)
(-17061952.2027774 67688.07419974964 -4.766457181615257e-09)
(-17632742.0958801 70607.04927696075 -6.718901846815249e-10)
(-18238086.85829417 73613.31085521608 -1.5103702062279327e-09)
(-18883788.564133372 77232.55910987564 1.1396761295126633e-09)
(-19572127.926797923 81016.84692608075 -7.1163493460077976e-09)
(-20305340.204953793 85228.13071783721 -1.5337548483239574e-09)
(-21091793.76689125 90662.99326866155 -2.3952796054088677e-09)
(-21926027.660884004 96417.91063724332 9.232100495608604e-09)
(-22822128.24836214 103626.18957835509 1.0690790381734772e-08)
(-23771906.08527175 111554.56467535392 -2.1110919246066063e-09)
(-24786504.62646425 120839.47695202008 6.874875473678714e-09)
(-25859782.343620423 132503.3581426167 -7.167482256562482e-09)
(-26990993.405658394 144629.17400150074 -2.7870292611274646e-09)
(-28180475.2315283 161051.13906809702 -3.6819716914317526e-09)
(-29405687.630933356 177664.07988189204 -3.1642092386100637e-09)
(-30663160.66576249 200758.92493736214 -7.71519351683266e-09)
(-31880157.141486064 230245.84943053263 -5.795015278628341e-09)
(-33000478.082233194 267258.7746655931 -7.309837988844902e-09)
(-33842731.65985912 323110.9289607087 -1.2720431831867895e-08)
(-34314869.67889704 361231.9454035171 -7.956280561207493e-09)
(-34288350.3048491 383134.583238137 -1.162131568447472e-09)
(-33782016.508535415 373575.0490615213 1.491881658008605e-08)
(-32666656.634941466 332403.70333301986 8.140501844955413e-09)
(-30950611.49841317 258714.0849748536 6.582660790743157e-09)
(-28440248.878516592 159916.48660572286 -9.49404798939975e-09)
(-24903119.86750088 23219.431739023166 8.599102526606558e-09)
(-19549027.694083646 -138255.5418812579 1.9479479173592347e-08)
(-10851876.605899647 -267947.5794759242 1.4483900818232005e-10)
(-2808684.2871693377 100191.90975340005 -5.0617034929379545e-09)
(-4573444.638192363 68699.89575544075 -1.4162106403653646e-09)
(-5303188.768199053 63606.81370733815 2.940397282926169e-09)
(-6456699.488208843 47148.52511637267 -5.490678847724624e-09)
(-7962661.649463352 31339.220424218285 -4.846832868171294e-09)
(-9633975.032400442 11282.377070270913 -3.601806472647662e-09)
(-11485160.67460905 -5415.323631485945 -1.8024560296791502e-09)
(-13447738.83321057 -23606.37989578906 -6.796893261822388e-10)
(-15483281.745444126 -32175.245577022615 3.324856570800014e-10)
(-17527932.55750793 58241.643292241715 3.344615906852409e-10)
(-17839068.8452225 85474.1302648418 2.02031414859834e-10)
(-17839068.8452225 85474.1302648418 2.02031414859834e-10)
(-17839068.8452225 85474.1302648418 2.02031414859834e-10)
(-17839068.8452225 85474.1302648418 2.02031414859834e-10)
(-17839068.8452225 85474.1302648418 2.02031414859834e-10)
(-17839068.8452225 85474.1302648418 2.02031414859834e-10)
(-17839068.8452225 85474.1302648418 2.02031414859834e-10)
(-17839068.8452225 85474.1302648418 2.02031414859834e-10)
(-17839068.8452225 85474.1302648418 2.02031414859834e-10)
(-17839068.8452225 85474.1302648418 2.02031414859834e-10)
(-17839068.8452225 85474.1302648418 2.02031414859834e-10)
(-17839068.8452225 85474.1302648418 2.02031414859834e-10)
(-17839068.8452225 85474.1302648418 2.02031414859834e-10)
(-17839068.8452225 85474.1302648418 2.02031414859834e-10)
(-17839068.8452225 85474.1302648418 2.02031414859834e-10)
(-17839068.8452225 85474.1302648418 2.02031414859834e-10)
(-17839068.8452225 85474.1302648418 2.02031414859834e-10)
(-17839068.8452225 85474.1302648418 2.02031414859834e-10)
(-17839068.8452225 85474.1302648418 2.02031414859834e-10)
(-17839068.8452225 85474.1302648418 2.02031414859834e-10)
(-17839068.8452225 85474.1302648418 2.02031414859834e-10)
(-17839068.8452225 85474.1302648418 2.02031414859834e-10)
(-17839068.8452225 85474.1302648418 2.02031414859834e-10)
(-17839068.8452225 85474.1302648418 2.02031414859834e-10)
(-17839068.8452225 85474.1302648418 2.02031414859834e-10)
(-17839068.8452225 85474.1302648418 2.02031414859834e-10)
(-17839068.8452225 85474.1302648418 2.02031414859834e-10)
(-17839068.8452225 85474.1302648418 2.02031414859834e-10)
(-17839068.8452225 85474.1302648418 2.02031414859834e-10)
(-17839068.8452225 85474.1302648418 2.02031414859834e-10)
(-17839068.8452225 85474.1302648418 2.02031414859834e-10)
(-17839068.8452225 85474.1302648418 2.02031414859834e-10)
(-17839068.8452225 85474.1302648418 2.02031414859834e-10)
(-17839068.8452225 85474.1302648418 2.02031414859834e-10)
(-17839068.8452225 85474.1302648418 2.02031414859834e-10)
(-17839068.8452225 85474.1302648418 2.02031414859834e-10)
(-17839068.8452225 85474.1302648418 2.02031414859834e-10)
(-17839068.8452225 85474.1302648418 2.02031414859834e-10)
(-17839068.8452225 85474.1302648418 2.02031414859834e-10)
(-17839068.8452225 85474.1302648418 2.02031414859834e-10)
(-17839068.8452225 85474.1302648418 2.02031414859834e-10)
(-17839068.8452225 85474.1302648418 2.02031414859834e-10)
(-17839068.8452225 85474.1302648418 2.02031414859834e-10)
(-17839068.8452225 85474.1302648418 2.02031414859834e-10)
(-17839068.8452225 85474.1302648418 2.02031414859834e-10)
(-17839068.8452225 85474.1302648418 2.02031414859834e-10)
(-17839068.8452225 85474.1302648418 2.02031414859834e-10)
(-17839068.8452225 85474.1302648418 2.02031414859834e-10)
(-17839068.8452225 85474.1302648418 2.02031414859834e-10)
(-17839068.8452225 85474.1302648418 2.02031414859834e-10)
)