202
(
(0 -1.2537249944653694e-05 5.47388154063271e-07)
(0 -1.2537249944653694e-05 5.47388154063271e-07)
(0 -1.2537249944653694e-05 5.47388154063271e-07)
(0 -1.2537249944653694e-05 5.47388154063271e-07)
(0 -1.2537249944653694e-05 5.47388154063271e-07)
(0 -1.2537249944653694e-05 5.47388154063271e-07)
(0 -1.2537249944653694e-05 5.47388154063271e-07)
(0 -1.2537249944653694e-05 5.47388154063271e-07)
(0 -1.2537249944653694e-05 5.47388154063271e-07)
(0 -1.2537249944653694e-05 5.47388154063271e-07)
(0 -1.2537249944653694e-05 5.47388154063271e-07)
(0 -1.2537249944653694e-05 5.47388154063271e-07)
(0 -1.2537249944653694e-05 5.47388154063271e-07)
(0 -1.2537249944653694e-05 5.47388154063271e-07)
(0 -1.2537249944653694e-05 5.47388154063271e-07)
(0 -1.2537249944653694e-05 5.47388154063271e-07)
(0 -1.2537249944653694e-05 5.47388154063271e-07)
(0 -1.2537249944653694e-05 5.47388154063271e-07)
(0 -1.2537249944653694e-05 5.47388154063271e-07)
(0 -1.2537249944653694e-05 5.47388154063271e-07)
(0 -1.2537249944653694e-05 5.47388154063271e-07)
(0 -1.2537249944653694e-05 5.47388154063271e-07)
(0 -1.2537249944653694e-05 5.47388154063271e-07)
(0 -1.2537249944653694e-05 5.47388154063271e-07)
(0 -1.2537249944653694e-05 5.47388154063271e-07)
(0 -1.2537249944653694e-05 5.47388154063271e-07)
(0 -1.2537249944653694e-05 5.47388154063271e-07)
(0 -1.2537249944653694e-05 5.47388154063271e-07)
(0 -1.2537249944653694e-05 5.47388154063271e-07)
(0 -1.2537249944653694e-05 5.47388154063271e-07)
(0 -1.2537249944653694e-05 5.47388154063271e-07)
(0 -1.2537249944653694e-05 5.47388154063271e-07)
(0 -1.2537249944653694e-05 5.47388154063271e-07)
(0 -1.2537249944653694e-05 5.47388154063271e-07)
(0 -1.2537249944653694e-05 5.47388154063271e-07)
(0 -1.2537249944653694e-05 5.47388154063271e-07)
(0 -1.2537249944653694e-05 5.47388154063271e-07)
(0 -1.2537249944653694e-05 5.47388154063271e-07)
(0 -1.2537249944653694e-05 5.47388154063271e-07)
(0 -1.2537249944653694e-05 5.47388154063271e-07)
(0 -1.2537249944653694e-05 5.47388154063271e-07)
(0 -1.2537249944653694e-05 5.47388154063271e-07)
(0 -1.2537249944653694e-05 5.47388154063271e-07)
(0 -1.2537249944653694e-05 5.47388154063271e-07)
(0 -1.2537249944653694e-05 5.47388154063271e-07)
(0 -1.2537249944653694e-05 5.47388154063271e-07)
(0 -1.2537249944653694e-05 5.47388154063271e-07)
(0 -1.2537249944653694e-05 5.47388154063271e-07)
(0 -1.2537249944653694e-05 5.47388154063271e-07)
(0 -1.2537249944653694e-05 5.47388154063271e-07)
(0 -1.2537249944653694e-05 5.47388154063271e-07)
(0 -1.2537249944653694e-05 5.47388154063271e-07)
(0 -1.2537249944653694e-05 5.47388154063271e-07)
(0 -1.2537249944653694e-05 5.47388154063271e-07)
(0 -1.2537249944653694e-05 5.47388154063271e-07)
(0 -1.2537249944653694e-05 5.47388154063271e-07)
(0 -1.2537249944653694e-05 5.47388154063271e-07)
(0 -1.2537249944653694e-05 5.47388154063271e-07)
(0 -1.2537249944653694e-05 5.47388154063271e-07)
(0 -1.2537249944653694e-05 5.47388154063271e-07)
(0 -1.2537249944653694e-05 5.47388154063271e-07)
(0 -1.2537249944653694e-05 5.47388154063271e-07)
(0 -1.2537249944653694e-05 5.47388154063271e-07)
(0 -1.2537249944653694e-05 5.47388154063271e-07)
(0 -1.2537249944653694e-05 5.47388154063271e-07)
(0 -1.2537249944653694e-05 5.47388154063271e-07)
(0 -1.2537249944653694e-05 5.47388154063271e-07)
(0 -1.2537249944653694e-05 5.47388154063271e-07)
(0 -1.2537249944653694e-05 5.47388154063271e-07)
(0 -1.2537249944653694e-05 5.47388154063271e-07)
(0 -1.2537249944653694e-05 5.47388154063271e-07)
(0 -1.2537249944653694e-05 5.47388154063271e-07)
(0 -1.2537249944653694e-05 5.47388154063271e-07)
(0 -1.2537249944653694e-05 5.47388154063271e-07)
(0 -1.2537249944653694e-05 5.47388154063271e-07)
(0 -1.2537249944653694e-05 5.47388154063271e-07)
(0 -1.2537249944653694e-05 5.47388154063271e-07)
(0 -1.2537249944653694e-05 5.47388154063271e-07)
(0 -1.2537249944653694e-05 5.47388154063271e-07)
(0 -1.2537249944653694e-05 5.47388154063271e-07)
(0 -1.2537249944653694e-05 5.47388154063271e-07)
(0 -1.2537249944653694e-05 5.47388154063271e-07)
(0 -1.2537249944653694e-05 5.47388154063271e-07)
(0 -1.2537249944653694e-05 5.47388154063271e-07)
(0 -1.2537249944653694e-05 5.47388154063271e-07)
(0 -1.2537249944653694e-05 5.47388154063271e-07)
(0 -1.2537249944653694e-05 5.47388154063271e-07)
(0 -1.2537249944653694e-05 5.47388154063271e-07)
(0 -1.2537249944653694e-05 5.47388154063271e-07)
(0 -1.2537249944653694e-05 5.47388154063271e-07)
(0 -1.2537249944653694e-05 5.47388154063271e-07)
(0 -1.2537249944653694e-05 5.47388154063271e-07)
(0 -1.2537249944653694e-05 5.47388154063271e-07)
(0 -1.2537249944653694e-05 5.47388154063271e-07)
(0 -1.2537249944653694e-05 5.47388154063271e-07)
(0 -1.2537249944653694e-05 5.47388154063271e-07)
(0 -1.2537249944653694e-05 5.47388154063271e-07)
(0 -1.2537249944653694e-05 5.47388154063271e-07)
(0 -1.2537249944653694e-05 5.47388154063271e-07)
(0 -1.2537249944653694e-05 5.47388154063271e-07)
(0 -1.2537249944653694e-05 5.47388154063271e-07)
(0 -1.2537249944653694e-05 -5.47388154063271e-07)
(0 -1.2537249944653694e-05 -5.47388154063271e-07)
(0 -1.2537249944653694e-05 -5.47388154063271e-07)
(0 -1.2537249944653694e-05 -5.47388154063271e-07)
(0 -1.2537249944653694e-05 -5.47388154063271e-07)
(0 -1.2537249944653694e-05 -5.47388154063271e-07)
(0 -1.2537249944653694e-05 -5.47388154063271e-07)
(0 -1.2537249944653694e-05 -5.47388154063271e-07)
(0 -1.2537249944653694e-05 -5.47388154063271e-07)
(0 -1.2537249944653694e-05 -5.47388154063271e-07)
(0 -1.2537249944653694e-05 -5.47388154063271e-07)
(0 -1.2537249944653694e-05 -5.47388154063271e-07)
(0 -1.2537249944653694e-05 -5.47388154063271e-07)
(0 -1.2537249944653694e-05 -5.47388154063271e-07)
(0 -1.2537249944653694e-05 -5.47388154063271e-07)
(0 -1.2537249944653694e-05 -5.47388154063271e-07)
(0 -1.2537249944653694e-05 -5.47388154063271e-07)
(0 -1.2537249944653694e-05 -5.47388154063271e-07)
(0 -1.2537249944653694e-05 -5.47388154063271e-07)
(0 -1.2537249944653694e-05 -5.47388154063271e-07)
(0 -1.2537249944653694e-05 -5.47388154063271e-07)
(0 -1.2537249944653694e-05 -5.47388154063271e-07)
(0 -1.2537249944653694e-05 -5.47388154063271e-07)
(0 -1.2537249944653694e-05 -5.47388154063271e-07)
(0 -1.2537249944653694e-05 -5.47388154063271e-07)
(0 -1.2537249944653694e-05 -5.47388154063271e-07)
(0 -1.2537249944653694e-05 -5.47388154063271e-07)
(0 -1.2537249944653694e-05 -5.47388154063271e-07)
(0 -1.2537249944653694e-05 -5.47388154063271e-07)
(0 -1.2537249944653694e-05 -5.47388154063271e-07)
(0 -1.2537249944653694e-05 -5.47388154063271e-07)
(0 -1.2537249944653694e-05 -5.47388154063271e-07)
(0 -1.2537249944653694e-05 -5.47388154063271e-07)
(0 -1.2537249944653694e-05 -5.47388154063271e-07)
(0 -1.2537249944653694e-05 -5.47388154063271e-07)
(0 -1.2537249944653694e-05 -5.47388154063271e-07)
(0 -1.2537249944653694e-05 -5.47388154063271e-07)
(0 -1.2537249944653694e-05 -5.47388154063271e-07)
(0 -1.2537249944653694e-05 -5.47388154063271e-07)
(0 -1.2537249944653694e-05 -5.47388154063271e-07)
(0 -1.2537249944653694e-05 -5.47388154063271e-07)
(0 -1.2537249944653694e-05 -5.47388154063271e-07)
(0 -1.2537249944653694e-05 -5.47388154063271e-07)
(0 -1.2537249944653694e-05 -5.47388154063271e-07)
(0 -1.2537249944653694e-05 -5.47388154063271e-07)
(0 -1.2537249944653694e-05 -5.47388154063271e-07)
(0 -1.2537249944653694e-05 -5.47388154063271e-07)
(0 -1.2537249944653694e-05 -5.47388154063271e-07)
(0 -1.2537249944653694e-05 -5.47388154063271e-07)
(0 -1.2537249944653694e-05 -5.47388154063271e-07)
(0 -1.2537249944653694e-05 -5.47388154063271e-07)
(0 -1.2537249944653694e-05 -5.47388154063271e-07)
(0 -1.2537249944653694e-05 -5.47388154063271e-07)
(0 -1.2537249944653694e-05 -5.47388154063271e-07)
(0 -1.2537249944653694e-05 -5.47388154063271e-07)
(0 -1.2537249944653694e-05 -5.47388154063271e-07)
(0 -1.2537249944653694e-05 -5.47388154063271e-07)
(0 -1.2537249944653694e-05 -5.47388154063271e-07)
(0 -1.2537249944653694e-05 -5.47388154063271e-07)
(0 -1.2537249944653694e-05 -5.47388154063271e-07)
(0 -1.2537249944653694e-05 -5.47388154063271e-07)
(0 -1.2537249944653694e-05 -5.47388154063271e-07)
(0 -1.2537249944653694e-05 -5.47388154063271e-07)
(0 -1.2537249944653694e-05 -5.47388154063271e-07)
(0 -1.2537249944653694e-05 -5.47388154063271e-07)
(0 -1.2537249944653694e-05 -5.47388154063271e-07)
(0 -1.2537249944653694e-05 -5.47388154063271e-07)
(0 -1.2537249944653694e-05 -5.47388154063271e-07)
(0 -1.2537249944653694e-05 -5.47388154063271e-07)
(0 -1.2537249944653694e-05 -5.47388154063271e-07)
(0 -1.2537249944653694e-05 -5.47388154063271e-07)
(0 -1.2537249944653694e-05 -5.47388154063271e-07)
(0 -1.2537249944653694e-05 -5.47388154063271e-07)
(0 -1.2537249944653694e-05 -5.47388154063271e-07)
(0 -1.2537249944653694e-05 -5.47388154063271e-07)
(0 -1.2537249944653694e-05 -5.47388154063271e-07)
(0 -1.2537249944653694e-05 -5.47388154063271e-07)
(0 -1.2537249944653694e-05 -5.47388154063271e-07)
(0 -1.2537249944653694e-05 -5.47388154063271e-07)
(0 -1.2537249944653694e-05 -5.47388154063271e-07)
(0 -1.2537249944653694e-05 -5.47388154063271e-07)
(0 -1.2537249944653694e-05 -5.47388154063271e-07)
(0 -1.2537249944653694e-05 -5.47388154063271e-07)
(0 -1.2537249944653694e-05 -5.47388154063271e-07)
(0 -1.2537249944653694e-05 -5.47388154063271e-07)
(0 -1.2537249944653694e-05 -5.47388154063271e-07)
(0 -1.2537249944653694e-05 -5.47388154063271e-07)
(0 -1.2537249944653694e-05 -5.47388154063271e-07)
(0 -1.2537249944653694e-05 -5.47388154063271e-07)
(0 -1.2537249944653694e-05 -5.47388154063271e-07)
(0 -1.2537249944653694e-05 -5.47388154063271e-07)
(0 -1.2537249944653694e-05 -5.47388154063271e-07)
(0 -1.2537249944653694e-05 -5.47388154063271e-07)
(0 -1.2537249944653694e-05 -5.47388154063271e-07)
(0 -1.2537249944653694e-05 -5.47388154063271e-07)
(0 -1.2537249944653694e-05 -5.47388154063271e-07)
(0 -1.2537249944653694e-05 -5.47388154063271e-07)
(0 -1.2537249944653694e-05 -5.47388154063271e-07)
(0 -1.2537249944653694e-05 -5.47388154063271e-07)
(0 -1.2537249944653694e-05 -5.47388154063271e-07)
(0 -1.2537249944653694e-05 -5.47388154063271e-07)
)