202
(
(0 -5.5888945536408025e-06 2.440164060282051e-07)
(0 -5.5888945536408025e-06 2.440164060282051e-07)
(0 -5.5888945536408025e-06 2.440164060282051e-07)
(0 -5.5888945536408025e-06 2.440164060282051e-07)
(0 -5.5888945536408025e-06 2.440164060282051e-07)
(0 -5.5888945536408025e-06 2.440164060282051e-07)
(0 -5.5888945536408025e-06 2.440164060282051e-07)
(0 -5.5888945536408025e-06 2.440164060282051e-07)
(0 -5.5888945536408025e-06 2.440164060282051e-07)
(0 -5.5888945536408025e-06 2.440164060282051e-07)
(0 -5.5888945536408025e-06 2.440164060282051e-07)
(0 -5.5888945536408025e-06 2.440164060282051e-07)
(0 -5.5888945536408025e-06 2.440164060282051e-07)
(0 -5.5888945536408025e-06 2.440164060282051e-07)
(0 -5.5888945536408025e-06 2.440164060282051e-07)
(0 -5.5888945536408025e-06 2.440164060282051e-07)
(0 -5.5888945536408025e-06 2.440164060282051e-07)
(0 -5.5888945536408025e-06 2.440164060282051e-07)
(0 -5.5888945536408025e-06 2.440164060282051e-07)
(0 -5.5888945536408025e-06 2.440164060282051e-07)
(0 -5.5888945536408025e-06 2.440164060282051e-07)
(0 -5.5888945536408025e-06 2.440164060282051e-07)
(0 -5.5888945536408025e-06 2.440164060282051e-07)
(0 -5.5888945536408025e-06 2.440164060282051e-07)
(0 -5.5888945536408025e-06 2.440164060282051e-07)
(0 -5.5888945536408025e-06 2.440164060282051e-07)
(0 -5.5888945536408025e-06 2.440164060282051e-07)
(0 -5.5888945536408025e-06 2.440164060282051e-07)
(0 -5.5888945536408025e-06 2.440164060282051e-07)
(0 -5.5888945536408025e-06 2.440164060282051e-07)
(0 -5.5888945536408025e-06 2.440164060282051e-07)
(0 -5.5888945536408025e-06 2.440164060282051e-07)
(0 -5.5888945536408025e-06 2.440164060282051e-07)
(0 -5.5888945536408025e-06 2.440164060282051e-07)
(0 -5.5888945536408025e-06 2.440164060282051e-07)
(0 -5.5888945536408025e-06 2.440164060282051e-07)
(0 -5.5888945536408025e-06 2.440164060282051e-07)
(0 -5.5888945536408025e-06 2.440164060282051e-07)
(0 -5.5888945536408025e-06 2.440164060282051e-07)
(0 -5.5888945536408025e-06 2.440164060282051e-07)
(0 -5.5888945536408025e-06 2.440164060282051e-07)
(0 -5.5888945536408025e-06 2.440164060282051e-07)
(0 -5.5888945536408025e-06 2.440164060282051e-07)
(0 -5.5888945536408025e-06 2.440164060282051e-07)
(0 -5.5888945536408025e-06 2.440164060282051e-07)
(0 -5.5888945536408025e-06 2.440164060282051e-07)
(0 -5.5888945536408025e-06 2.440164060282051e-07)
(0 -5.5888945536408025e-06 2.440164060282051e-07)
(0 -5.5888945536408025e-06 2.440164060282051e-07)
(0 -5.5888945536408025e-06 2.440164060282051e-07)
(0 -5.5888945536408025e-06 2.440164060282051e-07)
(0 -5.5888945536408025e-06 2.440164060282051e-07)
(0 -5.5888945536408025e-06 2.440164060282051e-07)
(0 -5.5888945536408025e-06 2.440164060282051e-07)
(0 -5.5888945536408025e-06 2.440164060282051e-07)
(0 -5.5888945536408025e-06 2.440164060282051e-07)
(0 -5.5888945536408025e-06 2.440164060282051e-07)
(0 -5.5888945536408025e-06 2.440164060282051e-07)
(0 -5.5888945536408025e-06 2.440164060282051e-07)
(0 -5.5888945536408025e-06 2.440164060282051e-07)
(0 -5.5888945536408025e-06 2.440164060282051e-07)
(0 -5.5888945536408025e-06 2.440164060282051e-07)
(0 -5.5888945536408025e-06 2.440164060282051e-07)
(0 -5.5888945536408025e-06 2.440164060282051e-07)
(0 -5.5888945536408025e-06 2.440164060282051e-07)
(0 -5.5888945536408025e-06 2.440164060282051e-07)
(0 -5.5888945536408025e-06 2.440164060282051e-07)
(0 -5.5888945536408025e-06 2.440164060282051e-07)
(0 -5.5888945536408025e-06 2.440164060282051e-07)
(0 -5.5888945536408025e-06 2.440164060282051e-07)
(0 -5.5888945536408025e-06 2.440164060282051e-07)
(0 -5.5888945536408025e-06 2.440164060282051e-07)
(0 -5.5888945536408025e-06 2.440164060282051e-07)
(0 -5.5888945536408025e-06 2.440164060282051e-07)
(0 -5.5888945536408025e-06 2.440164060282051e-07)
(0 -5.5888945536408025e-06 2.440164060282051e-07)
(0 -5.5888945536408025e-06 2.440164060282051e-07)
(0 -5.5888945536408025e-06 2.440164060282051e-07)
(0 -5.5888945536408025e-06 2.440164060282051e-07)
(0 -5.5888945536408025e-06 2.440164060282051e-07)
(0 -5.5888945536408025e-06 2.440164060282051e-07)
(0 -5.5888945536408025e-06 2.440164060282051e-07)
(0 -5.5888945536408025e-06 2.440164060282051e-07)
(0 -5.5888945536408025e-06 2.440164060282051e-07)
(0 -5.5888945536408025e-06 2.440164060282051e-07)
(0 -5.5888945536408025e-06 2.440164060282051e-07)
(0 -5.5888945536408025e-06 2.440164060282051e-07)
(0 -5.5888945536408025e-06 2.440164060282051e-07)
(0 -5.5888945536408025e-06 2.440164060282051e-07)
(0 -5.5888945536408025e-06 2.440164060282051e-07)
(0 -5.5888945536408025e-06 2.440164060282051e-07)
(0 -5.5888945536408025e-06 2.440164060282051e-07)
(0 -5.5888945536408025e-06 2.440164060282051e-07)
(0 -5.5888945536408025e-06 2.440164060282051e-07)
(0 -5.5888945536408025e-06 2.440164060282051e-07)
(0 -5.5888945536408025e-06 2.440164060282051e-07)
(0 -5.5888945536408025e-06 2.440164060282051e-07)
(0 -5.5888945536408025e-06 2.440164060282051e-07)
(0 -5.5888945536408025e-06 2.440164060282051e-07)
(0 -5.5888945536408025e-06 2.440164060282051e-07)
(0 -5.5888945536408025e-06 2.440164060282051e-07)
(0 -5.5888945536408025e-06 -2.440164060282051e-07)
(0 -5.5888945536408025e-06 -2.440164060282051e-07)
(0 -5.5888945536408025e-06 -2.440164060282051e-07)
(0 -5.5888945536408025e-06 -2.440164060282051e-07)
(0 -5.5888945536408025e-06 -2.440164060282051e-07)
(0 -5.5888945536408025e-06 -2.440164060282051e-07)
(0 -5.5888945536408025e-06 -2.440164060282051e-07)
(0 -5.5888945536408025e-06 -2.440164060282051e-07)
(0 -5.5888945536408025e-06 -2.440164060282051e-07)
(0 -5.5888945536408025e-06 -2.440164060282051e-07)
(0 -5.5888945536408025e-06 -2.440164060282051e-07)
(0 -5.5888945536408025e-06 -2.440164060282051e-07)
(0 -5.5888945536408025e-06 -2.440164060282051e-07)
(0 -5.5888945536408025e-06 -2.440164060282051e-07)
(0 -5.5888945536408025e-06 -2.440164060282051e-07)
(0 -5.5888945536408025e-06 -2.440164060282051e-07)
(0 -5.5888945536408025e-06 -2.440164060282051e-07)
(0 -5.5888945536408025e-06 -2.440164060282051e-07)
(0 -5.5888945536408025e-06 -2.440164060282051e-07)
(0 -5.5888945536408025e-06 -2.440164060282051e-07)
(0 -5.5888945536408025e-06 -2.440164060282051e-07)
(0 -5.5888945536408025e-06 -2.440164060282051e-07)
(0 -5.5888945536408025e-06 -2.440164060282051e-07)
(0 -5.5888945536408025e-06 -2.440164060282051e-07)
(0 -5.5888945536408025e-06 -2.440164060282051e-07)
(0 -5.5888945536408025e-06 -2.440164060282051e-07)
(0 -5.5888945536408025e-06 -2.440164060282051e-07)
(0 -5.5888945536408025e-06 -2.440164060282051e-07)
(0 -5.5888945536408025e-06 -2.440164060282051e-07)
(0 -5.5888945536408025e-06 -2.440164060282051e-07)
(0 -5.5888945536408025e-06 -2.440164060282051e-07)
(0 -5.5888945536408025e-06 -2.440164060282051e-07)
(0 -5.5888945536408025e-06 -2.440164060282051e-07)
(0 -5.5888945536408025e-06 -2.440164060282051e-07)
(0 -5.5888945536408025e-06 -2.440164060282051e-07)
(0 -5.5888945536408025e-06 -2.440164060282051e-07)
(0 -5.5888945536408025e-06 -2.440164060282051e-07)
(0 -5.5888945536408025e-06 -2.440164060282051e-07)
(0 -5.5888945536408025e-06 -2.440164060282051e-07)
(0 -5.5888945536408025e-06 -2.440164060282051e-07)
(0 -5.5888945536408025e-06 -2.440164060282051e-07)
(0 -5.5888945536408025e-06 -2.440164060282051e-07)
(0 -5.5888945536408025e-06 -2.440164060282051e-07)
(0 -5.5888945536408025e-06 -2.440164060282051e-07)
(0 -5.5888945536408025e-06 -2.440164060282051e-07)
(0 -5.5888945536408025e-06 -2.440164060282051e-07)
(0 -5.5888945536408025e-06 -2.440164060282051e-07)
(0 -5.5888945536408025e-06 -2.440164060282051e-07)
(0 -5.5888945536408025e-06 -2.440164060282051e-07)
(0 -5.5888945536408025e-06 -2.440164060282051e-07)
(0 -5.5888945536408025e-06 -2.440164060282051e-07)
(0 -5.5888945536408025e-06 -2.440164060282051e-07)
(0 -5.5888945536408025e-06 -2.440164060282051e-07)
(0 -5.5888945536408025e-06 -2.440164060282051e-07)
(0 -5.5888945536408025e-06 -2.440164060282051e-07)
(0 -5.5888945536408025e-06 -2.440164060282051e-07)
(0 -5.5888945536408025e-06 -2.440164060282051e-07)
(0 -5.5888945536408025e-06 -2.440164060282051e-07)
(0 -5.5888945536408025e-06 -2.440164060282051e-07)
(0 -5.5888945536408025e-06 -2.440164060282051e-07)
(0 -5.5888945536408025e-06 -2.440164060282051e-07)
(0 -5.5888945536408025e-06 -2.440164060282051e-07)
(0 -5.5888945536408025e-06 -2.440164060282051e-07)
(0 -5.5888945536408025e-06 -2.440164060282051e-07)
(0 -5.5888945536408025e-06 -2.440164060282051e-07)
(0 -5.5888945536408025e-06 -2.440164060282051e-07)
(0 -5.5888945536408025e-06 -2.440164060282051e-07)
(0 -5.5888945536408025e-06 -2.440164060282051e-07)
(0 -5.5888945536408025e-06 -2.440164060282051e-07)
(0 -5.5888945536408025e-06 -2.440164060282051e-07)
(0 -5.5888945536408025e-06 -2.440164060282051e-07)
(0 -5.5888945536408025e-06 -2.440164060282051e-07)
(0 -5.5888945536408025e-06 -2.440164060282051e-07)
(0 -5.5888945536408025e-06 -2.440164060282051e-07)
(0 -5.5888945536408025e-06 -2.440164060282051e-07)
(0 -5.5888945536408025e-06 -2.440164060282051e-07)
(0 -5.5888945536408025e-06 -2.440164060282051e-07)
(0 -5.5888945536408025e-06 -2.440164060282051e-07)
(0 -5.5888945536408025e-06 -2.440164060282051e-07)
(0 -5.5888945536408025e-06 -2.440164060282051e-07)
(0 -5.5888945536408025e-06 -2.440164060282051e-07)
(0 -5.5888945536408025e-06 -2.440164060282051e-07)
(0 -5.5888945536408025e-06 -2.440164060282051e-07)
(0 -5.5888945536408025e-06 -2.440164060282051e-07)
(0 -5.5888945536408025e-06 -2.440164060282051e-07)
(0 -5.5888945536408025e-06 -2.440164060282051e-07)
(0 -5.5888945536408025e-06 -2.440164060282051e-07)
(0 -5.5888945536408025e-06 -2.440164060282051e-07)
(0 -5.5888945536408025e-06 -2.440164060282051e-07)
(0 -5.5888945536408025e-06 -2.440164060282051e-07)
(0 -5.5888945536408025e-06 -2.440164060282051e-07)
(0 -5.5888945536408025e-06 -2.440164060282051e-07)
(0 -5.5888945536408025e-06 -2.440164060282051e-07)
(0 -5.5888945536408025e-06 -2.440164060282051e-07)
(0 -5.5888945536408025e-06 -2.440164060282051e-07)
(0 -5.5888945536408025e-06 -2.440164060282051e-07)
(0 -5.5888945536408025e-06 -2.440164060282051e-07)
(0 -5.5888945536408025e-06 -2.440164060282051e-07)
(0 -5.5888945536408025e-06 -2.440164060282051e-07)
(0 -5.5888945536408025e-06 -2.440164060282051e-07)
(0 -5.5888945536408025e-06 -2.440164060282051e-07)
)