202
(
(0 -7.278779900096384e-06 3.177983936617333e-07)
(0 -7.278779900096384e-06 3.177983936617333e-07)
(0 -7.278779900096384e-06 3.177983936617333e-07)
(0 -7.278779900096384e-06 3.177983936617333e-07)
(0 -7.278779900096384e-06 3.177983936617333e-07)
(0 -7.278779900096384e-06 3.177983936617333e-07)
(0 -7.278779900096384e-06 3.177983936617333e-07)
(0 -7.278779900096384e-06 3.177983936617333e-07)
(0 -7.278779900096384e-06 3.177983936617333e-07)
(0 -7.278779900096384e-06 3.177983936617333e-07)
(0 -7.278779900096384e-06 3.177983936617333e-07)
(0 -7.278779900096384e-06 3.177983936617333e-07)
(0 -7.278779900096384e-06 3.177983936617333e-07)
(0 -7.278779900096384e-06 3.177983936617333e-07)
(0 -7.278779900096384e-06 3.177983936617333e-07)
(0 -7.278779900096384e-06 3.177983936617333e-07)
(0 -7.278779900096384e-06 3.177983936617333e-07)
(0 -7.278779900096384e-06 3.177983936617333e-07)
(0 -7.278779900096384e-06 3.177983936617333e-07)
(0 -7.278779900096384e-06 3.177983936617333e-07)
(0 -7.278779900096384e-06 3.177983936617333e-07)
(0 -7.278779900096384e-06 3.177983936617333e-07)
(0 -7.278779900096384e-06 3.177983936617333e-07)
(0 -7.278779900096384e-06 3.177983936617333e-07)
(0 -7.278779900096384e-06 3.177983936617333e-07)
(0 -7.278779900096384e-06 3.177983936617333e-07)
(0 -7.278779900096384e-06 3.177983936617333e-07)
(0 -7.278779900096384e-06 3.177983936617333e-07)
(0 -7.278779900096384e-06 3.177983936617333e-07)
(0 -7.278779900096384e-06 3.177983936617333e-07)
(0 -7.278779900096384e-06 3.177983936617333e-07)
(0 -7.278779900096384e-06 3.177983936617333e-07)
(0 -7.278779900096384e-06 3.177983936617333e-07)
(0 -7.278779900096384e-06 3.177983936617333e-07)
(0 -7.278779900096384e-06 3.177983936617333e-07)
(0 -7.278779900096384e-06 3.177983936617333e-07)
(0 -7.278779900096384e-06 3.177983936617333e-07)
(0 -7.278779900096384e-06 3.177983936617333e-07)
(0 -7.278779900096384e-06 3.177983936617333e-07)
(0 -7.278779900096384e-06 3.177983936617333e-07)
(0 -7.278779900096384e-06 3.177983936617333e-07)
(0 -7.278779900096384e-06 3.177983936617333e-07)
(0 -7.278779900096384e-06 3.177983936617333e-07)
(0 -7.278779900096384e-06 3.177983936617333e-07)
(0 -7.278779900096384e-06 3.177983936617333e-07)
(0 -7.278779900096384e-06 3.177983936617333e-07)
(0 -7.278779900096384e-06 3.177983936617333e-07)
(0 -7.278779900096384e-06 3.177983936617333e-07)
(0 -7.278779900096384e-06 3.177983936617333e-07)
(0 -7.278779900096384e-06 3.177983936617333e-07)
(0 -7.278779900096384e-06 3.177983936617333e-07)
(0 -7.278779900096384e-06 3.177983936617333e-07)
(0 -7.278779900096384e-06 3.177983936617333e-07)
(0 -7.278779900096384e-06 3.177983936617333e-07)
(0 -7.278779900096384e-06 3.177983936617333e-07)
(0 -7.278779900096384e-06 3.177983936617333e-07)
(0 -7.278779900096384e-06 3.177983936617333e-07)
(0 -7.278779900096384e-06 3.177983936617333e-07)
(0 -7.278779900096384e-06 3.177983936617333e-07)
(0 -7.278779900096384e-06 3.177983936617333e-07)
(0 -7.278779900096384e-06 3.177983936617333e-07)
(0 -7.278779900096384e-06 3.177983936617333e-07)
(0 -7.278779900096384e-06 3.177983936617333e-07)
(0 -7.278779900096384e-06 3.177983936617333e-07)
(0 -7.278779900096384e-06 3.177983936617333e-07)
(0 -7.278779900096384e-06 3.177983936617333e-07)
(0 -7.278779900096384e-06 3.177983936617333e-07)
(0 -7.278779900096384e-06 3.177983936617333e-07)
(0 -7.278779900096384e-06 3.177983936617333e-07)
(0 -7.278779900096384e-06 3.177983936617333e-07)
(0 -7.278779900096384e-06 3.177983936617333e-07)
(0 -7.278779900096384e-06 3.177983936617333e-07)
(0 -7.278779900096384e-06 3.177983936617333e-07)
(0 -7.278779900096384e-06 3.177983936617333e-07)
(0 -7.278779900096384e-06 3.177983936617333e-07)
(0 -7.278779900096384e-06 3.177983936617333e-07)
(0 -7.278779900096384e-06 3.177983936617333e-07)
(0 -7.278779900096384e-06 3.177983936617333e-07)
(0 -7.278779900096384e-06 3.177983936617333e-07)
(0 -7.278779900096384e-06 3.177983936617333e-07)
(0 -7.278779900096384e-06 3.177983936617333e-07)
(0 -7.278779900096384e-06 3.177983936617333e-07)
(0 -7.278779900096384e-06 3.177983936617333e-07)
(0 -7.278779900096384e-06 3.177983936617333e-07)
(0 -7.278779900096384e-06 3.177983936617333e-07)
(0 -7.278779900096384e-06 3.177983936617333e-07)
(0 -7.278779900096384e-06 3.177983936617333e-07)
(0 -7.278779900096384e-06 3.177983936617333e-07)
(0 -7.278779900096384e-06 3.177983936617333e-07)
(0 -7.278779900096384e-06 3.177983936617333e-07)
(0 -7.278779900096384e-06 3.177983936617333e-07)
(0 -7.278779900096384e-06 3.177983936617333e-07)
(0 -7.278779900096384e-06 3.177983936617333e-07)
(0 -7.278779900096384e-06 3.177983936617333e-07)
(0 -7.278779900096384e-06 3.177983936617333e-07)
(0 -7.278779900096384e-06 3.177983936617333e-07)
(0 -7.278779900096384e-06 3.177983936617333e-07)
(0 -7.278779900096384e-06 3.177983936617333e-07)
(0 -7.278779900096384e-06 3.177983936617333e-07)
(0 -7.278779900096384e-06 3.177983936617333e-07)
(0 -7.278779900096384e-06 3.177983936617333e-07)
(0 -7.278779900096384e-06 -3.177983936617333e-07)
(0 -7.278779900096384e-06 -3.177983936617333e-07)
(0 -7.278779900096384e-06 -3.177983936617333e-07)
(0 -7.278779900096384e-06 -3.177983936617333e-07)
(0 -7.278779900096384e-06 -3.177983936617333e-07)
(0 -7.278779900096384e-06 -3.177983936617333e-07)
(0 -7.278779900096384e-06 -3.177983936617333e-07)
(0 -7.278779900096384e-06 -3.177983936617333e-07)
(0 -7.278779900096384e-06 -3.177983936617333e-07)
(0 -7.278779900096384e-06 -3.177983936617333e-07)
(0 -7.278779900096384e-06 -3.177983936617333e-07)
(0 -7.278779900096384e-06 -3.177983936617333e-07)
(0 -7.278779900096384e-06 -3.177983936617333e-07)
(0 -7.278779900096384e-06 -3.177983936617333e-07)
(0 -7.278779900096384e-06 -3.177983936617333e-07)
(0 -7.278779900096384e-06 -3.177983936617333e-07)
(0 -7.278779900096384e-06 -3.177983936617333e-07)
(0 -7.278779900096384e-06 -3.177983936617333e-07)
(0 -7.278779900096384e-06 -3.177983936617333e-07)
(0 -7.278779900096384e-06 -3.177983936617333e-07)
(0 -7.278779900096384e-06 -3.177983936617333e-07)
(0 -7.278779900096384e-06 -3.177983936617333e-07)
(0 -7.278779900096384e-06 -3.177983936617333e-07)
(0 -7.278779900096384e-06 -3.177983936617333e-07)
(0 -7.278779900096384e-06 -3.177983936617333e-07)
(0 -7.278779900096384e-06 -3.177983936617333e-07)
(0 -7.278779900096384e-06 -3.177983936617333e-07)
(0 -7.278779900096384e-06 -3.177983936617333e-07)
(0 -7.278779900096384e-06 -3.177983936617333e-07)
(0 -7.278779900096384e-06 -3.177983936617333e-07)
(0 -7.278779900096384e-06 -3.177983936617333e-07)
(0 -7.278779900096384e-06 -3.177983936617333e-07)
(0 -7.278779900096384e-06 -3.177983936617333e-07)
(0 -7.278779900096384e-06 -3.177983936617333e-07)
(0 -7.278779900096384e-06 -3.177983936617333e-07)
(0 -7.278779900096384e-06 -3.177983936617333e-07)
(0 -7.278779900096384e-06 -3.177983936617333e-07)
(0 -7.278779900096384e-06 -3.177983936617333e-07)
(0 -7.278779900096384e-06 -3.177983936617333e-07)
(0 -7.278779900096384e-06 -3.177983936617333e-07)
(0 -7.278779900096384e-06 -3.177983936617333e-07)
(0 -7.278779900096384e-06 -3.177983936617333e-07)
(0 -7.278779900096384e-06 -3.177983936617333e-07)
(0 -7.278779900096384e-06 -3.177983936617333e-07)
(0 -7.278779900096384e-06 -3.177983936617333e-07)
(0 -7.278779900096384e-06 -3.177983936617333e-07)
(0 -7.278779900096384e-06 -3.177983936617333e-07)
(0 -7.278779900096384e-06 -3.177983936617333e-07)
(0 -7.278779900096384e-06 -3.177983936617333e-07)
(0 -7.278779900096384e-06 -3.177983936617333e-07)
(0 -7.278779900096384e-06 -3.177983936617333e-07)
(0 -7.278779900096384e-06 -3.177983936617333e-07)
(0 -7.278779900096384e-06 -3.177983936617333e-07)
(0 -7.278779900096384e-06 -3.177983936617333e-07)
(0 -7.278779900096384e-06 -3.177983936617333e-07)
(0 -7.278779900096384e-06 -3.177983936617333e-07)
(0 -7.278779900096384e-06 -3.177983936617333e-07)
(0 -7.278779900096384e-06 -3.177983936617333e-07)
(0 -7.278779900096384e-06 -3.177983936617333e-07)
(0 -7.278779900096384e-06 -3.177983936617333e-07)
(0 -7.278779900096384e-06 -3.177983936617333e-07)
(0 -7.278779900096384e-06 -3.177983936617333e-07)
(0 -7.278779900096384e-06 -3.177983936617333e-07)
(0 -7.278779900096384e-06 -3.177983936617333e-07)
(0 -7.278779900096384e-06 -3.177983936617333e-07)
(0 -7.278779900096384e-06 -3.177983936617333e-07)
(0 -7.278779900096384e-06 -3.177983936617333e-07)
(0 -7.278779900096384e-06 -3.177983936617333e-07)
(0 -7.278779900096384e-06 -3.177983936617333e-07)
(0 -7.278779900096384e-06 -3.177983936617333e-07)
(0 -7.278779900096384e-06 -3.177983936617333e-07)
(0 -7.278779900096384e-06 -3.177983936617333e-07)
(0 -7.278779900096384e-06 -3.177983936617333e-07)
(0 -7.278779900096384e-06 -3.177983936617333e-07)
(0 -7.278779900096384e-06 -3.177983936617333e-07)
(0 -7.278779900096384e-06 -3.177983936617333e-07)
(0 -7.278779900096384e-06 -3.177983936617333e-07)
(0 -7.278779900096384e-06 -3.177983936617333e-07)
(0 -7.278779900096384e-06 -3.177983936617333e-07)
(0 -7.278779900096384e-06 -3.177983936617333e-07)
(0 -7.278779900096384e-06 -3.177983936617333e-07)
(0 -7.278779900096384e-06 -3.177983936617333e-07)
(0 -7.278779900096384e-06 -3.177983936617333e-07)
(0 -7.278779900096384e-06 -3.177983936617333e-07)
(0 -7.278779900096384e-06 -3.177983936617333e-07)
(0 -7.278779900096384e-06 -3.177983936617333e-07)
(0 -7.278779900096384e-06 -3.177983936617333e-07)
(0 -7.278779900096384e-06 -3.177983936617333e-07)
(0 -7.278779900096384e-06 -3.177983936617333e-07)
(0 -7.278779900096384e-06 -3.177983936617333e-07)
(0 -7.278779900096384e-06 -3.177983936617333e-07)
(0 -7.278779900096384e-06 -3.177983936617333e-07)
(0 -7.278779900096384e-06 -3.177983936617333e-07)
(0 -7.278779900096384e-06 -3.177983936617333e-07)
(0 -7.278779900096384e-06 -3.177983936617333e-07)
(0 -7.278779900096384e-06 -3.177983936617333e-07)
(0 -7.278779900096384e-06 -3.177983936617333e-07)
(0 -7.278779900096384e-06 -3.177983936617333e-07)
(0 -7.278779900096384e-06 -3.177983936617333e-07)
(0 -7.278779900096384e-06 -3.177983936617333e-07)
(0 -7.278779900096384e-06 -3.177983936617333e-07)
)