202
(
(0 -6.646252982707982e-06 2.901816720335412e-07)
(0 -6.646252982707982e-06 2.901816720335412e-07)
(0 -6.646252982707982e-06 2.901816720335412e-07)
(0 -6.646252982707982e-06 2.901816720335412e-07)
(0 -6.646252982707982e-06 2.901816720335412e-07)
(0 -6.646252982707982e-06 2.901816720335412e-07)
(0 -6.646252982707982e-06 2.901816720335412e-07)
(0 -6.646252982707982e-06 2.901816720335412e-07)
(0 -6.646252982707982e-06 2.901816720335412e-07)
(0 -6.646252982707982e-06 2.901816720335412e-07)
(0 -6.646252982707982e-06 2.901816720335412e-07)
(0 -6.646252982707982e-06 2.901816720335412e-07)
(0 -6.646252982707982e-06 2.901816720335412e-07)
(0 -6.646252982707982e-06 2.901816720335412e-07)
(0 -6.646252982707982e-06 2.901816720335412e-07)
(0 -6.646252982707982e-06 2.901816720335412e-07)
(0 -6.646252982707982e-06 2.901816720335412e-07)
(0 -6.646252982707982e-06 2.901816720335412e-07)
(0 -6.646252982707982e-06 2.901816720335412e-07)
(0 -6.646252982707982e-06 2.901816720335412e-07)
(0 -6.646252982707982e-06 2.901816720335412e-07)
(0 -6.646252982707982e-06 2.901816720335412e-07)
(0 -6.646252982707982e-06 2.901816720335412e-07)
(0 -6.646252982707982e-06 2.901816720335412e-07)
(0 -6.646252982707982e-06 2.901816720335412e-07)
(0 -6.646252982707982e-06 2.901816720335412e-07)
(0 -6.646252982707982e-06 2.901816720335412e-07)
(0 -6.646252982707982e-06 2.901816720335412e-07)
(0 -6.646252982707982e-06 2.901816720335412e-07)
(0 -6.646252982707982e-06 2.901816720335412e-07)
(0 -6.646252982707982e-06 2.901816720335412e-07)
(0 -6.646252982707982e-06 2.901816720335412e-07)
(0 -6.646252982707982e-06 2.901816720335412e-07)
(0 -6.646252982707982e-06 2.901816720335412e-07)
(0 -6.646252982707982e-06 2.901816720335412e-07)
(0 -6.646252982707982e-06 2.901816720335412e-07)
(0 -6.646252982707982e-06 2.901816720335412e-07)
(0 -6.646252982707982e-06 2.901816720335412e-07)
(0 -6.646252982707982e-06 2.901816720335412e-07)
(0 -6.646252982707982e-06 2.901816720335412e-07)
(0 -6.646252982707982e-06 2.901816720335412e-07)
(0 -6.646252982707982e-06 2.901816720335412e-07)
(0 -6.646252982707982e-06 2.901816720335412e-07)
(0 -6.646252982707982e-06 2.901816720335412e-07)
(0 -6.646252982707982e-06 2.901816720335412e-07)
(0 -6.646252982707982e-06 2.901816720335412e-07)
(0 -6.646252982707982e-06 2.901816720335412e-07)
(0 -6.646252982707982e-06 2.901816720335412e-07)
(0 -6.646252982707982e-06 2.901816720335412e-07)
(0 -6.646252982707982e-06 2.901816720335412e-07)
(0 -6.646252982707982e-06 2.901816720335412e-07)
(0 -6.646252982707982e-06 2.901816720335412e-07)
(0 -6.646252982707982e-06 2.901816720335412e-07)
(0 -6.646252982707982e-06 2.901816720335412e-07)
(0 -6.646252982707982e-06 2.901816720335412e-07)
(0 -6.646252982707982e-06 2.901816720335412e-07)
(0 -6.646252982707982e-06 2.901816720335412e-07)
(0 -6.646252982707982e-06 2.901816720335412e-07)
(0 -6.646252982707982e-06 2.901816720335412e-07)
(0 -6.646252982707982e-06 2.901816720335412e-07)
(0 -6.646252982707982e-06 2.901816720335412e-07)
(0 -6.646252982707982e-06 2.901816720335412e-07)
(0 -6.646252982707982e-06 2.901816720335412e-07)
(0 -6.646252982707982e-06 2.901816720335412e-07)
(0 -6.646252982707982e-06 2.901816720335412e-07)
(0 -6.646252982707982e-06 2.901816720335412e-07)
(0 -6.646252982707982e-06 2.901816720335412e-07)
(0 -6.646252982707982e-06 2.901816720335412e-07)
(0 -6.646252982707982e-06 2.901816720335412e-07)
(0 -6.646252982707982e-06 2.901816720335412e-07)
(0 -6.646252982707982e-06 2.901816720335412e-07)
(0 -6.646252982707982e-06 2.901816720335412e-07)
(0 -6.646252982707982e-06 2.901816720335412e-07)
(0 -6.646252982707982e-06 2.901816720335412e-07)
(0 -6.646252982707982e-06 2.901816720335412e-07)
(0 -6.646252982707982e-06 2.901816720335412e-07)
(0 -6.646252982707982e-06 2.901816720335412e-07)
(0 -6.646252982707982e-06 2.901816720335412e-07)
(0 -6.646252982707982e-06 2.901816720335412e-07)
(0 -6.646252982707982e-06 2.901816720335412e-07)
(0 -6.646252982707982e-06 2.901816720335412e-07)
(0 -6.646252982707982e-06 2.901816720335412e-07)
(0 -6.646252982707982e-06 2.901816720335412e-07)
(0 -6.646252982707982e-06 2.901816720335412e-07)
(0 -6.646252982707982e-06 2.901816720335412e-07)
(0 -6.646252982707982e-06 2.901816720335412e-07)
(0 -6.646252982707982e-06 2.901816720335412e-07)
(0 -6.646252982707982e-06 2.901816720335412e-07)
(0 -6.646252982707982e-06 2.901816720335412e-07)
(0 -6.646252982707982e-06 2.901816720335412e-07)
(0 -6.646252982707982e-06 2.901816720335412e-07)
(0 -6.646252982707982e-06 2.901816720335412e-07)
(0 -6.646252982707982e-06 2.901816720335412e-07)
(0 -6.646252982707982e-06 2.901816720335412e-07)
(0 -6.646252982707982e-06 2.901816720335412e-07)
(0 -6.646252982707982e-06 2.901816720335412e-07)
(0 -6.646252982707982e-06 2.901816720335412e-07)
(0 -6.646252982707982e-06 2.901816720335412e-07)
(0 -6.646252982707982e-06 2.901816720335412e-07)
(0 -6.646252982707982e-06 2.901816720335412e-07)
(0 -6.646252982707982e-06 2.901816720335412e-07)
(0 -6.646252982707982e-06 -2.901816720335412e-07)
(0 -6.646252982707982e-06 -2.901816720335412e-07)
(0 -6.646252982707982e-06 -2.901816720335412e-07)
(0 -6.646252982707982e-06 -2.901816720335412e-07)
(0 -6.646252982707982e-06 -2.901816720335412e-07)
(0 -6.646252982707982e-06 -2.901816720335412e-07)
(0 -6.646252982707982e-06 -2.901816720335412e-07)
(0 -6.646252982707982e-06 -2.901816720335412e-07)
(0 -6.646252982707982e-06 -2.901816720335412e-07)
(0 -6.646252982707982e-06 -2.901816720335412e-07)
(0 -6.646252982707982e-06 -2.901816720335412e-07)
(0 -6.646252982707982e-06 -2.901816720335412e-07)
(0 -6.646252982707982e-06 -2.901816720335412e-07)
(0 -6.646252982707982e-06 -2.901816720335412e-07)
(0 -6.646252982707982e-06 -2.901816720335412e-07)
(0 -6.646252982707982e-06 -2.901816720335412e-07)
(0 -6.646252982707982e-06 -2.901816720335412e-07)
(0 -6.646252982707982e-06 -2.901816720335412e-07)
(0 -6.646252982707982e-06 -2.901816720335412e-07)
(0 -6.646252982707982e-06 -2.901816720335412e-07)
(0 -6.646252982707982e-06 -2.901816720335412e-07)
(0 -6.646252982707982e-06 -2.901816720335412e-07)
(0 -6.646252982707982e-06 -2.901816720335412e-07)
(0 -6.646252982707982e-06 -2.901816720335412e-07)
(0 -6.646252982707982e-06 -2.901816720335412e-07)
(0 -6.646252982707982e-06 -2.901816720335412e-07)
(0 -6.646252982707982e-06 -2.901816720335412e-07)
(0 -6.646252982707982e-06 -2.901816720335412e-07)
(0 -6.646252982707982e-06 -2.901816720335412e-07)
(0 -6.646252982707982e-06 -2.901816720335412e-07)
(0 -6.646252982707982e-06 -2.901816720335412e-07)
(0 -6.646252982707982e-06 -2.901816720335412e-07)
(0 -6.646252982707982e-06 -2.901816720335412e-07)
(0 -6.646252982707982e-06 -2.901816720335412e-07)
(0 -6.646252982707982e-06 -2.901816720335412e-07)
(0 -6.646252982707982e-06 -2.901816720335412e-07)
(0 -6.646252982707982e-06 -2.901816720335412e-07)
(0 -6.646252982707982e-06 -2.901816720335412e-07)
(0 -6.646252982707982e-06 -2.901816720335412e-07)
(0 -6.646252982707982e-06 -2.901816720335412e-07)
(0 -6.646252982707982e-06 -2.901816720335412e-07)
(0 -6.646252982707982e-06 -2.901816720335412e-07)
(0 -6.646252982707982e-06 -2.901816720335412e-07)
(0 -6.646252982707982e-06 -2.901816720335412e-07)
(0 -6.646252982707982e-06 -2.901816720335412e-07)
(0 -6.646252982707982e-06 -2.901816720335412e-07)
(0 -6.646252982707982e-06 -2.901816720335412e-07)
(0 -6.646252982707982e-06 -2.901816720335412e-07)
(0 -6.646252982707982e-06 -2.901816720335412e-07)
(0 -6.646252982707982e-06 -2.901816720335412e-07)
(0 -6.646252982707982e-06 -2.901816720335412e-07)
(0 -6.646252982707982e-06 -2.901816720335412e-07)
(0 -6.646252982707982e-06 -2.901816720335412e-07)
(0 -6.646252982707982e-06 -2.901816720335412e-07)
(0 -6.646252982707982e-06 -2.901816720335412e-07)
(0 -6.646252982707982e-06 -2.901816720335412e-07)
(0 -6.646252982707982e-06 -2.901816720335412e-07)
(0 -6.646252982707982e-06 -2.901816720335412e-07)
(0 -6.646252982707982e-06 -2.901816720335412e-07)
(0 -6.646252982707982e-06 -2.901816720335412e-07)
(0 -6.646252982707982e-06 -2.901816720335412e-07)
(0 -6.646252982707982e-06 -2.901816720335412e-07)
(0 -6.646252982707982e-06 -2.901816720335412e-07)
(0 -6.646252982707982e-06 -2.901816720335412e-07)
(0 -6.646252982707982e-06 -2.901816720335412e-07)
(0 -6.646252982707982e-06 -2.901816720335412e-07)
(0 -6.646252982707982e-06 -2.901816720335412e-07)
(0 -6.646252982707982e-06 -2.901816720335412e-07)
(0 -6.646252982707982e-06 -2.901816720335412e-07)
(0 -6.646252982707982e-06 -2.901816720335412e-07)
(0 -6.646252982707982e-06 -2.901816720335412e-07)
(0 -6.646252982707982e-06 -2.901816720335412e-07)
(0 -6.646252982707982e-06 -2.901816720335412e-07)
(0 -6.646252982707982e-06 -2.901816720335412e-07)
(0 -6.646252982707982e-06 -2.901816720335412e-07)
(0 -6.646252982707982e-06 -2.901816720335412e-07)
(0 -6.646252982707982e-06 -2.901816720335412e-07)
(0 -6.646252982707982e-06 -2.901816720335412e-07)
(0 -6.646252982707982e-06 -2.901816720335412e-07)
(0 -6.646252982707982e-06 -2.901816720335412e-07)
(0 -6.646252982707982e-06 -2.901816720335412e-07)
(0 -6.646252982707982e-06 -2.901816720335412e-07)
(0 -6.646252982707982e-06 -2.901816720335412e-07)
(0 -6.646252982707982e-06 -2.901816720335412e-07)
(0 -6.646252982707982e-06 -2.901816720335412e-07)
(0 -6.646252982707982e-06 -2.901816720335412e-07)
(0 -6.646252982707982e-06 -2.901816720335412e-07)
(0 -6.646252982707982e-06 -2.901816720335412e-07)
(0 -6.646252982707982e-06 -2.901816720335412e-07)
(0 -6.646252982707982e-06 -2.901816720335412e-07)
(0 -6.646252982707982e-06 -2.901816720335412e-07)
(0 -6.646252982707982e-06 -2.901816720335412e-07)
(0 -6.646252982707982e-06 -2.901816720335412e-07)
(0 -6.646252982707982e-06 -2.901816720335412e-07)
(0 -6.646252982707982e-06 -2.901816720335412e-07)
(0 -6.646252982707982e-06 -2.901816720335412e-07)
(0 -6.646252982707982e-06 -2.901816720335412e-07)
(0 -6.646252982707982e-06 -2.901816720335412e-07)
(0 -6.646252982707982e-06 -2.901816720335412e-07)
(0 -6.646252982707982e-06 -2.901816720335412e-07)
(0 -6.646252982707982e-06 -2.901816720335412e-07)
)