
                    FoamFile
                    {
                         version   2.0;
                         format    ascii;
                         class     vectorField;
                         object    values;
                    }
                    //***********************************************************************// //

                    244
(
(-8875228.96054582 40083.1886057293 -2.15724372716357e-10)
(-8875228.96054582 40083.1886057293 -2.15724372716357e-10)
(-8894515.602188662 38177.96200193246 -2.4031979218618113e-10)
(-9036497.63281886 32026.006365822795 -1.4466635581451627e-10)
(-9200057.198700994 35112.819680066954 2.269561721265032e-10)
(-9378325.945078611 37652.11260786826 2.9298410373143596e-10)
(-9565637.133358251 39084.27616679933 5.053739925569428e-10)
(-9761528.020828702 40143.91773742823 4.898778766258683e-10)
(-9964892.032282365 41185.17314652994 -4.673258911521898e-10)
(-10176838.750262856 42263.557660170234 2.999475945929804e-10)
(-10397883.626021007 43383.19774835881 1.1351433667915293e-09)
(-10627974.560011584 44542.493162787316 1.0320257569842665e-09)
(-10869201.5821562 45748.88596404264 -2.6005813949655796e-09)
(-11120374.407132529 46997.98871845425 -4.226624424489794e-09)
(-11384232.96566075 48312.74039122551 -1.974544902419137e-09)
(-11659972.525001837 49688.0610433311 -3.2875205271893022e-09)
(-11949324.77549617 51121.39259951638 -2.3603165964947805e-09)
(-12253323.507147808 52618.61485225743 -1.5659221747668597e-09)
(-12572042.770490397 54206.98299836516 -4.002359062367264e-09)
(-12908853.144457048 55894.34365013019 -5.245140642714422e-10)
(-13262061.628006293 57665.47276159875 -4.4800370027233654e-10)
(-13636491.779040841 59563.48843976153 2.2938182517357117e-09)
(-14030819.646665119 61588.327186923416 2.94287120189166e-10)
(-14448338.511946794 63744.99740500999 3.89070454383785e-10)
(-14891124.977761913 66076.44614673096 -7.069184289521659e-10)
(-15359316.09500105 68600.32640474093 5.847636805680209e-10)
(-15859307.323471298 71340.86072595339 -2.2056366973887213e-10)
(-16388604.242978716 74354.6966587472 -7.593427904753138e-09)
(-16955539.758737586 77755.26549449841 -8.079053797550978e-09)
(-17558377.327691015 81414.57928765772 -4.091359197946505e-09)
(-18203853.954043385 85642.28991368448 -1.0150923031715204e-09)
(-18894741.41581299 90532.41448530724 6.275645489869804e-09)
(-19632153.886379935 95872.72100636597 -4.731704238301057e-10)
(-20428408.731584147 102389.37710623219 1.1889692108612529e-09)
(-21276401.2263411 110004.2149474208 -9.37051772725767e-09)
(-22192467.735915657 118581.71266753119 1.6206369810248316e-09)
(-23173004.814972457 129176.93882010455 -2.889132287865727e-10)
(-24223221.98937909 142088.80354918347 -7.878473434652374e-09)
(-25348743.573583063 156646.62207744195 2.181400711480542e-09)
(-26547457.911417384 175172.76675331165 2.6286241612848856e-09)
(-27820724.601777002 198421.60449394298 -2.24768151066041e-09)
(-29156067.224919118 224618.13927867045 -3.967598175802039e-09)
(-30541002.598970003 267182.0035384048 -7.046763480214581e-09)
(-31873632.228239927 331117.27815713425 -1.2301615216717346e-08)
(-33043073.304983497 415668.16047674627 -6.203719866564211e-09)
(-33858700.30352233 542208.9830379699 1.0531835827509222e-08)
(-34115223.39781444 662543.170296722 1.2815673322426643e-09)
(-33733112.0379806 757348.7963910581 8.884479724199711e-10)
(-32692230.352151167 850020.7462591177 -2.378355712071637e-09)
(-30857535.459838584 874326.6427482793 1.8355634464710714e-09)
(-28481219.544878058 859632.4383255582 -3.496552449869516e-09)
(-25574140.43225592 799118.8527505809 -3.915575866219894e-09)
(-22335740.109743394 686192.8171239158 1.1957516946021578e-08)
(-18928200.5566734 546474.4487392302 -3.757481315883482e-08)
(-15457666.8532256 384586.5796953755 -2.984327271391155e-09)
(-11986731.029597929 218506.6229934574 2.010434977346399e-09)
(-8560979.774825182 55266.012908163626 5.39358976070924e-09)
(-5128788.784461985 -93776.19956544488 1.526901205960554e-08)
(-1571583.8304003652 -223773.14476736757 1.1287806091392091e-08)
(2236821.2786524086 -329975.627690759 -2.6411427002961665e-09)
(6634133.9248319315 -427646.6732228341 6.763693762357545e-10)
(11965324.368303424 -450459.25812966353 -8.694931668649055e-09)
(15881689.383357543 -38802.60704366103 9.446120786759338e-09)
(15303781.628959037 2908.227176496861 -8.60113335056795e-09)
(15244637.302575406 47138.75453581423 -2.6494114512850994e-09)
(15183255.2312194 69561.1075960354 -1.2047976822272268e-09)
(15155515.850501627 85386.09735342734 -2.476166975863893e-09)
(15172625.43079237 87332.03671174271 8.811206027910161e-10)
(15211513.15870165 85953.9950270945 -1.9235424653160217e-09)
(15256147.29951702 79640.7568689287 -4.840451222487137e-09)
(15297451.512770206 73941.18088379147 -7.162493731974962e-10)
(15329475.26679915 75941.61029062167 4.0594701055637734e-10)
(15332345.0395056 77166.2285123071 7.62998638329464e-10)
(15332345.0395056 77166.2285123071 7.62998638329464e-10)
(15332345.0395056 77166.2285123071 7.62998638329464e-10)
(15332345.0395056 77166.2285123071 7.62998638329464e-10)
(15332345.0395056 77166.2285123071 7.62998638329464e-10)
(15332345.0395056 77166.2285123071 7.62998638329464e-10)
(15332345.0395056 77166.2285123071 7.62998638329464e-10)
(15332345.0395056 77166.2285123071 7.62998638329464e-10)
(15332345.0395056 77166.2285123071 7.62998638329464e-10)
(15332345.0395056 77166.2285123071 7.62998638329464e-10)
(15332345.0395056 77166.2285123071 7.62998638329464e-10)
(15332345.0395056 77166.2285123071 7.62998638329464e-10)
(15332345.0395056 77166.2285123071 7.62998638329464e-10)
(15332345.0395056 77166.2285123071 7.62998638329464e-10)
(15332345.0395056 77166.2285123071 7.62998638329464e-10)
(15332345.0395056 77166.2285123071 7.62998638329464e-10)
(15332345.0395056 77166.2285123071 7.62998638329464e-10)
(15332345.0395056 77166.2285123071 7.62998638329464e-10)
(15332345.0395056 77166.2285123071 7.62998638329464e-10)
(15332345.0395056 77166.2285123071 7.62998638329464e-10)
(15332345.0395056 77166.2285123071 7.62998638329464e-10)
(15332345.0395056 77166.2285123071 7.62998638329464e-10)
(15332345.0395056 77166.2285123071 7.62998638329464e-10)
(15332345.0395056 77166.2285123071 7.62998638329464e-10)
(15332345.0395056 77166.2285123071 7.62998638329464e-10)
(15332345.0395056 77166.2285123071 7.62998638329464e-10)
(15332345.0395056 77166.2285123071 7.62998638329464e-10)
(15332345.0395056 77166.2285123071 7.62998638329464e-10)
(15332345.0395056 77166.2285123071 7.62998638329464e-10)
(15332345.0395056 77166.2285123071 7.62998638329464e-10)
(15332345.0395056 77166.2285123071 7.62998638329464e-10)
(15332345.0395056 77166.2285123071 7.62998638329464e-10)
(15332345.0395056 77166.2285123071 7.62998638329464e-10)
(15332345.0395056 77166.2285123071 7.62998638329464e-10)
(15332345.0395056 77166.2285123071 7.62998638329464e-10)
(15332345.0395056 77166.2285123071 7.62998638329464e-10)
(15332345.0395056 77166.2285123071 7.62998638329464e-10)
(15332345.0395056 77166.2285123071 7.62998638329464e-10)
(15332345.0395056 77166.2285123071 7.62998638329464e-10)
(15332345.0395056 77166.2285123071 7.62998638329464e-10)
(15332345.0395056 77166.2285123071 7.62998638329464e-10)
(15332345.0395056 77166.2285123071 7.62998638329464e-10)
(15332345.0395056 77166.2285123071 7.62998638329464e-10)
(15332345.0395056 77166.2285123071 7.62998638329464e-10)
(15332345.0395056 77166.2285123071 7.62998638329464e-10)
(15332345.0395056 77166.2285123071 7.62998638329464e-10)
(15332345.0395056 77166.2285123071 7.62998638329464e-10)
(15332345.0395056 77166.2285123071 7.62998638329464e-10)
(15332345.0395056 77166.2285123071 7.62998638329464e-10)
(15332345.0395056 77166.2285123071 7.62998638329464e-10)
(-8875228.96054582 40083.1886057293 -2.15724372716357e-10)
(-8875228.96054582 40083.1886057293 -2.15724372716357e-10)
(-8894515.602188662 38177.96200193246 -2.4031979218618113e-10)
(-9036497.63281886 32026.006365822795 -1.4466635581451627e-10)
(-9200057.198700994 35112.819680066954 2.269561721265032e-10)
(-9378325.945078611 37652.11260786826 2.9298410373143596e-10)
(-9565637.133358251 39084.27616679933 5.053739925569428e-10)
(-9761528.020828702 40143.91773742823 4.898778766258683e-10)
(-9964892.032282365 41185.17314652994 -4.673258911521898e-10)
(-10176838.750262856 42263.557660170234 2.999475945929804e-10)
(-10397883.626021007 43383.19774835881 1.1351433667915293e-09)
(-10627974.560011584 44542.493162787316 1.0320257569842665e-09)
(-10869201.5821562 45748.88596404264 -2.6005813949655796e-09)
(-11120374.407132529 46997.98871845425 -4.226624424489794e-09)
(-11384232.96566075 48312.74039122551 -1.974544902419137e-09)
(-11659972.525001837 49688.0610433311 -3.2875205271893022e-09)
(-11949324.77549617 51121.39259951638 -2.3603165964947805e-09)
(-12253323.507147808 52618.61485225743 -1.5659221747668597e-09)
(-12572042.770490397 54206.98299836516 -4.002359062367264e-09)
(-12908853.144457048 55894.34365013019 -5.245140642714422e-10)
(-13262061.628006293 57665.47276159875 -4.4800370027233654e-10)
(-13636491.779040841 59563.48843976153 2.2938182517357117e-09)
(-14030819.646665119 61588.327186923416 2.94287120189166e-10)
(-14448338.511946794 63744.99740500999 3.89070454383785e-10)
(-14891124.977761913 66076.44614673096 -7.069184289521659e-10)
(-15359316.09500105 68600.32640474093 5.847636805680209e-10)
(-15859307.323471298 71340.86072595339 -2.2056366973887213e-10)
(-16388604.242978716 74354.6966587472 -7.593427904753138e-09)
(-16955539.758737586 77755.26549449841 -8.079053797550978e-09)
(-17558377.327691015 81414.57928765772 -4.091359197946505e-09)
(-18203853.954043385 85642.28991368448 -1.0150923031715204e-09)
(-18894741.41581299 90532.41448530724 6.275645489869804e-09)
(-19632153.886379935 95872.72100636597 -4.731704238301057e-10)
(-20428408.731584147 102389.37710623219 1.1889692108612529e-09)
(-21276401.2263411 110004.2149474208 -9.37051772725767e-09)
(-22192467.735915657 118581.71266753119 1.6206369810248316e-09)
(-23173004.814972457 129176.93882010455 -2.889132287865727e-10)
(-24223221.98937909 142088.80354918347 -7.878473434652374e-09)
(-25348743.573583063 156646.62207744195 2.181400711480542e-09)
(-26547457.911417384 175172.76675331165 2.6286241612848856e-09)
(-27820724.601777002 198421.60449394298 -2.24768151066041e-09)
(-29156067.224919118 224618.13927867045 -3.967598175802039e-09)
(-30541002.598970003 267182.0035384048 -7.046763480214581e-09)
(-31873632.228239927 331117.27815713425 -1.2301615216717346e-08)
(-33043073.304983497 415668.16047674627 -6.203719866564211e-09)
(-33858700.30352233 542208.9830379699 1.0531835827509222e-08)
(-34115223.39781444 662543.170296722 1.2815673322426643e-09)
(-33733112.0379806 757348.7963910581 8.884479724199711e-10)
(-32692230.352151167 850020.7462591177 -2.378355712071637e-09)
(-30857535.459838584 874326.6427482793 1.8355634464710714e-09)
(-28481219.544878058 859632.4383255582 -3.496552449869516e-09)
(-25574140.43225592 799118.8527505809 -3.915575866219894e-09)
(-22335740.109743394 686192.8171239158 1.1957516946021578e-08)
(-18928200.5566734 546474.4487392302 -3.757481315883482e-08)
(-15457666.8532256 384586.5796953755 -2.984327271391155e-09)
(-11986731.029597929 218506.6229934574 2.010434977346399e-09)
(-8560979.774825182 55266.012908163626 5.39358976070924e-09)
(-5128788.784461985 -93776.19956544488 1.526901205960554e-08)
(-1571583.8304003652 -223773.14476736757 1.1287806091392091e-08)
(2236821.2786524086 -329975.627690759 -2.6411427002961665e-09)
(6634133.9248319315 -427646.6732228341 6.763693762357545e-10)
(11965324.368303424 -450459.25812966353 -8.694931668649055e-09)
(15881689.383357543 -38802.60704366103 9.446120786759338e-09)
(15303781.628959037 2908.227176496861 -8.60113335056795e-09)
(15244637.302575406 47138.75453581423 -2.6494114512850994e-09)
(15183255.2312194 69561.1075960354 -1.2047976822272268e-09)
(15155515.850501627 85386.09735342734 -2.476166975863893e-09)
(15172625.43079237 87332.03671174271 8.811206027910161e-10)
(15211513.15870165 85953.9950270945 -1.9235424653160217e-09)
(15256147.29951702 79640.7568689287 -4.840451222487137e-09)
(15297451.512770206 73941.18088379147 -7.162493731974962e-10)
(15329475.26679915 75941.61029062167 4.0594701055637734e-10)
(15332345.0395056 77166.2285123071 7.62998638329464e-10)
(15332345.0395056 77166.2285123071 7.62998638329464e-10)
(15332345.0395056 77166.2285123071 7.62998638329464e-10)
(15332345.0395056 77166.2285123071 7.62998638329464e-10)
(15332345.0395056 77166.2285123071 7.62998638329464e-10)
(15332345.0395056 77166.2285123071 7.62998638329464e-10)
(15332345.0395056 77166.2285123071 7.62998638329464e-10)
(15332345.0395056 77166.2285123071 7.62998638329464e-10)
(15332345.0395056 77166.2285123071 7.62998638329464e-10)
(15332345.0395056 77166.2285123071 7.62998638329464e-10)
(15332345.0395056 77166.2285123071 7.62998638329464e-10)
(15332345.0395056 77166.2285123071 7.62998638329464e-10)
(15332345.0395056 77166.2285123071 7.62998638329464e-10)
(15332345.0395056 77166.2285123071 7.62998638329464e-10)
(15332345.0395056 77166.2285123071 7.62998638329464e-10)
(15332345.0395056 77166.2285123071 7.62998638329464e-10)
(15332345.0395056 77166.2285123071 7.62998638329464e-10)
(15332345.0395056 77166.2285123071 7.62998638329464e-10)
(15332345.0395056 77166.2285123071 7.62998638329464e-10)
(15332345.0395056 77166.2285123071 7.62998638329464e-10)
(15332345.0395056 77166.2285123071 7.62998638329464e-10)
(15332345.0395056 77166.2285123071 7.62998638329464e-10)
(15332345.0395056 77166.2285123071 7.62998638329464e-10)
(15332345.0395056 77166.2285123071 7.62998638329464e-10)
(15332345.0395056 77166.2285123071 7.62998638329464e-10)
(15332345.0395056 77166.2285123071 7.62998638329464e-10)
(15332345.0395056 77166.2285123071 7.62998638329464e-10)
(15332345.0395056 77166.2285123071 7.62998638329464e-10)
(15332345.0395056 77166.2285123071 7.62998638329464e-10)
(15332345.0395056 77166.2285123071 7.62998638329464e-10)
(15332345.0395056 77166.2285123071 7.62998638329464e-10)
(15332345.0395056 77166.2285123071 7.62998638329464e-10)
(15332345.0395056 77166.2285123071 7.62998638329464e-10)
(15332345.0395056 77166.2285123071 7.62998638329464e-10)
(15332345.0395056 77166.2285123071 7.62998638329464e-10)
(15332345.0395056 77166.2285123071 7.62998638329464e-10)
(15332345.0395056 77166.2285123071 7.62998638329464e-10)
(15332345.0395056 77166.2285123071 7.62998638329464e-10)
(15332345.0395056 77166.2285123071 7.62998638329464e-10)
(15332345.0395056 77166.2285123071 7.62998638329464e-10)
(15332345.0395056 77166.2285123071 7.62998638329464e-10)
(15332345.0395056 77166.2285123071 7.62998638329464e-10)
(15332345.0395056 77166.2285123071 7.62998638329464e-10)
(15332345.0395056 77166.2285123071 7.62998638329464e-10)
(15332345.0395056 77166.2285123071 7.62998638329464e-10)
(15332345.0395056 77166.2285123071 7.62998638329464e-10)
(15332345.0395056 77166.2285123071 7.62998638329464e-10)
(15332345.0395056 77166.2285123071 7.62998638329464e-10)
(15332345.0395056 77166.2285123071 7.62998638329464e-10)
(15332345.0395056 77166.2285123071 7.62998638329464e-10)
)