/*--------------------------------*- C++ -*----------------------------------*\
  =========                 |
  \\      /  F ield         | OpenFOAM: The Open Source CFD Toolbox
   \\    /   O peration     | Website:  https://openfoam.org
    \\  /    A nd           | Version:  8
     \\/     M anipulation  |
\*---------------------------------------------------------------------------*/
FoamFile
{
    version     2.0;
    format      ascii;
    class       surfaceScalarField;
    location    "0.0070000";
    object      phi;
}
// * * * * * * * * * * * * * * * * * * * * * * * * * * * * * * * * * * * * * //

dimensions      [0 3 -1 0 0 0 0];

internalField   nonuniform List<scalar> 
1094
(
1.24766872472987e-09
1.30808210979325e-11
1.23453467113544e-09
1.34981789481164e-11
1.22129262362894e-09
1.36799767771694e-11
1.20777841368531e-09
1.39890051499861e-11
1.19408748571528e-09
1.41988920834309e-11
1.18033173917867e-09
1.43122562389363e-11
1.16654948002671e-09
1.43655557241076e-11
1.1527642218668e-09
1.43939327829905e-11
1.13898931737763e-09
1.44180569103712e-11
1.1252214180871e-09
1.44362735066801e-11
1.11146611508516e-09
1.44431473761752e-11
1.09772784303358e-09
1.44492649473359e-11
1.08400228821579e-09
1.44648707467514e-11
1.07027859673398e-09
1.44807204701647e-11
1.05655878332112e-09
1.44944977143046e-11
1.04285400702812e-09
1.45098609308062e-11
1.02915472365926e-09
1.45214562557054e-11
1.01546078834177e-09
1.45323113401049e-11
1.00177688457704e-09
1.45459153019268e-11
9.88105073810855e-10
1.45578606506641e-11
9.74443195057912e-10
1.45661459209007e-11
9.60787680788734e-10
1.45810006035597e-11
9.47138275241559e-10
1.46048433680651e-11
9.33492179054591e-10
1.46225405117806e-11
9.19855180028776e-10
1.46347103230097e-11
9.06233839430459e-10
1.46503694139939e-11
8.92622496485088e-10
1.46664443825876e-11
8.79018571776781e-10
1.46823443057383e-11
8.65426078517946e-10
1.47024351895671e-11
8.51846470926182e-10
1.47251623498217e-11
8.38273710894568e-10
1.47454543454516e-11
8.24709454108664e-10
1.47682380466229e-11
8.11164811864461e-10
1.47965963457798e-11
7.97627908951072e-10
1.48209719629048e-11
7.84097929780114e-10
1.48470253278538e-11
7.70591083706648e-10
1.48820488800022e-11
7.57094089735466e-10
1.49139389223997e-11
7.43604417184759e-10
1.49447862111573e-11
7.30130463964877e-10
1.4984052232507e-11
7.16679996105602e-10
1.50278924072723e-11
7.03239168897276e-10
1.5065651550893e-11
6.89805945570289e-10
1.51090113338505e-11
6.76405290623889e-10
1.51666717625319e-11
6.63016351169318e-10
1.52155271725551e-11
6.49640929029714e-10
1.52634171845855e-11
6.36299728137272e-10
1.53278093296163e-11
6.22976022886977e-10
1.53964591368644e-11
6.09658437031183e-10
1.54665955450516e-11
5.96362979763006e-10
1.55484025244375e-11
5.83105665919348e-10
1.5633239803784e-11
5.6986758799008e-10
1.57062200826307e-11
5.56647394344663e-10
1.57903327702567e-11
5.4348211690048e-10
1.59027339524532e-11
5.30330996757113e-10
1.6005375121916e-11
5.17192639663447e-10
1.61120309678802e-11
5.04112115172819e-10
1.62454331399892e-11
4.91064435617861e-10
1.63700366041336e-11
4.78036784363842e-10
1.64930201362588e-11
4.65059393099171e-10
1.66471572388459e-11
4.52133269799249e-10
1.68067715805585e-11
4.39232498950633e-10
1.69449386605001e-11
4.26358621758299e-10
1.71015131655276e-11
4.13570782598953e-10
1.72962044740914e-11
4.00807862516745e-10
1.74498030063227e-11
3.8808009288581e-10
1.75995335422108e-11
3.75467171788318e-10
1.7816674774876e-11
3.62838051674283e-10
1.80160631520121e-11
3.50212180003939e-10
1.81929460434384e-11
3.37687754969146e-10
1.83773087052131e-11
3.25204821122945e-10
1.85267039096168e-11
3.12747446551786e-10
1.86530177537779e-11
3.00330973099146e-10
1.87863765432738e-11
2.87967306029817e-10
1.89049476298389e-11
2.756035380964e-10
1.89595948669361e-11
2.63264450151694e-10
1.89685750285135e-11
2.50914896083296e-10
1.89010602733237e-11
2.3852504224108e-10
1.87573380895746e-11
2.26126400042636e-10
1.85255896476364e-11
2.13660293754822e-10
1.81147969434904e-11
2.01003916648425e-10
1.74763927171663e-11
1.8820805390276e-10
1.67975452375059e-11
1.75481880101633e-10
1.571044897262e-11
1.61954625678968e-10
1.4129664155809e-11
1.4831459236693e-10
1.21412951242121e-11
1.34412981990862e-10
1.00674195364751e-11
1.20701829597409e-10
4.83663875917226e-12
1.1801798969636e-10
-8.1111838356062e-12
1.15760383433902e-10
-9.86420505614407e-12
1.12946209143268e-10
-1.0467491907762e-11
1.10285062251176e-10
-1.088766607476e-11
1.07635384764193e-10
-1.08511209477124e-11
1.04952308600781e-10
-1.0635350904096e-11
1.02546330275716e-10
-1.01321969409037e-11
1.00250595391409e-10
-9.56023353054279e-12
9.79851167236138e-11
-8.86262420007878e-12
9.61390276544236e-11
-7.92989731875811e-12
9.44916509528696e-11
-7.00641174618821e-12
9.29402667023711e-11
-6.12686804565885e-12
9.17040393302172e-11
-5.11412497679573e-12
-2.37194273327774e-12
4.26583832381114e-10
1.42346328570015e-11
4.24872737646991e-10
1.53230848454304e-11
4.21934260954745e-10
1.6732076840949e-11
4.18167785922419e-10
1.78689169088544e-11
4.13972884013363e-10
1.85070428569752e-11
4.09597040984295e-10
1.88011605278695e-11
4.05158495563891e-10
1.89169739722827e-11
4.00708046495121e-10
1.89570565178602e-11
3.96266533909676e-10
1.89720336158207e-11
3.91838764363042e-10
1.89763043960584e-11
3.8742349345065e-10
1.89704976456217e-11
3.83021203792068e-10
1.89634570602816e-11
3.78633349091898e-10
1.89644420102442e-11
3.74257366378669e-10
1.89682266918533e-11
3.69892528842149e-10
1.89706566763773e-11
3.65540731835818e-10
1.8972761279912e-11
3.61200240747932e-10
1.89728280927793e-11
3.56870765675739e-10
1.89724640897312e-11
3.52554116692049e-10
1.89730618790555e-11
3.48250440292658e-10
1.89718569892491e-11
3.43958118567038e-10
1.8968597295217e-11
3.39677674937853e-10
1.89713746060579e-11
3.3541059258678e-10
1.89816494380516e-11
3.31155184904328e-10
1.89874466118851e-11
3.26911760074527e-10
1.89873969640902e-11
3.22682675391506e-10
1.89884985229563e-11
3.18467354840108e-10
1.8990608648437e-11
3.14265095143597e-10
1.89932440039419e-11
3.10077272825403e-10
1.89986998511436e-11
3.05904455638809e-10
1.90062285571752e-11
3.01745315381735e-10
1.90126375558131e-11
2.97601010680994e-10
1.90203678844809e-11
2.93473889599451e-10
1.90313200862374e-11
2.89361850092366e-10
1.90403885932399e-11
2.85265427675771e-10
1.90505871085321e-11
2.8118809625306e-10
1.90662601148006e-11
2.77127807746784e-10
1.90808487339314e-11
2.73083809560558e-10
1.90951790845338e-11
2.69059426125423e-10
1.91146129986177e-11
2.65056433118266e-10
1.91368024612001e-11
2.61071972865635e-10
1.91557377202329e-11
2.57107439167464e-10
1.91789059589705e-11
2.53167937160211e-10
1.92112906821725e-11
2.49250573170609e-10
1.92377413783655e-11
2.45356118537664e-10
1.92624422886071e-11
2.41489575342374e-10
1.92986663514115e-11
2.37648907417871e-10
1.93411868561168e-11
2.33832372337735e-10
1.93869013501426e-11
2.30045042158028e-10
1.94391895251276e-11
2.26290621599412e-10
1.94907898750141e-11
2.22566221931576e-10
1.95334089069401e-11
2.18874673291029e-10
1.95843478039973e-11
2.15222899305655e-10
1.96566914176168e-11
2.11605326812577e-10
1.97248351346714e-11
2.0802336669778e-10
1.9795512549662e-11
2.04486525547891e-10
1.98833920083354e-11
2.00992592375265e-10
1.99646772198185e-11
1.9754060200198e-10
2.00452146660351e-11
1.94138114455298e-10
2.01491866878378e-11
1.90786315257215e-10
2.0257428069437e-11
1.87480639412118e-10
2.03488929214199e-11
1.84225819256626e-10
2.04540792930441e-11
1.81030863503682e-10
2.05883874988328e-11
1.77888330689105e-10
2.06891262815282e-11
1.74804296106427e-10
2.07798514111253e-11
1.71787655748007e-10
2.09287820288978e-11
1.68816475824728e-10
2.10818767747346e-11
1.65892267208507e-10
2.12111260593443e-11
1.63031858790999e-10
2.13308633588524e-11
1.60225976679731e-10
2.14249281473531e-11
1.57465371358572e-10
2.15054557071573e-11
1.54749714222475e-10
2.15932783594116e-11
1.52073817639111e-10
2.16712217289652e-11
1.49422346932188e-10
2.17004678891969e-11
1.46782579258633e-10
2.16967512549669e-11
1.44134866538062e-10
2.16361533721958e-11
1.41457978775996e-10
2.15205469482555e-11
1.38728287403117e-10
2.13406167046652e-11
1.3590007609113e-10
2.10275502541179e-11
1.32923043220733e-10
2.05372870945205e-11
1.29763000925376e-10
2.0040703849387e-11
1.26337395331852e-10
1.92184865920605e-11
1.22489477931208e-10
1.80598306399969e-11
1.18179277530694e-10
1.65341421041997e-11
1.13216098755566e-10
1.51140826587241e-11
1.07936879653727e-10
1.02007884867432e-11
1.05564189655176e-10
-5.65147988057802e-12
1.02934109378493e-10
-7.14455641563788e-12
1.00075344859191e-10
-7.5161256412436e-12
9.71379375792953e-11
-7.85471155796942e-12
9.42018611948778e-11
-7.81712746001364e-12
9.13331907046188e-11
-7.66673305984876e-12
8.85979735148268e-11
-7.29527951700239e-12
8.60196332021362e-11
-6.87885356423687e-12
8.36310513761946e-11
-6.37008500894164e-12
8.14893523888655e-11
-5.68379058066752e-12
7.95937238569324e-11
-5.00642638757648e-12
7.79362628716653e-11
-4.36551418128928e-12
7.65778539893738e-11
-3.65251698547075e-12
-1.66159478451424e-12
-1.5340223303437e-10
8.28553139759125e-12
-1.47891530604103e-10
9.92994469113255e-12
-1.44050797207723e-10
1.30086764280176e-11
-1.41108424712913e-10
1.50436480587543e-11
-1.385551600567e-10
1.60706513384599e-11
-1.36152941990595e-10
1.65155853366213e-11
-1.33801271181844e-10
1.6681714792674e-11
-1.31459839775778e-10
1.67317953944147e-11
-1.29112892764228e-10
1.67410029113579e-11
-1.26756991883521e-10
1.67360741103916e-11
-1.24394356689349e-10
1.67233087899116e-11
-1.22025087071588e-10
1.67094145845394e-11
-1.19646633258016e-10
1.67009868075244e-11
-1.17259190002783e-10
1.66955460990551e-11
-1.1486352826345e-10
1.66895122991456e-11
-1.1245930061123e-10
1.66827892309732e-11
-1.10047462648511e-10
1.66749795941082e-11
-1.076281711454e-10
1.666691625514e-11
-1.0520049944483e-10
1.66589116449051e-11
-1.02764906379484e-10
1.6649565481042e-11
-1.00322525939907e-10
1.66392854380027e-11
-9.7871564945636e-11
1.66332400310858e-11
-9.54096494588343e-11
1.66323105419077e-11
-9.29385559893419e-11
1.66286607388772e-11
-9.04597055307113e-11
1.6620573722496e-11
-8.79719292430724e-11
1.66124890653817e-11
-8.54750341125395e-11
1.66052369962799e-11
-8.29691406015108e-11
1.65986274573492e-11
-8.04531000643247e-11
1.65936961260446e-11
-7.79262492793873e-11
1.65901787623653e-11
-7.53893105283767e-11
1.65862507992762e-11
-7.28415230325553e-11
1.65828714574634e-11
-7.02814275473292e-11
1.65812499995676e-11
-6.77101002407758e-11
1.65788178601698e-11
-6.51270346942712e-11
1.6576996818349e-11
-6.25299015540348e-11
1.65782986117024e-11
-5.99195392469599e-11
1.65793557711246e-11
-5.72962631629824e-11
1.65805028977707e-11
-5.46576521188155e-11
1.65843416567335e-11
-5.20025827562721e-11
1.65897684026189e-11
-4.93327721816655e-11
1.65936267762333e-11
-4.66465446941646e-11
1.66000697003101e-11
-4.39402094401822e-11
1.66120594733613e-11
-4.12159725831525e-11
1.66202979664788e-11
-3.84739511238497e-11
1.66268906490626e-11
-3.57098115394075e-11
1.6640696777247e-11
-3.29226749046869e-11
1.66599228389821e-11
-3.01124074938841e-11
1.66821733115918e-11
-2.72757561470023e-11
1.67077193107284e-11
-2.4411712319339e-11
1.67315552781746e-11
-2.15231809408866e-11
1.6749301676002e-11
-1.86069427777635e-11
1.6772167051455e-11
-1.56560280909162e-11
1.68095079349241e-11
-1.26730376906003e-11
1.6845236036304e-11
-9.65682220597623e-12
1.68822772682699e-11
-6.60046936300978e-12
1.69295703162316e-11
-3.50597874071375e-12
1.69722620528921e-11
-3.73718908363677e-13
1.70144801431648e-11
2.80403917742716e-12
1.70722427014169e-11
6.02859284678018e-12
1.71329554873717e-11
9.29485713788371e-12
1.71820845151095e-11
1.26080650259988e-11
1.72397492646852e-11
1.5977314691824e-11
1.7317451581018e-11
1.93928896657992e-11
1.73713836207581e-11
2.28553293577188e-11
1.74146907311074e-11
2.63799702602263e-11
1.75005552971162e-11
2.99600959434158e-11
1.7597284859425e-11
3.35910809416572e-11
1.76749647363896e-11
3.72765083107921e-11
1.77393880867016e-11
4.10075559162931e-11
1.77869837879713e-11
4.47781278822173e-11
1.78274304126626e-11
4.85896422992217e-11
1.78736762045605e-11
5.24374170811614e-11
1.79144459481627e-11
5.63050770440572e-11
1.79227845490809e-11
6.01802969051359e-11
1.79104663648761e-11
6.40423115261143e-11
1.78619974513274e-11
6.78727076991107e-11
1.77769039022578e-11
7.16438187990192e-11
1.76552286714549e-11
7.53164928713289e-11
1.74397556902588e-11
7.88171626430612e-11
1.71207641734957e-11
8.21630086005337e-11
1.67782111552157e-11
8.51830377973565e-11
1.62810843990812e-11
8.78716420616973e-11
1.54536166542451e-11
8.99001805175483e-11
1.45883221063129e-11
9.16030574383283e-11
1.34946957565426e-11
9.14905573880319e-11
1.03981836591959e-11
8.9566404162316e-11
-3.64030594169224e-12
8.67943609139748e-11
-4.28287773501758e-12
8.40163940018313e-11
-4.64546904343695e-12
8.10601231467654e-11
-4.80278273929253e-12
7.81472959885938e-11
-4.80622435882271e-12
7.5281824325166e-11
-4.70111511073196e-12
7.25581755359213e-11
-4.46970218697803e-12
6.99863896235198e-11
-4.20377652718871e-12
6.76038948598462e-11
-3.88334818318391e-12
6.54693292753029e-11
-3.44450831322831e-12
6.35815272426283e-11
-3.01395506017263e-12
6.19274034709323e-11
-2.60717753321925e-12
6.05447261195338e-11
-2.1662765408962e-12
-9.12472861788408e-13
-4.71225490340319e-10
5.96610293156697e-13
-4.64416331735711e-10
3.24197585431786e-12
-4.58160948887562e-10
6.87421589467949e-12
-4.52044189562781e-10
9.04754166288428e-12
-4.45915251151036e-10
1.0062095244771e-11
-4.39757184742559e-10
1.04776308486734e-11
-4.33581632033835e-10
1.06260025201545e-11
-4.27397671142555e-10
1.06673930052809e-11
-4.21209064360336e-10
1.06716597464098e-11
-4.15018248119105e-10
1.06642351207172e-11
-4.08828166486392e-10
1.06519400631985e-11
-4.02639269152726e-10
1.06389710188982e-11
-3.96449204544768e-10
1.06291072390539e-11
-3.90257043723729e-10
1.06212938983454e-11
-3.84063202289952e-10
1.06132933792905e-11
-3.77867891597055e-10
1.06047980423835e-11
-3.71671692948275e-10
1.05957929942117e-11
-3.65474699495189e-10
1.05866483016656e-11
-3.59276663050072e-10
1.05773383555161e-11
-3.53078139417872e-10
1.05672450062943e-11
-3.46879663902327e-10
1.05567396770543e-11
-3.4067935408824e-10
1.05485771035259e-11
-3.34474973155927e-10
1.05432856921535e-11
-3.28267874443171e-10
1.0536607651667e-11
-3.22059887998037e-10
1.05273108497098e-11
-3.15850727823311e-10
1.05177508707149e-11
-3.09640019869881e-10
1.05086668424865e-11
-3.03427540433867e-10
1.04999984892185e-11
-2.9721243172881e-10
1.04921570718121e-11
-2.90994054678998e-10
1.04850949131085e-11
-2.84772690266493e-10
1.04778896644346e-11
-2.7854795537344e-10
1.04708377060846e-11
-2.72318940825136e-10
1.04646295799249e-11
-2.66086117676901e-10
1.04580785823031e-11
-2.59849121378943e-10
1.04517613337901e-11
-2.53606401589055e-10
1.04469938321796e-11
-2.47358178884103e-10
1.04422037031697e-11
-2.41104409285838e-10
1.0437493076112e-11
-2.34843582948525e-10
1.04339736060074e-11
-2.285749500428e-10
1.0431247230451e-11
-2.22299382899458e-10
1.04277930321423e-11
-2.16015503097392e-10
1.04255727453141e-11
-2.09720630712138e-10
1.042624093998e-11
-2.03416470654096e-10
1.04248389688052e-11
-1.9710350465333e-10
1.04222597386313e-11
-1.90778236882198e-10
1.04234223521085e-11
-1.84438527421114e-10
1.0427867373762e-11
-1.78083260059708e-10
1.04341841737037e-11
-1.71710568520331e-10
1.0441904836668e-11
-1.6532082765e-10
1.04482764080398e-11
-1.58916649808249e-10
1.04511574426263e-11
-1.52495329081099e-10
1.04564702691108e-11
-1.46050381455806e-10
1.04698157318254e-11
-1.39582764904912e-10
1.04824923980444e-11
-1.33091657166531e-10
1.04955877602548e-11
-1.26572108195834e-10
1.05139465249012e-11
-1.20025973849787e-10
1.05295531151204e-11
-1.13453372102811e-10
1.05447082477154e-11
-1.0684739032382e-10
1.05683322485359e-11
-1.00206765462146e-10
1.05936217652017e-11
-9.35362877547316e-11
1.0612227002677e-11
-8.68315035063723e-11
1.06349621228286e-11
-8.00838133386944e-11
1.0669149800539e-11
-7.33033614457684e-11
1.06897952873067e-11
-6.64930799289472e-11
1.07026750322753e-11
-5.96353408898486e-11
1.07401696836921e-11
-5.27282466868262e-11
1.07866171507161e-11
-4.5779088787012e-11
1.08214779348527e-11
-3.87917473827706e-11
1.08467992695683e-11
-3.17742172777834e-11
1.08633120778052e-11
-2.4730175087213e-11
1.08766469512776e-11
-1.76574456441641e-11
1.08935271236195e-11
-1.05596702839488e-11
1.09082924010727e-11
-3.45217144409119e-12
1.09058395273075e-11
3.65457986186026e-12
1.08931818944748e-11
1.07419404596212e-11
1.08629823360727e-11
1.77941205517161e-11
1.08119189629145e-11
2.47871652280012e-11
1.07483055369482e-11
3.1685865333687e-11
1.06262917357217e-11
3.84208153706279e-11
1.04702764484576e-11
4.50180463755198e-11
1.02646072839521e-11
5.13173158379112e-11
1.00646754588846e-11
5.73212959594953e-11
9.53222241187613e-12
6.27173346528901e-11
9.27515985657918e-12
6.78774356519091e-11
8.41820601950243e-12
7.09534996161274e-11
7.40710871292871e-12
6.93446908731725e-11
-1.94436393420839e-12
6.69005312936794e-11
-1.74894713625814e-12
6.44816838388401e-11
-2.13377747217026e-12
6.18959365878805e-11
-2.12120546826824e-12
5.9352989386582e-11
-2.16501221575162e-12
5.68486811137998e-11
-2.09645551906523e-12
5.44700079569232e-11
-1.98888136122621e-12
5.22232104082253e-11
-1.85345655163505e-12
5.014106163792e-11
-1.69671607383513e-12
4.82768668784916e-11
-1.47534796745501e-12
4.66286524612153e-11
-1.26081690415117e-12
4.51833710972602e-11
-1.05742564071456e-12
4.39633781144465e-11
-8.42463075692743e-13
-2.28990345225064e-13
-5.12139867156674e-10
-2.81939706368666e-12
-5.08502498910998e-10
-2.70691807237141e-13
-5.03556991716413e-10
2.05310654340703e-12
-4.97675757453683e-10
3.29039818584008e-12
-4.91301232062858e-10
3.81135222148838e-12
-4.84710130417181e-10
4.01000331715048e-12
-4.78037590754384e-10
4.07662759121211e-12
-4.71340570685913e-10
4.09321754581748e-12
-4.64639707144797e-10
4.09330724401253e-12
-4.57941941134689e-10
4.08865510829529e-12
-4.51250426880439e-10
4.08230937409727e-12
-4.4456565209318e-10
4.07578289057292e-12
-4.37885675317243e-10
4.07041041355033e-12
-4.31209236684826e-10
4.06582053144506e-12
-4.24536487441678e-10
4.06118473871749e-12
-4.17867773263366e-10
4.05638238596622e-12
-4.11203441434698e-10
4.05141283367791e-12
-4.04543558679619e-10
4.04639164972789e-12
-3.97888190088397e-10
4.04129521567671e-12
-3.91237832531651e-10
4.03591482951354e-12
-3.84592735775923e-10
4.03035851606826e-12
-3.77951360768291e-10
4.02559611724417e-12
-3.71311888120867e-10
4.02187733260742e-12
-3.64675252877543e-10
4.017686803989e-12
-3.58043139341414e-10
4.01254975303319e-12
-3.51415675244572e-10
4.00729803152317e-12
-3.44792519865474e-10
4.00219943167485e-12
-3.38173385822078e-10
3.99722599143821e-12
-3.31557696654104e-10
3.99250964001466e-12
-3.2494493440582e-10
3.98805907608976e-12
-3.18335191285669e-10
3.98354390057911e-12
-3.11728339196316e-10
3.97904135364128e-12
-3.05123828339585e-10
3.97482776678035e-12
-2.98521863926419e-10
3.97047319818117e-12
-2.91922257745668e-10
3.96615112367137e-12
-2.85324014723391e-10
3.96236042728297e-12
-2.78727125757923e-10
3.95853926322494e-12
-2.72131461451154e-10
3.95470234661449e-12
-2.65536170668247e-10
3.95121524694933e-12
-2.58940776999981e-10
3.94799901794714e-12
-2.52345755542863e-10
3.94449744140762e-12
-2.45750179439888e-10
3.94133100220993e-12
-2.39152149420453e-10
3.93917584811786e-12
-2.3255298812409e-10
3.93624907166501e-12
-2.25953365741021e-10
3.93280168384168e-12
-2.19350738838444e-10
3.93057727591606e-12
-2.12742919837411e-10
3.92945025292386e-12
-2.06128681947069e-10
3.92893127371058e-12
-1.99507057933983e-10
3.92882304223198e-12
-1.92878901920581e-10
3.92820562277397e-12
-1.86246429025741e-10
3.92629917145958e-12
-1.79607827801278e-10
3.92503197827678e-12
-1.72957797109004e-10
3.92653812116164e-12
-1.66296691778905e-10
3.92771632362876e-12
-1.59624160761779e-10
3.92888904532108e-12
-1.5293677520195e-10
3.93185731458847e-12
-1.46236220204335e-10
3.9337518503608e-12
-1.39522747852644e-10
3.93535024945696e-12
-1.32790946966503e-10
3.93984121306078e-12
-1.26039755893755e-10
3.94491384147909e-12
-1.19273283017684e-10
3.94752108786641e-12
-1.1248847164867e-10
3.95125024298943e-12
-1.05677980701848e-10
3.95910558935466e-12
-9.88505619259728e-11
3.96225579798622e-12
-9.20107810266928e-11
3.96213278985397e-12
-8.51429274412425e-11
3.97059616036095e-12
-7.82416818467982e-11
3.98267858928518e-12
-7.13142882198133e-11
3.990591382487e-12
-6.43669796225933e-11
3.99503328316502e-12
-5.7405835320931e-11
3.99677107898756e-12
-5.04328022491757e-11
3.99757483965614e-12
-4.34457113047799e-11
3.99967610422543e-12
-3.64467216086854e-11
4.00154014984176e-12
-2.94477706307587e-11
3.99801339789916e-12
-2.24562082461391e-11
3.99161296440695e-12
-1.54850425472153e-11
3.98064471880609e-12
-8.54751553147375e-12
3.96202605919074e-12
-1.65618452325726e-12
3.94349242667879e-12
5.15469546994376e-12
3.90100328591393e-12
1.18487221743559e-11
3.86102767044678e-12
1.84163469119469e-11
3.78088568332818e-12
2.48070548484293e-11
3.75706534353602e-12
3.0891541476309e-11
3.53052262016691e-12
3.6676330834286e-11
3.57341261417937e-12
4.20548392942685e-11
3.12344038955546e-12
4.63014600654907e-11
3.24558263763064e-12
4.48647034950565e-11
-4.20352822205651e-13
4.32274851440061e-11
-2.18200426601872e-14
4.14517580571348e-11
-2.65055452562234e-13
3.96292237872338e-11
-2.02677862914882e-13
3.78052836976219e-11
-2.42631626926625e-13
3.60221245393534e-11
-2.12757456311425e-13
3.43231494100573e-11
-1.87560317777982e-13
3.27207330176656e-11
-1.47310176177213e-13
3.12333817942481e-11
-1.04666172944625e-13
2.99036382779846e-11
-4.04176785931259e-14
2.87275839107447e-11
2.03863423149663e-14
2.7696091019732e-11
7.87653179607326e-14
2.68189414872431e-11
1.38734846857783e-13
3.05016915209115e-13
-2.65022677217943e-10
-2.6588135855077e-10
-2.64415138877876e-10
-2.61710531813477e-10
-2.58483876509593e-10
-2.55057475817306e-10
-2.51563357622111e-10
-2.4805156707799e-10
-2.44538618565745e-10
-2.4102924587877e-10
-2.37525119410917e-10
-2.34026413704381e-10
-2.30531984650928e-10
-2.27041057943266e-10
-2.23553689624592e-10
-2.20070064170134e-10
-2.16590354307479e-10
-2.13114590380332e-10
-2.09642821877592e-10
-2.06175329533742e-10
-2.02712303184704e-10
-1.99252959124167e-10
-1.95796262016911e-10
-1.92342704132292e-10
-1.88893244937265e-10
-1.85447978407111e-10
-1.8200673272609e-10
-1.78569385798316e-10
-1.75135674027396e-10
-1.717053267868e-10
-1.68278422525162e-10
-1.64854961625742e-10
-1.61434660466679e-10
-1.58017663404303e-10
-1.546039510162e-10
-1.51193015797501e-10
-1.47784887669073e-10
-1.44379547810274e-10
-1.40976635534798e-10
-1.37575926069541e-10
-1.34177738869422e-10
-1.30781710929293e-10
-1.27386807910517e-10
-1.23993825523932e-10
-1.20603298725928e-10
-1.17213979849877e-10
-1.13824768276199e-10
-1.1043509324047e-10
-1.07044570587544e-10
-1.0365372403101e-10
-1.00263856678198e-10
-9.68743106268755e-11
-9.34822699162961e-11
-9.00880756325196e-11
-8.66918071531307e-11
-8.32917091069842e-11
-7.98888616383307e-11
-7.64836574790633e-11
-7.30733714961726e-11
-6.96574464567324e-11
-6.62382362799477e-11
-6.28145688655413e-11
-5.93823032769368e-11
-5.59460580594089e-11
-5.2509177642601e-11
-4.90633965928722e-11
-4.5605113481117e-11
-4.21383221224674e-11
-3.86666577617735e-11
-3.51928015376614e-11
-3.17173875788639e-11
-2.8239194512499e-11
-2.47587425436114e-11
-2.12815340681884e-11
-1.78104614428582e-11
-1.43501259823365e-11
-1.09082065817981e-11
-7.48454007030211e-12
-4.10289057884421e-12
-7.60629972141183e-13
2.50201465860865e-12
5.74143409022658e-12
8.7554013136222e-12
1.18139168663457e-11
1.44245704126125e-11
1.71599655759294e-11
1.62315122346264e-11
1.5704228561724e-11
1.49368018949443e-11
1.42347579605058e-11
1.34952139904154e-11
1.27876488974518e-11
1.2107093290869e-11
1.14681763268993e-11
1.08728754380139e-11
1.03423132098975e-11
9.87251789829397e-12
9.4606505563564e-12
9.10809771073729e-12
)
;

boundaryField
{
    dieWall
    {
        type            calculated;
        value           nonuniform List<scalar> 
100
(
7.17926647841389e-13
7.16489764137511e-13
7.15052892150513e-13
7.13615998482827e-13
7.121791089818e-13
7.10742231315666e-13
7.09305351676519e-13
7.07868472046595e-13
7.06431585994256e-13
7.04994699202956e-13
7.03557819746e-13
7.02120939190535e-13
7.00684052050242e-13
6.99247162314194e-13
6.97810282355515e-13
6.96373404018909e-13
6.94936520351463e-13
6.93499632268328e-13
6.9206274860258e-13
6.90625866923138e-13
6.89188982203181e-13
6.87752099930093e-13
6.86315213137359e-13
6.84878317147605e-13
6.83441433244833e-13
6.82004558330458e-13
6.80567679097976e-13
6.79130800713724e-13
6.77693916282112e-13
6.76257032322571e-13
6.74820149408296e-13
6.73383266035968e-13
6.71946379502053e-13
6.70509495841359e-13
6.69072611795013e-13
6.67635727480268e-13
6.66198846129636e-13
6.64761957194495e-13
6.6332507040332e-13
6.61888189055275e-13
6.60451306670689e-13
6.59014420318839e-13
6.57577536155685e-13
6.56140654980016e-13
6.5470376458266e-13
6.53266877493887e-13
6.5183000100337e-13
6.50393120995916e-13
6.4895623872992e-13
6.47519354904995e-13
6.46082472638713e-13
6.44645591138778e-13
6.43208703219261e-13
6.41771821065455e-13
6.40334935599644e-13
6.38898048624819e-13
6.37461164727401e-13
6.36024269964513e-13
6.34587392093601e-13
6.33150521766365e-13
6.31713634794777e-13
6.30276752169292e-13
6.28839866890348e-13
6.27402976809712e-13
6.25966094868696e-13
6.24529217608617e-13
6.23092337605228e-13
6.21655444967543e-13
6.20218559091019e-13
6.18781674861278e-13
6.17344782476463e-13
6.15907899891643e-13
6.14471025995427e-13
6.13034147827499e-13
6.1159725968786e-13
6.10160375716034e-13
6.08723487468356e-13
6.07286605592586e-13
6.05849726245121e-13
6.04412844026909e-13
6.0297596391756e-13
6.01539078502399e-13
6.00102182381612e-13
5.98665296609453e-13
5.97228424697206e-13
5.95985174626542e-13
5.96068712423766e-13
5.9606870939486e-13
5.96068716391777e-13
5.96068716863413e-13
5.96068704027803e-13
5.96068702071804e-13
5.96068713298468e-13
5.96068717806707e-13
5.96068718715712e-13
5.96068714338787e-13
5.96068710709459e-13
5.96068705899315e-13
5.96068708003312e-13
5.9606871529208e-13
)
;
    }
    outlet
    {
        type            calculated;
        value           nonuniform List<scalar> 6(8.93201496334723e-11 7.59700499666724e-11 5.98986616375382e-11 4.33832064141002e-11 2.63884696387092e-11 8.9214051643308e-12);
    }
    Wire
    {
        type            calculated;
        value           nonuniform List<scalar> 
100
(
-7.49154233163119e-14
-2.53861921220244e-13
-3.27813559507261e-13
-3.6482227165629e-13
-3.98143220089785e-13
-4.46834709047566e-13
-4.73756092875337e-13
-4.99259250270865e-13
-5.33962255383362e-13
-5.59389044844763e-13
-5.7893957455301e-13
-6.0220432009178e-13
-6.3068288604758e-13
-6.48555218645516e-13
-6.66332419060061e-13
-6.96933165337136e-13
-7.14262860019505e-13
-7.30633542425671e-13
-7.54360474270089e-13
-7.7849865655168e-13
-7.96892049284448e-13
-8.18274013470241e-13
-8.48363362129434e-13
-8.69532156081882e-13
-8.91107848260123e-13
-9.2258620146562e-13
-9.4872173054405e-13
-9.72289887515506e-13
-1.00394869054521e-12
-1.03965707793531e-12
-1.06698980117775e-12
-1.0984597823078e-12
-1.14661623168752e-12
-1.17891468147976e-12
-1.21203077482807e-12
-1.27045955569153e-12
-1.31250913449276e-12
-1.35082274609837e-12
-1.40583848628042e-12
-1.47339096715997e-12
-1.52124183942187e-12
-1.57237208806377e-12
-1.6626864853742e-12
-1.72350635472403e-12
-1.78528228736227e-12
-1.88405242840646e-12
-1.97027382387536e-12
-2.04687845048401e-12
-2.15108380080494e-12
-2.27432227410368e-12
-2.36689834997254e-12
-2.46927443120564e-12
-2.63671851541659e-12
-2.75358191839457e-12
-2.87346914418672e-12
-3.06516383328943e-12
-3.22283014949823e-12
-3.36597097634296e-12
-3.57138462679133e-12
-3.78327681183483e-12
-3.94698719402674e-12
-4.1309168214276e-12
-4.41233660495602e-12
-4.59127924163239e-12
-4.7754180940472e-12
-5.10909577825914e-12
-5.29423706903782e-12
-5.4728778516035e-12
-5.7605232400302e-12
-5.9533062039116e-12
-6.10397747526663e-12
-6.27875370758704e-12
-6.45144825714882e-12
-6.5069783426454e-12
-6.54153360723155e-12
-6.46450067251156e-12
-6.28164959944127e-12
-6.04243295859498e-12
-5.56472048800742e-12
-4.73625280227811e-12
-3.91859478277248e-12
-2.9030711260988e-12
-5.21515539041052e-13
1.58113533974864e-12
3.91628627617563e-12
8.95831384069987e-12
1.08818756713109e-11
1.22098664284381e-11
1.33742778685511e-11
1.36457790762037e-11
1.3598579288025e-11
1.34185434693409e-11
1.26404400433207e-11
1.19591934126138e-11
1.12324979482243e-11
9.8809402800183e-12
8.75839986802768e-12
7.78221524774854e-12
6.45305001100289e-12
4.85649690648059e-12
)
;
    }
    inlet
    {
        type            calculated;
        value           nonuniform List<scalar> 6(-1.26056419704942e-09 -4.27623604165509e-10 1.594691765015e-10 4.79035927542113e-10 5.1568094458826e-10 2.61613937351181e-10);
    }
    back
    {
        type            wedge;
        value           nonuniform List<scalar> 
600
(
-5.24166944667825e-26
-5.20667448977582e-25
-8.60449293418569e-25
-9.77451574109905e-25
-7.78432927381797e-25
-5.69132471481104e-25
8.84064262322743e-26
-3.12832682761356e-25
-8.79318891579039e-25
-1.0185962396071e-24
-1.02565362438174e-24
-6.52920759593196e-25
1.46224980529729e-25
-3.31092399423015e-25
-9.9941140516194e-25
-1.31743929319643e-24
-1.18552249617617e-24
-6.40419934761175e-25
-1.2248483587978e-25
-4.33291969759225e-25
-1.21140642123357e-24
-1.29035084746115e-24
-1.20921731983584e-24
-5.86154877756708e-25
-8.38353693023399e-26
-5.56452844309815e-25
-1.13372231974097e-24
-1.37643593344429e-24
-1.13083638096888e-24
-5.91882313691672e-25
-1.8639410612208e-25
-5.24738829397873e-25
-1.07335786423428e-24
-1.26644317169539e-24
-1.41344534140514e-24
-5.88448831683639e-25
-4.0149469649407e-26
-5.2593273336152e-25
-1.1003040174615e-24
-1.40767776874203e-24
-1.41490633642029e-24
-4.9865474775954e-25
-9.00818783061601e-27
-4.04659902603876e-25
-1.02337149647796e-24
-1.21165292625894e-24
-1.16746826910411e-24
-5.43106117278665e-25
1.21992931087623e-25
-3.35442674022452e-25
-1.0352815322635e-24
-1.39368137100707e-24
-1.16736584350858e-24
-4.93262259029303e-25
-1.5529880265992e-25
-3.51182329492114e-25
-9.15888998315935e-25
-1.19314221220964e-24
-1.18820335184321e-24
-5.61179887928441e-25
-7.37143920759004e-26
-5.60862659531664e-25
-8.68703135825358e-25
-1.31459999208388e-24
-1.09330671536124e-24
-5.50404718973968e-25
-4.61324934303654e-26
-5.53289249295538e-25
-1.02628146514709e-24
-1.19198068842205e-24
-1.07740722481883e-24
-5.12701912917521e-25
1.89576600696945e-26
-3.37126557900588e-25
-1.11639346051105e-24
-1.1876283648301e-24
-1.06130920609344e-24
-4.213435026815e-25
-1.19289098839297e-25
-4.4746816272481e-25
-8.64699909658283e-25
-1.24301208680025e-24
-9.39854901531577e-25
-4.02450852122502e-25
-5.75871811249014e-26
-4.91544408519377e-25
-9.58504973573483e-25
-1.18290356764384e-24
-1.07668619193289e-24
-4.54822045342962e-25
-1.80401506964659e-25
-5.41668318221581e-25
-7.97396017523396e-25
-1.17170907912684e-24
-1.20309159628311e-24
-4.60101470424126e-25
-7.60079961648165e-26
-5.9856309528485e-25
-1.08016542534831e-24
-1.40006362275422e-24
-1.26324642798068e-24
-5.9008254780095e-25
-3.5948453379916e-28
-5.28356115618984e-25
-9.5640749075922e-25
-1.20324916672447e-24
-1.14550783032671e-24
-5.34286243947689e-25
2.67352922606403e-26
-5.51696707010316e-25
-8.87108024355188e-25
-1.22178293642776e-24
-1.06988371668748e-24
-6.04915807926514e-25
-1.94263814001564e-25
-6.72624438199607e-25
-9.14840649606859e-25
-1.32529980228784e-24
-1.1417754116981e-24
-6.38386125811551e-25
1.05956341210055e-26
-5.89873776591412e-25
-1.0580092154891e-24
-1.33810001930609e-24
-1.22763763399806e-24
-4.26875895590399e-25
-1.54306894470436e-25
-5.02575474127042e-25
-9.88199261380585e-25
-1.33055964694001e-24
-1.17383649257656e-24
-4.3337147677798e-25
2.97725478228019e-26
-5.58075883780449e-25
-8.41121683248674e-25
-1.11074229883554e-24
-9.46357408490696e-25
-5.7096717531314e-25
5.03871493314907e-26
-4.15618266641412e-25
-7.43499335949685e-25
-1.09200231832561e-24
-9.66160583066234e-25
-5.85274522805222e-25
-7.8512127852206e-26
-3.25985731717033e-25
-6.13792737852382e-25
-9.86234343117692e-25
-9.3217689181252e-25
-5.47130962755482e-25
-2.56920973850652e-26
-2.93082658491923e-25
-5.70498129436766e-25
-8.82096707320698e-25
-9.05613685170565e-25
-3.24566935895944e-25
-7.49447452291364e-26
-2.90375892681684e-25
-6.55251757787507e-25
-8.13287671073561e-25
-7.81423104760762e-25
-3.64916424083087e-25
-5.87680041552957e-26
-2.08215652960234e-25
-6.16692819587687e-25
-7.85281724967445e-25
-7.40585202999363e-25
-4.2168307780372e-25
-5.18100359259652e-26
-3.60834373131319e-25
-5.98264229826812e-25
-7.25081912771046e-25
-6.60986485362698e-25
-3.75120887758544e-25
-6.99195723703199e-26
-2.4626126807739e-25
-7.27603028641162e-25
-9.17214310049038e-25
-8.5820178907484e-25
-3.73649189684967e-25
-5.25937296462462e-26
-3.47829492106152e-25
-6.65518757694458e-25
-9.30894973663759e-25
-8.7762196555133e-25
-4.80823463289205e-25
-8.83316544396925e-26
-2.63382530017763e-25
-6.1056000865423e-25
-8.79053797000334e-25
-6.67888478861986e-25
-3.75356726062283e-25
-9.74902625697898e-26
-4.20643103475067e-25
-6.00075096432055e-25
-7.67805315873393e-25
-7.20174672753686e-25
-4.55577916428812e-25
1.70573340378886e-26
-4.07033650600745e-25
-7.202033649601e-25
-8.0905814236643e-25
-8.71129419366477e-25
-4.59495660849771e-25
-1.12414977479053e-26
-3.45831225247653e-25
-7.17084082758525e-25
-7.63254234073134e-25
-8.07857659376087e-25
-3.31819078933637e-25
-3.02338673759685e-26
-4.48283951823129e-25
-7.29059945540771e-25
-8.79231573124757e-25
-8.12370164537086e-25
-3.73054649312663e-25
-1.91272634064606e-25
-5.65244693482917e-25
-8.51291371492633e-25
-1.01338669719464e-24
-7.56095226751641e-25
-4.83725394127678e-25
-1.99491834081718e-25
-4.46430604800654e-25
-7.84982244444796e-25
-9.63244357593797e-25
-7.91263636650561e-25
-4.12589348175309e-25
4.20536197505446e-26
-3.19687485159745e-25
-7.01000813507805e-25
-7.93281568531165e-25
-7.10071175318944e-25
-2.6809783715654e-25
-7.30210560450356e-27
-2.75910212377224e-25
-5.37313858915899e-25
-6.67240186337253e-25
-7.36678357754163e-25
-3.44001632737671e-25
4.64036392198612e-27
-1.62710728987248e-25
-2.68914961750755e-25
-4.9059660794829e-25
-4.70552347558308e-25
-2.60953836645467e-25
-3.22302381222871e-26
-2.39397208381172e-25
-3.73860224237636e-25
-5.64332184764726e-25
-5.42466029307508e-25
-3.24871081046631e-25
-4.00913417438426e-27
-2.94618500599939e-25
-5.9700217839683e-25
-5.75137604592888e-25
-4.29443521125518e-25
-2.55027154243808e-25
-9.00482716234428e-26
-3.14963755618938e-25
-5.84149932276355e-25
-7.25914095450953e-25
-6.08980621176579e-25
-2.74138488289229e-25
4.53659737526195e-26
-2.12007190957578e-25
-5.10859121139103e-25
-7.14359051273607e-25
-6.4168699637243e-25
-2.86702606452116e-25
-9.50352578289445e-26
-1.84682095948533e-25
-5.41006518300622e-25
-6.94268032612854e-25
-5.44426089119687e-25
-2.06501142656351e-25
-3.69064628776722e-27
-1.16920718754889e-25
-3.56621808259566e-25
-5.84989585432378e-25
-5.4712633014383e-25
-3.2355293855286e-25
5.67777039337732e-26
-1.92481044503817e-25
-3.19235629826051e-25
-5.04936663868147e-25
-4.60050377113424e-25
-2.5316245991464e-25
-6.26542683893918e-26
-1.40663178606691e-25
-4.24615546075653e-25
-5.39965891377408e-25
-5.329375598708e-25
-2.39720960942893e-25
-1.03968593941986e-25
-1.53631803857931e-25
-3.07196839162463e-25
-4.70189206888075e-25
-5.01379130257654e-25
-2.40615861747833e-25
3.14729949541729e-26
-1.96290676369384e-25
-4.16622744127336e-25
-5.24155611661586e-25
-4.96475302291111e-25
-2.45539827892805e-25
-6.16494382601871e-26
-2.82175435097786e-25
-4.73311676010202e-25
-5.89012055591003e-25
-5.0229730168705e-25
-2.85882535562879e-25
1.56852950273391e-26
-1.64067082381022e-25
-3.91454825368946e-25
-5.10734236703269e-25
-4.40196602416429e-25
-1.97769863408016e-25
-1.06350361181307e-25
-1.78728236264406e-25
-3.79075180843708e-25
-5.14820900897509e-25
-4.19823615747164e-25
-1.8571662712753e-25
-2.31252589423309e-26
-2.35356405709844e-25
-3.87108751453667e-25
-4.4209958765068e-25
-3.61285113416467e-25
-1.4613997528763e-25
-2.84103589954955e-26
-2.43974325429505e-25
-3.32718372762391e-25
-4.80725983443798e-25
-4.01255112602294e-25
-2.04396412253403e-25
-4.36371889352445e-26
-2.06094079615413e-25
-4.2830914071108e-25
-5.00580445921114e-25
-4.74146683978594e-25
-2.15594651128701e-25
-6.04860355997535e-26
-2.9150361376518e-25
-4.7624612925579e-25
-4.89497663477869e-25
-5.03489323983458e-25
-2.53289801993912e-25
-9.32940012343466e-26
-2.80580602964339e-25
-3.7339247289106e-25
-4.8191492154574e-25
-4.12763417122828e-25
-1.93727986868269e-25
-8.56275285449278e-26
-2.35616945933011e-25
-4.04577479485732e-25
-4.99729992054285e-25
-4.36189766663574e-25
-2.1753843716916e-25
-8.4498976015659e-26
-2.30339079580772e-25
-3.46577428286575e-25
-4.15441753667849e-25
-3.70878588496633e-25
-1.24697002269841e-25
-1.13178695344023e-25
-3.10348596257582e-25
-4.05047321302067e-25
-4.6686022034931e-25
-3.782598386439e-25
-8.71285936998236e-26
-3.59362346344808e-26
-1.73074513997507e-25
-3.22776018048527e-25
-3.67449213119293e-25
-3.53289776624733e-25
-9.8276685739105e-26
-6.73343571088426e-26
-1.87881933151172e-25
-2.64572706894106e-25
-3.2487107586764e-25
-2.79836957559303e-25
-1.28236733774067e-25
-8.58540796402728e-26
-2.08308974067493e-25
-3.44667957750504e-25
-4.45804558717963e-25
-3.52113830678239e-25
-2.05991106491045e-25
-6.14942449358781e-26
-1.69913735267996e-25
-3.25414718299664e-25
-3.39381506709023e-25
-2.59798159928019e-25
-1.24575323137403e-25
3.4141179118156e-27
-1.11054071675788e-25
-2.23819600179382e-25
-2.76368130835545e-25
-2.14936736571864e-25
-7.78409371973668e-26
1.4103211294575e-26
-7.15662036235656e-26
-1.57865994819421e-25
-2.02263844228305e-25
-2.21496915488755e-25
-1.11787863812176e-25
-2.75640903176262e-26
-1.53164024258722e-25
-2.11251123679256e-25
-3.15422616639141e-25
-2.49011890450298e-25
-6.39914035437059e-26
-5.37556643921357e-26
-9.00766846861533e-26
-1.50518767246124e-25
-1.93654358222245e-25
-1.78783511241234e-25
-2.11885147977327e-26
-9.01062601926446e-26
-1.27157247456771e-25
-2.05174383968461e-25
-2.32938352774942e-25
-2.18354640618727e-25
-5.26456071658935e-26
6.640642272966e-27
-1.03465006613176e-25
-1.74096371513421e-25
-2.21747757785326e-25
-2.02270772631987e-25
-9.77995314509672e-26
-1.2358087970623e-26
-2.9479963110528e-26
-9.71308558781646e-26
-1.4953125366388e-25
-1.04937840150253e-25
-4.94705783128006e-26
-1.62882040963878e-26
-7.28227629278887e-26
-1.03304540193031e-25
-1.3409499472694e-25
-1.29257339767073e-25
-3.86888952636101e-26
3.40344927395601e-27
-3.20954919883303e-26
-7.68746104286233e-26
-1.10371157841571e-25
-1.36497484219831e-25
-6.11169218309804e-26
-8.11450278286206e-27
-8.26362246196988e-26
-7.36014087469942e-26
-1.24183187194976e-25
-1.06444094871058e-25
-1.26677821442241e-26
-2.51639418034063e-26
-5.47416544714572e-26
-7.3634019395956e-26
-4.64703231958588e-26
-5.48637827456169e-26
-6.91518448124223e-26
-4.26846343714348e-27
-1.28351562268872e-26
-3.47935923891063e-26
-4.86289691051225e-26
-2.56743854335672e-26
-1.72945203216679e-26
-1.47742635826643e-27
-6.99863191482521e-27
-3.37430549181758e-26
-2.48895025516756e-26
-1.21347756702207e-26
-1.65994721469529e-26
-2.5839313769781e-28
3.4682604359564e-27
-3.89277589049398e-26
-3.10901063347303e-26
-3.38543293110002e-26
-2.87495022707294e-26
2.40936984749656e-26
-4.16907321271831e-27
-1.47889456861637e-27
-1.59368994226635e-26
-1.20416254167521e-26
-1.00642136805348e-26
-6.92947552753051e-27
-2.18089647846793e-26
1.35196316202475e-26
3.03653782143719e-26
1.56655048593646e-26
2.08775629290487e-26
-9.16778533787106e-27
2.7548363932197e-26
3.20289362848947e-26
3.27217401002771e-26
3.20922808953552e-26
4.1274721175967e-26
-1.15285577554926e-27
1.95983487331959e-26
3.86397304851924e-26
5.84983298196163e-26
5.00593446135484e-26
1.67916083224305e-26
1.3330639918518e-26
4.35053466912999e-26
6.96867202167757e-26
7.26466144058759e-26
6.96388994276837e-26
1.80263476122085e-26
1.62969495857324e-26
4.29819743122772e-26
5.01106394627337e-26
7.35976009952592e-26
6.19641920474279e-26
2.83329930262304e-26
1.44641513434642e-26
5.22245126385073e-27
-1.37879958226082e-26
4.57440628532689e-27
2.07795389468831e-27
8.76615300921561e-27
4.57385911031597e-27
1.71293567321836e-27
2.4651300149895e-27
5.77230099242037e-28
4.21226574747073e-27
4.96810184545099e-27
-4.43000488327744e-27
-3.48970110950838e-29
1.56225840123162e-26
6.30419752359752e-28
-2.04349737094553e-27
-4.03731958764289e-27
1.02698821606818e-26
2.80054139369968e-27
1.05936535427899e-26
-4.43070309489128e-27
1.00202031570889e-27
-2.65790002647867e-27
-6.14084459536292e-27
-5.06370126335729e-28
7.66744511679605e-28
-3.63450526925427e-27
-4.32179447915904e-28
-1.22193833991318e-27
-2.40877301572671e-27
-2.07016555496241e-27
-2.07121038138606e-27
-1.05299755339768e-26
3.06237450076572e-27
1.61754415962212e-27
3.96022369005543e-27
-1.33754048765082e-26
-9.32969070918826e-27
-1.49743585653792e-26
-3.05549890478846e-27
-3.86907649269182e-27
-6.3083303843133e-27
3.99989608312051e-27
4.13742051778274e-27
6.79489421875648e-27
1.04229171950074e-27
-9.41611508605641e-27
-3.10908190950536e-27
-8.00979962094383e-27
3.47495931765503e-27
1.19341338297629e-26
3.6183710900295e-27
1.14946186876513e-27
-1.89982828378722e-27
8.93098524593783e-28
6.67332331551542e-27
1.39405208076121e-26
4.07669109075853e-27
-9.6392313397472e-27
-3.02434366410711e-29
-5.94888088060395e-27
-2.97765471875465e-28
-5.57900981086124e-27
-3.03982131342785e-27
-8.98384548463575e-27
-2.10576262353196e-27
5.18025531894238e-27
-3.2092177676981e-27
-9.73914827433327e-27
-5.48119303066292e-27
-4.84772459935637e-27
4.26483821433598e-27
3.21774646599212e-27
-4.39032741904103e-27
1.03243935042238e-26
-7.44505368379215e-28
-2.22007946368137e-27
7.24271745656899e-27
2.20053245886967e-27
4.0297522739569e-27
-4.94758687163082e-27
-7.83327104631316e-27
-9.64199335802821e-27
)
;
    }
    front
    {
        type            wedge;
        value           nonuniform List<scalar> 
600
(
-1.05345662772269e-25
-4.05607119033964e-25
-8.80671809745457e-25
-9.22861482491591e-25
-8.42606407187303e-25
-3.42318682507031e-25
1.49895359022047e-25
-2.22329933610866e-25
-8.80119172714442e-25
-9.18700022250871e-25
-9.3210569869263e-25
-4.30926195455821e-25
1.30385534920921e-25
-4.3275241085846e-25
-9.63951457972474e-25
-1.29471925201577e-24
-1.06995219977271e-24
-6.87040816862934e-25
-1.10130487714627e-25
-3.4331714177211e-25
-1.10609085134336e-24
-1.3727765554455e-24
-1.29584452729503e-24
-6.51854630927316e-25
-9.44886873652551e-26
-5.50331469953041e-25
-1.12423364355847e-24
-1.18171763320627e-24
-1.17714040448652e-24
-5.2696454803782e-25
-4.96217536820412e-26
-5.63257608130009e-25
-1.10918602288747e-24
-1.25033319111146e-24
-1.24958798510693e-24
-5.41063684465233e-25
-7.89207563243892e-26
-5.27374578506806e-25
-1.02967019493255e-24
-1.44079796712154e-24
-1.29633267063983e-24
-6.05038706691875e-25
9.75818082758342e-26
-4.44190078782007e-25
-9.32135595389715e-25
-1.23566922357618e-24
-1.09462727676891e-24
-5.22428658647811e-25
4.23015400235724e-26
-4.14791080400804e-25
-8.93619766697198e-25
-1.35990801051062e-24
-1.16213927494567e-24
-5.57982255236238e-25
3.09551669180066e-26
-4.78391850936778e-25
-9.49499252619187e-25
-1.25773630430272e-24
-1.13742983554602e-24
-5.80487130732917e-25
-7.19641599803826e-26
-6.17748082143975e-25
-9.1840249396718e-25
-1.30356611903928e-24
-1.09141961271258e-24
-6.85100290776991e-25
-6.09832704465034e-26
-5.24271649440128e-25
-9.2490975245338e-25
-1.14519707288174e-24
-1.04172392468574e-24
-4.32291476533578e-25
3.13560897581596e-26
-3.11194768906662e-25
-7.99078808201907e-25
-1.26202665412943e-24
-1.049180597363e-24
-3.01097967378319e-25
-1.09027610290028e-25
-3.96097355005903e-25
-9.18509463926149e-25
-1.21309350673343e-24
-1.1239415694169e-24
-4.63855811048681e-25
-2.40229169656971e-26
-3.6753941664691e-25
-7.69606891558683e-25
-1.17719149930639e-24
-9.65396193288788e-25
-4.2585432798808e-25
-4.87791963859371e-26
-4.2966786261757e-25
-7.98250847980727e-25
-1.07643889697828e-24
-1.09484771973077e-24
-4.20167740712099e-25
-7.00651899385185e-26
-4.24768254590803e-25
-8.13521063061434e-25
-9.80247628839348e-25
-9.09974004621982e-25
-4.47234034900791e-25
7.55763850571819e-27
-3.20502873518039e-25
-8.05415982044517e-25
-1.03354953731117e-24
-9.64207692722622e-25
-5.14545455726051e-25
-3.69578112464449e-26
-4.18934943079993e-25
-7.40394650420802e-25
-9.20776707699269e-25
-9.161765186168e-25
-4.59894675079334e-25
-1.74820887881008e-25
-5.19575904178812e-25
-6.48354934852465e-25
-7.88213111888014e-25
-9.62407793211256e-25
-7.00813729303226e-25
-9.03394678701947e-27
-3.57905506122447e-25
-6.06389824372136e-25
-9.54457387645661e-25
-9.99336538013625e-25
-3.88884547116985e-25
-1.28473372423e-25
-3.45941627361745e-25
-6.43109080963347e-25
-1.00163683471183e-24
-9.91055793775314e-25
-3.56637175796032e-25
-4.68215691354204e-26
-4.5674172362954e-25
-8.52058269921053e-25
-9.35321424123394e-25
-9.62902308115034e-25
-4.39753652033317e-25
-3.6047918320974e-26
-5.01716106116391e-25
-9.5980544960656e-25
-1.25821319634299e-24
-9.49454434061291e-25
-4.3720455031688e-25
-6.99082614071987e-26
-4.36117925393174e-25
-7.75796263017089e-25
-1.18130158869694e-24
-1.02143850250629e-24
-5.11245945801866e-25
9.35777588834352e-26
-3.92815624544223e-25
-7.97461323258492e-25
-1.01519461496691e-24
-1.0298231863397e-24
-4.80829752838413e-25
-1.7875578529893e-25
-4.17683642902959e-25
-8.31140887118337e-25
-1.09263289458744e-24
-1.00435919158923e-24
-4.24053685273327e-25
-1.2927121610423e-25
-5.15677532067395e-25
-1.00167474285469e-24
-1.06623761085976e-24
-9.48896153184816e-25
-4.01312196631169e-25
-1.35123500999376e-25
-4.17973181325465e-25
-8.09755205193637e-25
-9.6355837519108e-25
-8.35627580752179e-25
-5.5094967972408e-25
-1.74842308204558e-25
-2.58191004245544e-25
-7.04879016881824e-25
-9.74824760842713e-25
-7.99749261071937e-25
-3.88819441211592e-25
-4.23675304557903e-26
-3.58776539736146e-25
-6.16460230186113e-25
-8.69060701444042e-25
-8.20940475247737e-25
-3.97606105388619e-25
-2.27692181021133e-26
-4.10472007447365e-25
-7.63258166139855e-25
-8.98371543600093e-25
-9.51855990734844e-25
-3.98615958504082e-25
-5.28481507177651e-26
-2.99036756048693e-25
-5.9708841000046e-25
-9.60688083822287e-25
-8.43791962613864e-25
-4.40087897973408e-25
-3.88080870480207e-27
-3.00069824081181e-25
-6.18033437550121e-25
-6.94329907492895e-25
-6.82742520292831e-25
-3.60723831113194e-25
8.8014211883775e-26
-1.61967343677642e-25
-6.81743313988381e-25
-7.50682677486707e-25
-7.36614507470566e-25
-3.55808995005315e-25
5.2460221736241e-26
-1.45356084789036e-25
-5.35159537227371e-25
-8.67275434843582e-25
-7.81774561514841e-25
-4.70364478040239e-25
-5.43405169935035e-26
-1.6069005955523e-25
-5.4150730323889e-25
-8.14123624348322e-25
-7.326257301762e-25
-4.02325226608094e-25
2.77862291201634e-26
-2.20496805867238e-25
-4.7510841846827e-25
-6.36986505477578e-25
-7.23445075661796e-25
-2.01123394141239e-25
3.46328224045091e-26
-3.99058099659387e-25
-6.16991583590658e-25
-8.39431925422e-25
-7.49403806930545e-25
-2.54998692953167e-25
-1.07952597167758e-25
-3.81406204390958e-25
-6.89886325269859e-25
-7.89475400098192e-25
-7.53928854376624e-25
-2.78551420334165e-25
-1.88696886393355e-25
-6.02521273829601e-25
-7.93800893184658e-25
-9.13900991161647e-25
-6.79792061890968e-25
-3.88979612381689e-25
-1.38275715348561e-25
-5.07815744293744e-25
-6.75780190368975e-25
-7.43094977361925e-25
-7.56340861728953e-25
-4.41357059963202e-25
-5.85292666246522e-26
-2.68043770766772e-25
-6.42477050341105e-25
-8.24091544375898e-25
-6.57745966006066e-25
-4.51514688151245e-25
-1.76076808058475e-26
-2.23998094992867e-25
-5.17706478464751e-25
-5.71942754310149e-25
-5.28249819567473e-25
-2.93007582956788e-25
2.60923169633861e-26
-2.35866682174207e-25
-5.05601280777329e-25
-6.74650848440301e-25
-6.15983385769629e-25
-2.97469915243996e-25
6.17363945269223e-27
-1.53455993937314e-25
-5.34064725446206e-25
-6.31540304758618e-25
-5.15619857190676e-25
-2.44052891467342e-25
-4.12003018074254e-26
-3.36007102722235e-25
-5.30863906109856e-25
-7.6871570521623e-25
-5.97135561500694e-25
-3.14542009553909e-25
-4.61314948305947e-26
-2.70687054601918e-25
-5.22116878967071e-25
-5.99510680725972e-25
-5.60475269563376e-25
-3.05044154488261e-25
-1.10927509413541e-25
-3.18935547353902e-25
-5.75433851112412e-25
-7.22645530179214e-25
-5.89821410357338e-25
-2.45328119889709e-25
-1.7230084946207e-25
-3.11204437089881e-25
-4.98919522914491e-25
-6.53317815339921e-25
-5.77544275653207e-25
-2.1969246669321e-25
-8.43446186237411e-26
-2.16865577996906e-25
-3.97410379410831e-25
-6.60374472228571e-25
-5.97879780668576e-25
-2.6420323564756e-25
-5.96129836455882e-26
-3.6411883895724e-25
-4.3231012893933e-25
-5.97144504108789e-25
-5.19250843240804e-25
-3.62050506506298e-25
8.28571897403476e-27
-3.24491899864521e-25
-4.76864413861426e-25
-5.95985446249769e-25
-4.6890206589367e-25
-2.95845547032108e-25
-8.93221573805836e-26
-3.45928543142613e-25
-4.53382655007986e-25
-5.13379930329497e-25
-5.00100119524313e-25
-1.84162531663433e-25
-9.02634774424195e-26
-3.11520854227934e-25
-4.7183595424345e-25
-4.90178034669351e-25
-3.5559330765351e-25
-2.069235210149e-25
-6.94759812166581e-26
-2.21291503164469e-25
-3.64277936903793e-25
-3.84875410532954e-25
-3.55833218033996e-25
-1.77006768560488e-25
-6.39929575239706e-27
-1.61945090719254e-25
-3.79962100802354e-25
-3.32519506974915e-25
-3.70413141408226e-25
-7.53341719146046e-26
8.82304007073784e-27
-8.43768648151728e-26
-2.99178482379291e-25
-3.91596264732807e-25
-3.45602380534337e-25
-2.22311805070722e-25
-4.4607613683316e-26
-1.39607936049343e-25
-2.5084225625051e-25
-4.36193534719331e-25
-4.26446776145567e-25
-1.77704523405571e-25
-6.05035691215052e-27
-8.14555062730875e-26
-1.75289762576518e-25
-3.09813242084091e-25
-3.42086073031661e-25
-1.27907529455703e-25
-5.93224828936077e-26
-1.71621447847039e-25
-3.37095838920623e-25
-4.16639752060632e-25
-2.82710330984949e-25
-1.96762069365781e-25
-5.31951255226146e-27
-1.76142929111675e-25
-2.51961149770318e-25
-3.57587612187334e-25
-2.42211362459741e-25
-1.05307406088655e-25
-4.35813610437772e-26
-1.10922860704691e-25
-2.8311658344422e-25
-3.40077180741299e-25
-2.30598209283061e-25
-1.14268891952593e-25
-1.23152648761862e-25
-1.51464768714856e-25
-2.56868412683967e-25
-2.6394143040063e-25
-2.7026299412747e-25
-1.17750392052892e-25
-2.55118494128752e-26
1.54452593284902e-26
-1.33746907764412e-25
-2.05526290373167e-25
-1.28273827011353e-25
-1.21106034782925e-25
-8.19770091078547e-27
-5.74824204422166e-26
-1.36492637792637e-25
-2.21136856914352e-25
-1.64161875379639e-25
-8.57640352834063e-26
-3.71713726629713e-26
-1.36183045143753e-25
-2.0326517220266e-25
-2.78100107211657e-25
-2.39511198006647e-25
-1.11303176176955e-25
-2.79429990418814e-26
-1.50878457588341e-25
-2.24319662350652e-25
-2.81627028692239e-25
-2.76041312116468e-25
-1.21903740475104e-25
-2.69161465998812e-26
-1.12253361113661e-25
-1.68119003206041e-25
-2.2467050371666e-25
-1.31282610274201e-25
-4.56681175450567e-26
-4.21118678919163e-26
-1.30496570385973e-25
-1.92098089593758e-25
-2.41476945479654e-25
-1.68414993341753e-25
-9.5246846170152e-26
3.56252136486592e-27
-5.02131917138943e-26
-8.21430853792176e-26
-1.75248950930224e-25
-1.59428351588791e-25
-9.86217357357178e-26
-1.12838233577296e-26
-6.72583366408859e-26
-1.19473763774696e-25
-1.32451623433387e-25
-9.84183483336076e-26
-6.30812175578143e-26
-1.14344228889364e-26
-9.30823619880451e-26
-1.154368437848e-25
-1.79515982113567e-25
-1.13085904868165e-25
-4.494061572952e-26
-3.74304907040699e-27
-8.84879878492549e-26
-1.33493509613319e-25
-1.78217654166569e-25
-1.3428061385981e-25
-4.48500217034129e-26
-3.06174509263232e-26
-1.2990744390151e-25
-1.5805802779979e-25
-1.62114257871946e-25
-1.19658565789408e-25
-5.13112882863001e-26
-4.36030652067605e-26
-8.7433768035038e-26
-5.57777125070978e-26
-8.70129504983023e-26
-8.54822133395621e-26
-3.67839553297564e-26
-4.27077196990101e-26
-1.40312773195169e-26
-5.40842084969207e-26
-8.96837942979936e-26
-7.27060618827244e-26
-4.31799413723651e-26
-5.03706142566198e-26
-4.54531502700624e-26
-4.55058362779121e-26
-7.41455907891356e-26
-6.08355277565382e-26
-2.98181316565591e-26
-3.97914761145908e-26
1.48538754544447e-26
-2.19282528612971e-26
-3.42071640729616e-26
-4.76498354712833e-26
-4.21370221040038e-26
-1.03056568193379e-26
2.01819291547506e-27
-1.09228240386509e-26
-2.11966508591633e-26
-6.11760402215208e-27
-2.40553503504412e-26
8.46467445115566e-27
-1.78472917789873e-27
-9.50600365095339e-28
-1.0679304432659e-26
3.28248914601697e-26
1.70090591759754e-26
1.13950079259518e-26
-9.10030852989564e-27
1.4584111761968e-26
1.52804127460067e-26
2.13689327364567e-26
3.74704419644257e-26
-2.26181560597696e-26
3.35215164876762e-26
2.66078773242998e-26
5.79966521560844e-26
2.94764181342203e-26
3.22705099250606e-26
1.31136710917765e-26
3.41943071291468e-26
6.72068481331207e-26
6.98916370329213e-26
4.07809787943669e-26
1.92902192808133e-26
2.38991053492034e-26
4.2978022073133e-26
6.74483861172379e-26
7.47104638626998e-26
6.18980614314736e-26
1.88338573898657e-26
2.1416366901833e-26
4.47164360769993e-26
7.18926406361449e-26
7.52059983041831e-26
6.25237077020256e-26
4.272273498768e-26
1.26499031851938e-26
5.54924610759521e-27
2.32755810287484e-27
7.87891537163323e-27
1.61131019535842e-27
1.13345856813222e-26
5.26916458482016e-27
-5.70141048504177e-27
-1.17702396271409e-26
-7.87153993693255e-28
3.83855554265848e-27
2.97330040952366e-27
-3.76395426368904e-27
5.07797406711822e-27
1.09678547896612e-26
1.69546188289224e-26
2.09512184077436e-27
-2.62336745650568e-27
4.12990774097065e-27
3.34288405191977e-27
1.54296267111517e-26
-4.77815711892966e-27
1.2111401838538e-26
-4.37306816255754e-27
-4.62810306460811e-27
5.66725567151263e-27
2.00285419931561e-27
7.16367335081742e-27
-6.37484416135512e-27
2.65319644835046e-27
-1.0533315115424e-28
-1.07800614473437e-28
-8.73678909535162e-27
-6.01586714801906e-27
-1.61364365394374e-28
3.09211228762303e-27
4.71837692937242e-27
-1.43810948476085e-26
-1.00869592385379e-26
-1.88669773890738e-26
2.77185764244259e-27
-3.82549252296598e-28
-9.34696175902153e-27
1.16489261212318e-26
5.7086872811144e-27
1.6552326485538e-26
3.48507508520623e-27
2.43924080417671e-27
-4.46063419177879e-27
-3.95650440114159e-27
8.2003626113348e-27
8.00783525804838e-27
4.79116933553501e-27
2.90668836067719e-27
1.0425318378179e-27
-3.00011449359063e-27
5.61701409309902e-27
1.96290292829669e-27
7.8256345374826e-27
-2.53205198604913e-27
1.90512689447675e-27
-3.989256133312e-27
-5.44356696481038e-29
9.51122503174552e-28
6.17245547793568e-27
2.81999005832182e-27
5.40111080862219e-27
-1.59495147081738e-31
-6.28859598997939e-27
-9.5366901393072e-28
-3.30059809596542e-27
-7.56098210780232e-27
3.84019446814964e-27
2.44609300760088e-28
-1.71078153910739e-30
9.85515576975727e-27
-5.42140887706234e-27
-1.30368835095338e-26
-4.17819461342459e-27
-3.70708869383405e-27
-4.2925447067561e-27
-1.82076672451298e-27
2.73423258678033e-27
1.03013996019656e-27
)
;
    }
}


// ************************************************************************* //
