202
(
(0 -1.0658550593007546e-05 4.6536236892878983e-07)
(0 -1.0658550593007546e-05 4.6536236892878983e-07)
(0 -1.0658550593007546e-05 4.6536236892878983e-07)
(0 -1.0658550593007546e-05 4.6536236892878983e-07)
(0 -1.0658550593007546e-05 4.6536236892878983e-07)
(0 -1.0658550593007546e-05 4.6536236892878983e-07)
(0 -1.0658550593007546e-05 4.6536236892878983e-07)
(0 -1.0658550593007546e-05 4.6536236892878983e-07)
(0 -1.0658550593007546e-05 4.6536236892878983e-07)
(0 -1.0658550593007546e-05 4.6536236892878983e-07)
(0 -1.0658550593007546e-05 4.6536236892878983e-07)
(0 -1.0658550593007546e-05 4.6536236892878983e-07)
(0 -1.0658550593007546e-05 4.6536236892878983e-07)
(0 -1.0658550593007546e-05 4.6536236892878983e-07)
(0 -1.0658550593007546e-05 4.6536236892878983e-07)
(0 -1.0658550593007546e-05 4.6536236892878983e-07)
(0 -1.0658550593007546e-05 4.6536236892878983e-07)
(0 -1.0658550593007546e-05 4.6536236892878983e-07)
(0 -1.0658550593007546e-05 4.6536236892878983e-07)
(0 -1.0658550593007546e-05 4.6536236892878983e-07)
(0 -1.0658550593007546e-05 4.6536236892878983e-07)
(0 -1.0658550593007546e-05 4.6536236892878983e-07)
(0 -1.0658550593007546e-05 4.6536236892878983e-07)
(0 -1.0658550593007546e-05 4.6536236892878983e-07)
(0 -1.0658550593007546e-05 4.6536236892878983e-07)
(0 -1.0658550593007546e-05 4.6536236892878983e-07)
(0 -1.0658550593007546e-05 4.6536236892878983e-07)
(0 -1.0658550593007546e-05 4.6536236892878983e-07)
(0 -1.0658550593007546e-05 4.6536236892878983e-07)
(0 -1.0658550593007546e-05 4.6536236892878983e-07)
(0 -1.0658550593007546e-05 4.6536236892878983e-07)
(0 -1.0658550593007546e-05 4.6536236892878983e-07)
(0 -1.0658550593007546e-05 4.6536236892878983e-07)
(0 -1.0658550593007546e-05 4.6536236892878983e-07)
(0 -1.0658550593007546e-05 4.6536236892878983e-07)
(0 -1.0658550593007546e-05 4.6536236892878983e-07)
(0 -1.0658550593007546e-05 4.6536236892878983e-07)
(0 -1.0658550593007546e-05 4.6536236892878983e-07)
(0 -1.0658550593007546e-05 4.6536236892878983e-07)
(0 -1.0658550593007546e-05 4.6536236892878983e-07)
(0 -1.0658550593007546e-05 4.6536236892878983e-07)
(0 -1.0658550593007546e-05 4.6536236892878983e-07)
(0 -1.0658550593007546e-05 4.6536236892878983e-07)
(0 -1.0658550593007546e-05 4.6536236892878983e-07)
(0 -1.0658550593007546e-05 4.6536236892878983e-07)
(0 -1.0658550593007546e-05 4.6536236892878983e-07)
(0 -1.0658550593007546e-05 4.6536236892878983e-07)
(0 -1.0658550593007546e-05 4.6536236892878983e-07)
(0 -1.0658550593007546e-05 4.6536236892878983e-07)
(0 -1.0658550593007546e-05 4.6536236892878983e-07)
(0 -1.0658550593007546e-05 4.6536236892878983e-07)
(0 -1.0658550593007546e-05 4.6536236892878983e-07)
(0 -1.0658550593007546e-05 4.6536236892878983e-07)
(0 -1.0658550593007546e-05 4.6536236892878983e-07)
(0 -1.0658550593007546e-05 4.6536236892878983e-07)
(0 -1.0658550593007546e-05 4.6536236892878983e-07)
(0 -1.0658550593007546e-05 4.6536236892878983e-07)
(0 -1.0658550593007546e-05 4.6536236892878983e-07)
(0 -1.0658550593007546e-05 4.6536236892878983e-07)
(0 -1.0658550593007546e-05 4.6536236892878983e-07)
(0 -1.0658550593007546e-05 4.6536236892878983e-07)
(0 -1.0658550593007546e-05 4.6536236892878983e-07)
(0 -1.0658550593007546e-05 4.6536236892878983e-07)
(0 -1.0658550593007546e-05 4.6536236892878983e-07)
(0 -1.0658550593007546e-05 4.6536236892878983e-07)
(0 -1.0658550593007546e-05 4.6536236892878983e-07)
(0 -1.0658550593007546e-05 4.6536236892878983e-07)
(0 -1.0658550593007546e-05 4.6536236892878983e-07)
(0 -1.0658550593007546e-05 4.6536236892878983e-07)
(0 -1.0658550593007546e-05 4.6536236892878983e-07)
(0 -1.0658550593007546e-05 4.6536236892878983e-07)
(0 -1.0658550593007546e-05 4.6536236892878983e-07)
(0 -1.0658550593007546e-05 4.6536236892878983e-07)
(0 -1.0658550593007546e-05 4.6536236892878983e-07)
(0 -1.0658550593007546e-05 4.6536236892878983e-07)
(0 -1.0658550593007546e-05 4.6536236892878983e-07)
(0 -1.0658550593007546e-05 4.6536236892878983e-07)
(0 -1.0658550593007546e-05 4.6536236892878983e-07)
(0 -1.0658550593007546e-05 4.6536236892878983e-07)
(0 -1.0658550593007546e-05 4.6536236892878983e-07)
(0 -1.0658550593007546e-05 4.6536236892878983e-07)
(0 -1.0658550593007546e-05 4.6536236892878983e-07)
(0 -1.0658550593007546e-05 4.6536236892878983e-07)
(0 -1.0658550593007546e-05 4.6536236892878983e-07)
(0 -1.0658550593007546e-05 4.6536236892878983e-07)
(0 -1.0658550593007546e-05 4.6536236892878983e-07)
(0 -1.0658550593007546e-05 4.6536236892878983e-07)
(0 -1.0658550593007546e-05 4.6536236892878983e-07)
(0 -1.0658550593007546e-05 4.6536236892878983e-07)
(0 -1.0658550593007546e-05 4.6536236892878983e-07)
(0 -1.0658550593007546e-05 4.6536236892878983e-07)
(0 -1.0658550593007546e-05 4.6536236892878983e-07)
(0 -1.0658550593007546e-05 4.6536236892878983e-07)
(0 -1.0658550593007546e-05 4.6536236892878983e-07)
(0 -1.0658550593007546e-05 4.6536236892878983e-07)
(0 -1.0658550593007546e-05 4.6536236892878983e-07)
(0 -1.0658550593007546e-05 4.6536236892878983e-07)
(0 -1.0658550593007546e-05 4.6536236892878983e-07)
(0 -1.0658550593007546e-05 4.6536236892878983e-07)
(0 -1.0658550593007546e-05 4.6536236892878983e-07)
(0 -1.0658550593007546e-05 4.6536236892878983e-07)
(0 -1.0658550593007546e-05 -4.6536236892878983e-07)
(0 -1.0658550593007546e-05 -4.6536236892878983e-07)
(0 -1.0658550593007546e-05 -4.6536236892878983e-07)
(0 -1.0658550593007546e-05 -4.6536236892878983e-07)
(0 -1.0658550593007546e-05 -4.6536236892878983e-07)
(0 -1.0658550593007546e-05 -4.6536236892878983e-07)
(0 -1.0658550593007546e-05 -4.6536236892878983e-07)
(0 -1.0658550593007546e-05 -4.6536236892878983e-07)
(0 -1.0658550593007546e-05 -4.6536236892878983e-07)
(0 -1.0658550593007546e-05 -4.6536236892878983e-07)
(0 -1.0658550593007546e-05 -4.6536236892878983e-07)
(0 -1.0658550593007546e-05 -4.6536236892878983e-07)
(0 -1.0658550593007546e-05 -4.6536236892878983e-07)
(0 -1.0658550593007546e-05 -4.6536236892878983e-07)
(0 -1.0658550593007546e-05 -4.6536236892878983e-07)
(0 -1.0658550593007546e-05 -4.6536236892878983e-07)
(0 -1.0658550593007546e-05 -4.6536236892878983e-07)
(0 -1.0658550593007546e-05 -4.6536236892878983e-07)
(0 -1.0658550593007546e-05 -4.6536236892878983e-07)
(0 -1.0658550593007546e-05 -4.6536236892878983e-07)
(0 -1.0658550593007546e-05 -4.6536236892878983e-07)
(0 -1.0658550593007546e-05 -4.6536236892878983e-07)
(0 -1.0658550593007546e-05 -4.6536236892878983e-07)
(0 -1.0658550593007546e-05 -4.6536236892878983e-07)
(0 -1.0658550593007546e-05 -4.6536236892878983e-07)
(0 -1.0658550593007546e-05 -4.6536236892878983e-07)
(0 -1.0658550593007546e-05 -4.6536236892878983e-07)
(0 -1.0658550593007546e-05 -4.6536236892878983e-07)
(0 -1.0658550593007546e-05 -4.6536236892878983e-07)
(0 -1.0658550593007546e-05 -4.6536236892878983e-07)
(0 -1.0658550593007546e-05 -4.6536236892878983e-07)
(0 -1.0658550593007546e-05 -4.6536236892878983e-07)
(0 -1.0658550593007546e-05 -4.6536236892878983e-07)
(0 -1.0658550593007546e-05 -4.6536236892878983e-07)
(0 -1.0658550593007546e-05 -4.6536236892878983e-07)
(0 -1.0658550593007546e-05 -4.6536236892878983e-07)
(0 -1.0658550593007546e-05 -4.6536236892878983e-07)
(0 -1.0658550593007546e-05 -4.6536236892878983e-07)
(0 -1.0658550593007546e-05 -4.6536236892878983e-07)
(0 -1.0658550593007546e-05 -4.6536236892878983e-07)
(0 -1.0658550593007546e-05 -4.6536236892878983e-07)
(0 -1.0658550593007546e-05 -4.6536236892878983e-07)
(0 -1.0658550593007546e-05 -4.6536236892878983e-07)
(0 -1.0658550593007546e-05 -4.6536236892878983e-07)
(0 -1.0658550593007546e-05 -4.6536236892878983e-07)
(0 -1.0658550593007546e-05 -4.6536236892878983e-07)
(0 -1.0658550593007546e-05 -4.6536236892878983e-07)
(0 -1.0658550593007546e-05 -4.6536236892878983e-07)
(0 -1.0658550593007546e-05 -4.6536236892878983e-07)
(0 -1.0658550593007546e-05 -4.6536236892878983e-07)
(0 -1.0658550593007546e-05 -4.6536236892878983e-07)
(0 -1.0658550593007546e-05 -4.6536236892878983e-07)
(0 -1.0658550593007546e-05 -4.6536236892878983e-07)
(0 -1.0658550593007546e-05 -4.6536236892878983e-07)
(0 -1.0658550593007546e-05 -4.6536236892878983e-07)
(0 -1.0658550593007546e-05 -4.6536236892878983e-07)
(0 -1.0658550593007546e-05 -4.6536236892878983e-07)
(0 -1.0658550593007546e-05 -4.6536236892878983e-07)
(0 -1.0658550593007546e-05 -4.6536236892878983e-07)
(0 -1.0658550593007546e-05 -4.6536236892878983e-07)
(0 -1.0658550593007546e-05 -4.6536236892878983e-07)
(0 -1.0658550593007546e-05 -4.6536236892878983e-07)
(0 -1.0658550593007546e-05 -4.6536236892878983e-07)
(0 -1.0658550593007546e-05 -4.6536236892878983e-07)
(0 -1.0658550593007546e-05 -4.6536236892878983e-07)
(0 -1.0658550593007546e-05 -4.6536236892878983e-07)
(0 -1.0658550593007546e-05 -4.6536236892878983e-07)
(0 -1.0658550593007546e-05 -4.6536236892878983e-07)
(0 -1.0658550593007546e-05 -4.6536236892878983e-07)
(0 -1.0658550593007546e-05 -4.6536236892878983e-07)
(0 -1.0658550593007546e-05 -4.6536236892878983e-07)
(0 -1.0658550593007546e-05 -4.6536236892878983e-07)
(0 -1.0658550593007546e-05 -4.6536236892878983e-07)
(0 -1.0658550593007546e-05 -4.6536236892878983e-07)
(0 -1.0658550593007546e-05 -4.6536236892878983e-07)
(0 -1.0658550593007546e-05 -4.6536236892878983e-07)
(0 -1.0658550593007546e-05 -4.6536236892878983e-07)
(0 -1.0658550593007546e-05 -4.6536236892878983e-07)
(0 -1.0658550593007546e-05 -4.6536236892878983e-07)
(0 -1.0658550593007546e-05 -4.6536236892878983e-07)
(0 -1.0658550593007546e-05 -4.6536236892878983e-07)
(0 -1.0658550593007546e-05 -4.6536236892878983e-07)
(0 -1.0658550593007546e-05 -4.6536236892878983e-07)
(0 -1.0658550593007546e-05 -4.6536236892878983e-07)
(0 -1.0658550593007546e-05 -4.6536236892878983e-07)
(0 -1.0658550593007546e-05 -4.6536236892878983e-07)
(0 -1.0658550593007546e-05 -4.6536236892878983e-07)
(0 -1.0658550593007546e-05 -4.6536236892878983e-07)
(0 -1.0658550593007546e-05 -4.6536236892878983e-07)
(0 -1.0658550593007546e-05 -4.6536236892878983e-07)
(0 -1.0658550593007546e-05 -4.6536236892878983e-07)
(0 -1.0658550593007546e-05 -4.6536236892878983e-07)
(0 -1.0658550593007546e-05 -4.6536236892878983e-07)
(0 -1.0658550593007546e-05 -4.6536236892878983e-07)
(0 -1.0658550593007546e-05 -4.6536236892878983e-07)
(0 -1.0658550593007546e-05 -4.6536236892878983e-07)
(0 -1.0658550593007546e-05 -4.6536236892878983e-07)
(0 -1.0658550593007546e-05 -4.6536236892878983e-07)
(0 -1.0658550593007546e-05 -4.6536236892878983e-07)
(0 -1.0658550593007546e-05 -4.6536236892878983e-07)
(0 -1.0658550593007546e-05 -4.6536236892878983e-07)
)