202
(
(0 -1.6662835958067598e-05 7.275151294590913e-07)
(0 -1.6662835958067598e-05 7.275151294590913e-07)
(0 -1.6662835958067598e-05 7.275151294590913e-07)
(0 -1.6662835958067598e-05 7.275151294590913e-07)
(0 -1.6662835958067598e-05 7.275151294590913e-07)
(0 -1.6662835958067598e-05 7.275151294590913e-07)
(0 -1.6662835958067598e-05 7.275151294590913e-07)
(0 -1.6662835958067598e-05 7.275151294590913e-07)
(0 -1.6662835958067598e-05 7.275151294590913e-07)
(0 -1.6662835958067598e-05 7.275151294590913e-07)
(0 -1.6662835958067598e-05 7.275151294590913e-07)
(0 -1.6662835958067598e-05 7.275151294590913e-07)
(0 -1.6662835958067598e-05 7.275151294590913e-07)
(0 -1.6662835958067598e-05 7.275151294590913e-07)
(0 -1.6662835958067598e-05 7.275151294590913e-07)
(0 -1.6662835958067598e-05 7.275151294590913e-07)
(0 -1.6662835958067598e-05 7.275151294590913e-07)
(0 -1.6662835958067598e-05 7.275151294590913e-07)
(0 -1.6662835958067598e-05 7.275151294590913e-07)
(0 -1.6662835958067598e-05 7.275151294590913e-07)
(0 -1.6662835958067598e-05 7.275151294590913e-07)
(0 -1.6662835958067598e-05 7.275151294590913e-07)
(0 -1.6662835958067598e-05 7.275151294590913e-07)
(0 -1.6662835958067598e-05 7.275151294590913e-07)
(0 -1.6662835958067598e-05 7.275151294590913e-07)
(0 -1.6662835958067598e-05 7.275151294590913e-07)
(0 -1.6662835958067598e-05 7.275151294590913e-07)
(0 -1.6662835958067598e-05 7.275151294590913e-07)
(0 -1.6662835958067598e-05 7.275151294590913e-07)
(0 -1.6662835958067598e-05 7.275151294590913e-07)
(0 -1.6662835958067598e-05 7.275151294590913e-07)
(0 -1.6662835958067598e-05 7.275151294590913e-07)
(0 -1.6662835958067598e-05 7.275151294590913e-07)
(0 -1.6662835958067598e-05 7.275151294590913e-07)
(0 -1.6662835958067598e-05 7.275151294590913e-07)
(0 -1.6662835958067598e-05 7.275151294590913e-07)
(0 -1.6662835958067598e-05 7.275151294590913e-07)
(0 -1.6662835958067598e-05 7.275151294590913e-07)
(0 -1.6662835958067598e-05 7.275151294590913e-07)
(0 -1.6662835958067598e-05 7.275151294590913e-07)
(0 -1.6662835958067598e-05 7.275151294590913e-07)
(0 -1.6662835958067598e-05 7.275151294590913e-07)
(0 -1.6662835958067598e-05 7.275151294590913e-07)
(0 -1.6662835958067598e-05 7.275151294590913e-07)
(0 -1.6662835958067598e-05 7.275151294590913e-07)
(0 -1.6662835958067598e-05 7.275151294590913e-07)
(0 -1.6662835958067598e-05 7.275151294590913e-07)
(0 -1.6662835958067598e-05 7.275151294590913e-07)
(0 -1.6662835958067598e-05 7.275151294590913e-07)
(0 -1.6662835958067598e-05 7.275151294590913e-07)
(0 -1.6662835958067598e-05 7.275151294590913e-07)
(0 -1.6662835958067598e-05 7.275151294590913e-07)
(0 -1.6662835958067598e-05 7.275151294590913e-07)
(0 -1.6662835958067598e-05 7.275151294590913e-07)
(0 -1.6662835958067598e-05 7.275151294590913e-07)
(0 -1.6662835958067598e-05 7.275151294590913e-07)
(0 -1.6662835958067598e-05 7.275151294590913e-07)
(0 -1.6662835958067598e-05 7.275151294590913e-07)
(0 -1.6662835958067598e-05 7.275151294590913e-07)
(0 -1.6662835958067598e-05 7.275151294590913e-07)
(0 -1.6662835958067598e-05 7.275151294590913e-07)
(0 -1.6662835958067598e-05 7.275151294590913e-07)
(0 -1.6662835958067598e-05 7.275151294590913e-07)
(0 -1.6662835958067598e-05 7.275151294590913e-07)
(0 -1.6662835958067598e-05 7.275151294590913e-07)
(0 -1.6662835958067598e-05 7.275151294590913e-07)
(0 -1.6662835958067598e-05 7.275151294590913e-07)
(0 -1.6662835958067598e-05 7.275151294590913e-07)
(0 -1.6662835958067598e-05 7.275151294590913e-07)
(0 -1.6662835958067598e-05 7.275151294590913e-07)
(0 -1.6662835958067598e-05 7.275151294590913e-07)
(0 -1.6662835958067598e-05 7.275151294590913e-07)
(0 -1.6662835958067598e-05 7.275151294590913e-07)
(0 -1.6662835958067598e-05 7.275151294590913e-07)
(0 -1.6662835958067598e-05 7.275151294590913e-07)
(0 -1.6662835958067598e-05 7.275151294590913e-07)
(0 -1.6662835958067598e-05 7.275151294590913e-07)
(0 -1.6662835958067598e-05 7.275151294590913e-07)
(0 -1.6662835958067598e-05 7.275151294590913e-07)
(0 -1.6662835958067598e-05 7.275151294590913e-07)
(0 -1.6662835958067598e-05 7.275151294590913e-07)
(0 -1.6662835958067598e-05 7.275151294590913e-07)
(0 -1.6662835958067598e-05 7.275151294590913e-07)
(0 -1.6662835958067598e-05 7.275151294590913e-07)
(0 -1.6662835958067598e-05 7.275151294590913e-07)
(0 -1.6662835958067598e-05 7.275151294590913e-07)
(0 -1.6662835958067598e-05 7.275151294590913e-07)
(0 -1.6662835958067598e-05 7.275151294590913e-07)
(0 -1.6662835958067598e-05 7.275151294590913e-07)
(0 -1.6662835958067598e-05 7.275151294590913e-07)
(0 -1.6662835958067598e-05 7.275151294590913e-07)
(0 -1.6662835958067598e-05 7.275151294590913e-07)
(0 -1.6662835958067598e-05 7.275151294590913e-07)
(0 -1.6662835958067598e-05 7.275151294590913e-07)
(0 -1.6662835958067598e-05 7.275151294590913e-07)
(0 -1.6662835958067598e-05 7.275151294590913e-07)
(0 -1.6662835958067598e-05 7.275151294590913e-07)
(0 -1.6662835958067598e-05 7.275151294590913e-07)
(0 -1.6662835958067598e-05 7.275151294590913e-07)
(0 -1.6662835958067598e-05 7.275151294590913e-07)
(0 -1.6662835958067598e-05 7.275151294590913e-07)
(0 -1.6662835958067598e-05 -7.275151294590913e-07)
(0 -1.6662835958067598e-05 -7.275151294590913e-07)
(0 -1.6662835958067598e-05 -7.275151294590913e-07)
(0 -1.6662835958067598e-05 -7.275151294590913e-07)
(0 -1.6662835958067598e-05 -7.275151294590913e-07)
(0 -1.6662835958067598e-05 -7.275151294590913e-07)
(0 -1.6662835958067598e-05 -7.275151294590913e-07)
(0 -1.6662835958067598e-05 -7.275151294590913e-07)
(0 -1.6662835958067598e-05 -7.275151294590913e-07)
(0 -1.6662835958067598e-05 -7.275151294590913e-07)
(0 -1.6662835958067598e-05 -7.275151294590913e-07)
(0 -1.6662835958067598e-05 -7.275151294590913e-07)
(0 -1.6662835958067598e-05 -7.275151294590913e-07)
(0 -1.6662835958067598e-05 -7.275151294590913e-07)
(0 -1.6662835958067598e-05 -7.275151294590913e-07)
(0 -1.6662835958067598e-05 -7.275151294590913e-07)
(0 -1.6662835958067598e-05 -7.275151294590913e-07)
(0 -1.6662835958067598e-05 -7.275151294590913e-07)
(0 -1.6662835958067598e-05 -7.275151294590913e-07)
(0 -1.6662835958067598e-05 -7.275151294590913e-07)
(0 -1.6662835958067598e-05 -7.275151294590913e-07)
(0 -1.6662835958067598e-05 -7.275151294590913e-07)
(0 -1.6662835958067598e-05 -7.275151294590913e-07)
(0 -1.6662835958067598e-05 -7.275151294590913e-07)
(0 -1.6662835958067598e-05 -7.275151294590913e-07)
(0 -1.6662835958067598e-05 -7.275151294590913e-07)
(0 -1.6662835958067598e-05 -7.275151294590913e-07)
(0 -1.6662835958067598e-05 -7.275151294590913e-07)
(0 -1.6662835958067598e-05 -7.275151294590913e-07)
(0 -1.6662835958067598e-05 -7.275151294590913e-07)
(0 -1.6662835958067598e-05 -7.275151294590913e-07)
(0 -1.6662835958067598e-05 -7.275151294590913e-07)
(0 -1.6662835958067598e-05 -7.275151294590913e-07)
(0 -1.6662835958067598e-05 -7.275151294590913e-07)
(0 -1.6662835958067598e-05 -7.275151294590913e-07)
(0 -1.6662835958067598e-05 -7.275151294590913e-07)
(0 -1.6662835958067598e-05 -7.275151294590913e-07)
(0 -1.6662835958067598e-05 -7.275151294590913e-07)
(0 -1.6662835958067598e-05 -7.275151294590913e-07)
(0 -1.6662835958067598e-05 -7.275151294590913e-07)
(0 -1.6662835958067598e-05 -7.275151294590913e-07)
(0 -1.6662835958067598e-05 -7.275151294590913e-07)
(0 -1.6662835958067598e-05 -7.275151294590913e-07)
(0 -1.6662835958067598e-05 -7.275151294590913e-07)
(0 -1.6662835958067598e-05 -7.275151294590913e-07)
(0 -1.6662835958067598e-05 -7.275151294590913e-07)
(0 -1.6662835958067598e-05 -7.275151294590913e-07)
(0 -1.6662835958067598e-05 -7.275151294590913e-07)
(0 -1.6662835958067598e-05 -7.275151294590913e-07)
(0 -1.6662835958067598e-05 -7.275151294590913e-07)
(0 -1.6662835958067598e-05 -7.275151294590913e-07)
(0 -1.6662835958067598e-05 -7.275151294590913e-07)
(0 -1.6662835958067598e-05 -7.275151294590913e-07)
(0 -1.6662835958067598e-05 -7.275151294590913e-07)
(0 -1.6662835958067598e-05 -7.275151294590913e-07)
(0 -1.6662835958067598e-05 -7.275151294590913e-07)
(0 -1.6662835958067598e-05 -7.275151294590913e-07)
(0 -1.6662835958067598e-05 -7.275151294590913e-07)
(0 -1.6662835958067598e-05 -7.275151294590913e-07)
(0 -1.6662835958067598e-05 -7.275151294590913e-07)
(0 -1.6662835958067598e-05 -7.275151294590913e-07)
(0 -1.6662835958067598e-05 -7.275151294590913e-07)
(0 -1.6662835958067598e-05 -7.275151294590913e-07)
(0 -1.6662835958067598e-05 -7.275151294590913e-07)
(0 -1.6662835958067598e-05 -7.275151294590913e-07)
(0 -1.6662835958067598e-05 -7.275151294590913e-07)
(0 -1.6662835958067598e-05 -7.275151294590913e-07)
(0 -1.6662835958067598e-05 -7.275151294590913e-07)
(0 -1.6662835958067598e-05 -7.275151294590913e-07)
(0 -1.6662835958067598e-05 -7.275151294590913e-07)
(0 -1.6662835958067598e-05 -7.275151294590913e-07)
(0 -1.6662835958067598e-05 -7.275151294590913e-07)
(0 -1.6662835958067598e-05 -7.275151294590913e-07)
(0 -1.6662835958067598e-05 -7.275151294590913e-07)
(0 -1.6662835958067598e-05 -7.275151294590913e-07)
(0 -1.6662835958067598e-05 -7.275151294590913e-07)
(0 -1.6662835958067598e-05 -7.275151294590913e-07)
(0 -1.6662835958067598e-05 -7.275151294590913e-07)
(0 -1.6662835958067598e-05 -7.275151294590913e-07)
(0 -1.6662835958067598e-05 -7.275151294590913e-07)
(0 -1.6662835958067598e-05 -7.275151294590913e-07)
(0 -1.6662835958067598e-05 -7.275151294590913e-07)
(0 -1.6662835958067598e-05 -7.275151294590913e-07)
(0 -1.6662835958067598e-05 -7.275151294590913e-07)
(0 -1.6662835958067598e-05 -7.275151294590913e-07)
(0 -1.6662835958067598e-05 -7.275151294590913e-07)
(0 -1.6662835958067598e-05 -7.275151294590913e-07)
(0 -1.6662835958067598e-05 -7.275151294590913e-07)
(0 -1.6662835958067598e-05 -7.275151294590913e-07)
(0 -1.6662835958067598e-05 -7.275151294590913e-07)
(0 -1.6662835958067598e-05 -7.275151294590913e-07)
(0 -1.6662835958067598e-05 -7.275151294590913e-07)
(0 -1.6662835958067598e-05 -7.275151294590913e-07)
(0 -1.6662835958067598e-05 -7.275151294590913e-07)
(0 -1.6662835958067598e-05 -7.275151294590913e-07)
(0 -1.6662835958067598e-05 -7.275151294590913e-07)
(0 -1.6662835958067598e-05 -7.275151294590913e-07)
(0 -1.6662835958067598e-05 -7.275151294590913e-07)
(0 -1.6662835958067598e-05 -7.275151294590913e-07)
(0 -1.6662835958067598e-05 -7.275151294590913e-07)
(0 -1.6662835958067598e-05 -7.275151294590913e-07)
)