
                    FoamFile
                    {
                         version   2.0;
                         format    ascii;
                         class     scalarField;
                         object    values;
                    }
                    //***********************************************************************// //

                    244
(
1485398.39280945
1485398.39280945
2142739.8019757923
6602119.893921855
11239837.360810434
16074885.30437422
21088994.12155506
26329357.179083847
31778248.18201869
37464916.0447233
43404396.529451385
49594408.975515574
56091365.56772387
62863422.24790449
69986358.80622183
77436761.69925582
85264545.00986443
93497477.02728692
102136264.8372432
111277884.98891696
120875046.30498272
131060408.4269897
141801671.6479844
153191432.60881227
165286752.53256547
178098965.49313092
191811825.73557848
206352725.3997133
221980314.76222512
238650699.35119253
256557012.89070562
275831663.36024976
296518109.28260535
319007138.09991294
343184171.0566063
369608054.43821514
398216767.1281773
429457139.3587953
463636635.36666477
500861821.3345554
542005929.2268245
586800394.7800705
636282741.9324393
690086817.2663344
748143523.6078501
809473268.4934107
872728438.7526802
935820444.365437
996776537.461997
1053011627.4437115
1102955428.8346913
1144804116.7282186
1177628518.2286773
1201608691.4498813
1215412652.2045498
1220777441.970315
1216214632.8519664
1202785461.4907722
1178967292.525275
1143398954.1732993
1095421154.3578248
1026158660.435015
929741064.7034508
837266175.7124531
741874693.0480057
646274766.0370411
550648292.0219287
453791811.8202293
355330031.0548645
255647823.63575187
154406728.05962768
51825004.15603723
36364527.5669938
36364527.5669938
36364527.5669938
36364527.5669938
36364527.5669938
36364527.5669938
36364527.5669938
36364527.5669938
36364527.5669938
36364527.5669938
36364527.5669938
36364527.5669938
36364527.5669938
36364527.5669938
36364527.5669938
36364527.5669938
36364527.5669938
36364527.5669938
36364527.5669938
36364527.5669938
36364527.5669938
36364527.5669938
36364527.5669938
36364527.5669938
36364527.5669938
36364527.5669938
36364527.5669938
36364527.5669938
36364527.5669938
36364527.5669938
36364527.5669938
36364527.5669938
36364527.5669938
36364527.5669938
36364527.5669938
36364527.5669938
36364527.5669938
36364527.5669938
36364527.5669938
36364527.5669938
36364527.5669938
36364527.5669938
36364527.5669938
36364527.5669938
36364527.5669938
36364527.5669938
36364527.5669938
36364527.5669938
36364527.5669938
36364527.5669938
1485398.39280945
1485398.39280945
2142739.8019757923
6602119.893921855
11239837.360810434
16074885.30437422
21088994.12155506
26329357.179083847
31778248.18201869
37464916.0447233
43404396.529451385
49594408.975515574
56091365.56772387
62863422.24790449
69986358.80622183
77436761.69925582
85264545.00986443
93497477.02728692
102136264.8372432
111277884.98891696
120875046.30498272
131060408.4269897
141801671.6479844
153191432.60881227
165286752.53256547
178098965.49313092
191811825.73557848
206352725.3997133
221980314.76222512
238650699.35119253
256557012.89070562
275831663.36024976
296518109.28260535
319007138.09991294
343184171.0566063
369608054.43821514
398216767.1281773
429457139.3587953
463636635.36666477
500861821.3345554
542005929.2268245
586800394.7800705
636282741.9324393
690086817.2663344
748143523.6078501
809473268.4934107
872728438.7526802
935820444.365437
996776537.461997
1053011627.4437115
1102955428.8346913
1144804116.7282186
1177628518.2286773
1201608691.4498813
1215412652.2045498
1220777441.970315
1216214632.8519664
1202785461.4907722
1178967292.525275
1143398954.1732993
1095421154.3578248
1026158660.435015
929741064.7034508
837266175.7124531
741874693.0480057
646274766.0370411
550648292.0219287
453791811.8202293
355330031.0548645
255647823.63575187
154406728.05962768
51825004.15603723
36364527.5669938
36364527.5669938
36364527.5669938
36364527.5669938
36364527.5669938
36364527.5669938
36364527.5669938
36364527.5669938
36364527.5669938
36364527.5669938
36364527.5669938
36364527.5669938
36364527.5669938
36364527.5669938
36364527.5669938
36364527.5669938
36364527.5669938
36364527.5669938
36364527.5669938
36364527.5669938
36364527.5669938
36364527.5669938
36364527.5669938
36364527.5669938
36364527.5669938
36364527.5669938
36364527.5669938
36364527.5669938
36364527.5669938
36364527.5669938
36364527.5669938
36364527.5669938
36364527.5669938
36364527.5669938
36364527.5669938
36364527.5669938
36364527.5669938
36364527.5669938
36364527.5669938
36364527.5669938
36364527.5669938
36364527.5669938
36364527.5669938
36364527.5669938
36364527.5669938
36364527.5669938
36364527.5669938
36364527.5669938
36364527.5669938
36364527.5669938
)