/*--------------------------------*- C++ -*----------------------------------*\
  =========                 |
  \\      /  F ield         | OpenFOAM: The Open Source CFD Toolbox
   \\    /   O peration     | Website:  https://openfoam.org
    \\  /    A nd           | Version:  8
     \\/     M anipulation  |
\*---------------------------------------------------------------------------*/
FoamFile
{
    version     2.0;
    format      ascii;
    class       volVectorField;
    location    "0.0590000";
    object      U_0;
}
// * * * * * * * * * * * * * * * * * * * * * * * * * * * * * * * * * * * * * //

dimensions      [0 1 -1 0 0 0 0];

internalField   nonuniform List<vector> 
900
(
(0.725935694815486 0.000364333264294574 1.64904802721061e-19)
(0.726453212331355 0.000208728804526693 1.26859622322998e-18)
(0.726455156169996 0.000167377555235982 -9.94126221043523e-19)
(0.726550184385423 0.000190766449903777 7.12201089128262e-19)
(0.726505337033523 0.000198305822343278 9.79630619974349e-19)
(0.726419942334592 0.000204267814461408 2.1763998630348e-17)
(0.726317881112596 0.000208581523848489 1.06457801123586e-17)
(0.726212067510695 0.000211836306032739 -1.19986713163042e-17)
(0.726104362582353 0.000214383546997405 1.56374378606542e-17)
(0.725994954965925 0.000216919157953062 5.80086918833075e-18)
(0.725884269803567 0.000219857347034495 4.08285455050614e-18)
(0.725772037313957 0.000222265698153672 6.1146270107177e-18)
(0.725657166202965 0.000224350938581805 -6.10425055203314e-18)
(0.725539188757887 0.000226518956871702 2.43717289181963e-17)
(0.725419111518362 0.000229082234548891 1.13200428252767e-17)
(0.725296892839506 0.000231115202463349 1.12892761997993e-17)
(0.725171287661346 0.000232982959717836 4.50713234170824e-17)
(0.725042247405808 0.00023501478757338 -1.13798911536296e-17)
(0.724910696202745 0.00023742465326845 1.58669189847342e-17)
(0.724776495409635 0.000239348383192227 4.72528950684409e-17)
(0.724638581711787 0.000241184985922468 -1.65692218683616e-17)
(0.72449702927218 0.000243283455376718 -7.53432446393951e-18)
(0.724352759628408 0.000245752698767643 2.51672989162571e-17)
(0.724205308704978 0.000247832094477094 3.84183463549647e-17)
(0.724053347084229 0.000249893707922723 -1.54467905941884e-17)
(0.723897229797677 0.000252391709260367 2.37758273178568e-17)
(0.723737335217734 0.000255267640513101 4.08732625700033e-17)
(0.723573466915099 0.000257590949558601 5.22521292326492e-17)
(0.723405541753945 0.000259894946560973 1.41812989511358e-17)
(0.723233961274428 0.000262917631799587 3.78218291524853e-18)
(0.723059398827179 0.0002663026010863 5.27942224493975e-17)
(0.722880846287638 0.000269372406008305 3.96954668738756e-17)
(0.722696932498336 0.000272687945871192 6.35040734469281e-17)
(0.722509105154261 0.000277150150841155 4.01548263271509e-18)
(0.722318741732846 0.000281793950927004 3.23651169577722e-19)
(0.72212493663543 0.000286075919822655 5.30631695295718e-17)
(0.721927030545489 0.000290968170996246 -3.06767405918529e-17)
(0.721726795835451 0.000298244697998836 -3.4141051148631e-17)
(0.721525279869567 0.000305379173612593 -1.01350689679124e-17)
(0.721321510416667 0.000312178185815196 -7.10324149899182e-18)
(0.721115949686196 0.000320341029357175 2.01502520854697e-17)
(0.720910714448344 0.000333203943520106 2.89460681188179e-17)
(0.720707684983266 0.000344838253886914 1.04558331705638e-16)
(0.720506733683791 0.000356560151826874 2.43321102246376e-17)
(0.720307831390301 0.000371294875797737 3.94819626414956e-17)
(0.720116927679032 0.000394020644385859 1.08571178478436e-16)
(0.719937129233623 0.000413881893379421 2.72360181680175e-17)
(0.719767980350976 0.000434704956081688 1.03448440642333e-16)
(0.719613044653446 0.000462174643102878 -3.57025174506499e-17)
(0.719480781153997 0.000500883909699428 6.68454041296301e-18)
(0.719374609890629 0.000535127891207488 -6.90181161228253e-18)
(0.719298510564182 0.000571860497201903 -1.21343630793498e-17)
(0.719263339640525 0.000623101841630795 -1.95318682025362e-17)
(0.719279160389967 0.000687998578559557 -3.91813752166436e-17)
(0.719352234062354 0.000745939080224102 2.32845097406927e-17)
(0.719499145765709 0.000809626923860707 5.4887164923712e-17)
(0.719737727957033 0.000904072655316061 6.61069669392949e-17)
(0.720083700413881 0.00100871986905963 2.81907739387164e-17)
(0.720557205127928 0.00110392906023843 -3.88972295132843e-17)
(0.72121322187075 0.00121272973511536 -4.15210993204085e-17)
(0.722140452312518 0.00140996397473747 -1.14738088646348e-16)
(0.723534054270554 0.00165600513248039 -1.91996856026441e-17)
(0.725631623175647 0.00192306934298448 4.46425905590706e-17)
(0.728748342252959 0.00226661134764928 -1.34091631348713e-17)
(0.732903564982871 0.00293292480846041 -4.09570626648242e-17)
(0.737969333772128 0.00339413291846922 2.46407321147333e-17)
(0.744099385868517 0.00379775481403121 5.7584487914986e-17)
(0.751243175378589 0.00424618907732076 1.51470827410135e-18)
(0.75932994235821 0.00470733770036707 -8.28617055664686e-17)
(0.768442413985335 0.00489404850329875 -9.94657774939785e-19)
(0.778723138621792 0.00499098862661085 1.85071597314596e-17)
(0.789970819455456 0.00509279220020901 -7.38782668162842e-19)
(0.802091542498471 0.00499207909523953 7.43382238990953e-17)
(0.815119888610065 0.0047401899943507 -2.25604323946752e-17)
(0.828837387052327 0.00442275654754102 9.70268599035598e-18)
(0.843201509893664 0.00399005434320762 -6.51451491630975e-17)
(0.858050650929792 0.00347955569167843 6.5701959107505e-17)
(0.873487463048645 0.00293687769025789 9.04620832668725e-17)
(0.889084381232484 0.002354250649982 1.9419167898239e-17)
(0.905513009256967 0.00172552245098851 8.35517087520772e-17)
(0.921762485192712 0.00121316223888516 3.28692325186417e-17)
(0.939625741013832 0.000656366528859853 1.60452875079869e-17)
(0.956389460918132 0.000267204967198188 -7.47204952487477e-17)
(0.977012136329973 -0.00019821115517945 -1.10736458627644e-17)
(0.994239764106166 -0.000315872540825105 -1.57904337472042e-17)
(1.02063255000895 -0.000602576475111806 1.05990512193007e-17)
(1.03087991839516 9.39078827349636e-05 1.75323726417379e-17)
(1.02783972169392 -6.87024712881115e-05 2.84948649156171e-17)
(1.03243044925099 0.00011523560561545 6.38775344360523e-17)
(1.03155797469567 0.000151162189843804 6.96931655785711e-18)
(1.0332027141235 0.000190754251039544 -1.33868580314658e-17)
(1.03282488491922 0.000178856454141965 1.67903062353778e-17)
(1.03318618243014 0.000220573783358029 -1.3330846734156e-17)
(1.03263985800015 0.000204898271920261 -1.17394219720936e-17)
(1.03238646124545 0.000203444975696424 1.4753334375289e-18)
(1.03178022314354 0.000195305068524332 2.12358612835033e-17)
(1.0312788741921 0.000179181306311883 1.35076201994033e-17)
(1.03064216116126 0.000165844331351456 5.37307687004064e-19)
(1.03005049698055 0.00018734873787141 -4.93443068583002e-18)
(1.02905355182067 0.000259377712741937 -1.40660430590782e-18)
(0.369636740100931 0.00190549773507074 5.23053802634871e-19)
(0.371482854928519 0.00202459726823938 4.63372417918138e-18)
(0.371619264800923 0.0020897898327629 -3.57748013077064e-18)
(0.371769014286691 0.00222187309582917 2.73265967645103e-18)
(0.371588144260359 0.00230039269592546 8.30041603953019e-18)
(0.371298846378674 0.00233983037977873 3.6497058849043e-17)
(0.370963696241729 0.00236021552428602 1.82378912105154e-17)
(0.370614498879864 0.00237264174029619 1.22082550903317e-17)
(0.37025834767764 0.00238224822338265 5.62872879568567e-17)
(0.369896445084984 0.00239158962532496 3.0699196204415e-17)
(0.369529379956099 0.0024017153133591 1.486499585234e-17)
(0.369156557769656 0.0024110575957564 7.84837810215275e-17)
(0.368776276332005 0.00241993523481116 -9.25710015745168e-18)
(0.368387882334868 0.00242899754203337 2.26734942164239e-17)
(0.367992213263714 0.00243882268297813 2.6369701837701e-17)
(0.36758891249498 0.00244779205601037 2.8950869661294e-17)
(0.36717644283582 0.00245655420130805 8.05643756437592e-17)
(0.366754515162202 0.00246569050258451 -5.42612707695344e-17)
(0.366323905773868 0.00247561666369235 5.07726967624808e-17)
(0.365884118567698 0.00248479117565307 3.44489785464763e-17)
(0.365433721529508 0.00249393448857266 -1.36089884783666e-18)
(0.36497254116093 0.00250369420092843 -4.15823404449145e-17)
(0.364501276839185 0.00251429677789043 -6.18104904831405e-17)
(0.364019180203897 0.00252435628583393 1.70116044874874e-17)
(0.363524651041361 0.00253456619946193 -2.18362817551265e-17)
(0.363017688228675 0.00254577628313518 -7.14339682351181e-18)
(0.36249879202631 0.00255788389870576 1.19875057212876e-16)
(0.361967162075146 0.00256917255451291 1.66516693358764e-16)
(0.361421688497279 0.00258064670188526 3.3959647793375e-17)
(0.360862632617182 0.00259373462378206 1.01347967938108e-16)
(0.360290643057267 0.00260779994736783 1.65713460522066e-16)
(0.35970433798091 0.00262156567858484 1.13205877480559e-16)
(0.359102088960899 0.00263613193140526 1.88680768280888e-16)
(0.358485085730192 0.00265326376943981 9.72114805342681e-17)
(0.357854485367534 0.00267112382858047 3.19789498706124e-18)
(0.357208665067081 0.00268867081610693 5.95818547209436e-17)
(0.356546488217347 0.00270789838764278 -7.00981499622708e-17)
(0.355870490397686 0.00273228731026875 -9.6856916401557e-17)
(0.355182225892029 0.0027569497193433 -3.10420771149593e-17)
(0.354479526453815 0.002781461476177 1.29028596557519e-16)
(0.353762403745069 0.0028094465712194 2.35372290724183e-16)
(0.353036206963547 0.00284743605480665 8.36956892983039e-17)
(0.352303820892093 0.0028838108277464 1.7765289119024e-16)
(0.351563160799311 0.00292096217930769 6.57912572633118e-17)
(0.350815982641537 0.00296539715906843 1.13397697216501e-16)
(0.350074446943074 0.00302679493131228 3.26480495265696e-16)
(0.349343820916964 0.00308361262036513 7.30054411469652e-17)
(0.348622606227834 0.00314308051714833 1.92999855281236e-16)
(0.347919451884711 0.00321786708350391 -1.07253819644441e-16)
(0.347255558114992 0.0033166622710186 2.16875767317679e-17)
(0.346639762478951 0.00340784051040992 -1.96971302266e-17)
(0.346076764295368 0.00350514864885272 -1.6354141523613e-17)
(0.345591330051037 0.00363460812480316 -5.69806844030069e-17)
(0.345219140840703 0.00379356252769103 -1.17657417023216e-16)
(0.344977216029962 0.00393953833640906 -1.23141518181174e-17)
(0.344887560271756 0.00409934045984724 5.60072131121433e-17)
(0.345006815322724 0.00432490955182909 1.97549647715697e-16)
(0.345396716223751 0.00457367429685371 1.84864394884636e-16)
(0.346096846155134 0.00480270189887711 -1.83802878680439e-17)
(0.347183530475807 0.00506740128237502 -1.21636582861035e-16)
(0.348863925678874 0.00552211697582154 -2.05358204645193e-16)
(0.351448124158128 0.00609003641348698 5.75643960165056e-17)
(0.35526734086901 0.00670390506991959 3.82448603714917e-17)
(0.360781885977984 0.00751832260604661 -8.54273552676577e-17)
(0.368547021245857 0.00897397059691066 -2.9234555885476e-16)
(0.378753484017407 0.0100194089149225 8.02380914158412e-17)
(0.391527180050156 0.0108964740941187 5.84880754295221e-17)
(0.406991474037903 0.0118514595546669 -4.64269982446915e-17)
(0.42531989837352 0.0127706017683144 -2.53050793057018e-16)
(0.446480696449087 0.0130826895318626 -1.50051073226486e-16)
(0.470379365927201 0.0131559344785584 5.55492068252709e-17)
(0.496877623797357 0.0131759328884384 -3.9680563497586e-18)
(0.525755776813886 0.0127303311006725 2.7422682266696e-16)
(0.5567915920394 0.0119189139629632 -6.8835814669508e-17)
(0.58952684929523 0.0109233711778625 1.57093865029436e-16)
(0.623868195182849 0.00965331665343118 -1.9500462333144e-16)
(0.65927400450581 0.00819898602594443 3.91074823790488e-17)
(0.6960559445073 0.00664952437569283 3.13991746240008e-16)
(0.733154058390347 0.00500656620218255 5.77163953993896e-17)
(0.772065248661748 0.00326378447350549 3.89504279915913e-17)
(0.810350629147153 0.0017746207630072 -6.34945212565496e-17)
(0.852498674414778 0.000175911415389972 -3.97896467492886e-17)
(0.891748640309123 -0.001066457308685 -1.9621841677277e-16)
(0.940301768217164 -0.00246294904488682 -1.81007060535405e-16)
(0.980202471745048 -0.00306825238391875 -4.57569722760604e-17)
(1.04260451293616 -0.00379328348637112 3.12294742656145e-17)
(1.06546633654657 -0.000202754949720538 5.15773841478745e-17)
(1.05517337776673 -0.000406852566792491 8.44201691839061e-17)
(1.06366759800403 9.83727646611256e-06 1.49439185616898e-16)
(1.05922882418342 0.000113002047655387 6.79854224806954e-17)
(1.06152122739644 0.000248468326467214 -4.12429771165645e-17)
(1.05905427790747 0.000259291446154485 5.04784542432394e-17)
(1.05890046362638 0.000361968337670978 -1.14416649103278e-17)
(1.05685727635087 0.000359878191302282 -3.45941471336395e-17)
(1.05566772364623 0.000377504041083947 4.14810320933058e-18)
(1.05374978232069 0.000376770718652264 4.75555059492062e-17)
(1.05218900587719 0.000363006571777743 2.85518191383311e-17)
(1.05032592934095 0.000350497962763877 1.15573788803244e-18)
(1.0487653246871 0.000385739367384607 -8.83221936710146e-18)
(1.04696197892173 0.000427213543066312 -1.36074681253488e-18)
(0.087904774767856 0.00406376263765975 2.2233386351088e-19)
(0.0909722955922862 0.00459104116741361 7.79188655536246e-18)
(0.0912628706131921 0.00503418617745712 8.26403867883087e-18)
(0.0913717054591805 0.00538169399643193 8.12841234142821e-18)
(0.0910341276030658 0.00557380558906137 1.39119442905425e-17)
(0.0905540488571761 0.00566275225906502 2.72194975288364e-17)
(0.0900139763639035 0.00570392676181758 1.95970024199014e-17)
(0.0894534200870783 0.00572656822648983 3.13133560928637e-17)
(0.0888818720471808 0.00574328698566149 4.72163408882051e-17)
(0.0883012498263635 0.0057591994817454 6.26665265940001e-17)
(0.0877123191062686 0.00577587269061592 7.91149307350144e-17)
(0.0871144200416848 0.00579201278326488 6.33066451666004e-17)
(0.0865056357376322 0.00580776666124814 2.23914564457892e-17)
(0.0858851742441115 0.00582384387409692 2.86258177571078e-17)
(0.0852536982951914 0.00584067060853815 4.2929241018068e-17)
(0.0846106677506993 0.00585683252975258 4.18411964417357e-17)
(0.0839543525078374 0.00587282716235524 6.00270366951173e-17)
(0.0832842875181984 0.00588936353467707 -2.47020373020837e-17)
(0.0826010941570873 0.00590673736714841 1.07450311299104e-16)
(0.0819040660135979 0.00592357427118299 2.31085588962329e-17)
(0.0811914948724399 0.00594047407119419 -4.70659097381498e-17)
(0.0804630256101869 0.00595820874483948 -1.10747166776103e-16)
(0.0797192020275681 0.00597691753860041 -1.06494237568784e-16)
(0.0789590993593841 0.00599533380006654 -8.2637572526366e-17)
(0.0781808683005761 0.00601407372833631 -3.15911224700644e-17)
(0.0773842915109084 0.0060340915282557 -4.10219210972942e-17)
(0.0765699038309777 0.00605519564586697 1.87550289054349e-16)
(0.0757365205516842 0.00607572389434996 1.93775665551673e-16)
(0.0748822824640877 0.00609667075622458 3.01554691166168e-17)
(0.0740073439372735 0.00611957625298064 1.98967462052188e-16)
(0.0731123865956504 0.00614379666040745 1.94986396854019e-16)
(0.0721957650763902 0.00616805242207061 1.72816150770274e-16)
(0.0712554409330301 0.00619354518158395 2.30400530336216e-16)
(0.0702925652540914 0.00622204383271482 9.99714852197109e-17)
(0.0693082923810608 0.00625173697711785 -8.81969356960871e-18)
(0.0683004205262456 0.00628146620588928 7.94436300304091e-17)
(0.0672670722051215 0.00631365297427947 -7.8238952524142e-17)
(0.0662116668476254 0.00635164308833678 -1.66865119165327e-16)
(0.0651363583396553 0.00639065744924947 -5.81137834878426e-17)
(0.0640378907738446 0.00642984851328107 1.08146512472867e-16)
(0.0629151692620094 0.00647397681320231 4.3696598406703e-16)
(0.0617767745491078 0.00652901976669006 2.69260300600415e-16)
(0.0606268730030336 0.00658359331639002 2.72527596491042e-16)
(0.0594609198342474 0.00663921559269974 9.77243533662991e-17)
(0.0582805589802356 0.00670474509583954 1.7600756376664e-16)
(0.0571048586719751 0.00678853155041068 5.61995603611816e-16)
(0.0559416421637918 0.00686933123573526 1.01286074341447e-16)
(0.0547850741243822 0.00695318237640786 1.42412792250327e-16)
(0.0536465304797007 0.00705645536431696 -2.06234647778196e-16)
(0.0525611576954202 0.00718573744362925 4.43419323245519e-17)
(0.0515425567031061 0.00730905219682457 -3.0753514356948e-17)
(0.0505878423618297 0.00743982521385064 -2.29865415140603e-16)
(0.0497329992923245 0.0076087205033792 -9.28668909568142e-17)
(0.049041392296336 0.00781003256047127 -2.1226204705245e-16)
(0.0485364229750909 0.00799888943568214 -4.66602151940927e-17)
(0.0482265271594326 0.00820578168474049 5.59299087767461e-17)
(0.0482062557900186 0.00848571844938146 2.3076724820149e-16)
(0.0485864560420515 0.00879288696129487 2.45692287612454e-16)
(0.0494098511599328 0.00907654533999568 -4.92947732430282e-19)
(0.0507230348754423 0.00941264661610571 -2.01167452621209e-16)
(0.0528332937915357 0.00996049763302113 -3.90534273957734e-16)
(0.0561746640798147 0.0106474563934877 2.04361829395714e-19)
(0.0611293412295646 0.0113813532340428 1.41270266917188e-17)
(0.0680769719086438 0.0124119890684754 -3.67513610546992e-16)
(0.0782494460239785 0.0140654691882991 -3.78352500426247e-16)
(0.0921592169086896 0.0153192540983728 6.11720900754915e-18)
(0.109541685317846 0.016310732057944 -9.62493712011653e-17)
(0.13076684229414 0.0173675253397576 -1.18548980635584e-16)
(0.156412077091751 0.0182847934427604 -4.15425082978101e-16)
(0.186257347562159 0.0185047146441435 -1.81073758567516e-16)
(0.219778659625598 0.0183848214456258 -4.13553731277139e-17)
(0.257164286332659 0.0181093823020416 -1.47007336825587e-16)
(0.298123492990286 0.0172765513729809 2.43008491170186e-16)
(0.342047008084643 0.0159698589896883 -1.21731314607293e-16)
(0.388391121492242 0.0143916260793126 3.075929190296e-16)
(0.437051201432259 0.0124684116473312 -2.01801448696067e-16)
(0.487123035334435 0.0103141669035545 1.04828633933848e-17)
(0.539118687526348 0.00801046617793897 3.18174939781839e-16)
(0.591548934091966 0.00559751916513898 9.3655242616225e-17)
(0.64632397074202 0.00306292901739127 2.04032736643385e-17)
(0.700094718739721 0.0008288351799627 -1.72095925280854e-16)
(0.75933991571573 -0.0015577181936193 -9.27433331857875e-17)
(0.814256309314711 -0.00351204775061174 -2.49909358283296e-16)
(0.882039286535491 -0.00567984993150898 -1.71383176990798e-16)
(0.937568886130819 -0.00678995770706326 -2.82869634752631e-17)
(1.02461338870921 -0.0077984374262958 5.20216631113023e-17)
(1.05630769113849 -0.000373112741732262 3.89312766901204e-17)
(1.0409969125201 -0.000535483037510193 1.38771926045481e-16)
(1.05208801803804 -2.96068304096512e-05 2.48531383156317e-16)
(1.0452564965146 5.95996420202072e-05 1.22468376136905e-16)
(1.04802353737065 0.000268312248406786 -5.39901190820415e-17)
(1.04413779885935 0.000296367331091523 8.26672874728213e-17)
(1.0436467562449 0.00040748795368779 -1.89330479038206e-17)
(1.04060657727255 0.000420364335380253 -5.7637492188156e-17)
(1.03879471505135 0.000445551668825559 2.82562570359376e-17)
(1.03600149165912 0.000441951229205977 4.93183542435172e-17)
(1.03374005647022 0.000431311343811807 3.11314959405665e-17)
(1.03106769613097 0.000412793782279844 1.28477935659217e-18)
(1.02892415384513 0.000403009743940265 -1.11747747998605e-17)
(1.02676942610001 0.00027786458628435 -4.00050927841927e-18)
(-0.119024163759796 0.00703255492222384 -1.03660223120416e-18)
(-0.115951293661033 0.00733188518785078 5.10763675959493e-18)
(-0.115801647623303 0.00834143906470775 4.02391882823284e-18)
(-0.115909909413629 0.00895970246494929 1.11486416195157e-17)
(-0.116436798616252 0.00927800544722168 1.7910242390337e-17)
(-0.117087347006443 0.00941849601799957 2.29327656639753e-17)
(-0.117790211151073 0.00948070863501627 1.78962713820843e-17)
(-0.118512944071988 0.00951365201823693 3.69877149704997e-17)
(-0.119248237829798 0.00953765727115161 4.23609562213745e-17)
(-0.119994653020246 0.0095602514932814 9.75403572300127e-17)
(-0.120751643945819 0.00958351212904545 8.64539343508238e-17)
(-0.121519845817557 0.00960659360986129 4.65715675387048e-17)
(-0.122300982181351 0.00962950550536612 4.45917063128232e-17)
(-0.123095878372223 0.00965285140167982 1.22945447321579e-16)
(-0.123904192448115 0.0096768991404294 6.27080936911806e-17)
(-0.124726566403613 0.0097005846244927 5.02111478064217e-17)
(-0.12556462635259 0.00972424088985993 5.07100295866017e-17)
(-0.126418966522915 0.0097485362564989 -1.19840193647844e-17)
(-0.127289274655169 0.00977366018373937 8.42519191538909e-17)
(-0.128176354143074 0.00979856064580215 7.10061935008517e-18)
(-0.129081873557262 0.00982367688377926 -2.45604665367573e-17)
(-0.130006349395694 0.00984973349256425 -1.8029828026609e-16)
(-0.130949526773403 0.00987680810999921 -1.02052625482598e-16)
(-0.131912383512315 0.00990390746521221 -3.43991761359232e-17)
(-0.13289671455234 0.00993151152122899 -3.17545603500797e-17)
(-0.133902930146135 0.00996048832730354 -6.60800633130274e-17)
(-0.134930707737668 0.00999063420807867 2.43455625096736e-16)
(-0.135981370757143 0.0100205797504069 1.70554128314158e-16)
(-0.137056993879491 0.0100511672608474 8.41208179477858e-17)
(-0.138157648207478 0.0100837760015225 3.08464544573018e-16)
(-0.139282851523968 0.0101178683976412 2.25838652399578e-16)
(-0.140434232973806 0.0101523604650092 2.23322570468074e-16)
(-0.141613853357603 0.0101883376874457 3.162188667139e-16)
(-0.142820827644695 0.0102273215704192 1.01218437500946e-16)
(-0.14405424422756 0.0102677894719429 -3.69067799247793e-17)
(-0.145316352515123 0.0103086894537044 1.10655623897031e-16)
(-0.146609206436604 0.0103523419059291 -9.22444380289157e-17)
(-0.147929336291634 0.0104015548530633 -2.77785676390126e-16)
(-0.149274503440598 0.0104522897076823 -9.02241725605831e-17)
(-0.150648013202374 0.0105035809046686 2.19174785555631e-16)
(-0.152051300664955 0.0105601611694594 6.34751095321568e-16)
(-0.153474765289837 0.0106268999180704 2.95222744181217e-16)
(-0.154913708077226 0.010694066995125 3.80744566050258e-16)
(-0.156373051950084 0.0107624851865216 1.14783471802246e-16)
(-0.157851001348943 0.0108411100018174 2.19914902591613e-16)
(-0.159325835479182 0.0109364850249059 5.58120942207595e-16)
(-0.160788241967927 0.0110301972617779 1.06174848370475e-16)
(-0.162244964088545 0.0111268368021136 1.18754458241421e-16)
(-0.163683148732632 0.0112426451881743 -1.62041205596233e-16)
(-0.16506125649382 0.0113822249315393 8.03849773612936e-17)
(-0.166362315067819 0.0115171527987821 -3.24150566222101e-17)
(-0.167591599510317 0.0116589764563446 -3.05389466246292e-16)
(-0.168707368171603 0.0118369995154113 -1.18651594340162e-16)
(-0.169631941008762 0.0120443982085045 -3.2014518425873e-16)
(-0.170336398440909 0.0122398628601853 -8.09927184037776e-17)
(-0.170818223244577 0.0124520923061546 5.49833577921038e-17)
(-0.170962396136481 0.0127312096468037 2.70209483022632e-16)
(-0.170630721580241 0.013034150196677 3.01829285231151e-16)
(-0.169774768913371 0.0133110947428272 1.62765322494131e-17)
(-0.168363680910185 0.0136391769742924 -1.85652282759294e-16)
(-0.166035938221518 0.0141627556113986 -5.09871944437056e-16)
(-0.162292977644923 0.0148161125175333 -2.4074068686409e-17)
(-0.156718813263048 0.015501020736785 -3.42031128557132e-18)
(-0.148994972210891 0.0164836525161005 -4.96965757343159e-16)
(-0.137488005322188 0.0180055924917168 -4.95068773535788e-16)
(-0.121472364946326 0.0191390578929145 -4.78716314120069e-17)
(-0.101441364948848 0.0199681298426764 -2.42575466782646e-16)
(-0.0768765593577439 0.0208244524785108 -2.47046627331281e-16)
(-0.0469525992371827 0.0214785728737753 -4.61491001724544e-16)
(-0.0119974934630251 0.0214237870038412 -2.1593035088955e-16)
(0.0271887897414443 0.0209911281464153 2.93986473249577e-18)
(0.0710011711953717 0.0203474437862133 -2.96194209477073e-16)
(0.119110228935145 0.0191274473161163 1.45164636624443e-16)
(0.170661032835701 0.0174091725085899 -1.84003930124907e-16)
(0.225061528932176 0.015388661322338 3.27602866511024e-16)
(0.2821991295989 0.0130081503828072 -2.14356685237837e-16)
(0.340941962731841 0.0103851855963953 -2.60430846718174e-17)
(0.401921116818353 0.00759425479438535 2.44551980700459e-16)
(0.463392971012645 0.00468682500893303 1.26997123142226e-16)
(0.52748479330651 0.00165733124473071 3.37707723328952e-18)
(0.590317613345635 -0.00109075185049032 -2.45221485382203e-16)
(0.659545326027852 -0.00400616729000165 -7.82197751311186e-17)
(0.723550728998165 -0.0065023992717079 -2.69678037676457e-16)
(0.802420909813124 -0.00923894964105268 -2.13181150772259e-16)
(0.866914566476329 -0.0109068883752133 -4.19486523063969e-17)
(0.968291162837301 -0.0119345790648758 2.68134269331689e-17)
(1.00519955674616 -0.00047062866495165 7.00080033046776e-17)
(0.98674348309969 -0.000501126193957534 1.93250288570913e-16)
(0.999230692863935 -5.96716090519579e-05 2.98988083490908e-16)
(0.990974668215231 6.04264871835623e-05 1.41786584243354e-16)
(0.993975636930855 0.000248081698319389 -6.32704737141891e-17)
(0.98924865876077 0.000294408747916628 1.1357527688927e-16)
(0.988552543421501 0.000390942187407127 1.39784604317115e-17)
(0.984941654937731 0.000411675708768652 -8.07481889303253e-17)
(0.982777476219944 0.000433606288546355 3.04138769686812e-17)
(0.979491020592879 0.000430761600194577 5.76843948921595e-17)
(0.976839194689952 0.000419860294462328 2.23055417231057e-17)
(0.973713901847925 0.000398718512576413 1.12111149696067e-18)
(0.971252278702145 0.000372889146703628 -1.23144446721888e-17)
(0.968931303366141 0.000228404368534152 -2.78295891993509e-18)
(-0.252099954159498 0.00922125168329842 -4.89773191227864e-18)
(-0.250497591211525 0.00976244433253467 -3.50141889020033e-18)
(-0.250879267717198 0.0112933622856027 -4.53563962678657e-18)
(-0.251385077768006 0.0121285109425311 1.4922534642238e-17)
(-0.252115883888417 0.0125353456019857 2.19861000869058e-17)
(-0.252897534972416 0.0127093873766664 2.17794815392442e-17)
(-0.253703616443032 0.0127855105262053 8.07730790428508e-18)
(-0.254522165989812 0.0128261680103124 1.66344495521406e-17)
(-0.255352318801214 0.0128563736140271 2.63844276370311e-17)
(-0.256194302144521 0.0128848770087746 8.19817654765557e-17)
(-0.25704804328872 0.0129140039640293 1.01004778381303e-16)
(-0.257914104972171 0.0129432538130931 2.28729564315476e-17)
(-0.258793855636773 0.0129725776002827 5.31839208757547e-17)
(-0.259688067644821 0.0130024113981161 1.22781008500412e-16)
(-0.260596690876183 0.0130329341873108 7.79900685110549e-17)
(-0.26152039647014 0.0130633701436177 5.58685708743263e-17)
(-0.262460582909828 0.0130939543530952 5.23896477498619e-17)
(-0.26341790864079 0.0131252230585176 3.9526688602942e-17)
(-0.264392355513752 0.0131573190927782 8.99057695130531e-17)
(-0.265384739006179 0.0131894694813295 -1.19770626780423e-17)
(-0.266396541115771 0.0132220007304683 -1.26956845713808e-16)
(-0.267428378614434 0.0132554989810936 -2.0872072176751e-16)
(-0.26848026854894 0.0132900274463984 -4.5518947132703e-17)
(-0.269553156066203 0.0133248450804553 -1.03341495565164e-17)
(-0.270648635751834 0.0133603200141738 1.27020264861534e-17)
(-0.271767246566078 0.0133971479229456 -4.06333396445256e-17)
(-0.272908915986026 0.0134351719958073 2.50699382000216e-16)
(-0.274074949344176 0.0134733424166341 1.39448394204966e-16)
(-0.275267348416952 0.0135123255665969 1.65178275017661e-16)
(-0.276486395358201 0.0135532327369589 2.87808784015922e-16)
(-0.277731851555701 0.0135956612839765 1.55436896404156e-16)
(-0.279005184591629 0.0136387686290349 1.75940058617461e-16)
(-0.280308278502084 0.0136834313764138 2.70352346160553e-16)
(-0.281640559616985 0.013730866185897 9.96944244194677e-17)
(-0.283001410581283 0.0137798865188841 -8.75898069106297e-17)
(-0.284392863373507 0.0138296523104895 -5.29122258936909e-18)
(-0.285816865228144 0.0138820720301806 -1.05662778586513e-16)
(-0.287270298327478 0.0139393783798096 -2.59117945804685e-16)
(-0.288751095648896 0.0139983701716562 -1.40152330348384e-16)
(-0.290262139375034 0.0140582233963685 2.76023297242305e-16)
(-0.291804856978459 0.014122868921158 6.84962597742268e-16)
(-0.293369902233282 0.0141961517724963 2.94465865474048e-16)
(-0.294952554204248 0.014270244180954 3.66119464290731e-16)
(-0.296557168340238 0.0143456925135194 1.10150413081904e-16)
(-0.29818186441351 0.0144299774950639 2.49573819608557e-16)
(-0.299804980611276 0.0145281994326427 4.56024508916054e-16)
(-0.301416684401942 0.0146253541373554 4.20059321772417e-17)
(-0.303023077063389 0.0147249924399196 1.08634443194419e-16)
(-0.304611102657932 0.0148406484467396 -1.51511446413516e-16)
(-0.306138107827396 0.0149756691532506 9.67195793644568e-18)
(-0.307585470035349 0.0151065502362981 -2.20894753111581e-17)
(-0.30895852383509 0.0152425961911999 -3.65524167864995e-16)
(-0.310214406539453 0.0154080382142129 -1.2881741787666e-16)
(-0.311271242590469 0.0155964621114119 -2.67398904084741e-16)
(-0.312096977762646 0.0157731395999425 -1.10405491490658e-16)
(-0.312691596027414 0.0159618427055683 5.32979279613297e-17)
(-0.312933914320791 0.0162034795977192 2.14272330023184e-16)
(-0.312676103266994 0.0164609475834828 3.97524677032777e-16)
(-0.311866012086431 0.0166914387512795 3.01638366715957e-17)
(-0.310482656938664 0.016960094998376 -1.66406489101687e-16)
(-0.308150290577637 0.0173849321695612 -4.47807201108147e-16)
(-0.304356920001688 0.0179074817101024 -3.82383680275114e-17)
(-0.298680230917924 0.0184392630809294 -1.14309652703148e-16)
(-0.290858700223166 0.0192068764298645 -5.34193942355037e-16)
(-0.27908919057085 0.0203914556539382 -5.2994417974873e-16)
(-0.262536435145586 0.0212055197838115 -7.73991059770192e-17)
(-0.241805292887795 0.0217171300885402 -3.16869453700266e-16)
(-0.216312987088329 0.0222052782045357 -2.19850595831581e-16)
(-0.185117066193227 0.0224626845520411 -5.5458124346096e-16)
(-0.148591272143763 0.0220651294203924 -2.63507110977364e-16)
(-0.107676963815297 0.0213009544220959 -8.14292952874631e-17)
(-0.0618706069300702 0.0203063394969636 -3.21321571201101e-16)
(-0.0115088440305111 0.0187753028503225 1.83902709809198e-16)
(0.0424365165465925 0.0167846097669444 -1.26208742442179e-16)
(0.0993661943765524 0.0145036965052901 3.54947646154779e-16)
(0.15916711406708 0.0118900610585294 -2.32889738561885e-16)
(0.22061036959602 0.00904983735095987 -6.02590690200258e-17)
(0.284372711294674 0.00605019078518696 1.69359029159084e-16)
(0.348624990913925 0.00293516463303515 1.59195253678674e-16)
(0.415533370071749 -0.000288086940223586 3.05654432029884e-18)
(0.481049298800222 -0.0032894051993086 -1.98092798611672e-16)
(0.553226777445552 -0.00644814313832749 -8.11709407553539e-17)
(0.619816309514239 -0.00927107151529777 -2.51780723360697e-16)
(0.70180690398501 -0.0123218597596949 -2.05167327313299e-16)
(0.768713895119952 -0.0144720779250868 -1.88219846027868e-17)
(0.874413195158796 -0.0153632447606994 2.11521752509219e-18)
(0.912937518024781 -0.000532104697363701 1.00243592033865e-16)
(0.893135118281762 -0.000376435583525168 2.03546784048986e-16)
(0.905882591405324 -9.05896691078592e-05 2.8001841296767e-16)
(0.897114666726592 7.47577743463335e-05 1.11122720663237e-16)
(0.900116662994635 0.000193513346907145 -5.92570671339733e-17)
(0.895091514920465 0.000256225503091235 1.14881667454708e-16)
(0.894310568145404 0.000323805702770273 3.73795892021653e-17)
(0.890528842451731 0.000349497051692836 -8.29388841679187e-17)
(0.888263888352549 0.000363096216644248 3.34961001319468e-17)
(0.884842758087611 0.000363376381029671 4.93356801344787e-17)
(0.882090781202558 0.000352564936014402 1.33379066354525e-17)
(0.878846642873517 0.000334114564081413 9.19275275888698e-19)
(0.876315629909522 0.000311132505435525 -1.35890735739858e-17)
(0.873998935076161 0.000201638349339392 -1.98474746462063e-18)
(-0.313867227546752 0.010651076831749 -8.76795117931358e-18)
(-0.314355868242289 0.0114807827875859 -9.34763739122887e-18)
(-0.315436662474898 0.0132420220324167 1.31313302478869e-18)
(-0.31638646194279 0.0141389708765804 1.77942307740791e-17)
(-0.317277145315738 0.0145550755622133 2.72336545959675e-17)
(-0.318118661702397 0.0147292799841915 2.42498445462348e-17)
(-0.318947834616352 0.0148063597161567 -5.51332531624743e-18)
(-0.319779011716547 0.0148495448292874 -6.83414553466289e-18)
(-0.320619307730766 0.0148831756854682 -1.63266058014104e-18)
(-0.321470958015718 0.0149153614973617 7.4165605336901e-17)
(-0.322334347077115 0.0149481789327284 7.54767546417471e-17)
(-0.323209909933412 0.0149813360843637 4.07806207544288e-17)
(-0.324098620630993 0.0150147604264928 4.96549459668106e-17)
(-0.325001133931872 0.0150487293192275 9.07917270965775e-17)
(-0.325917591635714 0.0150833632225035 8.86296358110472e-17)
(-0.326848625350488 0.0151181355661335 5.86746953328883e-17)
(-0.327795363502273 0.0151532102964698 5.53124436225357e-17)
(-0.32875845550642 0.0151889692469414 9.86572666534027e-17)
(-0.329738084395567 0.0152255247483414 1.19934745750281e-16)
(-0.330735004408365 0.0152623513154893 -2.97975200689409e-17)
(-0.331750446052093 0.0152996821041194 -2.01407079652623e-16)
(-0.332785045964585 0.0153379377989809 -1.90622162343987e-16)
(-0.333839004216052 0.0153771770059596 1.31014996447091e-17)
(-0.334913164441586 0.015416892095374 3.81219603141048e-17)
(-0.336008853094306 0.0154573486840998 -5.747399693849e-17)
(-0.337126652386009 0.0154990444447968 1.72558737732919e-17)
(-0.33826667395296 0.0155418845255876 1.60858124655096e-16)
(-0.33943009360703 0.0155851381521568 9.68679896649083e-17)
(-0.340618679938535 0.0156292879374688 1.89317416494214e-16)
(-0.341832844829795 0.0156751361421209 1.84478978475508e-16)
(-0.343072540067824 0.0157224135528914 7.28501074683575e-17)
(-0.344338994770082 0.0157705307923064 1.20402119584053e-16)
(-0.345633815421612 0.0158201188815761 2.79457913538493e-16)
(-0.346956691169082 0.0158720588771096 1.00068414191345e-16)
(-0.34830725308725 0.0159255143330811 -1.55185624197513e-16)
(-0.349687195114655 0.0159798932759335 -1.05026229526247e-16)
(-0.351098223092502 0.0160365639436068 -1.28096120946267e-16)
(-0.3525377425031 0.0160971408089094 -1.69073694365194e-16)
(-0.354003974937535 0.0161593146790324 -2.21271303549189e-16)
(-0.355499221523705 0.016222497952672 1.28881894266634e-16)
(-0.357024776222609 0.0162894970847222 6.48812245160361e-16)
(-0.358572310637466 0.0163630921978336 2.6578384261671e-16)
(-0.360137460247166 0.0164375524678956 3.73901565775366e-16)
(-0.361723710673905 0.0165132885993967 8.13020043112996e-17)
(-0.363329325771537 0.0165956261975437 2.75329541646154e-16)
(-0.364934570056777 0.0166882258994714 3.75186410445942e-16)
(-0.366530003708168 0.0167799992606534 2.37903503122178e-16)
(-0.368120603979254 0.0168735414603671 1.09756674579646e-16)
(-0.369694362375612 0.0169784855141324 -1.51442766359471e-16)
(-0.371211541476965 0.0170970699682151 -9.591266109047e-17)
(-0.372653778516843 0.0172117944138772 1.00275494601665e-17)
(-0.374025748244775 0.0173293922733814 -4.43783491805682e-16)
(-0.375287591247285 0.0174671098021236 -1.25651311360419e-16)
(-0.376361571891929 0.0176196373069699 -2.2092853302968e-16)
(-0.377215758384471 0.0177609685729323 -8.08201018750428e-17)
(-0.377851532798556 0.0179082476700805 5.53746188540095e-17)
(-0.378154055120219 0.0180904403793745 1.60564692039237e-16)
(-0.377981394731269 0.018278758568113 3.92597105446382e-16)
(-0.377282196452884 0.0184410326189434 4.10790277135885e-17)
(-0.376043549605206 0.0186239750573546 -1.45543458981343e-16)
(-0.373912050772291 0.0189111758241264 -3.0026044791417e-16)
(-0.37040895395819 0.0192538759256738 -4.12585917953062e-17)
(-0.365138773980295 0.0195826666045346 -1.91491224570557e-16)
(-0.357900195804931 0.020058862450604 -4.33711983956455e-16)
(-0.346930039028044 0.02080220730024 -4.35305727122952e-16)
(-0.331384822962718 0.0212170019345033 -1.02410935050778e-16)
(-0.311888026967539 0.021362825380778 -4.07714163536034e-16)
(-0.287867543606213 0.0214373184667646 -1.92851142794342e-16)
(-0.258382135578822 0.0212787967528693 -4.77171245742773e-16)
(-0.22379923914024 0.0205762187871827 -3.08797771691098e-16)
(-0.185077022007946 0.0195550516632865 -1.59863484815686e-16)
(-0.141687146365591 0.018310448953531 -2.24142858010819e-16)
(-0.0939422479499804 0.0166179641490284 1.08016753232143e-16)
(-0.0428101622787821 0.0145487565252945 -7.75443095020355e-17)
(0.0111484268961624 0.0122313002786803 2.64265342879917e-16)
(0.0678300938853459 0.00963981281077532 -1.3296397560255e-16)
(0.12603727238747 0.00685906929726957 -6.73029422086183e-17)
(0.18642411124874 0.00394441134919797 9.31919580834705e-17)
(0.247243565735921 0.000926177048017125 2.09586516690731e-16)
(0.310524985785381 -0.00217772418032859 -3.22805334429378e-17)
(0.37240919047803 -0.00513712884711212 -1.98148676657501e-16)
(0.440591523471892 -0.00822943016619493 -1.31631008981804e-16)
(0.503348696636763 -0.0111016625438285 -1.99599591166269e-16)
(0.580626728301631 -0.0141684226909641 -2.07180573103052e-16)
(0.643510595025018 -0.0165921719112157 2.65777621660544e-17)
(0.743620331148788 -0.0172886487244195 -2.27256493415146e-17)
(0.780139203667299 -0.000545993107397198 1.30101459156477e-16)
(0.760827167393847 -0.000217069830209662 2.1472633508365e-16)
(0.772732333406331 -0.000115124129922841 2.13416361046181e-16)
(0.764339901357481 7.91304785772167e-05 7.68521604131638e-17)
(0.767114582231984 0.000119504370072786 -1.21098084634162e-17)
(0.762313710351756 0.000191927405319811 8.69358447043436e-17)
(0.761557828565286 0.000225122027916512 6.83216932013474e-17)
(0.757986352705722 0.000253352229013826 -6.46944883183755e-17)
(0.755856720286189 0.000257786120168975 3.78109498344827e-17)
(0.752641320389538 0.000261409040293928 4.04509747781419e-17)
(0.750063445082497 0.000252201579992534 1.44955520866948e-17)
(0.747018833403806 0.000239205149424638 7.64731798833846e-19)
(0.744656711917654 0.000222917689036985 -9.88574466526768e-18)
(0.742511385918913 0.000155694119679444 7.26218173323356e-19)
(-0.306392742744044 0.0107671274232269 -7.56392322388771e-18)
(-0.309299277733874 0.0118488720107872 -9.31292275859938e-18)
(-0.310986815087944 0.0134592079757109 -1.88816065422564e-18)
(-0.312243665387458 0.0142211079234965 2.50363189060126e-17)
(-0.313170656475504 0.0145546986026708 1.50249416150237e-17)
(-0.313962953775087 0.0146924849510473 3.94283609586064e-18)
(-0.314713990575073 0.0147560636415946 1.19975161255642e-17)
(-0.315458880319891 0.0147950291912547 -4.83682525934129e-18)
(-0.316210275827725 0.014827537323378 1.29023345599603e-17)
(-0.316971563785213 0.0148593013290122 7.84659499647792e-17)
(-0.317743276257209 0.0148916970974953 5.62866375685579e-17)
(-0.318525649164046 0.0149245298966865 5.56772208802165e-17)
(-0.319319286359691 0.0149577277829327 4.04950809960517e-17)
(-0.320124682378257 0.0149914406086404 6.18497379984352e-17)
(-0.320942049996326 0.0150257457249935 9.73560265927256e-17)
(-0.321771916118509 0.015060332467121 5.73271715092329e-17)
(-0.322615129045078 0.0150953077729937 3.79457541287552e-17)
(-0.32347225313291 0.0151309040324706 1.56697369735047e-16)
(-0.324343548322108 0.0151672038963621 7.07099137294767e-17)
(-0.325229639007696 0.0152038978671059 -3.3272284618024e-17)
(-0.326131473088949 0.0152411375884847 -2.18942468099035e-16)
(-0.3270496188721 0.0152791800769055 -1.53155445116813e-16)
(-0.327984340794444 0.0153180756034603 6.85664964375442e-17)
(-0.328936319432667 0.0153575257592179 8.61924895137946e-17)
(-0.329906578046944 0.0153977020260083 -1.88105844638549e-17)
(-0.33089564769302 0.0154389074529438 3.05991056351022e-17)
(-0.331903713748633 0.0154811030863639 1.04748812896845e-16)
(-0.332931732403042 0.0155238548577876 2.56625878706402e-17)
(-0.333981136637783 0.0155674690182278 1.69617323262283e-16)
(-0.335052356420616 0.0156124389886336 1.16803791254016e-16)
(-0.336145437868003 0.0156586123441502 6.1643824829851e-17)
(-0.337261325991542 0.0157056410596051 5.33293906202154e-17)
(-0.338401292270439 0.01575391208675 2.3287887664588e-16)
(-0.339565197918992 0.0158039701467261 1.03400727922065e-16)
(-0.340752835470867 0.01585531102769 -2.39007406232634e-16)
(-0.341965508723606 0.0159075891503126 -1.18682740079609e-16)
(-0.343204612893507 0.0159616208589098 -8.90427148656436e-17)
(-0.34446813967855 0.0160183990465733 -7.28535101972102e-17)
(-0.345754656939537 0.0160764904927667 -1.96608830341812e-16)
(-0.347065878793791 0.0161355619342418 -5.80058452258402e-17)
(-0.348402935680073 0.0161972565107897 5.01592375896125e-16)
(-0.34975903636757 0.0162632798596096 2.13034619774994e-16)
(-0.351130501504541 0.0163300229146476 2.65745222668854e-16)
(-0.352519959485364 0.0163978020946809 2.05931909307101e-17)
(-0.3539260980791 0.0164696868595579 1.69943261682537e-16)
(-0.355332573189366 0.0165478865599869 1.76306257412455e-16)
(-0.356731252051593 0.0166253769958576 1.56645282120577e-16)
(-0.358126024553669 0.0167038410083636 1.19825503627668e-16)
(-0.35950712093706 0.0167888062814815 -1.70122067170666e-16)
(-0.360841153925969 0.0168814412821264 9.91344058187182e-18)
(-0.362112077050963 0.0169706376888485 8.314292822123e-17)
(-0.363323952365285 0.0170605312758608 -3.7949792327802e-16)
(-0.364443721138871 0.0171610168727546 -1.07225275565398e-16)
(-0.365405279652843 0.0172681769551018 -1.80633268513874e-16)
(-0.366180612015891 0.017365540022665 2.30788165558395e-17)
(-0.366772434823011 0.0174633118300547 7.38329519928279e-17)
(-0.367083763029512 0.0175779569719279 1.04553177587681e-16)
(-0.366993110163475 0.0176901027270618 3.38829664027013e-16)
(-0.36645588371045 0.0177795558878646 4.71863138677697e-17)
(-0.365467095568661 0.0178732900529661 -1.26650691100719e-16)
(-0.363730216313418 0.0180186480526317 -1.59951143340635e-16)
(-0.360844233395811 0.0181790388472572 -3.31040559164334e-17)
(-0.35647717309174 0.0183083179347874 -1.20758242166977e-16)
(-0.350493258835506 0.0184973939160207 -3.66871884509608e-16)
(-0.34136749204089 0.0188057255112306 -3.5141395605618e-16)
(-0.328351454982908 0.0188526506080278 -4.21990750988681e-17)
(-0.312006314913661 0.0186882444463498 -2.62149381920776e-16)
(-0.291839481898824 0.0184225778433419 -1.57897707872686e-16)
(-0.267023681536486 0.0179485518476766 -4.08853937944626e-16)
(-0.237875076014595 0.0170791778303902 -2.18888899313639e-16)
(-0.205247378789664 0.0159663346350362 -1.00083134884348e-16)
(-0.168663178842437 0.0146616843255682 -2.65737560955506e-16)
(-0.128380967969373 0.0130300063327038 3.65080375171168e-17)
(-0.0852474486697681 0.0111306397834037 -3.47198066465858e-17)
(-0.0397345351831535 0.00904551171134823 1.80778224969423e-16)
(0.00807474334438246 0.00676400043579583 -1.60023993238051e-16)
(0.0571440742679373 0.00434523632798005 1.82381742380892e-17)
(0.108037709507264 0.00182765068116397 1.7603656008478e-17)
(0.159262642161836 -0.000770667263854706 2.19516437735307e-16)
(0.212530649140198 -0.00342964511952732 7.80003693687033e-17)
(0.264543627777713 -0.00601701073038202 -1.06801095514816e-16)
(0.321870425542077 -0.00870930373290937 -1.4921084122794e-16)
(0.374488378553056 -0.0112879793447351 -1.4994907719436e-16)
(0.43934077657749 -0.0140296571981399 -1.44058996311914e-16)
(0.491910276273761 -0.016388800843703 1.24468283147425e-16)
(0.576496598256735 -0.0169003058802462 -6.4103785287438e-17)
(0.607350060019528 -0.000481826557437563 1.16448956744629e-16)
(0.590491782708406 -7.10183398670582e-05 1.66046552729879e-16)
(0.600457544137245 -0.00011839231711637 1.51902368765738e-16)
(0.593318573795938 6.83112521902101e-05 2.24724663155514e-17)
(0.59563238844079 4.7775992971987e-05 2.64995222959598e-18)
(0.591563635412574 0.000116835135357989 5.87266061787845e-17)
(0.59092951546103 0.000120850310768712 6.40183933475461e-17)
(0.587933108440913 0.000147055879830986 -4.79214406275289e-17)
(0.586158844733442 0.000144518322149112 4.33359813643385e-17)
(0.583472824005765 0.00015011519348587 2.24421667492297e-17)
(0.581327419842243 0.000143620095927861 5.76740620955173e-18)
(0.578785808146225 0.000136525336640871 4.41404102639196e-19)
(0.576818999477599 0.000126456770082379 -6.23772401826886e-18)
(0.575007798005618 9.35739135544129e-05 1.28587182587167e-18)
(-0.232473387770734 0.0088244110744841 -6.25215296907351e-18)
(-0.237208045990403 0.00991289593644353 -8.36439580450175e-18)
(-0.239041780481667 0.010981712497874 -8.58190038943681e-20)
(-0.240254944691857 0.011444704587713 1.05158481633508e-17)
(-0.241014254977583 0.011632726687052 9.58370310775842e-18)
(-0.24161486420969 0.0117105840203278 7.18802978776071e-18)
(-0.242168919576496 0.0117498986460644 -4.04817749752622e-19)
(-0.242715233419852 0.0117774260960504 2.77362766781522e-20)
(-0.243266099952528 0.0118022864845051 1.01774027695178e-17)
(-0.243824363364023 0.0118271087008404 4.16136271734184e-17)
(-0.244390290630954 0.0118524505584087 3.90853703495789e-17)
(-0.244963886418762 0.0118781755391658 5.76637360987823e-17)
(-0.245545446534316 0.0119042357942849 2.7141474161002e-17)
(-0.246135281237157 0.0119306921458413 2.91106510862949e-17)
(-0.246733563855939 0.0119575873579476 5.80025624880121e-17)
(-0.247340654800489 0.0119847831806244 5.70452506095867e-17)
(-0.247957110613277 0.0120123396322655 7.66881713447442e-17)
(-0.248583333610246 0.0120403626410644 1.37427415144697e-16)
(-0.249219537873731 0.0120689021277961 2.84739259669709e-17)
(-0.249866150557689 0.0120978208712178 -2.52471431892015e-17)
(-0.250523804761411 0.0121272008525396 -1.48357128978059e-16)
(-0.251192910650482 0.012157158864177 -7.36041397786231e-17)
(-0.251873680410884 0.0121877291091145 4.09730597766088e-17)
(-0.252566571426966 0.0122187819827919 3.73768699699194e-17)
(-0.253272266519775 0.0122504076017641 -3.61305479769203e-17)
(-0.25399115122298 0.0122827421396405 1.59682985958114e-17)
(-0.254723374056541 0.0123157832339888 5.62202962737876e-17)
(-0.255469585840354 0.0123493411571918 2.0129740202263e-17)
(-0.256230784407382 0.0123835694501061 5.13581940850046e-17)
(-0.257007300846965 0.0124186938500475 1.21843767888431e-16)
(-0.257799181170926 0.0124546505476818 4.42639831050138e-17)
(-0.258607044896055 0.0124912915783692 5.36415304181371e-17)
(-0.259431766410546 0.0125287959013785 1.28170080744435e-16)
(-0.260273287615067 0.0125674135659499 3.40933888116738e-17)
(-0.261131481753641 0.0126069163459447 -1.87893112662986e-16)
(-0.262007218222362 0.0126471650598423 -3.45609013561353e-17)
(-0.262901501942811 0.0126885114987807 -7.91892571748515e-17)
(-0.263812968355196 0.0127314023585503 2.90955425740547e-17)
(-0.264740600159745 0.0127751634785281 -1.93293846589388e-16)
(-0.265685536374227 0.0128196749647216 -1.88451665650338e-16)
(-0.266648687101405 0.0128656122265574 3.60078039393095e-16)
(-0.267625306929873 0.0129137296221096 1.38786608621418e-16)
(-0.26861276059869 0.0129623039181118 1.78410013851011e-16)
(-0.269612863880786 0.0130115522013359 7.41413539030005e-17)
(-0.270624930607725 0.0130626785644862 7.55146598196537e-17)
(-0.271637479670038 0.0131166112040223 1.03942073524914e-16)
(-0.272644668734825 0.0131699869625873 1.18210304119378e-16)
(-0.27364935132704 0.0132236742384851 1.41189375140586e-16)
(-0.274645060809993 0.0132797971048866 -8.86017390838696e-17)
(-0.275608222529659 0.0133386381872502 7.42298769609675e-17)
(-0.276527296381083 0.0133948970255645 -3.53661080941821e-17)
(-0.277405728799341 0.0134504748794153 -2.29840896907682e-16)
(-0.278220870727128 0.0135091349150081 -7.33648038714959e-17)
(-0.278925823905765 0.0135684513658945 -2.29658948490114e-16)
(-0.27950054116738 0.0136206461591897 1.03834487054658e-16)
(-0.279948747452475 0.0136700609966033 -3.74762858314993e-17)
(-0.280202596722991 0.0137227275576912 4.60027729886691e-17)
(-0.280175802187809 0.0137683932045016 1.95332636291598e-16)
(-0.279836982393865 0.0137977423565698 4.92624091376e-17)
(-0.27918800785265 0.0138213579032107 -2.10900030701384e-17)
(-0.278023071702112 0.0138563639756837 -1.1012787310757e-16)
(-0.276063441988379 0.0138802696469313 -2.08661288311302e-17)
(-0.273079135962796 0.0138694545815763 -1.76101532270045e-17)
(-0.269000799211938 0.0138572820017377 -1.98711974081309e-16)
(-0.262740383596153 0.0138558954549794 -2.79422503983951e-16)
(-0.253753137662739 0.0136835041623931 -9.28618199130275e-18)
(-0.242456348083879 0.0133756385472056 -1.66236920424494e-16)
(-0.228502502092583 0.0129705234426138 -1.06362929346646e-16)
(-0.211293078119693 0.0124130780116992 -2.77673523394511e-16)
(-0.191051561997328 0.0116249271920945 -1.30860465881227e-16)
(-0.168402124788308 0.0106860506512158 -3.57529902114681e-17)
(-0.142992638591102 0.00961251147809608 -1.81770177226077e-16)
(-0.11499893242759 0.00834722194118316 -3.11744834671484e-17)
(-0.0850286644957872 0.00693072650496175 4.46452203713156e-18)
(-0.0534109988565634 0.00540248748932682 1.04887107413374e-16)
(-0.0201992059455019 0.00376162086658938 -1.91173470503087e-16)
(0.0138670821497719 0.00204227630306531 2.67538480728409e-17)
(0.0491915875908162 0.000262925612477663 -1.04854476817125e-16)
(0.0847172021654153 -0.00156479153588774 1.50665418830743e-16)
(0.121645339545861 -0.00343035021367742 3.78041998307335e-17)
(0.157637219093132 -0.00527276905232449 -2.78337633748063e-18)
(0.197334017256251 -0.00719310954664048 -1.22343770320462e-16)
(0.233643013818783 -0.00906515701363217 -8.90098013359162e-17)
(0.278475788047999 -0.0110749796979121 -8.14098778376607e-17)
(0.314630958565166 -0.0128932316666994 9.36464380773947e-17)
(0.373646683617586 -0.013239193765159 -2.79060976178565e-17)
(0.395128931717884 -0.000307140242658382 6.05266819069751e-17)
(0.382903612008928 3.49736216254453e-05 1.08551772755921e-16)
(0.389815137753328 -6.87136476247176e-05 9.06849366092693e-17)
(0.384811119126292 5.95675957586064e-05 3.15612925958144e-18)
(0.38641635966509 1.61210748631258e-05 2.73503436260878e-17)
(0.383577790322609 6.22615154066283e-05 2.76337552373187e-17)
(0.383145992176244 5.05629205266291e-05 6.99093974535148e-17)
(0.381074926950302 6.67972778291035e-05 -3.21435760890432e-17)
(0.37985913287308 6.0327601568497e-05 2.88177546086753e-17)
(0.378010173601971 6.36715353329771e-05 1.37985416162124e-17)
(0.376539370779021 5.87331458803142e-05 -2.80000028587488e-18)
(0.374790204922649 5.47511727209681e-05 2.30485440659404e-19)
(0.373435534881425 4.79086472889764e-05 -7.72259299140434e-18)
(0.372123339228704 2.63522037285377e-05 1.01989711059783e-18)
(-0.0961350550828004 0.00386403481079603 -2.88861178040946e-18)
(-0.099996279007246 0.00447250860750487 -2.34992519625992e-18)
(-0.101042296782961 0.00467383025262358 3.06470133174878e-19)
(-0.101674288973433 0.00477532755840701 3.22378075953746e-18)
(-0.102014379973569 0.00480965423823161 3.77202659711544e-18)
(-0.102266684553691 0.00482654528910495 9.92967417780772e-18)
(-0.102496026230373 0.00483800414012177 -9.39023922153957e-18)
(-0.102722243235977 0.00484806762630798 -4.70510937070531e-19)
(-0.102950822936603 0.0048579976125226 3.62551391781579e-18)
(-0.10318271368171 0.00486807762937155 1.29738013397238e-17)
(-0.103417824482594 0.00487834568589403 1.2753575940743e-17)
(-0.103656045535144 0.00488875750588134 2.23283945622799e-17)
(-0.103897448215335 0.00489930724065053 8.38226193611541e-18)
(-0.104142143418364 0.00491000495284625 -9.78586127631741e-18)
(-0.104390193194609 0.00492086430219859 1.9655475232877e-17)
(-0.104641734202482 0.00493186016512222 4.71947837023412e-17)
(-0.10489698630944 0.00494301157561969 3.15966033972126e-17)
(-0.105156111561966 0.00495433516773941 4.12420027119275e-17)
(-0.105419190292035 0.00496584652533727 3.59322154975972e-18)
(-0.105686386059403 0.00497752074600496 -8.45905718579403e-18)
(-0.105957951459572 0.00498938116336371 -3.94427237057963e-17)
(-0.106234051623465 0.00500144561118424 -2.33744749426588e-17)
(-0.106514764457745 0.00501372569644405 1.02486114667249e-17)
(-0.106800262995794 0.00502619989532691 8.7328574352954e-18)
(-0.107090818789732 0.00503889161648034 -4.3837912619574e-17)
(-0.107386585778326 0.00505182071356504 3.01291323184429e-18)
(-0.107687609041882 0.00506499485507542 1.74737715748748e-17)
(-0.107994141156573 0.00507838352937384 7.61705059396415e-18)
(-0.108306595431301 0.00509202158575791 1.76335868372696e-17)
(-0.108625104942775 0.00510594557041448 6.8106132428591e-17)
(-0.108949671019967 0.00512014440447878 1.71027779640428e-17)
(-0.109280529578292 0.0051345971379697 4.44938276466225e-17)
(-0.109618042729491 0.00514933429238109 4.01926616375448e-17)
(-0.109962183953806 0.00516439807200397 -1.29313632873575e-17)
(-0.110312885323602 0.0051797450756939 -8.5703655048742e-17)
(-0.110670492384021 0.0051953622770547 -1.43678211504651e-17)
(-0.111035451293843 0.00521129137066387 -2.00381926224418e-17)
(-0.111407196988555 0.00522760563341978 5.87165303167255e-18)
(-0.111785287207634 0.00524416687155792 -6.08460775473614e-17)
(-0.112170192877884 0.00526097953924428 -5.11936405543923e-17)
(-0.112562387704311 0.00527809875209185 1.55602552363585e-16)
(-0.112959907793395 0.00529564758904955 4.91990258338842e-17)
(-0.113361648401273 0.00531326387891618 1.011304616275e-16)
(-0.113768418399858 0.00533104486611648 -1.77774753673157e-17)
(-0.114180131052327 0.0053490477118508 -1.82681922463992e-17)
(-0.114592072026336 0.00536740304536549 3.3942167502309e-17)
(-0.115001836317708 0.0053854076751586 7.98063142503673e-17)
(-0.115410802123182 0.0054032956533593 4.6962197370805e-17)
(-0.115816651433151 0.00542114939459851 -2.69819659957454e-17)
(-0.116209761029201 0.0054388935249692 2.3854714582145e-17)
(-0.116585442689718 0.00545544973261184 -1.53723537830737e-17)
(-0.116945640951897 0.00547116856309704 -7.44138325998277e-17)
(-0.11728164993874 0.00548620764268555 -2.63885244922723e-17)
(-0.117574391739544 0.00549979446224574 -1.37647409283915e-16)
(-0.117815859799351 0.00551043257623096 6.29508086489394e-17)
(-0.118008842141036 0.00551864459588286 -3.47001468031245e-17)
(-0.118126438247513 0.005524609202415 -1.7821377543274e-17)
(-0.118133750559435 0.00552571029570642 6.32784988566481e-17)
(-0.118018613653845 0.00552036215025998 4.72445134004555e-17)
(-0.117785107698328 0.00550911826100838 -6.64670443349448e-18)
(-0.117352610624074 0.00549242127148998 -6.43923530727176e-17)
(-0.1166114891089 0.00546281264622698 -7.46643974530063e-18)
(-0.115472310861531 0.00541513660459552 -5.6489867712538e-18)
(-0.113921551316408 0.00534925521221734 -3.31531485747287e-17)
(-0.111519079996503 0.0052604144481794 -9.06108226586116e-17)
(-0.108040910165848 0.00511202142751919 -3.67608982075896e-17)
(-0.103665266804527 0.00491872550840463 -5.46652142473834e-17)
(-0.0982543065809031 0.00467989964120548 -4.76001243853251e-17)
(-0.0915622502672587 0.00438344493200358 -1.43194276015757e-16)
(-0.0836782397255212 0.004019769649313 -4.35967110007641e-17)
(-0.0748607816867768 0.00360895541316533 3.14597028424923e-17)
(-0.0649623213166798 0.00314977408430795 -1.02222316350397e-16)
(-0.0540494441124713 0.00263476374286956 3.13865987343941e-17)
(-0.0423678225690104 0.00207901055774368 4.3066704045006e-17)
(-0.0300467248288623 0.00148997347779665 3.45426816921033e-17)
(-0.017103599925396 0.000870194759085166 -1.03236284764386e-16)
(-0.00383702700527454 0.000228363099036248 2.8207196529917e-18)
(0.00991835188645947 -0.000430125630060437 -1.97960194722214e-17)
(0.0237377634244484 -0.00110429683554288 4.36284357326409e-17)
(0.0381019903684947 -0.00178697205603158 1.29416907433048e-17)
(0.0520675412489621 -0.00247553092370054 -1.64175759213027e-17)
(0.0674953534552306 -0.00318540750882162 -5.0526897137735e-17)
(0.0815371308690425 -0.00390048652500053 -2.93731935069542e-17)
(0.0989390073556025 -0.0046535656831878 -2.76995651719245e-17)
(0.112871402725615 -0.00539588497394397 3.30755879334285e-17)
(0.136137045106981 -0.00542109426418436 -9.19443615209109e-18)
(0.144527238657788 -3.26581025381572e-05 5.75538457278858e-18)
(0.139429321856231 0.000157329812784955 3.57867596644698e-17)
(0.142140003425243 7.25148388848453e-05 3.00704801612749e-17)
(0.140163102941967 0.00011498014707798 -9.49028819378262e-20)
(0.14079468486605 7.65352027019047e-05 2.31804874850222e-17)
(0.139679948463321 8.5817363451477e-05 2.75076506859746e-18)
(0.139516836315075 6.67221831955252e-05 2.25090453047717e-17)
(0.138711640845833 6.42174736360999e-05 -1.75000370455305e-17)
(0.138244205611139 5.14316013168568e-05 1.62771176465043e-17)
(0.137528654981501 4.44478337934074e-05 4.65053500821771e-18)
(0.136962347608859 3.42110817066592e-05 -9.54278977211566e-19)
(0.136285756681479 2.51472158813822e-05 7.57001976318605e-20)
(0.135761480935762 1.54808542216362e-05 -2.93805124713251e-18)
(0.135217533772701 5.05548335277675e-08 7.42124012405699e-19)
)
;

boundaryField
{
    dieWall
    {
        type            fixedValue;
        value           uniform (0 0 0);
    }
    outlet
    {
        type            pressureInletOutletVelocity;
        value           nonuniform List<vector> 9((1.02905355182067 0.000259377712741937 -1.40660430590782e-18) (1.04696197892173 0.000427213543066312 -1.36074681253488e-18) (1.02676942610001 0.00027786458628435 -4.00050927841927e-18) (0.968931303366141 0.000228404368534152 -2.78295891993509e-18) (0.873998935076161 0.000201638349339392 -1.98474746462063e-18) (0.742511385918913 0.000155694119679444 7.26218173323356e-19) (0.575007798005618 9.35739135544129e-05 1.28587182587167e-18) (0.372123339228704 2.63522037285377e-05 1.01989711059783e-18) (0.135217533772701 5.05548335277675e-08 7.42124012405699e-19));
    }
    Wire
    {
        type            timeVaryingMappedCoupledVelocity;
        fieldTable      U;
        value           nonuniform List<vector> 
100
(
(0.942718857941011 0 0)
(0.942731316564561 0 0)
(0.942742313974421 0 0)
(0.94275250634825 0 0)
(0.942763562992589 0 0)
(0.94277522976418 0 0)
(0.942787514354817 0 0)
(0.942800185391698 0 0)
(0.942813193510545 0 0)
(0.942826915647637 0 0)
(0.942841403210492 0 0)
(0.94285671927593 0 0)
(0.942872755944267 0 0)
(0.942889150083893 0 0)
(0.942906594418119 0 0)
(0.942925302160485 0 0)
(0.942944570256288 0 0)
(0.942964438571161 0 0)
(0.942985609706082 0 0)
(0.943008247544906 0 0)
(0.943031811884667 0 0)
(0.943056437702864 0 0)
(0.943082986617719 0 0)
(0.943111234055021 0 0)
(0.943140216100314 0 0)
(0.943170485887026 0 0)
(0.943202032786754 0 0)
(0.943235165642964 0 0)
(0.943270790036368 0 0)
(0.943309208483194 0 0)
(0.943350958773407 0 0)
(0.943395371385119 0 0)
(0.943441285938054 0 0)
(0.943490247834227 0 0)
(0.943543747479605 0 0)
(0.943601431419329 0 0)
(0.943662948322198 0 0)
(0.943729485904075 0 0)
(0.943801775215379 0 0)
(0.943879684256742 0 0)
(0.943963764664151 0 0)
(0.944054171302006 0 0)
(0.944152454679811 0 0)
(0.94425935069378 0 0)
(0.944372793355793 0 0)
(0.94449617360536 0 0)
(0.944631895814335 0 0)
(0.9447777588598 0 0)
(0.944933303686057 0 0)
(0.945102522750424 0 0)
(0.945285825261913 0 0)
(0.94548030749644 0 0)
(0.945688950335557 0 0)
(0.945913455827021 0 0)
(0.946151393383235 0 0)
(0.946400740579592 0 0)
(0.946663683181494 0 0)
(0.946941342989763 0 0)
(0.94722962850989 0 0)
(0.947526848980571 0 0)
(0.947861358895641 0 0)
(0.948397841718804 0 0)
(0.94929453477187 0 0)
(0.950604809274738 0 0)
(0.952291372315048 0 0)
(0.954107248474747 0 0)
(0.955856367351648 0 0)
(0.957496135061821 0 0)
(0.95901917139789 0 0)
(0.960482955106552 0 0)
(0.96192980328002 0 0)
(0.963376376073146 0 0)
(0.96483740587882 0 0)
(0.96631855053057 0 0)
(0.967826442197211 0 0)
(0.969377095925615 0 0)
(0.970980670708347 0 0)
(0.972629337062207 0 0)
(0.974333342666767 0 0)
(0.976105274840847 0 0)
(0.97793957622512 0 0)
(0.979826461328366 0 0)
(0.981780511514122 0 0)
(0.983805329077746 0 0)
(0.985887231371864 0 0)
(0.987999394785627 0 0)
(0.990092725530623 0 0)
(0.992116056856326 0 0)
(0.994054456657142 0 0)
(0.995752991240188 0 0)
(0.997110032173488 0 0)
(0.998175428814534 0 0)
(0.998930594855727 0 0)
(0.999450790979241 0 0)
(0.999854914314167 0 0)
(1.00016587646054 0 0)
(1.00041443538684 0 0)
(1.00064435473618 0 0)
(1.00087693315697 0 0)
(1.00106814083719 0 0)
)
;
    }
    inlet
    {
        type            pressureInletOutletVelocity;
        value           nonuniform List<vector> 9((0.725935694815486 0 0) (0.369636740100931 0 0) (0.087904774767856 0 0) (-0.119024163759796 0.00703255492222384 -1.03660223120416e-18) (-0.252099954159498 0.00922125168329842 -4.89773191227864e-18) (-0.313867227546752 0.010651076831749 -8.76795117931358e-18) (-0.306392742744044 0.0107671274232269 -7.56392322388771e-18) (-0.232473387770734 0.0088244110744841 -6.25215296907351e-18) (-0.0961350550828004 0.00386403481079603 -2.88861178040946e-18));
    }
    back
    {
        type            wedge;
    }
    front
    {
        type            wedge;
    }
}


// ************************************************************************* //
