202
(
(0 -1.5797673164999185e-05 6.897413061443624e-07)
(0 -1.5797673164999185e-05 6.897413061443624e-07)
(0 -1.5797673164999185e-05 6.897413061443624e-07)
(0 -1.5797673164999185e-05 6.897413061443624e-07)
(0 -1.5797673164999185e-05 6.897413061443624e-07)
(0 -1.5797673164999185e-05 6.897413061443624e-07)
(0 -1.5797673164999185e-05 6.897413061443624e-07)
(0 -1.5797673164999185e-05 6.897413061443624e-07)
(0 -1.5797673164999185e-05 6.897413061443624e-07)
(0 -1.5797673164999185e-05 6.897413061443624e-07)
(0 -1.5797673164999185e-05 6.897413061443624e-07)
(0 -1.5797673164999185e-05 6.897413061443624e-07)
(0 -1.5797673164999185e-05 6.897413061443624e-07)
(0 -1.5797673164999185e-05 6.897413061443624e-07)
(0 -1.5797673164999185e-05 6.897413061443624e-07)
(0 -1.5797673164999185e-05 6.897413061443624e-07)
(0 -1.5797673164999185e-05 6.897413061443624e-07)
(0 -1.5797673164999185e-05 6.897413061443624e-07)
(0 -1.5797673164999185e-05 6.897413061443624e-07)
(0 -1.5797673164999185e-05 6.897413061443624e-07)
(0 -1.5797673164999185e-05 6.897413061443624e-07)
(0 -1.5797673164999185e-05 6.897413061443624e-07)
(0 -1.5797673164999185e-05 6.897413061443624e-07)
(0 -1.5797673164999185e-05 6.897413061443624e-07)
(0 -1.5797673164999185e-05 6.897413061443624e-07)
(0 -1.5797673164999185e-05 6.897413061443624e-07)
(0 -1.5797673164999185e-05 6.897413061443624e-07)
(0 -1.5797673164999185e-05 6.897413061443624e-07)
(0 -1.5797673164999185e-05 6.897413061443624e-07)
(0 -1.5797673164999185e-05 6.897413061443624e-07)
(0 -1.5797673164999185e-05 6.897413061443624e-07)
(0 -1.5797673164999185e-05 6.897413061443624e-07)
(0 -1.5797673164999185e-05 6.897413061443624e-07)
(0 -1.5797673164999185e-05 6.897413061443624e-07)
(0 -1.5797673164999185e-05 6.897413061443624e-07)
(0 -1.5797673164999185e-05 6.897413061443624e-07)
(0 -1.5797673164999185e-05 6.897413061443624e-07)
(0 -1.5797673164999185e-05 6.897413061443624e-07)
(0 -1.5797673164999185e-05 6.897413061443624e-07)
(0 -1.5797673164999185e-05 6.897413061443624e-07)
(0 -1.5797673164999185e-05 6.897413061443624e-07)
(0 -1.5797673164999185e-05 6.897413061443624e-07)
(0 -1.5797673164999185e-05 6.897413061443624e-07)
(0 -1.5797673164999185e-05 6.897413061443624e-07)
(0 -1.5797673164999185e-05 6.897413061443624e-07)
(0 -1.5797673164999185e-05 6.897413061443624e-07)
(0 -1.5797673164999185e-05 6.897413061443624e-07)
(0 -1.5797673164999185e-05 6.897413061443624e-07)
(0 -1.5797673164999185e-05 6.897413061443624e-07)
(0 -1.5797673164999185e-05 6.897413061443624e-07)
(0 -1.5797673164999185e-05 6.897413061443624e-07)
(0 -1.5797673164999185e-05 6.897413061443624e-07)
(0 -1.5797673164999185e-05 6.897413061443624e-07)
(0 -1.5797673164999185e-05 6.897413061443624e-07)
(0 -1.5797673164999185e-05 6.897413061443624e-07)
(0 -1.5797673164999185e-05 6.897413061443624e-07)
(0 -1.5797673164999185e-05 6.897413061443624e-07)
(0 -1.5797673164999185e-05 6.897413061443624e-07)
(0 -1.5797673164999185e-05 6.897413061443624e-07)
(0 -1.5797673164999185e-05 6.897413061443624e-07)
(0 -1.5797673164999185e-05 6.897413061443624e-07)
(0 -1.5797673164999185e-05 6.897413061443624e-07)
(0 -1.5797673164999185e-05 6.897413061443624e-07)
(0 -1.5797673164999185e-05 6.897413061443624e-07)
(0 -1.5797673164999185e-05 6.897413061443624e-07)
(0 -1.5797673164999185e-05 6.897413061443624e-07)
(0 -1.5797673164999185e-05 6.897413061443624e-07)
(0 -1.5797673164999185e-05 6.897413061443624e-07)
(0 -1.5797673164999185e-05 6.897413061443624e-07)
(0 -1.5797673164999185e-05 6.897413061443624e-07)
(0 -1.5797673164999185e-05 6.897413061443624e-07)
(0 -1.5797673164999185e-05 6.897413061443624e-07)
(0 -1.5797673164999185e-05 6.897413061443624e-07)
(0 -1.5797673164999185e-05 6.897413061443624e-07)
(0 -1.5797673164999185e-05 6.897413061443624e-07)
(0 -1.5797673164999185e-05 6.897413061443624e-07)
(0 -1.5797673164999185e-05 6.897413061443624e-07)
(0 -1.5797673164999185e-05 6.897413061443624e-07)
(0 -1.5797673164999185e-05 6.897413061443624e-07)
(0 -1.5797673164999185e-05 6.897413061443624e-07)
(0 -1.5797673164999185e-05 6.897413061443624e-07)
(0 -1.5797673164999185e-05 6.897413061443624e-07)
(0 -1.5797673164999185e-05 6.897413061443624e-07)
(0 -1.5797673164999185e-05 6.897413061443624e-07)
(0 -1.5797673164999185e-05 6.897413061443624e-07)
(0 -1.5797673164999185e-05 6.897413061443624e-07)
(0 -1.5797673164999185e-05 6.897413061443624e-07)
(0 -1.5797673164999185e-05 6.897413061443624e-07)
(0 -1.5797673164999185e-05 6.897413061443624e-07)
(0 -1.5797673164999185e-05 6.897413061443624e-07)
(0 -1.5797673164999185e-05 6.897413061443624e-07)
(0 -1.5797673164999185e-05 6.897413061443624e-07)
(0 -1.5797673164999185e-05 6.897413061443624e-07)
(0 -1.5797673164999185e-05 6.897413061443624e-07)
(0 -1.5797673164999185e-05 6.897413061443624e-07)
(0 -1.5797673164999185e-05 6.897413061443624e-07)
(0 -1.5797673164999185e-05 6.897413061443624e-07)
(0 -1.5797673164999185e-05 6.897413061443624e-07)
(0 -1.5797673164999185e-05 6.897413061443624e-07)
(0 -1.5797673164999185e-05 6.897413061443624e-07)
(0 -1.5797673164999185e-05 6.897413061443624e-07)
(0 -1.5797673164999185e-05 -6.897413061443624e-07)
(0 -1.5797673164999185e-05 -6.897413061443624e-07)
(0 -1.5797673164999185e-05 -6.897413061443624e-07)
(0 -1.5797673164999185e-05 -6.897413061443624e-07)
(0 -1.5797673164999185e-05 -6.897413061443624e-07)
(0 -1.5797673164999185e-05 -6.897413061443624e-07)
(0 -1.5797673164999185e-05 -6.897413061443624e-07)
(0 -1.5797673164999185e-05 -6.897413061443624e-07)
(0 -1.5797673164999185e-05 -6.897413061443624e-07)
(0 -1.5797673164999185e-05 -6.897413061443624e-07)
(0 -1.5797673164999185e-05 -6.897413061443624e-07)
(0 -1.5797673164999185e-05 -6.897413061443624e-07)
(0 -1.5797673164999185e-05 -6.897413061443624e-07)
(0 -1.5797673164999185e-05 -6.897413061443624e-07)
(0 -1.5797673164999185e-05 -6.897413061443624e-07)
(0 -1.5797673164999185e-05 -6.897413061443624e-07)
(0 -1.5797673164999185e-05 -6.897413061443624e-07)
(0 -1.5797673164999185e-05 -6.897413061443624e-07)
(0 -1.5797673164999185e-05 -6.897413061443624e-07)
(0 -1.5797673164999185e-05 -6.897413061443624e-07)
(0 -1.5797673164999185e-05 -6.897413061443624e-07)
(0 -1.5797673164999185e-05 -6.897413061443624e-07)
(0 -1.5797673164999185e-05 -6.897413061443624e-07)
(0 -1.5797673164999185e-05 -6.897413061443624e-07)
(0 -1.5797673164999185e-05 -6.897413061443624e-07)
(0 -1.5797673164999185e-05 -6.897413061443624e-07)
(0 -1.5797673164999185e-05 -6.897413061443624e-07)
(0 -1.5797673164999185e-05 -6.897413061443624e-07)
(0 -1.5797673164999185e-05 -6.897413061443624e-07)
(0 -1.5797673164999185e-05 -6.897413061443624e-07)
(0 -1.5797673164999185e-05 -6.897413061443624e-07)
(0 -1.5797673164999185e-05 -6.897413061443624e-07)
(0 -1.5797673164999185e-05 -6.897413061443624e-07)
(0 -1.5797673164999185e-05 -6.897413061443624e-07)
(0 -1.5797673164999185e-05 -6.897413061443624e-07)
(0 -1.5797673164999185e-05 -6.897413061443624e-07)
(0 -1.5797673164999185e-05 -6.897413061443624e-07)
(0 -1.5797673164999185e-05 -6.897413061443624e-07)
(0 -1.5797673164999185e-05 -6.897413061443624e-07)
(0 -1.5797673164999185e-05 -6.897413061443624e-07)
(0 -1.5797673164999185e-05 -6.897413061443624e-07)
(0 -1.5797673164999185e-05 -6.897413061443624e-07)
(0 -1.5797673164999185e-05 -6.897413061443624e-07)
(0 -1.5797673164999185e-05 -6.897413061443624e-07)
(0 -1.5797673164999185e-05 -6.897413061443624e-07)
(0 -1.5797673164999185e-05 -6.897413061443624e-07)
(0 -1.5797673164999185e-05 -6.897413061443624e-07)
(0 -1.5797673164999185e-05 -6.897413061443624e-07)
(0 -1.5797673164999185e-05 -6.897413061443624e-07)
(0 -1.5797673164999185e-05 -6.897413061443624e-07)
(0 -1.5797673164999185e-05 -6.897413061443624e-07)
(0 -1.5797673164999185e-05 -6.897413061443624e-07)
(0 -1.5797673164999185e-05 -6.897413061443624e-07)
(0 -1.5797673164999185e-05 -6.897413061443624e-07)
(0 -1.5797673164999185e-05 -6.897413061443624e-07)
(0 -1.5797673164999185e-05 -6.897413061443624e-07)
(0 -1.5797673164999185e-05 -6.897413061443624e-07)
(0 -1.5797673164999185e-05 -6.897413061443624e-07)
(0 -1.5797673164999185e-05 -6.897413061443624e-07)
(0 -1.5797673164999185e-05 -6.897413061443624e-07)
(0 -1.5797673164999185e-05 -6.897413061443624e-07)
(0 -1.5797673164999185e-05 -6.897413061443624e-07)
(0 -1.5797673164999185e-05 -6.897413061443624e-07)
(0 -1.5797673164999185e-05 -6.897413061443624e-07)
(0 -1.5797673164999185e-05 -6.897413061443624e-07)
(0 -1.5797673164999185e-05 -6.897413061443624e-07)
(0 -1.5797673164999185e-05 -6.897413061443624e-07)
(0 -1.5797673164999185e-05 -6.897413061443624e-07)
(0 -1.5797673164999185e-05 -6.897413061443624e-07)
(0 -1.5797673164999185e-05 -6.897413061443624e-07)
(0 -1.5797673164999185e-05 -6.897413061443624e-07)
(0 -1.5797673164999185e-05 -6.897413061443624e-07)
(0 -1.5797673164999185e-05 -6.897413061443624e-07)
(0 -1.5797673164999185e-05 -6.897413061443624e-07)
(0 -1.5797673164999185e-05 -6.897413061443624e-07)
(0 -1.5797673164999185e-05 -6.897413061443624e-07)
(0 -1.5797673164999185e-05 -6.897413061443624e-07)
(0 -1.5797673164999185e-05 -6.897413061443624e-07)
(0 -1.5797673164999185e-05 -6.897413061443624e-07)
(0 -1.5797673164999185e-05 -6.897413061443624e-07)
(0 -1.5797673164999185e-05 -6.897413061443624e-07)
(0 -1.5797673164999185e-05 -6.897413061443624e-07)
(0 -1.5797673164999185e-05 -6.897413061443624e-07)
(0 -1.5797673164999185e-05 -6.897413061443624e-07)
(0 -1.5797673164999185e-05 -6.897413061443624e-07)
(0 -1.5797673164999185e-05 -6.897413061443624e-07)
(0 -1.5797673164999185e-05 -6.897413061443624e-07)
(0 -1.5797673164999185e-05 -6.897413061443624e-07)
(0 -1.5797673164999185e-05 -6.897413061443624e-07)
(0 -1.5797673164999185e-05 -6.897413061443624e-07)
(0 -1.5797673164999185e-05 -6.897413061443624e-07)
(0 -1.5797673164999185e-05 -6.897413061443624e-07)
(0 -1.5797673164999185e-05 -6.897413061443624e-07)
(0 -1.5797673164999185e-05 -6.897413061443624e-07)
(0 -1.5797673164999185e-05 -6.897413061443624e-07)
(0 -1.5797673164999185e-05 -6.897413061443624e-07)
(0 -1.5797673164999185e-05 -6.897413061443624e-07)
(0 -1.5797673164999185e-05 -6.897413061443624e-07)
(0 -1.5797673164999185e-05 -6.897413061443624e-07)
(0 -1.5797673164999185e-05 -6.897413061443624e-07)
(0 -1.5797673164999185e-05 -6.897413061443624e-07)
)