202
(
(0 -1.7083946582006865e-05 7.459012163690714e-07)
(0 -1.7083946582006865e-05 7.459012163690714e-07)
(0 -1.7083946582006865e-05 7.459012163690714e-07)
(0 -1.7083946582006865e-05 7.459012163690714e-07)
(0 -1.7083946582006865e-05 7.459012163690714e-07)
(0 -1.7083946582006865e-05 7.459012163690714e-07)
(0 -1.7083946582006865e-05 7.459012163690714e-07)
(0 -1.7083946582006865e-05 7.459012163690714e-07)
(0 -1.7083946582006865e-05 7.459012163690714e-07)
(0 -1.7083946582006865e-05 7.459012163690714e-07)
(0 -1.7083946582006865e-05 7.459012163690714e-07)
(0 -1.7083946582006865e-05 7.459012163690714e-07)
(0 -1.7083946582006865e-05 7.459012163690714e-07)
(0 -1.7083946582006865e-05 7.459012163690714e-07)
(0 -1.7083946582006865e-05 7.459012163690714e-07)
(0 -1.7083946582006865e-05 7.459012163690714e-07)
(0 -1.7083946582006865e-05 7.459012163690714e-07)
(0 -1.7083946582006865e-05 7.459012163690714e-07)
(0 -1.7083946582006865e-05 7.459012163690714e-07)
(0 -1.7083946582006865e-05 7.459012163690714e-07)
(0 -1.7083946582006865e-05 7.459012163690714e-07)
(0 -1.7083946582006865e-05 7.459012163690714e-07)
(0 -1.7083946582006865e-05 7.459012163690714e-07)
(0 -1.7083946582006865e-05 7.459012163690714e-07)
(0 -1.7083946582006865e-05 7.459012163690714e-07)
(0 -1.7083946582006865e-05 7.459012163690714e-07)
(0 -1.7083946582006865e-05 7.459012163690714e-07)
(0 -1.7083946582006865e-05 7.459012163690714e-07)
(0 -1.7083946582006865e-05 7.459012163690714e-07)
(0 -1.7083946582006865e-05 7.459012163690714e-07)
(0 -1.7083946582006865e-05 7.459012163690714e-07)
(0 -1.7083946582006865e-05 7.459012163690714e-07)
(0 -1.7083946582006865e-05 7.459012163690714e-07)
(0 -1.7083946582006865e-05 7.459012163690714e-07)
(0 -1.7083946582006865e-05 7.459012163690714e-07)
(0 -1.7083946582006865e-05 7.459012163690714e-07)
(0 -1.7083946582006865e-05 7.459012163690714e-07)
(0 -1.7083946582006865e-05 7.459012163690714e-07)
(0 -1.7083946582006865e-05 7.459012163690714e-07)
(0 -1.7083946582006865e-05 7.459012163690714e-07)
(0 -1.7083946582006865e-05 7.459012163690714e-07)
(0 -1.7083946582006865e-05 7.459012163690714e-07)
(0 -1.7083946582006865e-05 7.459012163690714e-07)
(0 -1.7083946582006865e-05 7.459012163690714e-07)
(0 -1.7083946582006865e-05 7.459012163690714e-07)
(0 -1.7083946582006865e-05 7.459012163690714e-07)
(0 -1.7083946582006865e-05 7.459012163690714e-07)
(0 -1.7083946582006865e-05 7.459012163690714e-07)
(0 -1.7083946582006865e-05 7.459012163690714e-07)
(0 -1.7083946582006865e-05 7.459012163690714e-07)
(0 -1.7083946582006865e-05 7.459012163690714e-07)
(0 -1.7083946582006865e-05 7.459012163690714e-07)
(0 -1.7083946582006865e-05 7.459012163690714e-07)
(0 -1.7083946582006865e-05 7.459012163690714e-07)
(0 -1.7083946582006865e-05 7.459012163690714e-07)
(0 -1.7083946582006865e-05 7.459012163690714e-07)
(0 -1.7083946582006865e-05 7.459012163690714e-07)
(0 -1.7083946582006865e-05 7.459012163690714e-07)
(0 -1.7083946582006865e-05 7.459012163690714e-07)
(0 -1.7083946582006865e-05 7.459012163690714e-07)
(0 -1.7083946582006865e-05 7.459012163690714e-07)
(0 -1.7083946582006865e-05 7.459012163690714e-07)
(0 -1.7083946582006865e-05 7.459012163690714e-07)
(0 -1.7083946582006865e-05 7.459012163690714e-07)
(0 -1.7083946582006865e-05 7.459012163690714e-07)
(0 -1.7083946582006865e-05 7.459012163690714e-07)
(0 -1.7083946582006865e-05 7.459012163690714e-07)
(0 -1.7083946582006865e-05 7.459012163690714e-07)
(0 -1.7083946582006865e-05 7.459012163690714e-07)
(0 -1.7083946582006865e-05 7.459012163690714e-07)
(0 -1.7083946582006865e-05 7.459012163690714e-07)
(0 -1.7083946582006865e-05 7.459012163690714e-07)
(0 -1.7083946582006865e-05 7.459012163690714e-07)
(0 -1.7083946582006865e-05 7.459012163690714e-07)
(0 -1.7083946582006865e-05 7.459012163690714e-07)
(0 -1.7083946582006865e-05 7.459012163690714e-07)
(0 -1.7083946582006865e-05 7.459012163690714e-07)
(0 -1.7083946582006865e-05 7.459012163690714e-07)
(0 -1.7083946582006865e-05 7.459012163690714e-07)
(0 -1.7083946582006865e-05 7.459012163690714e-07)
(0 -1.7083946582006865e-05 7.459012163690714e-07)
(0 -1.7083946582006865e-05 7.459012163690714e-07)
(0 -1.7083946582006865e-05 7.459012163690714e-07)
(0 -1.7083946582006865e-05 7.459012163690714e-07)
(0 -1.7083946582006865e-05 7.459012163690714e-07)
(0 -1.7083946582006865e-05 7.459012163690714e-07)
(0 -1.7083946582006865e-05 7.459012163690714e-07)
(0 -1.7083946582006865e-05 7.459012163690714e-07)
(0 -1.7083946582006865e-05 7.459012163690714e-07)
(0 -1.7083946582006865e-05 7.459012163690714e-07)
(0 -1.7083946582006865e-05 7.459012163690714e-07)
(0 -1.7083946582006865e-05 7.459012163690714e-07)
(0 -1.7083946582006865e-05 7.459012163690714e-07)
(0 -1.7083946582006865e-05 7.459012163690714e-07)
(0 -1.7083946582006865e-05 7.459012163690714e-07)
(0 -1.7083946582006865e-05 7.459012163690714e-07)
(0 -1.7083946582006865e-05 7.459012163690714e-07)
(0 -1.7083946582006865e-05 7.459012163690714e-07)
(0 -1.7083946582006865e-05 7.459012163690714e-07)
(0 -1.7083946582006865e-05 7.459012163690714e-07)
(0 -1.7083946582006865e-05 7.459012163690714e-07)
(0 -1.7083946582006865e-05 -7.459012163690714e-07)
(0 -1.7083946582006865e-05 -7.459012163690714e-07)
(0 -1.7083946582006865e-05 -7.459012163690714e-07)
(0 -1.7083946582006865e-05 -7.459012163690714e-07)
(0 -1.7083946582006865e-05 -7.459012163690714e-07)
(0 -1.7083946582006865e-05 -7.459012163690714e-07)
(0 -1.7083946582006865e-05 -7.459012163690714e-07)
(0 -1.7083946582006865e-05 -7.459012163690714e-07)
(0 -1.7083946582006865e-05 -7.459012163690714e-07)
(0 -1.7083946582006865e-05 -7.459012163690714e-07)
(0 -1.7083946582006865e-05 -7.459012163690714e-07)
(0 -1.7083946582006865e-05 -7.459012163690714e-07)
(0 -1.7083946582006865e-05 -7.459012163690714e-07)
(0 -1.7083946582006865e-05 -7.459012163690714e-07)
(0 -1.7083946582006865e-05 -7.459012163690714e-07)
(0 -1.7083946582006865e-05 -7.459012163690714e-07)
(0 -1.7083946582006865e-05 -7.459012163690714e-07)
(0 -1.7083946582006865e-05 -7.459012163690714e-07)
(0 -1.7083946582006865e-05 -7.459012163690714e-07)
(0 -1.7083946582006865e-05 -7.459012163690714e-07)
(0 -1.7083946582006865e-05 -7.459012163690714e-07)
(0 -1.7083946582006865e-05 -7.459012163690714e-07)
(0 -1.7083946582006865e-05 -7.459012163690714e-07)
(0 -1.7083946582006865e-05 -7.459012163690714e-07)
(0 -1.7083946582006865e-05 -7.459012163690714e-07)
(0 -1.7083946582006865e-05 -7.459012163690714e-07)
(0 -1.7083946582006865e-05 -7.459012163690714e-07)
(0 -1.7083946582006865e-05 -7.459012163690714e-07)
(0 -1.7083946582006865e-05 -7.459012163690714e-07)
(0 -1.7083946582006865e-05 -7.459012163690714e-07)
(0 -1.7083946582006865e-05 -7.459012163690714e-07)
(0 -1.7083946582006865e-05 -7.459012163690714e-07)
(0 -1.7083946582006865e-05 -7.459012163690714e-07)
(0 -1.7083946582006865e-05 -7.459012163690714e-07)
(0 -1.7083946582006865e-05 -7.459012163690714e-07)
(0 -1.7083946582006865e-05 -7.459012163690714e-07)
(0 -1.7083946582006865e-05 -7.459012163690714e-07)
(0 -1.7083946582006865e-05 -7.459012163690714e-07)
(0 -1.7083946582006865e-05 -7.459012163690714e-07)
(0 -1.7083946582006865e-05 -7.459012163690714e-07)
(0 -1.7083946582006865e-05 -7.459012163690714e-07)
(0 -1.7083946582006865e-05 -7.459012163690714e-07)
(0 -1.7083946582006865e-05 -7.459012163690714e-07)
(0 -1.7083946582006865e-05 -7.459012163690714e-07)
(0 -1.7083946582006865e-05 -7.459012163690714e-07)
(0 -1.7083946582006865e-05 -7.459012163690714e-07)
(0 -1.7083946582006865e-05 -7.459012163690714e-07)
(0 -1.7083946582006865e-05 -7.459012163690714e-07)
(0 -1.7083946582006865e-05 -7.459012163690714e-07)
(0 -1.7083946582006865e-05 -7.459012163690714e-07)
(0 -1.7083946582006865e-05 -7.459012163690714e-07)
(0 -1.7083946582006865e-05 -7.459012163690714e-07)
(0 -1.7083946582006865e-05 -7.459012163690714e-07)
(0 -1.7083946582006865e-05 -7.459012163690714e-07)
(0 -1.7083946582006865e-05 -7.459012163690714e-07)
(0 -1.7083946582006865e-05 -7.459012163690714e-07)
(0 -1.7083946582006865e-05 -7.459012163690714e-07)
(0 -1.7083946582006865e-05 -7.459012163690714e-07)
(0 -1.7083946582006865e-05 -7.459012163690714e-07)
(0 -1.7083946582006865e-05 -7.459012163690714e-07)
(0 -1.7083946582006865e-05 -7.459012163690714e-07)
(0 -1.7083946582006865e-05 -7.459012163690714e-07)
(0 -1.7083946582006865e-05 -7.459012163690714e-07)
(0 -1.7083946582006865e-05 -7.459012163690714e-07)
(0 -1.7083946582006865e-05 -7.459012163690714e-07)
(0 -1.7083946582006865e-05 -7.459012163690714e-07)
(0 -1.7083946582006865e-05 -7.459012163690714e-07)
(0 -1.7083946582006865e-05 -7.459012163690714e-07)
(0 -1.7083946582006865e-05 -7.459012163690714e-07)
(0 -1.7083946582006865e-05 -7.459012163690714e-07)
(0 -1.7083946582006865e-05 -7.459012163690714e-07)
(0 -1.7083946582006865e-05 -7.459012163690714e-07)
(0 -1.7083946582006865e-05 -7.459012163690714e-07)
(0 -1.7083946582006865e-05 -7.459012163690714e-07)
(0 -1.7083946582006865e-05 -7.459012163690714e-07)
(0 -1.7083946582006865e-05 -7.459012163690714e-07)
(0 -1.7083946582006865e-05 -7.459012163690714e-07)
(0 -1.7083946582006865e-05 -7.459012163690714e-07)
(0 -1.7083946582006865e-05 -7.459012163690714e-07)
(0 -1.7083946582006865e-05 -7.459012163690714e-07)
(0 -1.7083946582006865e-05 -7.459012163690714e-07)
(0 -1.7083946582006865e-05 -7.459012163690714e-07)
(0 -1.7083946582006865e-05 -7.459012163690714e-07)
(0 -1.7083946582006865e-05 -7.459012163690714e-07)
(0 -1.7083946582006865e-05 -7.459012163690714e-07)
(0 -1.7083946582006865e-05 -7.459012163690714e-07)
(0 -1.7083946582006865e-05 -7.459012163690714e-07)
(0 -1.7083946582006865e-05 -7.459012163690714e-07)
(0 -1.7083946582006865e-05 -7.459012163690714e-07)
(0 -1.7083946582006865e-05 -7.459012163690714e-07)
(0 -1.7083946582006865e-05 -7.459012163690714e-07)
(0 -1.7083946582006865e-05 -7.459012163690714e-07)
(0 -1.7083946582006865e-05 -7.459012163690714e-07)
(0 -1.7083946582006865e-05 -7.459012163690714e-07)
(0 -1.7083946582006865e-05 -7.459012163690714e-07)
(0 -1.7083946582006865e-05 -7.459012163690714e-07)
(0 -1.7083946582006865e-05 -7.459012163690714e-07)
(0 -1.7083946582006865e-05 -7.459012163690714e-07)
(0 -1.7083946582006865e-05 -7.459012163690714e-07)
(0 -1.7083946582006865e-05 -7.459012163690714e-07)
(0 -1.7083946582006865e-05 -7.459012163690714e-07)
)