
                    FoamFile
                    {
                         version   2.0;
                         format    ascii;
                         class     vectorField;
                         object    values;
                    }
                    //***********************************************************************// //

                    244
(
(-8787802.08244558 31599.0400612893 1.19465388323123e-10)
(-8787802.08244558 31599.0400612893 1.19465388323123e-10)
(-8806521.76555873 29812.00856137526 1.8473649267694243e-10)
(-8943276.82269898 22810.115008867557 4.5136731849110905e-10)
(-9094437.264416404 24301.199801750256 -8.48077995564372e-11)
(-9259618.38051347 25880.631103305357 -9.755156102162443e-12)
(-9432403.04502669 26798.73191201153 -3.166771187756219e-10)
(-9612588.916691905 27493.537860247678 -2.2504691089925146e-10)
(-9799245.594586875 28177.87244928509 -9.536510416095185e-10)
(-9993173.327968517 28889.49008876034 2.0942710937347817e-10)
(-10194846.974846892 29609.055448178027 -6.838938110575104e-10)
(-10404284.226595022 30350.349455118205 1.1501033665104567e-10)
(-10623068.223340599 31127.297732569794 2.6438949213891746e-09)
(-10850242.779212108 31914.69639272742 3.787987190730359e-09)
(-11088107.338101301 32748.55613666832 2.351947382260699e-09)
(-11335800.830070771 33610.2304274978 -1.0314086737032362e-09)
(-11594877.914251829 34499.76561028998 -1.9441590634950127e-10)
(-11866052.823923908 35450.01176986108 -5.706998343596066e-10)
(-12149239.161545396 36441.80924495679 -2.2361279446780692e-09)
(-12447285.803786099 37486.6951152462 -4.903059233112879e-10)
(-12758646.94222478 38582.62661511547 -4.536989644802961e-10)
(-13087122.198691163 39732.628167701536 4.173908368144654e-10)
(-13431683.889341386 40973.899882638 4.2776243085572956e-10)
(-13794706.235423543 42302.00713791286 -2.271036765834434e-09)
(-14177798.073501809 43698.72317472082 -2.241385523977009e-09)
(-14581026.572250705 45231.78167485152 -1.0521266039712192e-09)
(-15009153.0149084 46870.65420539364 1.6518156861167022e-09)
(-15460210.913259158 48639.85697127703 -6.758098399968034e-10)
(-15940577.765592342 50676.81349486323 2.339804698093521e-09)
(-16448702.271287344 52840.3628172729 2.4336503515378643e-09)
(-16989595.113675777 55323.246999706804 -8.361759283308227e-10)
(-17565432.415936664 58180.57562990358 2.379969967320866e-10)
(-18177171.000919607 61271.99854381957 -5.969944064567599e-09)
(-18833625.8372629 65128.7669583518 -2.6875541367623863e-09)
(-19530069.740643594 69393.97987857385 7.234509819651652e-10)
(-20279833.46628114 74469.24281471553 -8.596648233194573e-10)
(-21078262.229840726 80844.28802674239 9.117800521959046e-10)
(-21933219.04159776 87824.45760227535 -6.974105601602636e-09)
(-22850341.001819212 96892.32128084765 8.226678254889156e-09)
(-23824528.351205368 107942.63096421375 -5.099640984697522e-09)
(-24871699.29810045 120178.801965234 6.978930959499765e-09)
(-25980400.98953202 137572.3328624836 4.51466388245761e-09)
(-27154120.958265834 156851.4851617336 -2.8476099618926005e-09)
(-28392663.877133656 179822.8570316255 -1.7699536130685578e-09)
(-29674475.479125794 214891.11325513394 2.1696678895501985e-09)
(-30964006.457188807 257515.47057551768 1.1381762959129318e-08)
(-32203675.512870334 329727.1173352102 -2.666278758461242e-09)
(-33169268.82030915 434788.29683256464 -3.227947914968946e-10)
(-33823867.61147814 535950.3768484876 7.931797164477155e-09)
(-33928744.96769607 656117.6489519048 9.065246068168763e-09)
(-33474482.30454306 731518.3992846342 -3.377845108699974e-09)
(-32459240.162787672 782361.3307714388 -5.808932716824531e-09)
(-30799371.724504665 798737.2504431655 -2.515460261296439e-09)
(-28646694.262530427 760815.3387628228 -1.528587482592012e-08)
(-25990555.0062013 684872.199813605 -5.56319294002383e-09)
(-23001581.547648553 573701.403935654 -1.1346340580527772e-08)
(-19639856.08552892 433528.12250718015 -1.0971823043941343e-08)
(-16016252.698683005 274551.2799016985 6.280533139108811e-09)
(-12086125.040141603 122482.56877881152 4.560987081803918e-09)
(-7657215.213920773 -27818.185265119573 2.70926712238692e-09)
(-2143752.3127124254 -182408.82763090008 1.7910237746338444e-09)
(4508257.402275458 -256667.46128764655 -5.790674231363e-09)
(10001860.593502857 -3833.0005127624136 -4.918825447120212e-09)
(9056473.828011567 -1740.9757649102103 -5.431707158401644e-09)
(9011304.759007143 36345.75295786403 -5.045202106499274e-09)
(8958600.133472603 49460.18105952649 6.106290458184358e-09)
(8669659.211022092 58446.69191518881 4.361572105813704e-09)
(8424276.389776303 57612.65953955217 3.9462947616260854e-09)
(8222864.362568 57670.22224145605 3.32816433767731e-09)
(7992596.326069817 52305.62338396009 3.7317160700030334e-10)
(7742686.047210202 52881.695700061406 -1.3509988424822274e-09)
(7488901.499088064 89805.86916113777 -1.2292262820580928e-10)
(7446532.04288143 98707.7725997946 3.81655750949052e-10)
(7446532.04288143 98707.7725997946 3.81655750949052e-10)
(7446532.04288143 98707.7725997946 3.81655750949052e-10)
(7446532.04288143 98707.7725997946 3.81655750949052e-10)
(7446532.04288143 98707.7725997946 3.81655750949052e-10)
(7446532.04288143 98707.7725997946 3.81655750949052e-10)
(7446532.04288143 98707.7725997946 3.81655750949052e-10)
(7446532.04288143 98707.7725997946 3.81655750949052e-10)
(7446532.04288143 98707.7725997946 3.81655750949052e-10)
(7446532.04288143 98707.7725997946 3.81655750949052e-10)
(7446532.04288143 98707.7725997946 3.81655750949052e-10)
(7446532.04288143 98707.7725997946 3.81655750949052e-10)
(7446532.04288143 98707.7725997946 3.81655750949052e-10)
(7446532.04288143 98707.7725997946 3.81655750949052e-10)
(7446532.04288143 98707.7725997946 3.81655750949052e-10)
(7446532.04288143 98707.7725997946 3.81655750949052e-10)
(7446532.04288143 98707.7725997946 3.81655750949052e-10)
(7446532.04288143 98707.7725997946 3.81655750949052e-10)
(7446532.04288143 98707.7725997946 3.81655750949052e-10)
(7446532.04288143 98707.7725997946 3.81655750949052e-10)
(7446532.04288143 98707.7725997946 3.81655750949052e-10)
(7446532.04288143 98707.7725997946 3.81655750949052e-10)
(7446532.04288143 98707.7725997946 3.81655750949052e-10)
(7446532.04288143 98707.7725997946 3.81655750949052e-10)
(7446532.04288143 98707.7725997946 3.81655750949052e-10)
(7446532.04288143 98707.7725997946 3.81655750949052e-10)
(7446532.04288143 98707.7725997946 3.81655750949052e-10)
(7446532.04288143 98707.7725997946 3.81655750949052e-10)
(7446532.04288143 98707.7725997946 3.81655750949052e-10)
(7446532.04288143 98707.7725997946 3.81655750949052e-10)
(7446532.04288143 98707.7725997946 3.81655750949052e-10)
(7446532.04288143 98707.7725997946 3.81655750949052e-10)
(7446532.04288143 98707.7725997946 3.81655750949052e-10)
(7446532.04288143 98707.7725997946 3.81655750949052e-10)
(7446532.04288143 98707.7725997946 3.81655750949052e-10)
(7446532.04288143 98707.7725997946 3.81655750949052e-10)
(7446532.04288143 98707.7725997946 3.81655750949052e-10)
(7446532.04288143 98707.7725997946 3.81655750949052e-10)
(7446532.04288143 98707.7725997946 3.81655750949052e-10)
(7446532.04288143 98707.7725997946 3.81655750949052e-10)
(7446532.04288143 98707.7725997946 3.81655750949052e-10)
(7446532.04288143 98707.7725997946 3.81655750949052e-10)
(7446532.04288143 98707.7725997946 3.81655750949052e-10)
(7446532.04288143 98707.7725997946 3.81655750949052e-10)
(7446532.04288143 98707.7725997946 3.81655750949052e-10)
(7446532.04288143 98707.7725997946 3.81655750949052e-10)
(7446532.04288143 98707.7725997946 3.81655750949052e-10)
(7446532.04288143 98707.7725997946 3.81655750949052e-10)
(7446532.04288143 98707.7725997946 3.81655750949052e-10)
(7446532.04288143 98707.7725997946 3.81655750949052e-10)
(-8787802.08244558 31599.0400612893 1.19465388323123e-10)
(-8787802.08244558 31599.0400612893 1.19465388323123e-10)
(-8806521.76555873 29812.00856137526 1.8473649267694243e-10)
(-8943276.82269898 22810.115008867557 4.5136731849110905e-10)
(-9094437.264416404 24301.199801750256 -8.48077995564372e-11)
(-9259618.38051347 25880.631103305357 -9.755156102162443e-12)
(-9432403.04502669 26798.73191201153 -3.166771187756219e-10)
(-9612588.916691905 27493.537860247678 -2.2504691089925146e-10)
(-9799245.594586875 28177.87244928509 -9.536510416095185e-10)
(-9993173.327968517 28889.49008876034 2.0942710937347817e-10)
(-10194846.974846892 29609.055448178027 -6.838938110575104e-10)
(-10404284.226595022 30350.349455118205 1.1501033665104567e-10)
(-10623068.223340599 31127.297732569794 2.6438949213891746e-09)
(-10850242.779212108 31914.69639272742 3.787987190730359e-09)
(-11088107.338101301 32748.55613666832 2.351947382260699e-09)
(-11335800.830070771 33610.2304274978 -1.0314086737032362e-09)
(-11594877.914251829 34499.76561028998 -1.9441590634950127e-10)
(-11866052.823923908 35450.01176986108 -5.706998343596066e-10)
(-12149239.161545396 36441.80924495679 -2.2361279446780692e-09)
(-12447285.803786099 37486.6951152462 -4.903059233112879e-10)
(-12758646.94222478 38582.62661511547 -4.536989644802961e-10)
(-13087122.198691163 39732.628167701536 4.173908368144654e-10)
(-13431683.889341386 40973.899882638 4.2776243085572956e-10)
(-13794706.235423543 42302.00713791286 -2.271036765834434e-09)
(-14177798.073501809 43698.72317472082 -2.241385523977009e-09)
(-14581026.572250705 45231.78167485152 -1.0521266039712192e-09)
(-15009153.0149084 46870.65420539364 1.6518156861167022e-09)
(-15460210.913259158 48639.85697127703 -6.758098399968034e-10)
(-15940577.765592342 50676.81349486323 2.339804698093521e-09)
(-16448702.271287344 52840.3628172729 2.4336503515378643e-09)
(-16989595.113675777 55323.246999706804 -8.361759283308227e-10)
(-17565432.415936664 58180.57562990358 2.379969967320866e-10)
(-18177171.000919607 61271.99854381957 -5.969944064567599e-09)
(-18833625.8372629 65128.7669583518 -2.6875541367623863e-09)
(-19530069.740643594 69393.97987857385 7.234509819651652e-10)
(-20279833.46628114 74469.24281471553 -8.596648233194573e-10)
(-21078262.229840726 80844.28802674239 9.117800521959046e-10)
(-21933219.04159776 87824.45760227535 -6.974105601602636e-09)
(-22850341.001819212 96892.32128084765 8.226678254889156e-09)
(-23824528.351205368 107942.63096421375 -5.099640984697522e-09)
(-24871699.29810045 120178.801965234 6.978930959499765e-09)
(-25980400.98953202 137572.3328624836 4.51466388245761e-09)
(-27154120.958265834 156851.4851617336 -2.8476099618926005e-09)
(-28392663.877133656 179822.8570316255 -1.7699536130685578e-09)
(-29674475.479125794 214891.11325513394 2.1696678895501985e-09)
(-30964006.457188807 257515.47057551768 1.1381762959129318e-08)
(-32203675.512870334 329727.1173352102 -2.666278758461242e-09)
(-33169268.82030915 434788.29683256464 -3.227947914968946e-10)
(-33823867.61147814 535950.3768484876 7.931797164477155e-09)
(-33928744.96769607 656117.6489519048 9.065246068168763e-09)
(-33474482.30454306 731518.3992846342 -3.377845108699974e-09)
(-32459240.162787672 782361.3307714388 -5.808932716824531e-09)
(-30799371.724504665 798737.2504431655 -2.515460261296439e-09)
(-28646694.262530427 760815.3387628228 -1.528587482592012e-08)
(-25990555.0062013 684872.199813605 -5.56319294002383e-09)
(-23001581.547648553 573701.403935654 -1.1346340580527772e-08)
(-19639856.08552892 433528.12250718015 -1.0971823043941343e-08)
(-16016252.698683005 274551.2799016985 6.280533139108811e-09)
(-12086125.040141603 122482.56877881152 4.560987081803918e-09)
(-7657215.213920773 -27818.185265119573 2.70926712238692e-09)
(-2143752.3127124254 -182408.82763090008 1.7910237746338444e-09)
(4508257.402275458 -256667.46128764655 -5.790674231363e-09)
(10001860.593502857 -3833.0005127624136 -4.918825447120212e-09)
(9056473.828011567 -1740.9757649102103 -5.431707158401644e-09)
(9011304.759007143 36345.75295786403 -5.045202106499274e-09)
(8958600.133472603 49460.18105952649 6.106290458184358e-09)
(8669659.211022092 58446.69191518881 4.361572105813704e-09)
(8424276.389776303 57612.65953955217 3.9462947616260854e-09)
(8222864.362568 57670.22224145605 3.32816433767731e-09)
(7992596.326069817 52305.62338396009 3.7317160700030334e-10)
(7742686.047210202 52881.695700061406 -1.3509988424822274e-09)
(7488901.499088064 89805.86916113777 -1.2292262820580928e-10)
(7446532.04288143 98707.7725997946 3.81655750949052e-10)
(7446532.04288143 98707.7725997946 3.81655750949052e-10)
(7446532.04288143 98707.7725997946 3.81655750949052e-10)
(7446532.04288143 98707.7725997946 3.81655750949052e-10)
(7446532.04288143 98707.7725997946 3.81655750949052e-10)
(7446532.04288143 98707.7725997946 3.81655750949052e-10)
(7446532.04288143 98707.7725997946 3.81655750949052e-10)
(7446532.04288143 98707.7725997946 3.81655750949052e-10)
(7446532.04288143 98707.7725997946 3.81655750949052e-10)
(7446532.04288143 98707.7725997946 3.81655750949052e-10)
(7446532.04288143 98707.7725997946 3.81655750949052e-10)
(7446532.04288143 98707.7725997946 3.81655750949052e-10)
(7446532.04288143 98707.7725997946 3.81655750949052e-10)
(7446532.04288143 98707.7725997946 3.81655750949052e-10)
(7446532.04288143 98707.7725997946 3.81655750949052e-10)
(7446532.04288143 98707.7725997946 3.81655750949052e-10)
(7446532.04288143 98707.7725997946 3.81655750949052e-10)
(7446532.04288143 98707.7725997946 3.81655750949052e-10)
(7446532.04288143 98707.7725997946 3.81655750949052e-10)
(7446532.04288143 98707.7725997946 3.81655750949052e-10)
(7446532.04288143 98707.7725997946 3.81655750949052e-10)
(7446532.04288143 98707.7725997946 3.81655750949052e-10)
(7446532.04288143 98707.7725997946 3.81655750949052e-10)
(7446532.04288143 98707.7725997946 3.81655750949052e-10)
(7446532.04288143 98707.7725997946 3.81655750949052e-10)
(7446532.04288143 98707.7725997946 3.81655750949052e-10)
(7446532.04288143 98707.7725997946 3.81655750949052e-10)
(7446532.04288143 98707.7725997946 3.81655750949052e-10)
(7446532.04288143 98707.7725997946 3.81655750949052e-10)
(7446532.04288143 98707.7725997946 3.81655750949052e-10)
(7446532.04288143 98707.7725997946 3.81655750949052e-10)
(7446532.04288143 98707.7725997946 3.81655750949052e-10)
(7446532.04288143 98707.7725997946 3.81655750949052e-10)
(7446532.04288143 98707.7725997946 3.81655750949052e-10)
(7446532.04288143 98707.7725997946 3.81655750949052e-10)
(7446532.04288143 98707.7725997946 3.81655750949052e-10)
(7446532.04288143 98707.7725997946 3.81655750949052e-10)
(7446532.04288143 98707.7725997946 3.81655750949052e-10)
(7446532.04288143 98707.7725997946 3.81655750949052e-10)
(7446532.04288143 98707.7725997946 3.81655750949052e-10)
(7446532.04288143 98707.7725997946 3.81655750949052e-10)
(7446532.04288143 98707.7725997946 3.81655750949052e-10)
(7446532.04288143 98707.7725997946 3.81655750949052e-10)
(7446532.04288143 98707.7725997946 3.81655750949052e-10)
(7446532.04288143 98707.7725997946 3.81655750949052e-10)
(7446532.04288143 98707.7725997946 3.81655750949052e-10)
(7446532.04288143 98707.7725997946 3.81655750949052e-10)
(7446532.04288143 98707.7725997946 3.81655750949052e-10)
(7446532.04288143 98707.7725997946 3.81655750949052e-10)
(7446532.04288143 98707.7725997946 3.81655750949052e-10)
)