202
(
(0 -8.23229062630875e-06 3.594295710415453e-07)
(0 -8.23229062630875e-06 3.594295710415453e-07)
(0 -8.23229062630875e-06 3.594295710415453e-07)
(0 -8.23229062630875e-06 3.594295710415453e-07)
(0 -8.23229062630875e-06 3.594295710415453e-07)
(0 -8.23229062630875e-06 3.594295710415453e-07)
(0 -8.23229062630875e-06 3.594295710415453e-07)
(0 -8.23229062630875e-06 3.594295710415453e-07)
(0 -8.23229062630875e-06 3.594295710415453e-07)
(0 -8.23229062630875e-06 3.594295710415453e-07)
(0 -8.23229062630875e-06 3.594295710415453e-07)
(0 -8.23229062630875e-06 3.594295710415453e-07)
(0 -8.23229062630875e-06 3.594295710415453e-07)
(0 -8.23229062630875e-06 3.594295710415453e-07)
(0 -8.23229062630875e-06 3.594295710415453e-07)
(0 -8.23229062630875e-06 3.594295710415453e-07)
(0 -8.23229062630875e-06 3.594295710415453e-07)
(0 -8.23229062630875e-06 3.594295710415453e-07)
(0 -8.23229062630875e-06 3.594295710415453e-07)
(0 -8.23229062630875e-06 3.594295710415453e-07)
(0 -8.23229062630875e-06 3.594295710415453e-07)
(0 -8.23229062630875e-06 3.594295710415453e-07)
(0 -8.23229062630875e-06 3.594295710415453e-07)
(0 -8.23229062630875e-06 3.594295710415453e-07)
(0 -8.23229062630875e-06 3.594295710415453e-07)
(0 -8.23229062630875e-06 3.594295710415453e-07)
(0 -8.23229062630875e-06 3.594295710415453e-07)
(0 -8.23229062630875e-06 3.594295710415453e-07)
(0 -8.23229062630875e-06 3.594295710415453e-07)
(0 -8.23229062630875e-06 3.594295710415453e-07)
(0 -8.23229062630875e-06 3.594295710415453e-07)
(0 -8.23229062630875e-06 3.594295710415453e-07)
(0 -8.23229062630875e-06 3.594295710415453e-07)
(0 -8.23229062630875e-06 3.594295710415453e-07)
(0 -8.23229062630875e-06 3.594295710415453e-07)
(0 -8.23229062630875e-06 3.594295710415453e-07)
(0 -8.23229062630875e-06 3.594295710415453e-07)
(0 -8.23229062630875e-06 3.594295710415453e-07)
(0 -8.23229062630875e-06 3.594295710415453e-07)
(0 -8.23229062630875e-06 3.594295710415453e-07)
(0 -8.23229062630875e-06 3.594295710415453e-07)
(0 -8.23229062630875e-06 3.594295710415453e-07)
(0 -8.23229062630875e-06 3.594295710415453e-07)
(0 -8.23229062630875e-06 3.594295710415453e-07)
(0 -8.23229062630875e-06 3.594295710415453e-07)
(0 -8.23229062630875e-06 3.594295710415453e-07)
(0 -8.23229062630875e-06 3.594295710415453e-07)
(0 -8.23229062630875e-06 3.594295710415453e-07)
(0 -8.23229062630875e-06 3.594295710415453e-07)
(0 -8.23229062630875e-06 3.594295710415453e-07)
(0 -8.23229062630875e-06 3.594295710415453e-07)
(0 -8.23229062630875e-06 3.594295710415453e-07)
(0 -8.23229062630875e-06 3.594295710415453e-07)
(0 -8.23229062630875e-06 3.594295710415453e-07)
(0 -8.23229062630875e-06 3.594295710415453e-07)
(0 -8.23229062630875e-06 3.594295710415453e-07)
(0 -8.23229062630875e-06 3.594295710415453e-07)
(0 -8.23229062630875e-06 3.594295710415453e-07)
(0 -8.23229062630875e-06 3.594295710415453e-07)
(0 -8.23229062630875e-06 3.594295710415453e-07)
(0 -8.23229062630875e-06 3.594295710415453e-07)
(0 -8.23229062630875e-06 3.594295710415453e-07)
(0 -8.23229062630875e-06 3.594295710415453e-07)
(0 -8.23229062630875e-06 3.594295710415453e-07)
(0 -8.23229062630875e-06 3.594295710415453e-07)
(0 -8.23229062630875e-06 3.594295710415453e-07)
(0 -8.23229062630875e-06 3.594295710415453e-07)
(0 -8.23229062630875e-06 3.594295710415453e-07)
(0 -8.23229062630875e-06 3.594295710415453e-07)
(0 -8.23229062630875e-06 3.594295710415453e-07)
(0 -8.23229062630875e-06 3.594295710415453e-07)
(0 -8.23229062630875e-06 3.594295710415453e-07)
(0 -8.23229062630875e-06 3.594295710415453e-07)
(0 -8.23229062630875e-06 3.594295710415453e-07)
(0 -8.23229062630875e-06 3.594295710415453e-07)
(0 -8.23229062630875e-06 3.594295710415453e-07)
(0 -8.23229062630875e-06 3.594295710415453e-07)
(0 -8.23229062630875e-06 3.594295710415453e-07)
(0 -8.23229062630875e-06 3.594295710415453e-07)
(0 -8.23229062630875e-06 3.594295710415453e-07)
(0 -8.23229062630875e-06 3.594295710415453e-07)
(0 -8.23229062630875e-06 3.594295710415453e-07)
(0 -8.23229062630875e-06 3.594295710415453e-07)
(0 -8.23229062630875e-06 3.594295710415453e-07)
(0 -8.23229062630875e-06 3.594295710415453e-07)
(0 -8.23229062630875e-06 3.594295710415453e-07)
(0 -8.23229062630875e-06 3.594295710415453e-07)
(0 -8.23229062630875e-06 3.594295710415453e-07)
(0 -8.23229062630875e-06 3.594295710415453e-07)
(0 -8.23229062630875e-06 3.594295710415453e-07)
(0 -8.23229062630875e-06 3.594295710415453e-07)
(0 -8.23229062630875e-06 3.594295710415453e-07)
(0 -8.23229062630875e-06 3.594295710415453e-07)
(0 -8.23229062630875e-06 3.594295710415453e-07)
(0 -8.23229062630875e-06 3.594295710415453e-07)
(0 -8.23229062630875e-06 3.594295710415453e-07)
(0 -8.23229062630875e-06 3.594295710415453e-07)
(0 -8.23229062630875e-06 3.594295710415453e-07)
(0 -8.23229062630875e-06 3.594295710415453e-07)
(0 -8.23229062630875e-06 3.594295710415453e-07)
(0 -8.23229062630875e-06 3.594295710415453e-07)
(0 -8.23229062630875e-06 -3.594295710415453e-07)
(0 -8.23229062630875e-06 -3.594295710415453e-07)
(0 -8.23229062630875e-06 -3.594295710415453e-07)
(0 -8.23229062630875e-06 -3.594295710415453e-07)
(0 -8.23229062630875e-06 -3.594295710415453e-07)
(0 -8.23229062630875e-06 -3.594295710415453e-07)
(0 -8.23229062630875e-06 -3.594295710415453e-07)
(0 -8.23229062630875e-06 -3.594295710415453e-07)
(0 -8.23229062630875e-06 -3.594295710415453e-07)
(0 -8.23229062630875e-06 -3.594295710415453e-07)
(0 -8.23229062630875e-06 -3.594295710415453e-07)
(0 -8.23229062630875e-06 -3.594295710415453e-07)
(0 -8.23229062630875e-06 -3.594295710415453e-07)
(0 -8.23229062630875e-06 -3.594295710415453e-07)
(0 -8.23229062630875e-06 -3.594295710415453e-07)
(0 -8.23229062630875e-06 -3.594295710415453e-07)
(0 -8.23229062630875e-06 -3.594295710415453e-07)
(0 -8.23229062630875e-06 -3.594295710415453e-07)
(0 -8.23229062630875e-06 -3.594295710415453e-07)
(0 -8.23229062630875e-06 -3.594295710415453e-07)
(0 -8.23229062630875e-06 -3.594295710415453e-07)
(0 -8.23229062630875e-06 -3.594295710415453e-07)
(0 -8.23229062630875e-06 -3.594295710415453e-07)
(0 -8.23229062630875e-06 -3.594295710415453e-07)
(0 -8.23229062630875e-06 -3.594295710415453e-07)
(0 -8.23229062630875e-06 -3.594295710415453e-07)
(0 -8.23229062630875e-06 -3.594295710415453e-07)
(0 -8.23229062630875e-06 -3.594295710415453e-07)
(0 -8.23229062630875e-06 -3.594295710415453e-07)
(0 -8.23229062630875e-06 -3.594295710415453e-07)
(0 -8.23229062630875e-06 -3.594295710415453e-07)
(0 -8.23229062630875e-06 -3.594295710415453e-07)
(0 -8.23229062630875e-06 -3.594295710415453e-07)
(0 -8.23229062630875e-06 -3.594295710415453e-07)
(0 -8.23229062630875e-06 -3.594295710415453e-07)
(0 -8.23229062630875e-06 -3.594295710415453e-07)
(0 -8.23229062630875e-06 -3.594295710415453e-07)
(0 -8.23229062630875e-06 -3.594295710415453e-07)
(0 -8.23229062630875e-06 -3.594295710415453e-07)
(0 -8.23229062630875e-06 -3.594295710415453e-07)
(0 -8.23229062630875e-06 -3.594295710415453e-07)
(0 -8.23229062630875e-06 -3.594295710415453e-07)
(0 -8.23229062630875e-06 -3.594295710415453e-07)
(0 -8.23229062630875e-06 -3.594295710415453e-07)
(0 -8.23229062630875e-06 -3.594295710415453e-07)
(0 -8.23229062630875e-06 -3.594295710415453e-07)
(0 -8.23229062630875e-06 -3.594295710415453e-07)
(0 -8.23229062630875e-06 -3.594295710415453e-07)
(0 -8.23229062630875e-06 -3.594295710415453e-07)
(0 -8.23229062630875e-06 -3.594295710415453e-07)
(0 -8.23229062630875e-06 -3.594295710415453e-07)
(0 -8.23229062630875e-06 -3.594295710415453e-07)
(0 -8.23229062630875e-06 -3.594295710415453e-07)
(0 -8.23229062630875e-06 -3.594295710415453e-07)
(0 -8.23229062630875e-06 -3.594295710415453e-07)
(0 -8.23229062630875e-06 -3.594295710415453e-07)
(0 -8.23229062630875e-06 -3.594295710415453e-07)
(0 -8.23229062630875e-06 -3.594295710415453e-07)
(0 -8.23229062630875e-06 -3.594295710415453e-07)
(0 -8.23229062630875e-06 -3.594295710415453e-07)
(0 -8.23229062630875e-06 -3.594295710415453e-07)
(0 -8.23229062630875e-06 -3.594295710415453e-07)
(0 -8.23229062630875e-06 -3.594295710415453e-07)
(0 -8.23229062630875e-06 -3.594295710415453e-07)
(0 -8.23229062630875e-06 -3.594295710415453e-07)
(0 -8.23229062630875e-06 -3.594295710415453e-07)
(0 -8.23229062630875e-06 -3.594295710415453e-07)
(0 -8.23229062630875e-06 -3.594295710415453e-07)
(0 -8.23229062630875e-06 -3.594295710415453e-07)
(0 -8.23229062630875e-06 -3.594295710415453e-07)
(0 -8.23229062630875e-06 -3.594295710415453e-07)
(0 -8.23229062630875e-06 -3.594295710415453e-07)
(0 -8.23229062630875e-06 -3.594295710415453e-07)
(0 -8.23229062630875e-06 -3.594295710415453e-07)
(0 -8.23229062630875e-06 -3.594295710415453e-07)
(0 -8.23229062630875e-06 -3.594295710415453e-07)
(0 -8.23229062630875e-06 -3.594295710415453e-07)
(0 -8.23229062630875e-06 -3.594295710415453e-07)
(0 -8.23229062630875e-06 -3.594295710415453e-07)
(0 -8.23229062630875e-06 -3.594295710415453e-07)
(0 -8.23229062630875e-06 -3.594295710415453e-07)
(0 -8.23229062630875e-06 -3.594295710415453e-07)
(0 -8.23229062630875e-06 -3.594295710415453e-07)
(0 -8.23229062630875e-06 -3.594295710415453e-07)
(0 -8.23229062630875e-06 -3.594295710415453e-07)
(0 -8.23229062630875e-06 -3.594295710415453e-07)
(0 -8.23229062630875e-06 -3.594295710415453e-07)
(0 -8.23229062630875e-06 -3.594295710415453e-07)
(0 -8.23229062630875e-06 -3.594295710415453e-07)
(0 -8.23229062630875e-06 -3.594295710415453e-07)
(0 -8.23229062630875e-06 -3.594295710415453e-07)
(0 -8.23229062630875e-06 -3.594295710415453e-07)
(0 -8.23229062630875e-06 -3.594295710415453e-07)
(0 -8.23229062630875e-06 -3.594295710415453e-07)
(0 -8.23229062630875e-06 -3.594295710415453e-07)
(0 -8.23229062630875e-06 -3.594295710415453e-07)
(0 -8.23229062630875e-06 -3.594295710415453e-07)
(0 -8.23229062630875e-06 -3.594295710415453e-07)
(0 -8.23229062630875e-06 -3.594295710415453e-07)
(0 -8.23229062630875e-06 -3.594295710415453e-07)
(0 -8.23229062630875e-06 -3.594295710415453e-07)
)