/*--------------------------------*- C++ -*----------------------------------*\
| =========                 |                                                 |
| \\      /  F ield         | foam-extend: Open Source CFD                    |
|  \\    /   O peration     | Version:     4.1-20200408                       |
|   \\  /    A nd           | Web:         http://www.foam-extend.org         |
|    \\/     M anipulation  |                                                 |
\*---------------------------------------------------------------------------*/
FoamFile
{
    version     2.0;
    format      ascii;
    class       volVectorField;
    location    "0.0805000";
    object      Velocity;
}
// * * * * * * * * * * * * * * * * * * * * * * * * * * * * * * * * * * * * * //

dimensions      [0 1 -1 0 0 0 0];

internalField   nonuniform List<vector> 
1952
(
(1.00001 -3.36504e-05 0)
(1.00001 -5.24874e-05 0)
(1.00001 -7.61454e-05 0)
(1.00001 -9.27955e-05 0)
(1.00002 -0.000117333 0)
(1.00002 -0.000131685 0)
(1.00003 -0.000155652 0)
(1.00003 -0.000167279 0)
(1.00004 -0.000189149 0)
(1.00005 -0.000196876 0)
(1.00007 -0.000214356 0)
(1.00009 -0.000216076 0)
(1.00013 -0.000225221 0)
(1.00019 -0.000217754 0)
(1.00031 -0.000209957 0)
(1.00001 -1.41902e-05 0)
(1.00002 -1.52742e-05 0)
(1.00002 -2.39432e-05 0)
(1.00003 -3.4044e-05 0)
(1.00003 -4.13937e-05 0)
(1.00003 -5.10911e-05 0)
(1.00004 -5.66813e-05 0)
(1.00005 -6.52092e-05 0)
(1.00006 -6.85181e-05 0)
(1.00007 -7.49547e-05 0)
(1.00008 -7.5305e-05 0)
(1.0001 -7.89801e-05 0)
(1.00012 -7.59271e-05 0)
(1.00015 -7.64652e-05 0)
(1.00018 -7.10177e-05 0)
(1.00021 -7.20336e-05 0)
(1.00002 -6.4707e-06 0)
(1.00002 -1.042e-05 0)
(1.00003 -1.66156e-05 0)
(1.00003 -2.29379e-05 0)
(1.00003 -2.81509e-05 0)
(1.00004 -3.3679e-05 0)
(1.00005 -3.73171e-05 0)
(1.00005 -4.14902e-05 0)
(1.00006 -4.3013e-05 0)
(1.00008 -4.51728e-05 0)
(1.00009 -4.4171e-05 0)
(1.00011 -4.42296e-05 0)
(1.00013 -4.09537e-05 0)
(1.00016 -3.9503e-05 0)
(1.00018 -3.54703e-05 0)
(1.00022 -3.51985e-05 0)
(1.00002 -4.45911e-06 0)
(1.00003 -6.23221e-06 0)
(1.00004 -9.88065e-06 0)
(1.00004 -1.34252e-05 0)
(1.00004 -1.62356e-05 0)
(1.00005 -1.89396e-05 0)
(1.00006 -2.0355e-05 0)
(1.00007 -2.17812e-05 0)
(1.00008 -2.13876e-05 0)
(1.00009 -2.11682e-05 0)
(1.0001 -1.88299e-05 0)
(1.00012 -1.71355e-05 0)
(1.00014 -1.34115e-05 0)
(1.00016 -1.13533e-05 0)
(1.00018 -8.12843e-06 0)
(1.00021 -8.96185e-06 0)
(1.00003 -2.67178e-06 0)
(1.00004 -2.73878e-06 0)
(1.00005 -4.24119e-06 0)
(1.00005 -5.57505e-06 0)
(1.00006 -6.347e-06 0)
(1.00006 -6.92439e-06 0)
(1.00007 -6.52788e-06 0)
(1.00008 -6.05916e-06 0)
(1.00009 -4.25244e-06 0)
(1.0001 -2.61075e-06 0)
(1.00012 4.81464e-07 0)
(1.00013 2.89129e-06 0)
(1.00015 6.4962e-06 0)
(1.00017 8.50679e-06 0)
(1.00019 1.10245e-05 0)
(1.00021 1.05295e-05 0)
(1.00004 -1.17869e-06 0)
(1.00006 8.72252e-08 0)
(1.00006 3.25824e-07 0)
(1.00007 7.17834e-07 0)
(1.00007 1.58282e-06 0)
(1.00008 2.57777e-06 0)
(1.00008 4.37821e-06 0)
(1.00009 6.14016e-06 0)
(1.0001 8.96633e-06 0)
(1.00012 1.14601e-05 0)
(1.00013 1.50297e-05 0)
(1.00014 1.7771e-05 0)
(1.00016 2.12704e-05 0)
(1.00018 2.31763e-05 0)
(1.00019 2.52598e-05 0)
(1.00021 2.47523e-05 0)
(1.00006 3.22724e-08 0)
(1.00008 2.29133e-06 0)
(1.00008 3.88049e-06 0)
(1.00008 5.58393e-06 0)
(1.00009 7.69342e-06 0)
(1.00009 9.82206e-06 0)
(1.0001 1.26371e-05 0)
(1.00011 1.52452e-05 0)
(1.00012 1.8734e-05 0)
(1.00013 2.16851e-05 0)
(1.00014 2.5474e-05 0)
(1.00016 2.82807e-05 0)
(1.00017 3.16058e-05 0)
(1.00018 3.33971e-05 0)
(1.0002 3.52601e-05 0)
(1.00021 3.50554e-05 0)
(1.00007 9.77684e-07 0)
(1.00009 3.93337e-06 0)
(1.00009 6.52245e-06 0)
(1.0001 9.17987e-06 0)
(1.0001 1.21887e-05 0)
(1.00011 1.50998e-05 0)
(1.00012 1.86133e-05 0)
(1.00013 2.17498e-05 0)
(1.00013 2.56537e-05 0)
(1.00015 2.88328e-05 0)
(1.00016 3.27209e-05 0)
(1.00017 3.55085e-05 0)
(1.00018 3.8709e-05 0)
(1.00019 4.04427e-05 0)
(1.0002 4.22268e-05 0)
(1.00021 4.23019e-05 0)
(1.00009 1.68278e-06 0)
(1.00011 5.08716e-06 0)
(1.00011 8.3737e-06 0)
(1.00012 1.16834e-05 0)
(1.00012 1.53021e-05 0)
(1.00013 1.87143e-05 0)
(1.00013 2.26748e-05 0)
(1.00014 2.61039e-05 0)
(1.00015 3.02413e-05 0)
(1.00016 3.34954e-05 0)
(1.00017 3.74067e-05 0)
(1.00018 4.01321e-05 0)
(1.00019 4.32506e-05 0)
(1.0002 4.49836e-05 0)
(1.00021 4.68042e-05 0)
(1.00021 4.72212e-05 0)
(1.00011 2.17871e-06 0)
(1.00013 5.82695e-06 0)
(1.00013 9.55684e-06 0)
(1.00013 1.32694e-05 0)
(1.00014 1.72628e-05 0)
(1.00014 2.09548e-05 0)
(1.00015 2.5172e-05 0)
(1.00016 2.87245e-05 0)
(1.00016 3.29763e-05 0)
(1.00017 3.62141e-05 0)
(1.00018 4.01201e-05 0)
(1.00019 4.27794e-05 0)
(1.0002 4.587e-05 0)
(1.00021 4.76495e-05 0)
(1.00021 4.95787e-05 0)
(1.00022 5.03354e-05 0)
(1.00013 2.49715e-06 0)
(1.00014 6.22414e-06 0)
(1.00015 1.01888e-05 0)
(1.00015 1.41016e-05 0)
(1.00015 1.82826e-05 0)
(1.00016 2.2082e-05 0)
(1.00017 2.64131e-05 0)
(1.00017 2.99655e-05 0)
(1.00018 3.42516e-05 0)
(1.00019 3.74149e-05 0)
(1.00019 4.13065e-05 0)
(1.0002 4.39054e-05 0)
(1.00021 4.70141e-05 0)
(1.00022 4.88774e-05 0)
(1.00022 5.09682e-05 0)
(1.00023 5.20684e-05 0)
(1.00014 2.66859e-06 0)
(1.00016 6.34309e-06 0)
(1.00016 1.03744e-05 0)
(1.00017 1.43257e-05 0)
(1.00017 1.85483e-05 0)
(1.00018 2.23219e-05 0)
(1.00018 2.66625e-05 0)
(1.00019 3.01254e-05 0)
(1.00019 3.43956e-05 0)
(1.0002 3.74482e-05 0)
(1.00021 4.133e-05 0)
(1.00022 4.3879e-05 0)
(1.00022 4.70457e-05 0)
(1.00023 4.90182e-05 0)
(1.00023 5.13044e-05 0)
(1.00023 5.27385e-05 0)
(1.00016 2.7206e-06 0)
(1.00018 6.23917e-06 0)
(1.00018 1.02035e-05 0)
(1.00018 1.40654e-05 0)
(1.00019 1.82168e-05 0)
(1.00019 2.18618e-05 0)
(1.0002 2.61363e-05 0)
(1.0002 2.94436e-05 0)
(1.00021 3.3667e-05 0)
(1.00022 3.6585e-05 0)
(1.00022 4.04669e-05 0)
(1.00023 4.29758e-05 0)
(1.00023 4.62328e-05 0)
(1.00024 4.83327e-05 0)
(1.00024 5.0838e-05 0)
(1.00024 5.25966e-05 0)
(1.00018 2.67692e-06 0)
(1.00019 5.95943e-06 0)
(1.0002 9.75182e-06 0)
(1.0002 1.34244e-05 0)
(1.0002 1.74188e-05 0)
(1.00021 2.08563e-05 0)
(1.00021 2.50105e-05 0)
(1.00022 2.81131e-05 0)
(1.00022 3.22717e-05 0)
(1.00023 3.50385e-05 0)
(1.00023 3.8933e-05 0)
(1.00024 4.14099e-05 0)
(1.00024 4.47834e-05 0)
(1.00025 4.70225e-05 0)
(1.00025 4.97629e-05 0)
(1.00025 5.18358e-05 0)
(1.00019 2.5577e-06 0)
(1.00021 5.54156e-06 0)
(1.00021 9.08024e-06 0)
(1.00021 1.24852e-05 0)
(1.00022 1.62574e-05 0)
(1.00022 1.94255e-05 0)
(1.00022 2.34215e-05 0)
(1.00023 2.62804e-05 0)
(1.00023 3.03653e-05 0)
(1.00024 3.29671e-05 0)
(1.00025 3.68877e-05 0)
(1.00025 3.93375e-05 0)
(1.00025 4.28493e-05 0)
(1.00026 4.52362e-05 0)
(1.00026 4.82243e-05 0)
(1.00026 5.06044e-05 0)
(1.00021 2.37915e-06 0)
(1.00022 5.01725e-06 0)
(1.00022 8.23921e-06 0)
(1.00023 1.13165e-05 0)
(1.00023 1.48176e-05 0)
(1.00023 1.76684e-05 0)
(1.00024 2.14795e-05 0)
(1.00024 2.40644e-05 0)
(1.00025 2.80717e-05 0)
(1.00025 3.04971e-05 0)
(1.00026 3.44565e-05 0)
(1.00026 3.68826e-05 0)
(1.00027 4.05507e-05 0)
(1.00027 4.30924e-05 0)
(1.00027 4.6339e-05 0)
(1.00027 4.90229e-05 0)
(1.00022 2.15484e-06 0)
(1.00023 4.41117e-06 0)
(1.00024 7.26849e-06 0)
(1.00024 9.9707e-06 0)
(1.00024 1.31653e-05 0)
(1.00025 1.56591e-05 0)
(1.00025 1.92685e-05 0)
(1.00026 2.15514e-05 0)
(1.00026 2.54823e-05 0)
(1.00027 2.77183e-05 0)
(1.00027 3.17298e-05 0)
(1.00027 3.41323e-05 0)
(1.00028 3.79734e-05 0)
(1.00028 4.06759e-05 0)
(1.00028 4.41925e-05 0)
(1.00028 4.71825e-05 0)
(1.00023 1.89541e-06 0)
(1.00025 3.74571e-06 0)
(1.00025 6.20323e-06 0)
(1.00025 8.4959e-06 0)
(1.00025 1.13583e-05 0)
(1.00026 1.3465e-05 0)
(1.00026 1.68616e-05 0)
(1.00027 1.88205e-05 0)
(1.00027 2.26773e-05 0)
(1.00028 2.47128e-05 0)
(1.00028 2.87877e-05 0)
(1.00029 3.11667e-05 0)
(1.00029 3.51953e-05 0)
(1.00029 3.80663e-05 0)
(1.00029 4.18655e-05 0)
(1.00029 4.51696e-05 0)
(1.00024 1.61042e-06 0)
(1.00025 3.04002e-06 0)
(1.00026 5.07446e-06 0)
(1.00026 6.93184e-06 0)
(1.00026 9.4475e-06 0)
(1.00027 1.11406e-05 0)
(1.00027 1.43216e-05 0)
(1.00028 1.59327e-05 0)
(1.00028 1.97229e-05 0)
(1.00029 2.15424e-05 0)
(1.00029 2.5694e-05 0)
(1.0003 2.80458e-05 0)
(1.0003 3.22771e-05 0)
(1.0003 3.53244e-05 0)
(1.00031 3.94212e-05 0)
(1.00031 4.30545e-05 0)
(1.00025 1.30815e-06 0)
(1.00026 2.315e-06 0)
(1.00026 3.9147e-06 0)
(1.00027 5.32323e-06 0)
(1.00027 7.48581e-06 0)
(1.00028 8.74828e-06 0)
(1.00028 1.17149e-05 0)
(1.00029 1.29607e-05 0)
(1.00029 1.66913e-05 0)
(1.0003 1.82823e-05 0)
(1.0003 2.25214e-05 0)
(1.00031 2.48437e-05 0)
(1.00031 2.92915e-05 0)
(1.00032 3.25259e-05 0)
(1.00032 3.69373e-05 0)
(1.00032 4.09219e-05 0)
(1.00026 9.97533e-07 0)
(1.00027 1.59347e-06 0)
(1.00027 2.7609e-06 0)
(1.00028 3.71729e-06 0)
(1.00028 5.53374e-06 0)
(1.00029 6.3526e-06 0)
(1.00029 9.11651e-06 0)
(1.0003 9.97756e-06 0)
(1.0003 1.36625e-05 0)
(1.00031 1.50071e-05 0)
(1.00032 1.93478e-05 0)
(1.00032 2.16339e-05 0)
(1.00033 2.6313e-05 0)
(1.00033 2.97452e-05 0)
(1.00033 3.44912e-05 0)
(1.00033 3.88565e-05 0)
(1.00027 6.88402e-07 0)
(1.00028 9.04273e-07 0)
(1.00028 1.65828e-06 0)
(1.00028 2.17577e-06 0)
(1.00029 3.66536e-06 0)
(1.00029 4.04043e-06 0)
(1.0003 6.61992e-06 0)
(1.00031 7.08481e-06 0)
(1.00031 1.07393e-05 0)
(1.00032 1.18233e-05 0)
(1.00033 1.62777e-05 0)
(1.00033 1.85218e-05 0)
(1.00034 2.34454e-05 0)
(1.00034 2.70885e-05 0)
(1.00035 3.21905e-05 0)
(1.00035 3.69726e-05 0)
(1.00027 3.93087e-07 0)
(1.00028 2.84802e-07 0)
(1.00028 6.67013e-07 0)
(1.00029 7.77441e-07 0)
(1.00029 1.98003e-06 0)
(1.0003 1.92166e-06 0)
(1.0003 4.35076e-06 0)
(1.00031 4.41031e-06 0)
(1.00032 8.05882e-06 0)
(1.00033 8.86443e-06 0)
(1.00034 1.34479e-05 0)
(1.00034 1.56398e-05 0)
(1.00035 2.08208e-05 0)
(1.00036 2.46866e-05 0)
(1.00036 3.01669e-05 0)
(1.00036 3.54083e-05 0)
(1.00028 1.27676e-07 0)
(1.00028 -2.16139e-07 0)
(1.00028 -1.35411e-07 0)
(1.00029 -3.73203e-07 0)
(1.00029 6.05616e-07 0)
(1.0003 1.44232e-07 0)
(1.00031 2.47186e-06 0)
(1.00032 2.12833e-06 0)
(1.00033 5.80169e-06 0)
(1.00034 6.31434e-06 0)
(1.00035 1.10424e-05 0)
(1.00036 1.31697e-05 0)
(1.00037 1.86184e-05 0)
(1.00037 2.27177e-05 0)
(1.00038 2.85977e-05 0)
(1.00038 3.43462e-05 0)
(1.00028 -8.69189e-08 0)
(1.00028 -5.32787e-07 0)
(1.00029 -6.43863e-07 0)
(1.00029 -1.13557e-06 0)
(1.0003 -2.83295e-07 0)
(1.00031 -1.09249e-06 0)
(1.00031 1.2069e-06 0)
(1.00033 4.74668e-07 0)
(1.00033 4.21669e-06 0)
(1.00035 4.42271e-06 0)
(1.00036 9.31319e-06 0)
(1.00037 1.13586e-05 0)
(1.00038 1.70813e-05 0)
(1.00039 2.14205e-05 0)
(1.00039 2.7718e-05 0)
(1.0004 3.40248e-05 0)
(1.00028 -2.22479e-07 0)
(1.00028 -5.80386e-07 0)
(1.00029 -7.22573e-07 0)
(1.00029 -1.32789e-06 0)
(1.0003 -4.6129e-07 0)
(1.00031 -1.52978e-06 0)
(1.00032 8.45087e-07 0)
(1.00033 -2.43901e-07 0)
(1.00034 3.62626e-06 0)
(1.00035 3.51439e-06 0)
(1.00037 8.588e-06 0)
(1.00038 1.05269e-05 0)
(1.00039 1.65245e-05 0)
(1.0004 2.11023e-05 0)
(1.00041 2.78291e-05 0)
(1.00042 3.47463e-05 0)
(1.00028 -2.42603e-07 0)
(1.00028 -2.46812e-07 0)
(1.00028 -1.9279e-07 0)
(1.00029 -7.08197e-07 0)
(1.0003 3.69673e-07 0)
(1.00031 -8.21156e-07 0)
(1.00032 1.77167e-06 0)
(1.00033 3.862e-07 0)
(1.00035 4.46357e-06 0)
(1.00036 4.02992e-06 0)
(1.00038 9.30953e-06 0)
(1.00039 1.11097e-05 0)
(1.00041 1.73733e-05 0)
(1.00042 2.21772e-05 0)
(1.00043 2.93334e-05 0)
(1.00044 3.69101e-05 0)
(1.00028 -9.92418e-08 0)
(1.00028 6.09852e-07 0)
(1.00028 1.17376e-06 0)
(1.00029 1.02908e-06 0)
(1.0003 2.59058e-06 0)
(1.00031 1.47108e-06 0)
(1.00032 4.47887e-06 0)
(1.00034 2.88762e-06 0)
(1.00035 7.2808e-06 0)
(1.00037 6.52555e-06 0)
(1.00039 1.20395e-05 0)
(1.0004 1.36546e-05 0)
(1.00042 2.01633e-05 0)
(1.00044 2.51623e-05 0)
(1.00045 3.27316e-05 0)
(1.00046 4.10101e-05 0)
(1.00028 2.68611e-07 0)
(1.00027 2.17124e-06 0)
(1.00028 3.66689e-06 0)
(1.00029 4.27847e-06 0)
(1.00029 6.68703e-06 0)
(1.00031 5.91633e-06 0)
(1.00032 9.59952e-06 0)
(1.00034 7.94512e-06 0)
(1.00036 1.27956e-05 0)
(1.00037 1.17342e-05 0)
(1.0004 1.7515e-05 0)
(1.00042 1.88843e-05 0)
(1.00044 2.55997e-05 0)
(1.00046 3.07374e-05 0)
(1.00048 3.86786e-05 0)
(1.00049 4.76861e-05 0)
(1.00027 9.38783e-07 0)
(1.00027 4.66284e-06 0)
(1.00028 7.64987e-06 0)
(1.00029 9.52867e-06 0)
(1.00029 1.32691e-05 0)
(1.00031 1.32207e-05 0)
(1.00032 1.79292e-05 0)
(1.00034 1.64099e-05 0)
(1.00036 2.1909e-05 0)
(1.00038 2.05684e-05 0)
(1.00041 2.66581e-05 0)
(1.00043 2.7698e-05 0)
(1.00046 3.45585e-05 0)
(1.00048 3.97436e-05 0)
(1.0005 4.79808e-05 0)
(1.00052 5.77231e-05 0)
(1.00027 2.0082e-06 0)
(1.00027 8.36334e-06 0)
(1.00027 1.35688e-05 0)
(1.00028 1.7389e-05 0)
(1.00029 2.30899e-05 0)
(1.00031 2.4272e-05 0)
(1.00032 3.04599e-05 0)
(1.00034 2.93612e-05 0)
(1.00036 3.5758e-05 0)
(1.00039 3.41926e-05 0)
(1.00041 4.0644e-05 0)
(1.00044 4.12454e-05 0)
(1.00047 4.81606e-05 0)
(1.0005 5.32523e-05 0)
(1.00053 6.16631e-05 0)
(1.00055 7.21103e-05 0)
(1.00027 3.59632e-06 0)
(1.00027 1.36101e-05 0)
(1.00027 2.19679e-05 0)
(1.00029 2.85976e-05 0)
(1.00029 3.70719e-05 0)
(1.00031 4.01504e-05 0)
(1.00032 4.84122e-05 0)
(1.00034 4.81201e-05 0)
(1.00036 5.5747e-05 0)
(1.00039 5.40416e-05 0)
(1.00042 6.09274e-05 0)
(1.00045 6.09482e-05 0)
(1.00049 6.7791e-05 0)
(1.00052 7.25852e-05 0)
(1.00055 8.09835e-05 0)
(1.00058 9.20591e-05 0)
(1.00027 5.84809e-06 0)
(1.00028 2.08043e-05 0)
(1.00028 3.34925e-05 0)
(1.00029 4.40403e-05 0)
(1.00029 5.63184e-05 0)
(1.00031 6.21664e-05 0)
(1.00032 7.32646e-05 0)
(1.00035 7.4309e-05 0)
(1.00037 8.36018e-05 0)
(1.00039 8.1895e-05 0)
(1.00043 8.93172e-05 0)
(1.00046 8.85783e-05 0)
(1.00051 9.51788e-05 0)
(1.00054 9.93851e-05 0)
(1.00058 0.000107502 0)
(1.00062 0.00011906 0)
(1.00028 8.93558e-06 0)
(1.00029 3.04153e-05 0)
(1.00029 4.89019e-05 0)
(1.0003 6.47577e-05 0)
(1.0003 8.21365e-05 0)
(1.00032 9.1874e-05 0)
(1.00033 0.000106787 0)
(1.00035 0.000109876 0)
(1.00037 0.000121413 0)
(1.0004 0.000119918 0)
(1.00044 0.000128029 0)
(1.00047 0.000126314 0)
(1.00052 0.000132455 0)
(1.00057 0.000135675 0)
(1.00062 0.000143134 0)
(1.00066 0.000154938 0)
(1.00029 1.30602e-05 0)
(1.00031 4.29728e-05 0)
(1.00031 6.90539e-05 0)
(1.00032 9.19383e-05 0)
(1.00032 0.000116024 0)
(1.00033 0.000131078 0)
(1.00034 0.000151047 0)
(1.00036 0.000157129 0)
(1.00038 0.000171678 0)
(1.00041 0.000170728 0)
(1.00045 0.000179762 0)
(1.00048 0.00017682 0)
(1.00054 0.00018224 0)
(1.00059 0.000183936 0)
(1.00065 0.000190224 0)
(1.00071 0.000201912 0)
(1.00031 1.84493e-05 0)
(1.00035 5.90613e-05 0)
(1.00034 9.49005e-05 0)
(1.00035 0.000126907 0)
(1.00034 0.000159664 0)
(1.00035 0.000181827 0)
(1.00035 0.000208419 0)
(1.00037 0.000218751 0)
(1.00039 0.000237335 0)
(1.00041 0.000237443 0)
(1.00045 0.000247771 0)
(1.00049 0.000243345 0)
(1.00056 0.000247756 0)
(1.00061 0.000247224 0)
(1.00068 0.000251662 0)
(1.00075 0.000262709 0)
(1.00035 2.53534e-05 0)
(1.0004 7.9287e-05 0)
(1.00039 0.000127433 0)
(1.0004 0.000171064 0)
(1.00038 0.000214857 0)
(1.00039 0.000246348 0)
(1.00038 0.000281529 0)
(1.00039 0.000297768 0)
(1.0004 0.000321761 0)
(1.00042 0.000323714 0)
(1.00046 0.000335931 0)
(1.0005 0.000329805 0)
(1.00057 0.000332927 0)
(1.00064 0.000329266 0)
(1.00072 0.000330974 0)
(1.0008 0.000340632 0)
(1.0004 3.40324e-05 0)
(1.00048 0.000104245 0)
(1.00047 0.000167635 0)
(1.00047 0.000225814 0)
(1.00044 0.00028344 0)
(1.00044 0.000326968 0)
(1.00042 0.00037317 0)
(1.00042 0.000397491 0)
(1.00042 0.000428731 0)
(1.00044 0.000433741 0)
(1.00047 0.000448799 0)
(1.00051 0.000440905 0)
(1.00058 0.00044255 0)
(1.00066 0.000434638 0)
(1.00076 0.000432491 0)
(1.00086 0.000439677 0)
(1.00048 4.47408e-05 0)
(1.00059 0.000134437 0)
(1.00057 0.000216349 0)
(1.00056 0.000292401 0)
(1.00053 0.000367085 0)
(1.00051 0.000425893 0)
(1.00048 0.000486099 0)
(1.00047 0.000521323 0)
(1.00046 0.000562289 0)
(1.00046 0.000572197 0)
(1.00049 0.00059164 0)
(1.00052 0.000582258 0)
(1.00059 0.000582521 0)
(1.00067 0.000569055 0)
(1.00079 0.00056168 0)
(1.00092 0.000564866 0)
(1.0006 5.76933e-05 0)
(1.00074 0.000170188 0)
(1.00071 0.000274142 0)
(1.0007 0.000371719 0)
(1.00064 0.00046707 0)
(1.00062 0.000544937 0)
(1.00057 0.000622728 0)
(1.00053 0.000672469 0)
(1.00051 0.000726462 0)
(1.00049 0.000744052 0)
(1.0005 0.00077036 0)
(1.00052 0.000760527 0)
(1.0006 0.000760205 0)
(1.00068 0.000739987 0)
(1.00082 0.000726041 0)
(1.00097 0.000723243 0)
(1.00075 7.30278e-05 0)
(1.00094 0.0002115 0)
(1.0009 0.00034107 0)
(1.00087 0.000463982 0)
(1.0008 0.000583862 0)
(1.00076 0.000685042 0)
(1.00068 0.000784586 0)
(1.00063 0.000853354 0)
(1.00057 0.000924697 0)
(1.00053 0.000954024 0)
(1.00053 0.00099105 0)
(1.00053 0.000983094 0)
(1.0006 0.000984275 0)
(1.00069 0.000956699 0)
(1.00084 0.000935444 0)
(1.00103 0.000924241 0)
(1.00095 9.07432e-05 0)
(1.00119 0.000257896 0)
(1.00114 0.000416415 0)
(1.0011 0.000568362 0)
(1.00101 0.000716647 0)
(1.00094 0.000845674 0)
(1.00084 0.000971621 0)
(1.00076 0.00106484 0)
(1.00067 0.001159 0)
(1.0006 0.00120574 0)
(1.00057 0.00125916 0)
(1.00054 0.00125726 0)
(1.0006 0.00126372 0)
(1.00068 0.00122886 0)
(1.00085 0.00119967 0)
(1.00107 0.00117586 0)
(1.0012 0.000110632 0)
(1.00151 0.000308227 0)
(1.00144 0.000498372 0)
(1.00139 0.000682522 0)
(1.00128 0.000862695 0)
(1.00119 0.00102404 0)
(1.00105 0.00118122 0)
(1.00094 0.00130512 0)
(1.00081 0.00142877 0)
(1.0007 0.00150073 0)
(1.00062 0.00157893 0)
(1.00056 0.00159053 0)
(1.00059 0.00160937 0)
(1.00066 0.00156915 0)
(1.00085 0.00153053 0)
(1.00111 0.00148493 0)
(1.00152 0.000132199 0)
(1.0019 0.000360484 0)
(1.00182 0.000583712 0)
(1.00175 0.000802108 0)
(1.00161 0.00101665 0)
(1.00149 0.00121406 0)
(1.00132 0.00140689 0)
(1.00117 0.00156802 0)
(1.001 0.00172886 0)
(1.00084 0.00183641 0)
(1.00071 0.00195208 0)
(1.0006 0.00199152 0)
(1.00059 0.00203998 0)
(1.00062 0.00200851 0)
(1.00081 0.00197063 0)
(1.00112 0.00189942 0)
(1.00192 0.00015458 0)
(1.00237 0.00041168 0)
(1.00227 0.000667577 0)
(1.00219 0.000920389 0)
(1.00203 0.00116993 0)
(1.00188 0.00140545 0)
(1.00167 0.00163668 0)
(1.00147 0.00184048 0)
(1.00125 0.00204545 0)
(1.00104 0.00220002 0)
(1.00085 0.00236906 0)
(1.00067 0.00245883 0)
(1.0006 0.00257093 0)
(1.00057 0.0025914 0)
(1.00073 0.00261315 0)
(1.00109 0.0025733 0)
(1.00239 0.000176493 0)
(1.00291 0.000457823 0)
(1.00281 0.000743403 0)
(1.0027 0.00102811 0)
(1.00252 0.00131044 0)
(1.00234 0.00158305 0)
(1.00209 0.00185206 0)
(1.00186 0.00210029 0)
(1.00158 0.00235179 0)
(1.00131 0.00256002 0)
(1.00107 0.00279212 0)
(1.00082 0.00294888 0)
(1.00069 0.00315468 0)
(1.00059 0.00327324 0)
(1.0007 0.00344009 0)
(1.00103 0.00355341 0)
(1.00294 0.000196229 0)
(1.00354 0.000494164 0)
(1.00342 0.000803361 0)
(1.0033 0.00111414 0)
(1.00309 0.00142346 0)
(1.00288 0.00172812 0)
(1.0026 0.00202948 0)
(1.00232 0.00231809 0)
(1.00199 0.00261034 0)
(1.00167 0.00286795 0)
(1.00136 0.00315472 0)
(1.00105 0.00336758 0)
(1.00086 0.00364982 0)
(1.00068 0.00383471 0)
(1.00072 0.00410262 0)
(1.00095 0.0043081 0)
(1.00356 0.000211757 0)
(1.00423 0.000515496 0)
(1.0041 0.000838868 0)
(1.00396 0.00116629 0)
(1.00373 0.00149301 0)
(1.00349 0.0018205 0)
(1.00317 0.00214428 0)
(1.00285 0.00246414 0)
(1.00247 0.00278536 0)
(1.0021 0.00308152 0)
(1.00172 0.00340506 0)
(1.00134 0.00365219 0)
(1.00106 0.00397628 0)
(1.00079 0.00416789 0)
(1.00073 0.00445306 0)
(1.00081 0.00463381 0)
(1.00426 0.00022085 0)
(1.00497 0.000516514 0)
(1.00483 0.000841216 0)
(1.00468 0.00117223 0)
(1.00443 0.0015031 0)
(1.00416 0.00184029 0)
(1.00381 0.00217272 0)
(1.00345 0.00251091 0)
(1.00301 0.00284605 0)
(1.00258 0.00316858 0)
(1.00211 0.00351084 0)
(1.00165 0.00377852 0)
(1.00126 0.00412414 0)
(1.00086 0.00429288 0)
(1.00068 0.00458568 0)
(1.00064 0.0047183 0)
(1.00501 0.000221237 0)
(1.00576 0.000492182 0)
(1.0056 0.000802116 0)
(1.00544 0.0011202 0)
(1.00517 0.00143848 0)
(1.00487 0.00176851 0)
(1.00449 0.00209246 0)
(1.00408 0.00243256 0)
(1.00359 0.00276405 0)
(1.00309 0.00309951 0)
(1.00253 0.00344237 0)
(1.00197 0.00372429 0)
(1.00144 0.0040739 0)
(1.00088 0.0042095 0)
(1.00058 0.0045394 0)
(1.00038 0.00458466 0)
(1.00579 0.000210764 0)
(1.00655 0.000438155 0)
(1.00638 0.000714394 0)
(1.0062 0.000999869 0)
(1.00592 0.00128542 0)
(1.0056 0.00158749 0)
(1.00518 0.00188172 0)
(1.00473 0.00220212 0)
(1.0042 0.00250788 0)
(1.00363 0.00283775 0)
(1.00297 0.0031603 0)
(1.0023 0.0034536 0)
(1.00159 0.00378765 0)
(1.00087 0.00392263 0)
(1.00043 0.00430576 0)
(0.999951 0.00419216 0)
(1.00659 0.000187574 0)
(1.00732 0.000350693 0)
(1.00714 0.00057169 0)
(1.00695 0.000801602 0)
(1.00665 0.00103037 0)
(1.00631 0.0012784 0)
(1.00587 0.00151511 0)
(1.00538 0.00178556 0)
(1.00479 0.00203596 0)
(1.00416 0.00233313 0)
(1.00341 0.00261142 0)
(1.00262 0.00291052 0)
(1.00173 0.00321856 0)
(1.00083 0.00343456 0)
(1.00013 0.00379738 0)
(0.999176 0.00336883 0)
(1.00736 0.000150074 0)
(1.00804 0.000225364 0)
(1.00785 0.000366356 0)
(1.00765 0.000514455 0)
(1.00733 0.000659692 0)
(1.00696 0.000825864 0)
(1.00649 0.000977084 0)
(1.00596 0.00116921 0)
(1.00533 0.00134002 0)
(1.00465 0.0015798 0)
(1.00382 0.0017971 0)
(1.00293 0.00208686 0)
(1.00191 0.00234203 0)
(1.00081 0.00255681 0)
(0.999466 0.00265825 0)
(0.997765 0.00179633 0)
(1.00808 9.64278e-05 0)
(1.00866 6.31369e-05 0)
(1.00846 0.000101362 0)
(1.00824 0.000145572 0)
(1.0079 0.000188319 0)
(1.0075 0.000258092 0)
(1.00701 0.000318392 0)
(1.00646 0.000433929 0)
(1.00583 0.000519186 0)
(1.00513 0.000657626 0)
(1.00428 0.000731351 0)
(1.00326 0.000871094 0)
(1.00195 0.000868585 0)
(1.00044 0.000688512 0)
(0.998243 0.000215835 0)
(0.995586 -0.00102462 0)
(1.00871 2.70954e-05 0)
(1.00915 -0.000112325 0)
(1.00894 -0.000178702 0)
(1.00872 -0.000241206 0)
(1.00839 -0.000310759 0)
(1.00801 -0.000360981 0)
(1.00752 -0.000433901 0)
(1.00693 -0.00046905 0)
(1.00619 -0.000592458 0)
(1.00535 -0.000743306 0)
(1.00433 -0.0010721 0)
(1.00308 -0.0014376 0)
(1.00135 -0.00205649 0)
(0.999232 -0.00281999 0)
(0.996279 -0.00386711 0)
(0.992755 -0.00533647 0)
(1.0092 -4.84575e-05 0)
(1.00961 -0.0003157 0)
(1.00938 -0.000511881 0)
(1.00912 -0.000726728 0)
(1.00872 -0.000986087 0)
(1.00824 -0.00128027 0)
(1.00764 -0.00167093 0)
(1.00689 -0.00212097 0)
(1.00594 -0.00273244 0)
(1.0048 -0.00341823 0)
(1.00343 -0.00434494 0)
(1.00178 -0.00533716 0)
(0.999656 -0.00660207 0)
(0.997065 -0.00787489 0)
(0.993568 -0.00938647 0)
(0.989408 -0.0109655 0)
(1.00966 -0.000136157 0)
(1.00971 -0.000697513 0)
(1.0094 -0.0011715 0)
(1.009 -0.00170734 0)
(1.00842 -0.00233833 0)
(1.00771 -0.00306502 0)
(1.00683 -0.00394855 0)
(1.00578 -0.00495371 0)
(1.00453 -0.00615021 0)
(1.00307 -0.00743091 0)
(1.00137 -0.00894383 0)
(0.999369 -0.0104772 0)
(0.996915 -0.0122491 0)
(0.99397 -0.0138925 0)
(0.990153 -0.0157289 0)
(0.985645 -0.0172965 0)
(1.00978 -0.000297876 0)
(1.00884 -0.00138581 0)
(1.0084 -0.00231648 0)
(1.0078 -0.00333864 0)
(1.00699 -0.0044861 0)
(1.006 -0.00575503 0)
(1.00482 -0.00719151 0)
(1.00346 -0.00875268 0)
(1.00192 -0.0104929 0)
(1.00015 -0.0122973 0)
(0.998168 -0.0142896 0)
(0.995896 -0.0162368 0)
(0.993234 -0.0183642 0)
(0.990099 -0.0202297 0)
(0.986206 -0.0222163 0)
(0.981664 -0.0236393 0)
(1.00897 -0.000590695 0)
(1.00658 -0.00233709 0)
(1.00601 -0.00386064 0)
(1.00523 -0.00547487 0)
(1.00419 -0.00720383 0)
(1.00295 -0.009037 0)
(1.00151 -0.0110039 0)
(0.999882 -0.0130619 0)
(0.998094 -0.0152533 0)
(0.99611 -0.0174655 0)
(0.993943 -0.0198033 0)
(0.991518 -0.0220277 0)
(0.98879 -0.0243636 0)
(0.985647 -0.0263268 0)
(0.981912 -0.0283401 0)
(0.977615 -0.0295714 0)
(1.00677 -0.0009975 0)
(1.00266 -0.00340942 0)
(1.00201 -0.00558213 0)
(1.0011 -0.00781921 0)
(0.999916 -0.0101241 0)
(0.998507 -0.0124827 0)
(0.996903 -0.0149104 0)
(0.995121 -0.0173718 0)
(0.993196 -0.0199004 0)
(0.9911 -0.0223977 0)
(0.988868 -0.0249547 0)
(0.986418 -0.0273419 0)
(0.983765 -0.0297755 0)
(0.980777 -0.0317603 0)
(0.977389 -0.0337419 0)
(0.973552 -0.0348035 0)
(1.0029 -0.00145763 0)
(0.997079 -0.00442954 0)
(0.996414 -0.00720903 0)
(0.995469 -0.0100153 0)
(0.99425 -0.0128272 0)
(0.992802 -0.0156297 0)
(0.991162 -0.0184267 0)
(0.989349 -0.021194 0)
(0.98741 -0.0239577 0)
(0.985322 -0.0266403 0)
(0.98314 -0.0293206 0)
(0.980786 -0.0317919 0)
(0.978328 -0.0342543 0)
(0.97563 -0.0362274 0)
(0.972728 -0.0381597 0)
(0.969516 -0.039098 0)
(0.997334 -0.00189672 0)
(0.990092 -0.00524023 0)
(0.989474 -0.00849849 0)
(0.988588 -0.0117504 0)
(0.987443 -0.0149526 0)
(0.986074 -0.0180903 0)
(0.98452 -0.0211567 0)
(0.982798 -0.02414 0)
(0.980959 -0.0270575 0)
(0.978988 -0.0298546 0)
(0.976957 -0.0325961 0)
(0.9748 -0.0351072 0)
(0.972633 -0.0375641 0)
(0.970324 -0.0395224 0)
(0.968011 -0.0414129 0)
(0.965544 -0.0422874 0)
(0.990338 -0.0022465 0)
(0.982136 -0.00573444 0)
(0.981611 -0.00928581 0)
(0.980847 -0.0128134 0)
(0.979852 -0.016258 0)
(0.97865 -0.019606 0)
(0.977271 -0.0228401 0)
(0.97573 -0.0259578 0)
(0.974079 -0.0289649 0)
(0.972307 -0.0318282 0)
(0.970505 -0.0345943 0)
(0.96862 -0.0371248 0)
(0.966814 -0.0395644 0)
(0.964967 -0.0415216 0)
(0.963311 -0.0433902 0)
(0.961666 -0.044265 0)
(0.982351 -0.00246006 0)
(0.973733 -0.00586916 0)
(0.973314 -0.00950465 0)
(0.972699 -0.0131186 0)
(0.971887 -0.0166446 0)
(0.97089 -0.020071 0)
(0.969732 -0.0233697 0)
(0.968421 -0.0265437 0)
(0.967006 -0.0295845 0)
(0.965487 -0.0324756 0)
(0.96396 -0.0352421 0)
(0.962397 -0.0377823 0)
(0.960993 -0.0402031 0)
(0.959653 -0.0421789 0)
(0.958691 -0.0440482 0)
(0.957907 -0.0449844 0)
(0.973906 -0.00251833 0)
(0.965393 -0.00566478 0)
(0.965069 -0.00918543 0)
(0.964589 -0.0127031 0)
(0.963948 -0.0161525 0)
(0.96315 -0.0195255 0)
(0.962212 -0.0227846 0)
(0.961137 -0.0259349 0)
(0.959971 -0.0289517 0)
(0.95872 -0.0318311 0)
(0.957486 -0.0345733 0)
(0.956267 -0.0371124 0)
(0.955282 -0.0395129 0)
(0.954468 -0.0415242 0)
(0.954206 -0.0434139 0)
(0.954283 -0.0444656 0)
(0.965525 -0.00243009 0)
(0.957538 -0.00519392 0)
(0.957279 -0.00843859 0)
(0.956896 -0.0117059 0)
(0.956383 -0.0149382 0)
(0.955742 -0.0181328 0)
(0.954986 -0.021247 0)
(0.954119 -0.0242876 0)
(0.953181 -0.0272148 0)
(0.952186 -0.0300337 0)
(0.951237 -0.0327184 0)
(0.950357 -0.0352361 0)
(0.949782 -0.0376066 0)
(0.949487 -0.0396598 0)
(0.949902 -0.0415774 0)
(0.950804 -0.042782 0)
(0.957641 -0.00222701 0)
(0.950455 -0.0045608 0)
(0.950228 -0.00742472 0)
(0.949896 -0.0103324 0)
(0.949456 -0.0132367 0)
(0.948914 -0.0161429 0)
(0.948283 -0.0190092 0)
(0.947572 -0.0218475 0)
(0.946818 -0.0246085 0)
(0.946042 -0.0273049 0)
(0.945346 -0.0298864 0)
(0.94478 -0.0323492 0)
(0.944585 -0.0346688 0)
(0.944781 -0.036756 0)
(0.945822 -0.0386965 0)
(0.947474 -0.0400758 0)
(0.950543 -0.00195448 0)
(0.944286 -0.00387445 0)
(0.944063 -0.00631517 0)
(0.943746 -0.00880756 0)
(0.943332 -0.0113145 0)
(0.942834 -0.0138489 0)
(0.94227 -0.016376 0)
(0.941656 -0.0189181 0)
(0.941026 -0.021426 0)
(0.940417 -0.0239233 0)
(0.939926 -0.0263407 0)
(0.939632 -0.0287001 0)
(0.93977 -0.0309355 0)
(0.94041 -0.0330337 0)
(0.942 -0.0349787 0)
(0.94429 -0.0365349 0)
(0.944368 -0.00165967 0)
(0.939039 -0.00322301 0)
(0.93881 -0.00525271 0)
(0.938489 -0.0073273 0)
(0.938076 -0.00941674 0)
(0.93759 -0.0115377 0)
(0.93705 -0.0136637 0)
(0.936477 -0.0158292 0)
(0.935911 -0.0179947 0)
(0.935409 -0.0202024 0)
(0.935064 -0.0223774 0)
(0.934987 -0.024567 0)
(0.935397 -0.0266706 0)
(0.936423 -0.0287416 0)
(0.938464 -0.0306664 0)
(0.941249 -0.0323906 0)
(0.939121 -0.00138041 0)
(0.93463 -0.0026584 0)
(0.934397 -0.00432533 0)
(0.934075 -0.00602049 0)
(0.933662 -0.00771848 0)
(0.933183 -0.00943434 0)
(0.932651 -0.0111463 0)
(0.932093 -0.0128945 0)
(0.931547 -0.0146483 0)
(0.931095 -0.0164744 0)
(0.930831 -0.0183109 0)
(0.930904 -0.020239 0)
(0.931515 -0.0221404 0)
(0.932847 -0.0241268 0)
(0.935214 -0.0260057 0)
(0.93833 -0.0278921 0)
(0.934712 -0.00113877 0)
(0.930937 -0.00219464 0)
(0.930714 -0.00356015 0)
(0.930406 -0.00493381 0)
(0.930011 -0.0062942 0)
(0.929555 -0.00765295 0)
(0.929047 -0.0089918 0)
(0.928512 -0.010348 0)
(0.927976 -0.0116804 0)
(0.927537 -0.0130646 0)
(0.927295 -0.0144615 0)
(0.927444 -0.0160036 0)
(0.928166 -0.0175956 0)
(0.929692 -0.0194111 0)
(0.932217 -0.0212089 0)
(0.935491 -0.0232491 0)
(0.931016 -0.000940572 0)
(0.927845 -0.00181978 0)
(0.927649 -0.00294247 0)
(0.927374 -0.00405535 0)
(0.927014 -0.00514068 0)
(0.926596 -0.00620674 0)
(0.926121 -0.0072447 0)
(0.925622 -0.00828911 0)
(0.925118 -0.00926958 0)
(0.924713 -0.0102314 0)
(0.924493 -0.0111378 0)
(0.924675 -0.0121761 0)
(0.925407 -0.0133187 0)
(0.92696 -0.0148321 0)
(0.929426 -0.0164758 0)
(0.932667 -0.0186212 0)
(0.927914 -0.00078042 0)
(0.925146 -0.00152183 0)
(0.924981 -0.00245921 0)
(0.924746 -0.0033785 0)
(0.924429 -0.00426361 0)
(0.924048 -0.00511184 0)
(0.923607 -0.00591713 0)
(0.923179 -0.00669859 0)
(0.922863 -0.00741101 0)
(0.922709 -0.0080824 0)
(0.922693 -0.00863542 0)
(0.922925 -0.0092409 0)
(0.923468 -0.00984341 0)
(0.924753 -0.0108419 0)
(0.92688 -0.0121353 0)
(0.929859 -0.0142193 0)
(0.925202 -0.00065271 0)
(0.922941 -0.00127625 0)
(0.922847 -0.00207127 0)
(0.922715 -0.00285726 0)
(0.922541 -0.00361971 0)
(0.92234 -0.00434219 0)
(0.922129 -0.0050011 0)
(0.921974 -0.00558197 0)
(0.92191 -0.0060904 0)
(0.921955 -0.00661102 0)
(0.922075 -0.00703422 0)
(0.92234 -0.00746845 0)
(0.92276 -0.00769931 0)
(0.923551 -0.00813402 0)
(0.924873 -0.00877478 0)
(0.927299 -0.01045 0)
(0.922976 -0.000546801 0)
(0.92183 -0.00105482 0)
(0.921786 -0.0017136 0)
(0.921731 -0.00237171 0)
(0.921668 -0.00301664 0)
(0.921611 -0.00363985 0)
(0.921571 -0.00421701 0)
(0.921563 -0.00475085 0)
(0.921556 -0.00520069 0)
(0.921625 -0.0056272 0)
(0.921786 -0.00594991 0)
(0.922128 -0.00628094 0)
(0.922583 -0.00644206 0)
(0.923167 -0.00671482 0)
(0.923849 -0.00677084 0)
(0.925386 -0.00772641 0)
(0.921846 -0.000452207 0)
(0.921243 -0.000916392 0)
(0.921203 -0.00148193 0)
(0.92115 -0.0020411 0)
(0.921091 -0.00257747 0)
(0.921041 -0.00308972 0)
(0.92101 -0.00355719 0)
(0.921031 -0.00399634 0)
(0.921098 -0.00436798 0)
(0.921253 -0.00471162 0)
(0.921478 -0.00496372 0)
(0.92185 -0.00522609 0)
(0.922297 -0.00537621 0)
(0.922934 -0.00563067 0)
(0.92351 -0.00564959 0)
(0.924326 -0.00606339 0)
(0.921259 -0.000393079 0)
(0.920625 -0.000779648 0)
(0.920613 -0.00125903 0)
(0.920597 -0.0017308 0)
(0.920591 -0.00217943 0)
(0.920601 -0.00260473 0)
(0.920636 -0.00298771 0)
(0.920715 -0.00334333 0)
(0.920829 -0.00364277 0)
(0.921022 -0.00392175 0)
(0.921277 -0.00413226 0)
(0.92166 -0.00434838 0)
(0.922097 -0.00449051 0)
(0.922675 -0.00469244 0)
(0.92324 -0.00481432 0)
(0.92391 -0.0050167 0)
(0.920632 -0.000334448 0)
(0.920208 -0.000651645 0)
(0.920209 -0.00105099 0)
(0.920211 -0.00144269 0)
(0.920228 -0.00181335 0)
(0.920264 -0.00216399 0)
(0.920329 -0.00247946 0)
(0.920439 -0.00277321 0)
(0.920591 -0.00302116 0)
(0.920816 -0.00325129 0)
(0.921094 -0.0034295 0)
(0.921475 -0.00361199 0)
(0.921901 -0.0037485 0)
(0.922439 -0.00392124 0)
(0.922978 -0.00405711 0)
(0.923617 -0.00423425 0)
(0.92021 -0.00027956 0)
(0.919865 -0.000541229 0)
(0.919882 -0.000872279 0)
(0.919905 -0.00119624 0)
(0.919949 -0.00150172 0)
(0.920015 -0.00178987 0)
(0.920111 -0.00204834 0)
(0.920249 -0.00228851 0)
(0.920426 -0.00249251 0)
(0.920667 -0.00268386 0)
(0.920953 -0.00283759 0)
(0.921324 -0.00299554 0)
(0.92173 -0.00312323 0)
(0.92222 -0.00327816 0)
(0.922716 -0.00341457 0)
(0.923272 -0.00358984 0)
(0.919861 -0.000232213 0)
(0.919625 -0.00044418 0)
(0.919653 -0.000715607 0)
(0.919689 -0.000981086 0)
(0.91975 -0.00123122 0)
(0.919834 -0.0014674 0)
(0.91995 -0.00167982 0)
(0.920105 -0.00187813 0)
(0.920297 -0.00204843 0)
(0.920545 -0.00221001 0)
(0.920832 -0.00234448 0)
(0.921186 -0.00248421 0)
(0.921569 -0.00260474 0)
(0.922015 -0.00274824 0)
(0.922465 -0.00288309 0)
(0.922956 -0.00305502 0)
(0.919618 -0.000190581 0)
(0.919452 -0.000362201 0)
(0.919489 -0.00058349 0)
(0.919536 -0.000800023 0)
(0.919611 -0.00100411 0)
(0.919709 -0.00119728 0)
(0.919839 -0.0013717 0)
(0.920004 -0.00153568 0)
(0.920203 -0.00167858 0)
(0.92045 -0.00181653 0)
(0.920731 -0.00193553 0)
(0.921064 -0.00206121 0)
(0.92142 -0.00217488 0)
(0.921822 -0.0023101 0)
(0.922223 -0.00244155 0)
(0.922648 -0.00260979 0)
(0.919443 -0.000155414 0)
(0.91934 -0.000293121 0)
(0.919383 -0.000472326 0)
(0.919437 -0.000648007 0)
(0.919521 -0.000813966 0)
(0.919626 -0.000971903 0)
(0.919763 -0.00111555 0)
(0.919932 -0.00125215 0)
(0.920133 -0.00137336 0)
(0.920373 -0.00149272 0)
(0.920642 -0.0015993 0)
(0.920953 -0.00171391 0)
(0.92128 -0.00182166 0)
(0.921641 -0.0019499 0)
(0.921995 -0.00207738 0)
(0.922362 -0.00223897 0)
(0.919329 -0.000125773 0)
(0.919273 -0.000236029 0)
(0.919319 -0.000380544 0)
(0.919377 -0.000522652 0)
(0.919466 -0.000657409 0)
(0.919576 -0.000786645 0)
(0.919716 -0.000905332 0)
(0.919884 -0.00101987 0)
(0.920081 -0.00112363 0)
(0.920311 -0.00122811 0)
(0.920565 -0.00132452 0)
(0.920852 -0.00143002 0)
(0.921149 -0.00153228 0)
(0.92147 -0.00165409 0)
(0.92178 -0.00177691 0)
(0.922095 -0.00193067 0)
(0.91926 -0.000101274 0)
(0.919241 -0.000189272 0)
(0.919289 -0.000305441 0)
(0.919349 -0.000420192 0)
(0.91944 -0.000529634 0)
(0.91955 -0.000635698 0)
(0.919689 -0.000734332 0)
(0.919853 -0.000831235 0)
(0.920042 -0.000921043 0)
(0.92026 -0.00101358 0)
(0.920496 -0.00110158 0)
(0.920758 -0.00119939 0)
(0.921027 -0.00129652 0)
(0.921311 -0.00141202 0)
(0.921581 -0.00152961 0)
(0.92185 -0.00167456 0)
(0.919228 -8.12075e-05 0)
(0.919234 -0.000151501 0)
(0.919283 -0.000244807 0)
(0.919343 -0.000337527 0)
(0.919433 -0.000426637 0)
(0.919542 -0.000514127 0)
(0.919676 -0.000596719 0)
(0.919833 -0.000679516 0)
(0.920013 -0.000758112 0)
(0.920216 -0.000840933 0)
(0.920434 -0.000921885 0)
(0.920671 -0.00101299 0)
(0.920912 -0.00110518 0)
(0.921163 -0.00121439 0)
(0.921397 -0.0013262 0)
(0.921625 -0.00146171 0)
(0.919221 -6.4996e-05 0)
(0.919246 -0.000121329 0)
(0.919294 -0.000196394 0)
(0.919353 -0.000271556 0)
(0.91944 -0.000344493 0)
(0.919545 -0.00041722 0)
(0.919673 -0.000487071 0)
(0.919822 -0.000558627 0)
(0.91999 -0.000628219 0)
(0.920177 -0.000703094 0)
(0.920376 -0.000778063 0)
(0.92059 -0.000863234 0)
(0.920805 -0.000950741 0)
(0.921025 -0.00105386 0)
(0.921227 -0.00115999 0)
(0.921421 -0.00128662 0)
(0.919233 -5.20451e-05 0)
(0.91927 -9.75412e-05 0)
(0.919316 -0.000158236 0)
(0.919373 -0.000219563 0)
(0.919457 -0.000279773 0)
(0.919556 -0.00034086 0)
(0.919677 -0.00040065 0)
(0.919815 -0.000463256 0)
(0.919971 -0.000525588 0)
(0.920142 -0.000593887 0)
(0.920323 -0.000663688 0)
(0.920515 -0.000743487 0)
(0.920705 -0.000826412 0)
(0.920897 -0.000923491 0)
(0.921071 -0.00102366 0)
(0.921236 -0.00114129 0)
(0.919258 -4.18339e-05 0)
(0.919302 -7.90335e-05 0)
(0.919345 -0.00012855 0)
(0.919399 -0.000179108 0)
(0.919478 -0.00022941 0)
(0.919571 -0.000281399 0)
(0.919684 -0.000333297 0)
(0.919811 -0.000388789 0)
(0.919954 -0.000445253 0)
(0.92011 -0.000508062 0)
(0.920273 -0.000573346 0)
(0.920444 -0.000648242 0)
(0.920611 -0.000726742 0)
(0.920779 -0.000817967 0)
(0.920928 -0.000912271 0)
(0.921068 -0.00102139 0)
(0.91929 -3.38888e-05 0)
(0.919337 -6.48466e-05 0)
(0.919378 -0.000105791 0)
(0.919428 -0.000148074 0)
(0.919502 -0.000190754 0)
(0.919588 -0.000235694 0)
(0.919692 -0.000281436 0)
(0.919809 -0.000331275 0)
(0.919939 -0.000382968 0)
(0.920079 -0.000441138 0)
(0.920225 -0.000502415 0)
(0.920377 -0.000572783 0)
(0.920524 -0.000646983 0)
(0.92067 -0.00073253 0)
(0.920798 -0.000821043 0)
(0.920916 -0.000922041 0)
(0.919326 -2.77982e-05 0)
(0.919373 -5.41507e-05 0)
(0.919412 -8.86258e-05 0)
(0.919458 -0.000124642 0)
(0.919526 -0.000161532 0)
(0.919605 -0.000201061 0)
(0.9197 -0.000242028 0)
(0.919806 -0.000287369 0)
(0.919924 -0.000335159 0)
(0.92005 -0.000389367 0)
(0.92018 -0.00044705 0)
(0.920314 -0.000513214 0)
(0.920443 -0.000583259 0)
(0.920569 -0.000663344 0)
(0.920679 -0.000746205 0)
(0.920779 -0.00083951 0)
(0.919363 -2.32062e-05 0)
(0.919409 -4.62421e-05 0)
(0.919444 -7.59236e-05 0)
(0.919486 -0.00010727 0)
(0.919549 -0.000139825 0)
(0.91962 -0.000175236 0)
(0.919707 -0.000212515 0)
(0.919803 -0.00025427 0)
(0.919909 -0.000298838 0)
(0.920021 -0.000349625 0)
(0.920137 -0.000404054 0)
(0.920254 -0.000466304 0)
(0.920367 -0.000532357 0)
(0.920477 -0.000607247 0)
(0.920571 -0.000684706 0)
(0.920655 -0.000770886 0)
(0.919399 -1.98109e-05 0)
(0.919442 -4.05286e-05 0)
(0.919474 -6.67343e-05 0)
(0.919512 -9.46664e-05 0)
(0.919569 -0.000124024 0)
(0.919634 -0.000156332 0)
(0.919712 -0.000190771 0)
(0.919798 -0.000229652 0)
(0.919893 -0.000271532 0)
(0.919993 -0.000319331 0)
(0.920095 -0.000370787 0)
(0.920198 -0.000429384 0)
(0.920297 -0.000491614 0)
(0.920391 -0.000561572 0)
(0.920472 -0.000633863 0)
(0.920543 -0.000713392 0)
(0.919433 -1.7358e-05 0)
(0.919471 -3.65188e-05 0)
(0.9195 -6.02706e-05 0)
(0.919535 -8.57603e-05 0)
(0.919586 -0.000112801 0)
(0.919645 -0.000142788 0)
(0.919715 -0.000175043 0)
(0.919792 -0.000211602 0)
(0.919876 -0.000251215 0)
(0.919964 -0.000296375 0)
(0.920055 -0.000345102 0)
(0.920145 -0.000400292 0)
(0.920231 -0.000458884 0)
(0.920313 -0.000524202 0)
(0.920382 -0.000591605 0)
(0.920442 -0.000664978 0)
(0.919463 -1.56367e-05 0)
(0.919497 -3.38091e-05 0)
(0.919523 -5.58859e-05 0)
(0.919554 -7.96741e-05 0)
(0.9196 -0.000105067 0)
(0.919653 -0.000133331 0)
(0.919715 -0.0001639 0)
(0.919784 -0.000198566 0)
(0.919858 -0.000236238 0)
(0.919936 -0.000279047 0)
(0.920016 -0.000325256 0)
(0.920095 -0.000377269 0)
(0.92017 -0.000432426 0)
(0.92024 -0.000493419 0)
(0.920299 -0.000556283 0)
(0.920351 -0.000624094 0)
(0.919489 -1.44737e-05 0)
(0.919518 -3.20713e-05 0)
(0.919541 -5.30551e-05 0)
(0.919569 -7.56958e-05 0)
(0.91961 -9.99407e-05 0)
(0.919657 -0.000126929 0)
(0.919713 -0.000156188 0)
(0.919774 -0.000189287 0)
(0.91984 -0.000225274 0)
(0.919909 -0.000265967 0)
(0.919978 -0.00030984 0)
(0.920047 -0.000358887 0)
(0.920112 -0.000410795 0)
(0.920173 -0.000467732 0)
(0.920224 -0.000526303 0)
(0.920268 -0.000588912 0)
(0.919511 -1.37281e-05 0)
(0.919534 -3.10418e-05 0)
(0.919555 -5.13564e-05 0)
(0.91958 -7.32541e-05 0)
(0.919617 -9.67156e-05 0)
(0.919659 -0.000122758 0)
(0.919708 -0.000150984 0)
(0.919762 -0.000182765 0)
(0.91982 -0.000217268 0)
(0.919881 -0.00025604 0)
(0.919942 -0.000297744 0)
(0.920002 -0.000344031 0)
(0.920059 -0.000392897 0)
(0.920112 -0.000446087 0)
(0.920155 -0.000500721 0)
(0.920193 -0.000558686 0)
(0.919528 -1.32868e-05 0)
(0.919547 -3.05106e-05 0)
(0.919565 -5.04544e-05 0)
(0.919588 -7.18946e-05 0)
(0.91962 -9.48304e-05 0)
(0.919657 -0.000120164 0)
(0.919701 -0.000147557 0)
(0.919748 -0.000178208 0)
(0.9198 -0.000211382 0)
(0.919853 -0.000248399 0)
(0.919906 -0.000288082 0)
(0.919959 -0.000331795 0)
(0.920008 -0.0003778 0)
(0.920054 -0.000427489 0)
(0.920092 -0.000478407 0)
(0.920125 -0.000532014 0)
(0.919541 -1.30595e-05 0)
(0.919555 -3.03125e-05 0)
(0.919571 -5.00852e-05 0)
(0.919591 -7.12603e-05 0)
(0.91962 -9.38443e-05 0)
(0.919653 -0.000118633 0)
(0.919691 -0.000145336 0)
(0.919733 -0.000174997 0)
(0.919779 -0.000206967 0)
(0.919825 -0.000242372 0)
(0.919872 -0.000280175 0)
(0.919918 -0.000321505 0)
(0.919961 -0.000364857 0)
(0.920001 -0.000411337 0)
(0.920034 -0.000458863 0)
(0.920063 -0.000508551 0)
(0.91955 -1.29753e-05 0)
(0.919559 -3.03185e-05 0)
(0.919574 -5.00428e-05 0)
(0.919591 -7.10728e-05 0)
(0.919617 -9.34144e-05 0)
(0.919646 -0.000117765 0)
(0.91968 -0.000143874 0)
(0.919717 -0.000172648 0)
(0.919757 -0.000203514 0)
(0.919798 -0.00023743 0)
(0.919839 -0.000273485 0)
(0.919879 -0.000312612 0)
(0.919917 -0.000353513 0)
(0.919952 -0.000397069 0)
(0.919981 -0.000441533 0)
(0.920006 -0.000487759 0)
(0.919555 -1.29788e-05 0)
(0.91956 -3.04291e-05 0)
(0.919573 -5.01683e-05 0)
(0.919588 -7.11172e-05 0)
(0.919611 -9.32756e-05 0)
(0.919636 -0.000117252 0)
(0.919667 -0.000142827 0)
(0.919699 -0.00017079 0)
(0.919734 -0.000200629 0)
(0.91977 -0.000233163 0)
(0.919807 -0.000267588 0)
(0.919842 -0.000304675 0)
(0.919875 -0.000343305 0)
(0.919906 -0.000384167 0)
(0.919932 -0.000425792 0)
(0.919954 -0.000468804 0)
(0.919556 -1.30273e-05 0)
(0.919557 -3.05678e-05 0)
(0.919569 -5.03398e-05 0)
(0.919583 -7.12284e-05 0)
(0.919602 -9.32247e-05 0)
(0.919625 -0.000116858 0)
(0.919652 -0.000141932 0)
(0.919681 -0.000169135 0)
(0.919712 -0.000198008 0)
(0.919743 -0.000229254 0)
(0.919775 -0.000262158 0)
(0.919807 -0.000297363 0)
(0.919836 -0.000333902 0)
(0.919863 -0.000372314 0)
(0.919886 -0.000411381 0)
(0.919906 -0.000451547 0)
(0.919554 -1.30879e-05 0)
(0.919552 -3.06761e-05 0)
(0.919562 -5.04638e-05 0)
(0.919574 -7.12805e-05 0)
(0.919592 -9.31062e-05 0)
(0.919612 -0.0001164 0)
(0.919636 -0.000140986 0)
(0.919661 -0.000167463 0)
(0.919688 -0.000195417 0)
(0.919717 -0.000225453 0)
(0.919745 -0.000256935 0)
(0.919773 -0.000290394 0)
(0.919799 -0.000324998 0)
(0.919823 -0.000361154 0)
(0.919844 -0.000397857 0)
(0.919862 -0.000435393 0)
(0.919549 -1.31355e-05 0)
(0.919544 -3.07093e-05 0)
(0.919553 -5.04689e-05 0)
(0.919564 -7.11763e-05 0)
(0.919579 -9.28004e-05 0)
(0.919597 -0.000115739 0)
(0.919618 -0.000139832 0)
(0.919641 -0.000165602 0)
(0.919665 -0.000192674 0)
(0.91969 -0.000221569 0)
(0.919715 -0.000251717 0)
(0.91974 -0.000283562 0)
(0.919764 -0.000316381 0)
(0.919786 -0.000350478 0)
(0.919804 -0.000385027 0)
(0.919821 -0.000420185 0)
(0.919541 -1.31509e-05 0)
(0.919534 -3.06327e-05 0)
(0.919542 -5.02997e-05 0)
(0.919552 -7.08406e-05 0)
(0.919565 -9.2214e-05 0)
(0.919581 -0.000114765 0)
(0.9196 -0.000138346 0)
(0.91962 -0.000163416 0)
(0.919642 -0.00018963 0)
(0.919664 -0.000217443 0)
(0.919687 -0.000246339 0)
(0.919709 -0.000276688 0)
(0.91973 -0.000307863 0)
(0.91975 -0.000340079 0)
(0.919767 -0.000372671 0)
(0.919783 -0.000405685 0)
(0.919532 -1.31191e-05 0)
(0.919522 -3.04188e-05 0)
(0.919529 -4.99119e-05 0)
(0.919538 -7.02131e-05 0)
(0.91955 -9.12721e-05 0)
(0.919564 -0.000113389 0)
(0.919581 -0.000136428 0)
(0.919599 -0.000160793 0)
(0.919618 -0.000186166 0)
(0.919638 -0.000212947 0)
(0.919659 -0.000240661 0)
(0.919679 -0.000269623 0)
(0.919699 -0.000299278 0)
(0.919717 -0.000329771 0)
(0.919733 -0.000360566 0)
(0.919748 -0.000391608 0)
(0.91952 -1.30284e-05 0)
(0.919509 -3.0045e-05 0)
(0.919515 -4.92691e-05 0)
(0.919523 -6.92438e-05 0)
(0.919534 -8.99118e-05 0)
(0.919546 -0.000111536 0)
(0.919561 -0.000133991 0)
(0.919577 -0.000157636 0)
(0.919595 -0.000182175 0)
(0.919613 -0.000207962 0)
(0.919632 -0.000234558 0)
(0.91965 -0.000262233 0)
(0.919668 -0.000290489 0)
(0.919685 -0.000319412 0)
(0.919701 -0.000348578 0)
(0.919715 -0.000377839 0)
(0.919507 -1.2869e-05 0)
(0.919495 -2.94918e-05 0)
(0.9195 -4.83398e-05 0)
(0.919507 -6.7889e-05 0)
(0.919517 -8.80775e-05 0)
(0.919528 -0.000109139 0)
(0.919542 -0.000130957 0)
(0.919556 -0.000153855 0)
(0.919572 -0.000177555 0)
(0.919588 -0.000202379 0)
(0.919606 -0.000227909 0)
(0.919623 -0.000254386 0)
(0.919639 -0.000281351 0)
(0.919656 -0.000308842 0)
(0.91967 -0.000336527 0)
(0.919684 -0.000364171 0)
(0.919493 -1.26326e-05 0)
(0.91948 -2.87419e-05 0)
(0.919485 -4.70954e-05 0)
(0.919491 -6.61084e-05 0)
(0.9195 -8.57176e-05 0)
(0.91951 -0.000106134 0)
(0.919522 -0.00012725 0)
(0.919535 -0.000149362 0)
(0.919549 -0.000172208 0)
(0.919564 -0.000196084 0)
(0.91958 -0.000220591 0)
(0.919596 -0.000245949 0)
(0.919612 -0.000271718 0)
(0.919627 -0.000297902 0)
(0.919642 -0.00032423 0)
(0.919656 -0.000350373 0)
(0.919478 -1.23117e-05 0)
(0.919464 -2.77794e-05 0)
(0.919469 -4.55097e-05 0)
(0.919474 -6.38645e-05 0)
(0.919482 -8.27824e-05 0)
(0.919491 -0.000102457 0)
(0.919502 -0.000122794 0)
(0.919514 -0.000144064 0)
(0.919527 -0.000166027 0)
(0.919541 -0.000188959 0)
(0.919555 -0.000212474 0)
(0.91957 -0.000236781 0)
(0.919586 -0.000261445 0)
(0.919601 -0.00028645 0)
(0.919615 -0.00031157 0)
(0.919629 -0.000336397 0)
(0.919463 -1.18995e-05 0)
(0.919449 -2.65897e-05 0)
(0.919453 -4.35583e-05 0)
(0.919457 -6.11218e-05 0)
(0.919464 -7.92239e-05 0)
(0.919472 -9.80463e-05 0)
(0.919482 -0.000117509 0)
(0.919493 -0.000137866 0)
(0.919505 -0.0001589 0)
(0.919518 -0.000180872 0)
(0.919531 -0.000203407 0)
(0.919546 -0.000226716 0)
(0.91956 -0.000250346 0)
(0.919575 -0.000274272 0)
(0.919589 -0.00029826 0)
(0.919604 -0.000321803 0)
(0.919448 -1.13899e-05 0)
(0.919433 -2.51607e-05 0)
(0.919437 -4.12201e-05 0)
(0.919441 -5.78485e-05 0)
(0.919447 -7.49978e-05 0)
(0.919454 -9.28416e-05 0)
(0.919463 -0.000111319 0)
(0.919473 -0.00013067 0)
(0.919484 -0.000150704 0)
(0.919495 -0.000171678 0)
(0.919508 -0.00019323 0)
(0.919522 -0.000215586 0)
(0.919536 -0.000238263 0)
(0.919551 -0.000261257 0)
(0.919565 -0.000284299 0)
(0.91958 -0.000306802 0)
(0.919433 -1.07776e-05 0)
(0.919419 -2.34836e-05 0)
(0.919422 -3.84794e-05 0)
(0.919425 -5.40192e-05 0)
(0.919431 -7.00661e-05 0)
(0.919437 -8.67885e-05 0)
(0.919445 -0.000104147 0)
(0.919453 -0.000122373 0)
(0.919463 -0.00014131 0)
(0.919474 -0.000161214 0)
(0.919486 -0.000181744 0)
(0.919499 -0.000203156 0)
(0.919513 -0.000224926 0)
(0.919527 -0.000247097 0)
(0.919542 -0.000269315 0)
(0.919558 -0.000290918 0)
(0.919418 -1.00588e-05 0)
(0.919405 -2.15552e-05 0)
(0.919407 -3.53293e-05 0)
(0.919411 -4.96207e-05 0)
(0.919415 -6.4405e-05 0)
(0.919421 -7.98471e-05 0)
(0.919427 -9.59322e-05 0)
(0.919435 -0.000112884 0)
(0.919444 -0.000130589 0)
(0.919453 -0.000149308 0)
(0.919465 -0.000168735 0)
(0.919477 -0.000189168 0)
(0.91949 -0.000210041 0)
(0.919505 -0.000231486 0)
(0.919521 -0.000253 0)
(0.919537 -0.000273869 0)
(0.919404 -9.2323e-06 0)
(0.919392 -1.93808e-05 0)
(0.919394 -3.17763e-05 0)
(0.919397 -4.46572e-05 0)
(0.919401 -5.80121e-05 0)
(0.919406 -7.20016e-05 0)
(0.919411 -8.66364e-05 0)
(0.919418 -0.000102134 0)
(0.919425 -0.000118431 0)
(0.919434 -0.000135794 0)
(0.919444 -0.000153974 0)
(0.919455 -0.000173321 0)
(0.919469 -0.000193245 0)
(0.919483 -0.000214015 0)
(0.919499 -0.000234916 0)
(0.919517 -0.00025525 0)
(0.919392 -8.30044e-06 0)
(0.919381 -1.69751e-05 0)
(0.919383 -2.78427e-05 0)
(0.919385 -3.91552e-05 0)
(0.919388 -5.09128e-05 0)
(0.919392 -6.32693e-05 0)
(0.919397 -7.62589e-05 0)
(0.919402 -9.00911e-05 0)
(0.919409 -0.000104757 0)
(0.919416 -0.000120527 0)
(0.919425 -0.000137238 0)
(0.919435 -0.000155293 0)
(0.919448 -0.000174121 0)
(0.919462 -0.00019418 0)
(0.919479 -0.000214474 0)
(0.919498 -0.000234453 0)
(0.919381 -7.26961e-06 0)
(0.919372 -1.43652e-05 0)
(0.919374 -2.35705e-05 0)
(0.919375 -3.31694e-05 0)
(0.919378 -4.31698e-05 0)
(0.919381 -5.3714e-05 0)
(0.919384 -6.48536e-05 0)
(0.919389 -7.67849e-05 0)
(0.919394 -8.95509e-05 0)
(0.9194 -0.000103425 0)
(0.919408 -0.00011835 0)
(0.919417 -0.000134785 0)
(0.919428 -0.000152267 0)
(0.919441 -0.00017149 0)
(0.919459 -0.000191176 0)
(0.919479 -0.000211153 0)
(0.919372 -6.15143e-06 0)
(0.919365 -1.16044e-05 0)
(0.919366 -1.90464e-05 0)
(0.919367 -2.68183e-05 0)
(0.919369 -3.49313e-05 0)
(0.919371 -4.35085e-05 0)
(0.919374 -5.26085e-05 0)
(0.919378 -6.24045e-05 0)
(0.919381 -7.29776e-05 0)
(0.919386 -8.4589e-05 0)
(0.919392 -9.73045e-05 0)
(0.919399 -0.000111621 0)
(0.919409 -0.000127321 0)
(0.919421 -0.000145373 0)
(0.919439 -0.000164442 0)
(0.919461 -0.000185045 0)
(0.919365 -4.96888e-06 0)
(0.91936 -8.78125e-06 0)
(0.919361 -1.44154e-05 0)
(0.919362 -2.03059e-05 0)
(0.919363 -2.64614e-05 0)
(0.919365 -3.29779e-05 0)
(0.919367 -3.99067e-05 0)
(0.919369 -4.73822e-05 0)
(0.919372 -5.54928e-05 0)
(0.919375 -6.44549e-05 0)
(0.919379 -7.44152e-05 0)
(0.919384 -8.58491e-05 0)
(0.919392 -9.88564e-05 0)
(0.919402 -0.000114622 0)
(0.919419 -0.000132277 0)
(0.919442 -0.000153387 0)
(0.91936 -3.75983e-06 0)
(0.919358 -5.9053e-06 0)
(0.919359 -9.69502e-06 0)
(0.919359 -1.36598e-05 0)
(0.91936 -1.78022e-05 0)
(0.919361 -2.21846e-05 0)
(0.919362 -2.68381e-05 0)
(0.919363 -3.18422e-05 0)
(0.919365 -3.72522e-05 0)
(0.919367 -4.31905e-05 0)
(0.919369 -4.97738e-05 0)
(0.919373 -5.73032e-05 0)
(0.919377 -6.60126e-05 0)
(0.919385 -7.69308e-05 0)
(0.919399 -8.99559e-05 0)
(0.919421 -0.000107959 0)
(0.919358 -2.52839e-06 0)
(0.919358 -2.79772e-06 0)
(0.919358 -4.59347e-06 0)
(0.919359 -6.47338e-06 0)
(0.919359 -8.435e-06 0)
(0.919359 -1.05052e-05 0)
(0.91936 -1.26919e-05 0)
(0.919361 -1.50202e-05 0)
(0.919362 -1.74977e-05 0)
(0.919363 -2.01434e-05 0)
(0.919364 -2.29664e-05 0)
(0.919366 -2.60037e-05 0)
(0.919368 -2.93131e-05 0)
(0.919373 -3.32608e-05 0)
(0.919382 -3.81582e-05 0)
(0.9194 -4.76625e-05 0)
(0.919358 -1.1978e-06 0)
(0.919363 -1.83578e-08 0)
(0.919363 -2.9974e-08 0)
(0.919363 -4.19284e-08 0)
(0.919363 -5.39623e-08 0)
(0.919363 -6.63027e-08 0)
(0.919363 -7.84987e-08 0)
(0.919363 -9.09247e-08 0)
(0.919364 -1.02822e-07 0)
(0.919364 -1.14691e-07 0)
(0.919364 -1.25458e-07 0)
(0.919364 -1.35763e-07 0)
(0.919364 -1.44271e-07 0)
(0.919364 -1.51814e-07 0)
(0.919364 -1.56946e-07 0)
(0.919364 -1.61173e-07 0)
(0.919363 -7.86672e-09 0)
(0.919363 -6.27225e-09 0)
(0.919363 -1.02327e-08 0)
(0.919363 -1.42938e-08 0)
(0.919363 -1.83689e-08 0)
(0.919363 -2.25262e-08 0)
(0.919363 -2.6617e-08 0)
(0.919363 -3.07612e-08 0)
(0.919364 -3.471e-08 0)
(0.919364 -3.86274e-08 0)
(0.919364 -4.21633e-08 0)
(0.919364 -4.55285e-08 0)
(0.919364 -4.82929e-08 0)
(0.919364 -5.07255e-08 0)
(0.919364 -5.24144e-08 0)
(0.919364 -5.3784e-08 0)
(0.919363 -2.68726e-09 0)
)
;

boundaryField
{
    wireUpstream
    {
        type            calculated;
        value           nonuniform List<vector> 
16
(
(0.919363 0 0)
(0.919363 0 0)
(0.919363 0 0)
(0.919363 0 0)
(0.919363 0 0)
(0.919363 0 0)
(0.919363 0 0)
(0.919364 0 0)
(0.919364 0 0)
(0.919364 0 0)
(0.919364 0 0)
(0.919364 0 0)
(0.919364 0 0)
(0.919364 0 0)
(0.919364 0 0)
(0.919363 0 0)
)
;
    }
    wireDownstream
    {
        type            calculated;
        value           nonuniform List<vector> 
16
(
(1 -0.000141789 3.98841e-10)
(1 -9.77207e-05 2.68215e-10)
(1 -0.00028364 -3.0122e-10)
(1 -0.000210074 -8.37261e-10)
(1 -0.000422552 2.24828e-10)
(1 -0.000337014 1.14527e-09)
(1 -0.000567503 3.05283e-10)
(1 -0.000479876 -5.65176e-10)
(1 -0.000720016 9.94995e-11)
(1 -0.000633289 4.75191e-10)
(1 -0.000887626 -1.21445e-10)
(1 -0.000813498 -2.88342e-10)
(1 -0.00108736 2.77312e-11)
(1 -0.00105931 3.28478e-10)
(1 -0.00142167 1.10194e-10)
(1 -1.38031e-05 8.86528e-11)
)
;
    }
    wireTopContact
    {
        type            calculated;
        value           nonuniform List<vector> 
122
(
(1.00023 -7.33468e-05 1.03076e-12)
(1.00023 -3.48741e-05 5.34155e-13)
(1.00022 -9.55163e-06 1.28231e-13)
(1.00022 1.0271e-05 -1.53678e-13)
(1.00021 2.44738e-05 -3.65793e-13)
(1.00021 3.49691e-05 -5.17825e-13)
(1.00021 4.2366e-05 -6.26056e-13)
(1.00022 4.74705e-05 -6.99726e-13)
(1.00022 5.07614e-05 -7.46987e-13)
(1.00023 5.26715e-05 -7.73818e-13)
(1.00023 5.35112e-05 -7.84963e-13)
(1.00024 5.3533e-05 -7.84073e-13)
(1.00025 5.29297e-05 -7.7401e-13)
(1.00026 5.18515e-05 -7.56962e-13)
(1.00027 5.04209e-05 -7.34727e-13)
(1.00028 4.8732e-05 -7.08671e-13)
(1.00029 4.68743e-05 -6.80097e-13)
(1.0003 4.49217e-05 -6.50072e-13)
(1.00032 4.29623e-05 -6.19876e-13)
(1.00033 4.10844e-05 -5.90789e-13)
(1.00035 3.94062e-05 -5.64529e-13)
(1.00036 3.80686e-05 -5.43158e-13)
(1.00038 3.72575e-05 -5.29388e-13)
(1.0004 3.72131e-05 -5.2675e-13)
(1.00042 3.8239e-05 -5.39694e-13)
(1.00044 4.07338e-05 -5.74089e-13)
(1.00047 4.51892e-05 -6.3717e-13)
(1.00049 5.22389e-05 -7.38278e-13)
(1.00052 6.26596e-05 -8.88863e-13)
(1.00056 7.74257e-05 -1.10329e-12)
(1.00059 9.7729e-05 -1.39916e-12)
(1.00063 0.000125032 -1.798e-12)
(1.00068 0.00016112 -2.32613e-12)
(1.00073 0.000208161 -3.01545e-12)
(1.00078 0.000268814 -3.90509e-12)
(1.00084 0.00034629 -5.04208e-12)
(1.00091 0.000444466 -6.48195e-12)
(1.00098 0.000568203 -8.29412e-12)
(1.00105 0.000724288 -1.05833e-11)
(1.00113 0.000921763 -1.34976e-11)
(1.0012 0.00116827 -1.71188e-11)
(1.00127 0.00147011 -2.14225e-11)
(1.00136 0.00187301 -2.74183e-11)
(1.00146 0.00254825 -3.83519e-11)
(1.00141 0.00361954 -5.27184e-11)
(1.00119 0.00443012 -6.37715e-11)
(1.0009 0.00473762 -6.88797e-11)
(1.00063 0.00480542 -6.95829e-11)
(1.00027 0.00462213 -6.76465e-11)
(0.999689 0.0041311 -6.23258e-11)
(0.99866 0.00313386 -4.98455e-11)
(0.99681 0.00133048 -2.5574e-11)
(0.994014 -0.00168646 1.75543e-11)
(0.990558 -0.00608779 8.39858e-11)
(0.986743 -0.011755 1.68818e-10)
(0.982771 -0.0180732 2.6284e-10)
(0.978825 -0.0243285 3.56751e-10)
(0.974982 -0.0301534 4.43778e-10)
(0.971257 -0.0352977 5.19599e-10)
(0.96766 -0.039532 5.81042e-10)
(0.964199 -0.0426945 6.2584e-10)
(0.960875 -0.04468 6.52647e-10)
(0.957685 -0.0454377 6.61106e-10)
(0.954616 -0.0449837 6.51709e-10)
(0.95165 -0.0433797 6.2585e-10)
(0.948763 -0.0407605 5.85673e-10)
(0.94593 -0.037304 5.33983e-10)
(0.943132 -0.0332353 4.7419e-10)
(0.940351 -0.0288082 4.09816e-10)
(0.937559 -0.0242369 3.43551e-10)
(0.934694 -0.0196697 2.76955e-10)
(0.931704 -0.0152526 2.12681e-10)
(0.928775 -0.0113124 1.55128e-10)
(0.926391 -0.00829412 1.09618e-10)
(0.924965 -0.00631712 8.57741e-11)
(0.924356 -0.00510456 7.30402e-11)
(0.923963 -0.00431778 6.1319e-11)
(0.923558 -0.00367838 5.18172e-11)
(0.923193 -0.00314119 4.42246e-11)
(0.922845 -0.00269416 3.78704e-11)
(0.922525 -0.00231949 3.25911e-11)
(0.92223 -0.00200702 2.81846e-11)
(0.921961 -0.00174639 2.45086e-11)
(0.921717 -0.0015285 2.14547e-11)
(0.921496 -0.00134905 1.89201e-11)
(0.921297 -0.0011991 1.68186e-11)
(0.921118 -0.00107496 1.50737e-11)
(0.920957 -0.000971579 1.36226e-11)
(0.920813 -0.000885212 1.24131e-11)
(0.920683 -0.000813081 1.14016e-11)
(0.920566 -0.000752315 1.05505e-11)
(0.920461 -0.000700847 9.83241e-12)
(0.920367 -0.000657283 9.22008e-12)
(0.920282 -0.000619507 8.69535e-12)
(0.920205 -0.000587058 8.23883e-12)
(0.920135 -0.000558238 7.83768e-12)
(0.920072 -0.000532851 7.484e-12)
(0.920014 -0.000510409 7.16802e-12)
(0.919961 -0.000489862 6.88282e-12)
(0.919912 -0.000471242 6.62103e-12)
(0.919868 -0.000453803 6.37766e-12)
(0.919826 -0.000437436 6.14881e-12)
(0.919788 -0.000421901 5.93074e-12)
(0.919753 -0.000406859 5.72037e-12)
(0.91972 -0.000392221 5.51522e-12)
(0.919689 -0.000377774 5.31188e-12)
(0.919661 -0.00036322 5.10912e-12)
(0.919634 -0.00034863 4.90202e-12)
(0.91961 -0.000333366 4.69016e-12)
(0.919586 -0.000317865 4.4712e-12)
(0.919565 -0.000301521 4.24184e-12)
(0.919545 -0.000284083 3.99754e-12)
(0.919526 -0.000265178 3.73158e-12)
(0.919508 -0.000244183 3.43574e-12)
(0.919491 -0.00022083 3.10765e-12)
(0.919474 -0.000194867 2.74872e-12)
(0.91946 -0.000163584 2.29541e-12)
(0.919447 -0.000117306 1.5991e-12)
(0.919427 -5.41257e-05 6.31438e-13)
(0.919376 -4.0112e-06 -1.99967e-13)
(0.919364 -5.38469e-08 7.97465e-16)
(1.00041 -0.000198719 3.4845e-12)
)
;
    }
    front
    {
        type            wedge;
    }
    back
    {
        type            wedge;
    }
}


// ************************************************************************* //
