/*--------------------------------*- C++ -*----------------------------------*\
  =========                 |
  \\      /  F ield         | OpenFOAM: The Open Source CFD Toolbox
   \\    /   O peration     | Website:  https://openfoam.org
    \\  /    A nd           | Version:  8
     \\/     M anipulation  |
\*---------------------------------------------------------------------------*/
FoamFile
{
    version     2.0;
    format      ascii;
    class       vectorField;
    location    "0.0280000/polyMesh";
    object      points;
}
// * * * * * * * * * * * * * * * * * * * * * * * * * * * * * * * * * * * * * //


1414
(
(-0.003 0.000749181049376757 -3.27099510250764e-05)
(-0.002965 0.000749179419884381 -3.27098798799029e-05)
(-0.00293 0.000749175234812453 -3.27096971557164e-05)
(-0.002895 0.000749169566783239 -3.27094496842164e-05)
(-0.00286 0.000749163274935192 -3.27091749761981e-05)
(-0.002825 0.000749156397024298 -3.27088746801232e-05)
(-0.00279 0.000749148855139923 -3.27085453943401e-05)
(-0.002755 0.0007491406585381 -3.27081875229758e-05)
(-0.00272 0.000749132022327099 -3.27078104578604e-05)
(-0.002685 0.000749122963941128 -3.27074149601876e-05)
(-0.00265 0.000749113314823847 -3.27069936706289e-05)
(-0.002615 0.0007491032750322 -3.2706555323859e-05)
(-0.00258 0.000749092890471122 -3.27061019241306e-05)
(-0.002545 0.000749082115388649 -3.270563147387e-05)
(-0.00251 0.000749070867113555 -3.27051403635733e-05)
(-0.002475 0.00074905930541097 -3.27046355687368e-05)
(-0.00244 0.00074904743327316 -3.27041172200056e-05)
(-0.002405 0.000749035122827846 -3.27035797343556e-05)
(-0.00237 0.000749022444291282 -3.27030261774945e-05)
(-0.002335 0.000749009457782108 -3.27024591742589e-05)
(-0.0023 0.000748996139382202 -3.2701877680361e-05)
(-0.002265 0.000748982330699907 -3.27012747802716e-05)
(-0.00223 0.000748968199450615 -3.27006577966031e-05)
(-0.002195 0.000748953740905735 -3.27000265229005e-05)
(-0.00216 0.00074893882635879 -3.26993753397179e-05)
(-0.002125 0.000748923462232039 -3.26987045274569e-05)
(-0.00209 0.000748907736282115 -3.26980179176551e-05)
(-0.002055 0.000748891641677542 -3.26973152120437e-05)
(-0.00202 0.00074887490702159 -3.26965845611856e-05)
(-0.001985 0.000748857755069181 -3.26958356907707e-05)
(-0.00195 0.000748840177291325 -3.26950682284153e-05)
(-0.001915 0.000748822030964595 -3.26942759426799e-05)
(-0.00188 0.00074880322262347 -3.26934547527719e-05)
(-0.001845 0.000748783898522032 -3.26926110442822e-05)
(-0.00181 0.00074876404236004 -3.26917441055271e-05)
(-0.001775 0.000748743278852156 -3.26908375511948e-05)
(-0.00174 0.000748721819924859 -3.26899006341952e-05)
(-0.001705 0.000748699681087899 -3.26889340316986e-05)
(-0.00167 0.000748676664919891 -3.26879291241012e-05)
(-0.001635 0.000748652476355792 -3.26868730285851e-05)
(-0.0016 0.000748627383181474 -3.26857774369338e-05)
(-0.001565 0.000748601340639048 -3.26846403949757e-05)
(-0.00153 0.000748573690557844 -3.26834331663588e-05)
(-0.001495 0.000748544619874054 -3.26821639128936e-05)
(-0.00146 0.000748514204751133 -3.26808359599482e-05)
(-0.001425 0.000748482129155156 -3.26794355091835e-05)
(-0.00139 0.000748447517556248 -3.26779243341396e-05)
(-0.001355 0.000748410945009144 -3.26763275422484e-05)
(-0.00132 0.000748372293606239 -3.26746399855528e-05)
(-0.001285 0.000748330245670861 -3.26728041330469e-05)
(-0.00125 0.000748284811295219 -3.26708204253659e-05)
(-0.001215 0.000748236288484912 -3.26687018737153e-05)
(-0.00118 0.000748184139962422 -3.26664250200521e-05)
(-0.001145 0.000748125870253641 -3.26638809096237e-05)
(-0.00111 0.000748062964987714 -3.26611344063994e-05)
(-0.001075 0.000747995138642907 -3.26581730442311e-05)
(-0.00104 0.000747919507276872 -3.26548709074765e-05)
(-0.001005 0.000747835556483696 -3.26512055366885e-05)
(-0.00097 0.000747744239299262 -3.26472185423124e-05)
(-0.000935 0.000747644570373948 -3.26428669030545e-05)
(-0.0009 0.000747530003485609 -3.26378648046835e-05)
(-0.000865 0.000747404487486282 -3.26323846578028e-05)
(-0.00083 0.000747267354770849 -3.26263973141434e-05)
(-0.000795 0.000747112032295155 -3.26196157883996e-05)
(-0.00076 0.00074693693874904 -3.2611971039079e-05)
(-0.000725 0.000746744348802595 -3.26035623804225e-05)
(-0.00069 0.0007465319567262 -3.25942891421008e-05)
(-0.000655 0.000746271611615987 -3.25829222291072e-05)
(-0.00062 0.00074596837357975 -3.25696825705194e-05)
(-0.000585 0.000745617907590427 -3.25543808949681e-05)
(-0.00055 0.000745187552720761 -3.25355911955732e-05)
(-0.000515 0.00074468204266117 -3.25135201497216e-05)
(-0.00048 0.000744122535596909 -3.24890915437319e-05)
(-0.000445 0.000743507347478898 -3.24622318504334e-05)
(-0.00041 0.000742829322236042 -3.24326286290144e-05)
(-0.000375 0.00074212362112118 -3.24018170529279e-05)
(-0.00034 0.000741394695313997 -3.23699914648758e-05)
(-0.000305 0.000740649375977828 -3.23374501198907e-05)
(-0.00027 0.000739912545713989 -3.23052794158078e-05)
(-0.000235 0.000739192124420485 -3.22738251428419e-05)
(-0.0002 0.000738503564182721 -3.22437619536118e-05)
(-0.000165 0.000737883766382671 -3.22167009972489e-05)
(-0.00013 0.000737325027376935 -3.21923059254186e-05)
(-9.50000000000001e-05 0.000736832706599691 -3.21708107360706e-05)
(-6.00000000000001e-05 0.000736480088188777 -3.21554150837632e-05)
(-2.5e-05 0.000736231229490173 -3.21445496783311e-05)
(9.9999999999999e-06 0.000736076868109124 -3.21378101148858e-05)
(4.5e-05 0.000736045521396744 -3.21364414878662e-05)
(8e-05 0.000736097696133467 -3.21387194860676e-05)
(0.000115 0.000736197498327819 -3.21430769439773e-05)
(0.00015 0.000736340580923435 -3.21493240650157e-05)
(0.000185 0.000736519271838899 -3.21571258788741e-05)
(0.00022 0.000736712701960883 -3.21655712203868e-05)
(0.000255 0.000736919043842095 -3.21745803014821e-05)
(0.00029 0.000737137907382879 -3.21841360900411e-05)
(0.000325 0.000737358414683127 -3.21937636466882e-05)
(0.00036 0.000737578822901168 -3.22033868773126e-05)
(0.000395 0.000737794161165418 -3.22127887489741e-05)
(0.00043 0.000737997356538601 -3.22216604505619e-05)
(0.000465 0.000738184628002021 -3.22298368992348e-05)
(0.0005 0.000738345279217176 -3.22368510827678e-05)
(-0.003 0.000775792648694441 -3.38718385435936e-05)
(-0.00296500112688215 0.000775488150945354 -3.38585438847549e-05)
(-0.0029300022537643 0.000775181215175974 -3.38451427796513e-05)
(-0.00289500338064644 0.000774872953519724 -3.38316837850769e-05)
(-0.00286000450752859 0.000774564014291849 -3.38181952070864e-05)
(-0.00282500563441074 0.000774254570291522 -3.38046845902547e-05)
(-0.00279000676129289 0.000773944598070511 -3.37911509108099e-05)
(-0.00275500788817504 0.000773634129715091 -3.3777595569669e-05)
(-0.00272000901505718 0.000773323258811114 -3.37640226528784e-05)
(-0.00268501014193933 0.000773012001337632 -3.37504328580989e-05)
(-0.00265001126882148 0.000772700332701973 -3.3736825111591e-05)
(-0.00261501239570363 0.000772388309866855 -3.37232019004006e-05)
(-0.00258001352258578 0.000772075983156979 -3.37095654217519e-05)
(-0.00254501464946793 0.000771763325487818 -3.36959144931087e-05)
(-0.00251001577635007 0.000771450326414485 -3.36822486584375e-05)
(-0.00247501690323222 0.000771137035412185 -3.36685700778723e-05)
(-0.00244001803011437 0.000770823459676797 -3.3654879065592e-05)
(-0.00240501915699652 0.000770509561253615 -3.36411739644583e-05)
(-0.00237002028387867 0.000770195355237647 -3.36274554335336e-05)
(-0.00233502141076081 0.000769880876058621 -3.36137249760521e-05)
(-0.00230002253764296 0.0007695660928212 -3.35999812430945e-05)
(-0.00226502366452511 0.000769250969917336 -3.35862226799797e-05)
(-0.00223002479140726 0.00076893554287799 -3.3572450838023e-05)
(-0.00219502591828941 0.000768619817555201 -3.35586659727299e-05)
(-0.00216002704517155 0.000768303740725538 -3.35448657603152e-05)
(-0.0021250281720537 0.000767987306610547 -3.35310499484862e-05)
(-0.00209002929893585 0.000767670551668798 -3.35172201290585e-05)
(-0.002055030425818 0.000767353434118145 -3.35033744777841e-05)
(-0.00202003155270015 0.000767035886448791 -3.34895100471217e-05)
(-0.00198503267958229 0.00076671794313718 -3.34756283423453e-05)
(-0.00195003380646444 0.000766399617126046 -3.34617299285468e-05)
(-0.00191503493334659 0.000766080827277478 -3.34478112631686e-05)
(-0.00188003606022874 0.000765761535845394 -3.34338706981812e-05)
(-0.00184503718711089 0.000765441781209069 -3.34199099092598e-05)
(-0.00181003831399304 0.000765121507890161 -3.34059264741678e-05)
(-0.00177503944087518 0.000764800600942573 -3.33919153742502e-05)
(-0.00174004056775733 0.000764479074228958 -3.33778772147634e-05)
(-0.00170504169463948 0.000764156937236473 -3.33638124099258e-05)
(-0.00167004282152163 0.00076383404835159 -3.33497147767571e-05)
(-0.00163504394840378 0.000763510300226094 -3.3335579628333e-05)
(-0.00160004507528592 0.000763185735144111 -3.33214088108184e-05)
(-0.00156504620216807 0.000762860251669406 -3.33071978954116e-05)
(-0.00153004732905022 0.000762533605241278 -3.32929362043618e-05)
(-0.00149504845593237 0.000762205753729087 -3.32786218982055e-05)
(-0.00146004958281452 0.000761876704130669 -3.32642552824749e-05)
(-0.00142505070969666 0.000761546155030561 -3.32498231970865e-05)
(-0.00139005183657881 0.000761213796711813 -3.32353121195065e-05)
(-0.00135505296346096 0.000760879665502442 -3.32207236358501e-05)
(-0.00132005409034311 0.000760543557009431 -3.32060488221257e-05)
(-0.00128505521722526 0.000760204896974329 -3.31912626056677e-05)
(-0.0012500563441074 0.000759863479239244 -3.31763559854281e-05)
(-0.00121505747098955 0.000759519326457849 -3.31613299504878e-05)
(-0.0011800585978717 0.000759171747695554 -3.3146154333991e-05)
(-0.00114505972475385 0.000758819901218535 -3.31307923850452e-05)
(-0.001110060851636 0.000758463838054814 -3.31152463315821e-05)
(-0.00107506197851815 0.000758103149743298 -3.30994983398052e-05)
(-0.00104006310540029 0.000757736452287896 -3.30834879831402e-05)
(-0.00100506423228244 0.000757363131292681 -3.30671884364815e-05)
(-0.00097006535916459 0.000756983305755633 -3.30506048953932e-05)
(-0.000935066486046738 0.000756595370425523 -3.3033667273093e-05)
(-0.000900067612928886 0.000756197206454345 -3.30162830586791e-05)
(-0.000865068739811034 0.000755788985587315 -3.29984597507096e-05)
(-0.000830069866693182 0.000755369894405925 -3.29801618345654e-05)
(-0.00079507099357533 0.000754936681641987 -3.29612473568118e-05)
(-0.000760072120457478 0.000754487801480757 -3.29416488257195e-05)
(-0.000725073247339626 0.000754023514946581 -3.29213776378576e-05)
(-0.000690074374221774 0.000753537387103081 -3.29001528378363e-05)
(-0.000655075501103922 0.000753018219616052 -3.28774854958251e-05)
(-0.00062007662798607 0.000752461451273413 -3.28531764650038e-05)
(-0.000585077754868219 0.000751859559223355 -3.2826897290569e-05)
(-0.000550078881750367 0.000751198897599052 -3.27980521811084e-05)
(-0.000515080008632515 0.000750479077352593 -3.27666241504233e-05)
(-0.000480081135514663 0.000749709702700663 -3.273303252767e-05)
(-0.000445082262396811 0.000748892969451435 -3.26973731839038e-05)
(-0.000410083389278959 0.000748032816533447 -3.26598180964589e-05)
(-0.000375084516161107 0.000747143333407646 -3.26209824244851e-05)
(-0.000340085643043255 0.00074623519617553 -3.25813322966404e-05)
(-0.000305086769925403 0.000745317295787405 -3.25412559001987e-05)
(-0.000270087896807551 0.000744403060631885 -3.25013395312685e-05)
(-0.000235089023689699 0.000743504365838047 -3.24621016691824e-05)
(-0.000200090150571847 0.000742636716811562 -3.24242192945723e-05)
(-0.000165091277453996 0.000741816895342426 -3.23884251162131e-05)
(-0.000130092404336144 0.000741051321070139 -3.23549994216184e-05)
(-9.50935312182922e-05 0.000740355382302336 -3.23246140788095e-05)
(-6.00946581004401e-05 0.000739752244073203 -3.22982804950213e-05)
(-2.50957849825882e-05 0.00073924071389083 -3.22759466049326e-05)
(9.9040954022669e-06 0.000738853865442827 -3.22590564369301e-05)
(4.49109457306765e-05 0.000738819194729938 -3.22575426809141e-05)
(7.9917796059086e-05 0.000738853031774553 -3.22590200381872e-05)
(0.000114924646387496 0.000738933545840674 -3.22625353582314e-05)
(0.000149931496715905 0.00073904944693335 -3.22675957092218e-05)
(0.000184938347044315 0.000739192066189968 -3.22738226004427e-05)
(0.000219945197372724 0.000739351225277688 -3.2280771636285e-05)
(0.000254952047701134 0.00073952166546835 -3.22882132157188e-05)
(0.000289958898029543 0.000739700276505442 -3.22960115420122e-05)
(0.000324965748357952 0.000739882133366879 -3.23039515840569e-05)
(0.000359972598686362 0.00074006330071594 -3.23118615213412e-05)
(0.000394979449014771 0.000740239823049381 -3.23195686528637e-05)
(0.000429986299343181 0.000740406723058167 -3.23268556646187e-05)
(0.000464993149671591 0.000740555524127089 -3.23333524595937e-05)
(0.0005 0.000740628436131477 -3.23365358664546e-05)
(-0.003 0.000802448088647263 -3.50356401855785e-05)
(-0.0029650022537643 0.000801840422383147 -3.50091089035134e-05)
(-0.00293000450752859 0.000801229913491062 -3.49824535096309e-05)
(-0.00289500676129289 0.000800618292706355 -3.49557495694681e-05)
(-0.00286000901505718 0.000800006138009266 -3.49290223181872e-05)
(-0.00282501126882148 0.000799393585043165 -3.49022776781057e-05)
(-0.00279001352258578 0.000798780615270608 -3.48755148398614e-05)
(-0.00275501577635007 0.000798167253717888 -3.48487348961257e-05)
(-0.00272001803011437 0.000797553574101198 -3.48219410654172e-05)
(-0.00268502028387867 0.000796939588939657 -3.47951338943325e-05)
(-0.00265002253764296 0.000796325278509445 -3.47683125217108e-05)
(-0.00261502479140726 0.000795710687767087 -3.47414789103965e-05)
(-0.00258002704517155 0.000795095856284844 -3.47146347881519e-05)
(-0.00254502929893585 0.000794480762586658 -3.46877792173119e-05)
(-0.00251003155270015 0.000793865398047162 -3.4660911821285e-05)
(-0.00247503380646444 0.000793249801899897 -3.46340343130444e-05)
(-0.00244003606022874 0.000792633979739354 -3.46071469368511e-05)
(-0.00240503831399304 0.000792017901088434 -3.4580248362046e-05)
(-0.00237004056775733 0.000791401577977186 -3.45533391138726e-05)
(-0.00233504282152163 0.000790785037534845 -3.45264203768187e-05)
(-0.00230004507528592 0.000790168255261981 -3.44994910812161e-05)
(-0.00226504732905022 0.000789551202558782 -3.44725499783701e-05)
(-0.00223004958281452 0.000788933907628644 -3.44455982996675e-05)
(-0.00219505183657881 0.000788316375001206 -3.44186362428767e-05)
(-0.00216005409034311 0.000787698562297072 -3.43916619576733e-05)
(-0.0021250563441074 0.000787080464686778 -3.43646752331983e-05)
(-0.0020900585978717 0.000786462111095635 -3.4337677332358e-05)
(-0.002055060851636 0.000785843468481136 -3.43106668124855e-05)
(-0.00202006310540029 0.000785224482413597 -3.42836412971295e-05)
(-0.00198506535916459 0.000784605180723693 -3.42566020014034e-05)
(-0.00195006761292889 0.000783985573490348 -3.42295493653625e-05)
(-0.00191506986669318 0.000783365595930784 -3.42024805605297e-05)
(-0.00188007212045748 0.000782745217817459 -3.41753942671421e-05)
(-0.00184507437422177 0.000782124469705335 -3.4148291819258e-05)
(-0.00181007662798607 0.00078150330758448 -3.41211712953623e-05)
(-0.00177507888175037 0.000780881639050623 -3.40940286609975e-05)
(-0.00174008113551466 0.000780259475716243 -3.40668644231753e-05)
(-0.00170508338927896 0.000779636824993593 -3.40396789055216e-05)
(-0.00167008564304326 0.000779013573705435 -3.40124671666116e-05)
(-0.00163508789680755 0.000778389635817691 -3.39852254501163e-05)
(-0.00160009015057185 0.000777765045554733 -3.3957955250304e-05)
(-0.00156509240433614 0.000777139722494191 -3.39306530558582e-05)
(-0.00153009465810044 0.000776513469881265 -3.39033102762788e-05)
(-0.00149509691186474 0.000775886255009368 -3.38759254835655e-05)
(-0.00146009916562903 0.000775258083836328 -3.38484989378425e-05)
(-0.00142510141939333 0.000774628716082209 -3.38210201482614e-05)
(-0.00139010367315762 0.000773997902097224 -3.3793478214877e-05)
(-0.00135510592692192 0.000773365673125866 -3.37658745018533e-05)
(-0.00132010818068622 0.000772731867267227 -3.37382019404442e-05)
(-0.00128511043445051 0.000772096022862663 -3.37104403741977e-05)
(-0.00125011268821481 0.000771457975514985 -3.36825826253777e-05)
(-0.00121511494197911 0.000770817745862594 -3.36546295950762e-05)
(-0.0011801171957434 0.00077017478406262 -3.36265572766351e-05)
(-0.0011451194495077 0.000769528408225509 -3.35983358981135e-05)
(-0.00111012170327199 0.000768878667900549 -3.356996762288e-05)
(-0.00107512395703629 0.000768225240500155 -3.35414383664564e-05)
(-0.00104012621080059 0.00076756701016598 -3.35126994094153e-05)
(-0.00100512846456488 0.000766903483824854 -3.3483729223717e-05)
(-0.000970130718329179 0.000766234767879261 -3.34545324549944e-05)
(-0.000935132972093475 0.000765559588930738 -3.34250535054698e-05)
(-0.000900135225857771 0.000764876215580131 -3.33952167806236e-05)
(-0.000865137479622068 0.000764184816580962 -3.33650296483938e-05)
(-0.000830139733386364 0.000763484750738072 -3.33344641135951e-05)
(-0.00079514198715066 0.000762773389282568 -3.3303405401699e-05)
(-0.000760144240914956 0.000762049499753345 -3.32717997022914e-05)
(-0.000725146494679252 0.000761313325929255 -3.3239657658987e-05)
(-0.000690148748443549 0.000760559776591466 -3.32067569843709e-05)
(-0.000655151002207845 0.00075977978345961 -3.31727017487718e-05)
(-0.000620153255972141 0.000758969796310359 -3.31373369460916e-05)
(-0.000585155509736437 0.000758123862059944 -3.31004026590798e-05)
(-0.000550157763500734 0.00075723093387539 -3.30614165725925e-05)
(-0.00051516001726503 0.000756290718743258 -3.30203658933866e-05)
(-0.000480162271029326 0.000755310963910088 -3.29775888735511e-05)
(-0.000445164524793622 0.000754293390828707 -3.29331606733395e-05)
(-0.000410166778557918 0.000753241104862393 -3.28872168758407e-05)
(-0.000375169032322215 0.00075216540032331 -3.28402506013733e-05)
(-0.00034017128608651 0.000751074797959296 -3.2792633873822e-05)
(-0.000305173539850807 0.000749976423932049 -3.27446778281261e-05)
(-0.000270175793615103 0.000748880967879743 -3.26968491839674e-05)
(-0.000235178047379399 0.000747797971386323 -3.26495645358979e-05)
(-0.000200180301143695 0.000746739853127505 -3.26033660950091e-05)
(-0.000165182554907991 0.000745719725053159 -3.25588263413955e-05)
(-0.000130184808672288 0.000744743089790423 -3.25161855249467e-05)
(-9.51870624365842e-05 0.000743822485824028 -3.24759910877284e-05)
(-6.01893162008801e-05 0.000742975174136303 -3.24389966605049e-05)
(-2.51915699651763e-05 0.000742200978188404 -3.24051945354235e-05)
(9.8081908045339e-06 0.000741572549806055 -3.23777567596996e-05)
(4.48218914613529e-05 0.000741544429412311 -3.23765289967938e-05)
(7.9835592118172e-05 0.000741570467198955 -3.23776658311099e-05)
(0.000114849292774991 0.000741634066450419 -3.23804426343971e-05)
(0.00014986299343181 0.000741725834890562 -3.2384449331023e-05)
(0.000184876694088629 0.000741838819854574 -3.23893823610863e-05)
(0.000219890394745448 0.00074196523815422 -3.23949019032498e-05)
(0.000254904095402267 0.000742100746908391 -3.24008183432292e-05)
(0.000289917796059086 0.000742242715110176 -3.24070168087822e-05)
(0.000324931496715905 0.000742387341014761 -3.24133313121454e-05)
(0.000359945197372724 0.000742531425116729 -3.24196221598955e-05)
(0.000394958898029543 0.000742671831587113 -3.24257524387829e-05)
(0.000429972598686362 0.000742804503713335 -3.24315450289115e-05)
(0.000464986299343181 0.000742921866485696 -3.24366691982151e-05)
(0.0005 0.000742978557872137 -3.24391443976019e-05)
(-0.003 0.000829140569159948 -3.6201059053333e-05)
(-0.00296500338064644 0.000828229453915087 -3.61612789026439e-05)
(-0.00293000676129289 0.000827314904199291 -3.61213487997154e-05)
(-0.00289501014193933 0.000826399476124396 -3.60813803468004e-05)
(-0.00286001352258578 0.000825483652309939 -3.60413946155231e-05)
(-0.00282501690323222 0.000824567534013642 -3.60013960268908e-05)
(-0.00279002028387867 0.000823651107862244 -3.59613839970147e-05)
(-0.00275502366452511 0.000822734392072973 -3.59213593212759e-05)
(-0.00272002704517155 0.000821817440911772 -3.58813243689767e-05)
(-0.002685030425818 0.000820900263736525 -3.58412795486911e-05)
(-0.00265003380646444 0.000819982845917073 -3.58012242216526e-05)
(-0.00261503718711089 0.000819065220433537 -3.57611598278044e-05)
(-0.00258004056775733 0.000818147416538018 -3.57210876443209e-05)
(-0.00254504394840378 0.000817229418409422 -3.5681006980438e-05)
(-0.00251004732905022 0.000816311219482979 -3.56409175495318e-05)
(-0.00247505070969666 0.00081539284860602 -3.56008206111039e-05)
(-0.00244005409034311 0.000814474309982467 -3.55607163487016e-05)
(-0.00240505747098955 0.000813555580989272 -3.55206037745812e-05)
(-0.002370060851636 0.000812636670295341 -3.54804832672353e-05)
(-0.00233506423228244 0.000811717597917839 -3.54403557006323e-05)
(-0.00230006761292889 0.000810798345761293 -3.54002202847067e-05)
(-0.00226507099357533 0.000809878892498393 -3.5360076088288e-05)
(-0.00223007437422177 0.000808959258789371 -3.53199240134216e-05)
(-0.00219507775486822 0.000808039447984618 -3.52797642063885e-05)
(-0.00216008113551466 0.0008071194286412 -3.52395952943607e-05)
(-0.00212508451616111 0.000806199196945167 -3.51994171108174e-05)
(-0.00209008789680755 0.000805278774194792 -3.51592305856615e-05)
(-0.002055091277454 0.000804358135929291 -3.51190346509119e-05)
(-0.00202009465810044 0.000803437241592545 -3.50788275358504e-05)
(-0.00198509803874688 0.000802516111514727 -3.50386101281113e-05)
(-0.00195010141939333 0.000801594753164379 -3.49983827537784e-05)
(-0.00191510480003977 0.00080067311842044 -3.49581433118407e-05)
(-0.00188010818068622 0.000799751184542069 -3.49178908094116e-05)
(-0.00184511156133266 0.000798828973973439 -3.48776262264248e-05)
(-0.00181011494197911 0.00079790645403183 -3.48373481359222e-05)
(-0.00177511832262555 0.000796983555852363 -3.4797053531198e-05)
(-0.00174012170327199 0.000796060287647763 -3.47567427708276e-05)
(-0.00170512508391844 0.000795136654833645 -3.47164160912618e-05)
(-0.00167012846456488 0.000794212573201283 -3.46760698158683e-05)
(-0.00163513184521133 0.000793287978317939 -3.4635701131453e-05)
(-0.00160013522585777 0.000792362895198566 -3.45953111301923e-05)
(-0.00156513860650422 0.000791437264034829 -3.45548972007979e-05)
(-0.00153014198715066 0.000790510938117916 -3.45144529378248e-05)
(-0.0014951453677971 0.000789583892332478 -3.44739772447131e-05)
(-0.00146014874844355 0.000788656130819292 -3.44334703022531e-05)
(-0.00142515212908999 0.000787727474671037 -3.43929242991824e-05)
(-0.00139015550973644 0.000786797737182731 -3.43523310837854e-05)
(-0.00135515889038288 0.000785866940581061 -3.43116916265003e-05)
(-0.00132016227102933 0.00078493496422875 -3.42710006601899e-05)
(-0.00128516565167577 0.000784001463687126 -3.42302431463368e-05)
(-0.00125016903232221 0.000783066314833896 -3.41894136656449e-05)
(-0.00121517241296866 0.00078212953216432 -3.41485128509907e-05)
(-0.0011801757936151 0.000781190705871099 -3.41075228098012e-05)
(-0.00114517917426155 0.000780249325914475 -3.40664212732597e-05)
(-0.00111018255490799 0.000779305426826469 -3.40252097490668e-05)
(-0.00107518593555444 0.000778358768051504 -3.39838777343391e-05)
(-0.00104018931620088 0.000777408516267332 -3.39423888454415e-05)
(-0.00100519269684732 0.000776454299727905 -3.39007268515911e-05)
(-0.000970196077493769 0.000775496195844908 -3.3858895132655e-05)
(-0.000935199458140213 0.000774533255144208 -3.38168522336973e-05)
(-0.000900202838786658 0.000773564181679116 -3.37745415724637e-05)
(-0.000865206219433102 0.000772589095634647 -3.37319683963451e-05)
(-0.000830209600079546 0.000771607518804085 -3.36891118263855e-05)
(-0.00079521298072599 0.000770617486635598 -3.36458860883994e-05)
(-0.000760216361372434 0.000769618070972339 -3.36022506581839e-05)
(-0.000725219742018879 0.000768609452511821 -3.35582134251626e-05)
(-0.000690223122665323 0.000767587836299124 -3.35136086980255e-05)
(-0.000655226503311767 0.000766546442853146 -3.34681404782352e-05)
(-0.000620229883958212 0.000765482606046682 -3.34216923601641e-05)
(-0.000585233264604656 0.000764391884072381 -3.33740704103149e-05)
(-0.000550236645251101 0.000763266015168681 -3.33249139123879e-05)
(-0.000515240025897544 0.000762104748790098 -3.32742119273308e-05)
(-0.000480243406543989 0.000760913870382041 -3.32222170531455e-05)
(-0.000445246787190433 0.000759694680404374 -3.31689860691358e-05)
(-0.000410250167836877 0.000758449490420127 -3.31146199003232e-05)
(-0.000375253548483322 0.000757186738523377 -3.30594869618514e-05)
(-0.000340256929129766 0.000755912809323026 -3.30038660117652e-05)
(-0.00030526030977621 0.000754633034028703 -3.29479898157039e-05)
(-0.000270263690422654 0.000753355405935508 -3.28922073684684e-05)
(-0.000235267071069098 0.000752087061146349 -3.28368302390405e-05)
(-0.000200270451715543 0.000750837278638749 -3.27822635563279e-05)
(-0.000165273832361987 0.000749615867661426 -3.2728935601379e-05)
(-0.000130277213008432 0.000748426961236194 -3.26770268258233e-05)
(-9.52805936548761e-05 0.000747279925145341 -3.26269461485464e-05)
(-6.02839743013202e-05 0.000746187635829992 -3.25792557671092e-05)
(-2.52873549477645e-05 0.000745149951077266 -3.25339494723632e-05)
(9.71228620680091e-06 0.000744278976655292 -3.24959219078506e-05)
(4.47328371920294e-05 0.000744258034182438 -3.24950075397389e-05)
(7.97533881772579e-05 0.00074427736446496 -3.24958515181005e-05)
(0.000114773939162486 0.000744324727297703 -3.24979194240369e-05)
(0.000149794490147715 0.000744393120623661 -3.25009055411369e-05)
(0.000184815041132944 0.000744477359571202 -3.25045834930162e-05)
(0.000219835592118172 0.000744571653924933 -3.2508700473411e-05)
(0.000254856143103401 0.000744672758050749 -3.25131147748761e-05)
(0.000289876694088629 0.000744778700954663 -3.25177403419555e-05)
(0.000324897245073857 0.000744886648314762 -3.25224534254819e-05)
(0.000359917796059086 0.000744994209778248 -3.25271496603983e-05)
(0.000394938347044314 0.000745099041209179 -3.25317266995192e-05)
(0.000429958898029543 0.000745198098605643 -3.25360516388509e-05)
(0.000464979449014772 0.000745285735356866 -3.25398779420428e-05)
(0.0005 0.000745328652078029 -3.25417517265553e-05)
(-0.003 0.000855867948024193 -3.73680016160225e-05)
(-0.00296500450752859 0.000854653114735971 -3.73149608491819e-05)
(-0.00293000901505719 0.000853434092237027 -3.72617371774511e-05)
(-0.00289501352258578 0.00085221445491827 -3.72084866621076e-05)
(-0.00286001803011437 0.000850994556178102 -3.71552247328588e-05)
(-0.00282502253764296 0.000849774464073849 -3.71019543611517e-05)
(-0.00279002704517155 0.000848554170099092 -3.70486751755881e-05)
(-0.00275503155270015 0.000847333685939157 -3.69953876863603e-05)
(-0.00272003606022874 0.000846113047147278 -3.6942093445756e-05)
(-0.00268504056775733 0.000844892260043642 -3.68887927297205e-05)
(-0.00265004507528592 0.000843671314918703 -3.6835485114326e-05)
(-0.00261504958281452 0.000842450233238179 -3.67821715367858e-05)
(-0.00258005409034311 0.00084122903432183 -3.6728852840619e-05)
(-0.0025450585978717 0.000840007707846398 -3.66755285751024e-05)
(-0.00251006310540029 0.000838786249289944 -3.66221985428037e-05)
(-0.00247506761292889 0.000837564677511358 -3.65688635671201e-05)
(-0.00244007212045748 0.000836342995419844 -3.651552377507e-05)
(-0.00240507662798607 0.000835121188053118 -3.6462178513386e-05)
(-0.00237008113551466 0.000833899260890239 -3.6408828021289e-05)
(-0.00233508564304326 0.00083267722711718 -3.6355472874491e-05)
(-0.00230009015057185 0.000831455074913183 -3.63021125568867e-05)
(-0.00226509465810044 0.000830232790078782 -3.62487464485138e-05)
(-0.00223009916562903 0.000829010386042909 -3.61953751356922e-05)
(-0.00219510367315763 0.000827787865082757 -3.61419987178464e-05)
(-0.00216010818068622 0.000826565206455975 -3.60886162893457e-05)
(-0.00212511268821481 0.00082534240743047 -3.60352277309044e-05)
(-0.0020901171957434 0.000824119481983325 -3.59818336527751e-05)
(-0.00205512170327199 0.000822896414101866 -3.59284333558293e-05)
(-0.00202012621080059 0.000821673176841643 -3.5875025663647e-05)
(-0.00198513071832918 0.000820449783351522 -3.582161115032e-05)
(-0.00195013522585777 0.000819226238656076 -3.5768190035226e-05)
(-0.00191513973338636 0.000818002510995534 -3.57147609317033e-05)
(-0.00188014424091496 0.000816778585079329 -3.56613231721515e-05)
(-0.00184514874844355 0.000815554475587515 -3.56078773975154e-05)
(-0.00181015325597214 0.000814330161045942 -3.55544226702136e-05)
(-0.00177515776350073 0.000813105595751641 -3.55009569948113e-05)
(-0.00174016227102933 0.00081188078479576 -3.54474805935926e-05)
(-0.00170516677855792 0.000810655731823202 -3.53939936256977e-05)
(-0.00167017128608651 0.000809430381177521 -3.53404936611136e-05)
(-0.0016351757936151 0.000808204689828502 -3.52869788211004e-05)
(-0.0016001803011437 0.000806978674043003 -3.52334498158847e-05)
(-0.00156518480867229 0.000805752294473778 -3.51799049275284e-05)
(-0.00153018931620088 0.000804525453791883 -3.51263399065582e-05)
(-0.00149519382372947 0.0008032981347308 -3.50727539991016e-05)
(-0.00146019833125807 0.000802070340010446 -3.50191473239126e-05)
(-0.00142520283878666 0.000800841951377457 -3.49655147179381e-05)
(-0.00139020734631525 0.000799612844483623 -3.49118507520178e-05)
(-0.00135521185384384 0.000798383033306699 -3.48581560364337e-05)
(-0.00132021636137243 0.00079715243829317 -3.48044270978043e-05)
(-0.00128522086890103 0.000795920830944557 -3.47506539596707e-05)
(-0.00125022537642962 0.000794688127668018 -3.46968329722904e-05)
(-0.00121522988395821 0.000793454337719266 -3.46429645397767e-05)
(-0.0011802343914868 0.00079221918999981 -3.45890368257137e-05)
(-0.0011452388990154 0.000790982344923353 -3.45350350034437e-05)
(-0.00111024340654399 0.000789743823637876 -3.44809599963074e-05)
(-0.00107524791407258 0.000788503467451095 -3.442680487565e-05)
(-0.00104025242160117 0.000787260723091529 -3.43725454851169e-05)
(-0.00100525692912977 0.000786015340708715 -3.43181709160014e-05)
(-0.000970261436658358 0.000784767370750934 -3.42636833709231e-05)
(-0.000935265944186951 0.00078351618497385 -3.42090554201417e-05)
(-0.000900270451715543 0.000782260920102624 -3.41542493722639e-05)
(-0.000865274959244135 0.00078100165167222 -3.40992685252173e-05)
(-0.000830279466772728 0.000779738064088655 -3.40440990998713e-05)
(-0.00079528397430132 0.000778468852099569 -3.39886841076768e-05)
(-0.000760288481829912 0.000777193393296436 -3.39329963736909e-05)
(-0.000725292989358505 0.000775911808161684 -3.38770411582899e-05)
(-0.000690297496887097 0.000774621585706476 -3.38207088293336e-05)
(-0.000655302004415689 0.00077331821884806 -3.37638026033393e-05)
(-0.000620306511944282 0.000771999926781922 -3.37062447287027e-05)
(-0.000585311019472875 0.000770663766508943 -3.36479067113074e-05)
(-0.000550315527001467 0.000769304243505788 -3.35885486550836e-05)
(-0.000515320034530059 0.000767921166639183 -3.35281622149726e-05)
(-0.000480324542058652 0.000766518377436387 -3.34669151156764e-05)
(-0.000445329049587244 0.000765096750899703 -3.34048455606208e-05)
(-0.000410333557115836 0.000763657814896766 -3.33420202579474e-05)
(-0.000375338064644429 0.000762207172420118 -3.32786838395936e-05)
(-0.000340342572173021 0.00076074907667098 -3.32150220043352e-05)
(-0.000305347079701613 0.000759287071353727 -3.31511894736465e-05)
(-0.000270351587230206 0.000757826467953196 -3.30874181519637e-05)
(-0.000235356094758798 0.000756372008161956 -3.30239150660554e-05)
(-0.00020036060228739 0.000754929850823206 -3.2960949116823e-05)
(-0.000165365109815983 0.000753506520212164 -3.28988051602742e-05)
(-0.000130369617344575 0.000752104766883988 -3.28376032882407e-05)
(-9.53741248731682e-05 0.000750730799700236 -3.27776145854725e-05)
(-6.03786324017602e-05 0.000749393179392625 -3.27192128215885e-05)
(-2.53831399303526e-05 0.000748091759121746 -3.26623915854415e-05)
(9.61638160906787e-06 0.00074697811744332 -3.2613768939699e-05)
(4.46437829227059e-05 0.000746964428907297 -3.26131712853092e-05)
(7.9671184236344e-05 0.00074697724493807 -3.26137308452972e-05)
(0.000114698585549982 0.000747008629725575 -3.26151011347126e-05)
(0.00014972598686362 0.000747053965271885 -3.26170805274118e-05)
(0.000184753388177258 0.000747109818755194 -3.26195191431578e-05)
(0.000219780789490896 0.000747172352037671 -3.26222494052339e-05)
(0.000254808190804534 0.000747239413349684 -3.26251773653491e-05)
(0.000289835592118172 0.000747309696270778 -3.26282459839544e-05)
(0.00032486299343181 0.000747381320588248 -3.26313731691903e-05)
(0.000359890394745448 0.000747452700019259 -3.26344896624525e-05)
(0.000394917796059086 0.000747522278305253 -3.2637527516025e-05)
(0.000429945197372724 0.000747588037351001 -3.26403986179672e-05)
(0.000464972598686362 0.000747646287292611 -3.26429418653422e-05)
(0.0005 0.000747675620899848 -3.26442225982931e-05)
(-0.003 0.000882628241606652 -3.85363812663447e-05)
(-0.00296500563441074 0.000881109450877131 -3.84700694310129e-05)
(-0.00293001126882148 0.000879585562550348 -3.84035350297781e-05)
(-0.00289501690323222 0.000878061355655313 -3.8336986719553e-05)
(-0.00286002253764296 0.000876537018812196 -3.82704327356721e-05)
(-0.0028250281720537 0.000875012586898758 -3.82038746009314e-05)
(-0.00279003380646444 0.000873488055909927 -3.81373121404656e-05)
(-0.00275503944087518 0.000871963431375194 -3.80707455956975e-05)
(-0.00272004507528592 0.000870438730770208 -3.80041757296305e-05)
(-0.00268505070969666 0.000868913957389666 -3.7937602686114e-05)
(-0.0026500563441074 0.000867389106352528 -3.78710262520373e-05)
(-0.00261506197851815 0.000865864188081197 -3.78044468824524e-05)
(-0.00258006761292889 0.000864339212216487 -3.77378649982862e-05)
(-0.00254507324733963 0.000862814173745825 -3.76712803806852e-05)
(-0.00251007888175037 0.000861289070272792 -3.76046929250193e-05)
(-0.00247508451616111 0.000859763911027043 -3.75381030342641e-05)
(-0.00244009015057185 0.000858238697599152 -3.74715107778654e-05)
(-0.00240509578498259 0.000856713422549504 -3.74049158310027e-05)
(-0.00237010141939333 0.000855188088408966 -3.73383183041761e-05)
(-0.00233510705380407 0.000853662701726742 -3.72717184833299e-05)
(-0.00230011268821481 0.000852137256770775 -3.72051161181972e-05)
(-0.00226511832262555 0.000850611746403619 -3.71385108971502e-05)
(-0.00223012395703629 0.000849086177134617 -3.70719031043932e-05)
(-0.00219512959144703 0.000847560550193565 -3.700529279362e-05)
(-0.00216013522585777 0.000846034855320172 -3.69386795168568e-05)
(-0.00212514086026851 0.000844509090999896 -3.68720632079772e-05)
(-0.00209014649467925 0.000842983264123646 -3.68054441678447e-05)
(-0.00205515212908999 0.000841457366919099 -3.67388220571125e-05)
(-0.00202015776350073 0.000839931385901508 -3.66721962870238e-05)
(-0.00198516339791147 0.000838405327384361 -3.66055671332314e-05)
(-0.00195016903232221 0.000836879193992707 -3.65389347103474e-05)
(-0.00191517466673296 0.000835352970031321 -3.64722983331036e-05)
(-0.0018801803011437 0.000833826647719797 -3.64056576617999e-05)
(-0.00184518593555444 0.000832300234255696 -3.63390130106888e-05)
(-0.00181019156996518 0.000830773719169313 -3.62723639226531e-05)
(-0.00177519720437592 0.000829247079657822 -3.62057094020998e-05)
(-0.00174020283878666 0.000827720318000005 -3.61390495485227e-05)
(-0.0017052084731974 0.000826193436138889 -3.60723844467563e-05)
(-0.00167021410760814 0.000824666406551061 -3.60057128951023e-05)
(-0.00163521974201888 0.000823139207576047 -3.59390339478441e-05)
(-0.00160022537642962 0.000821611847115144 -3.58723479499597e-05)
(-0.00156523101084036 0.000820084305950761 -3.5805654062391e-05)
(-0.0015302366452511 0.000818556535611469 -3.57389501688296e-05)
(-0.00149524227966184 0.000817028527056169 -3.56722358745327e-05)
(-0.00146024791407258 0.00081550028174989 -3.56055112434649e-05)
(-0.00142525354848332 0.00081397174126763 -3.55387737247354e-05)
(-0.00139025918289406 0.000812442843322243 -3.54720205988287e-05)
(-0.0013552648173048 0.000810913594364082 -3.54052521473734e-05)
(-0.00132027045171554 0.000809383955406069 -3.53384666681567e-05)
(-0.00128527608612628 0.000807853812767396 -3.52716591977675e-05)
(-0.00125028172053702 0.000806323123930209 -3.52048278798362e-05)
(-0.00121528735494776 0.000804791893452989 -3.51379729133903e-05)
(-0.0011802929893585 0.000803259987327409 -3.50710884475e-05)
(-0.00114529862376925 0.000801727235641461 -3.50041670636467e-05)
(-0.00111030425817999 0.000800193647702111 -3.49372091681813e-05)
(-0.00107530989259073 0.000798659145741599 -3.48702113656902e-05)
(-0.00104031552700147 0.000797123454362441 -3.48031616320595e-05)
(-0.00100532116141221 0.000795586446951412 -3.47360544392364e-05)
(-0.000970326795822948 0.000794048148263733 -3.46688908680572e-05)
(-0.000935332430233688 0.000792508247735087 -3.4601657358991e-05)
(-0.000900338064644429 0.000790966313396756 -3.45343350518762e-05)
(-0.000865343699055169 0.000789422379854902 -3.44669254576506e-05)
(-0.00083034933346591 0.000787876292369528 -3.43994218202199e-05)
(-0.00079535496787665 0.000786327400761578 -3.43317957521535e-05)
(-0.000760360602287391 0.000784775390766232 -3.42640335323531e-05)
(-0.000725366236698131 0.000783220323010949 -3.41961378078706e-05)
(-0.000690371871108871 0.000781660955413112 -3.41280543482079e-05)
(-0.000655377505519612 0.000780095040177602 -3.40596850125105e-05)
(-0.000620383139930353 0.000778521682614734 -3.39909907377832e-05)
(-0.000585388774341093 0.000776939424072755 -3.39219078379152e-05)
(-0.000550394408751834 0.000775345523047784 -3.38523166162619e-05)
(-0.000515400043162574 0.000773739866125808 -3.37822121210606e-05)
(-0.000480405677573315 0.000772124366034522 -3.37116778638061e-05)
(-0.000445411311984055 0.000770499466256644 -3.36407332073719e-05)
(-0.000410416946394795 0.000768865920712957 -3.35694110686503e-05)
(-0.000375422580805536 0.00076722651776722 -3.34978331902322e-05)
(-0.000340428215216276 0.000765583383665054 -3.34260924060063e-05)
(-0.000305433849627017 0.000763938283019593 -3.33542657606458e-05)
(-0.000270439484037757 0.000762293861970424 -3.32824687871003e-05)
(-0.000235445118448498 0.000760652483389806 -3.32108046506005e-05)
(-0.000200450752859238 0.000759017210997065 -3.31394071160209e-05)
(-0.000165456387269979 0.000757391300387712 -3.30684183257314e-05)
(-0.000130462021680719 0.000755776125870736 -3.29978982833582e-05)
(-9.54676560914602e-05 0.000754174770842622 -3.29279816128993e-05)
(-6.04732905022003e-05 0.000752591505535034 -3.28588547566954e-05)
(-2.54789249129408e-05 0.000751026181428034 -3.27905112302262e-05)
(9.52047701133491e-06 0.000749669859367589 -3.27312929301794e-05)
(4.45547286533823e-05 0.000749663426675704 -3.27310120727862e-05)
(7.95889802954299e-05 0.000749669816204429 -3.27312910456351e-05)
(0.000114623231937477 0.000749685419939559 -3.27319723194238e-05)
(0.000149657483579525 0.000749707965054451 -3.27329566603979e-05)
(0.000184691735221573 0.000749735747116381 -3.27341696514177e-05)
(0.00021972598686362 0.000749766857097731 -3.27355279425374e-05)
(0.000254760238505668 0.000749800224605581 -3.27369847993926e-05)
(0.000289794490147715 0.000749835200198983 -3.27385118667793e-05)
(0.000324828741789762 0.000749870848222971 -3.27400682931195e-05)
(0.00035986299343181 0.000749906379058456 -3.27416196028991e-05)
(0.000394897245073857 0.000749941017986156 -3.27431319711438e-05)
(0.000429931496715905 0.000749973763020564 -3.27445616502216e-05)
(0.000464965748357953 0.000750002831968749 -3.27458308279087e-05)
(0.0005 0.000750018613341434 -3.27465198575206e-05)
(-0.003 0.000909421991472407 -3.97062216495419e-05)
(-0.00296500676129289 0.000907592867796315 -3.96263603851472e-05)
(-0.00293001352258578 0.000905763743659132 -3.95464991006209e-05)
(-0.00289502028387867 0.000903934619755834 -3.94666378263061e-05)
(-0.00286002704517156 0.000902105496039182 -3.93867765601406e-05)
(-0.00282503380646444 0.000900276372055217 -3.93069152823038e-05)
(-0.00279004056775733 0.000898447248108182 -3.92270540060795e-05)
(-0.00275504732905022 0.000896618124162295 -3.91471927299053e-05)
(-0.00272005409034311 0.000894789000214737 -3.90673314536581e-05)
(-0.002685060851636 0.000892959876395016 -3.89874701829924e-05)
(-0.00265006761292889 0.000891130752462086 -3.8907608907384e-05)
(-0.00261507437422177 0.000889301628497619 -3.88277476303985e-05)
(-0.00258008113551466 0.000887472504585902 -3.87478863557162e-05)
(-0.00254508789680755 0.000885643380752181 -3.86680250844393e-05)
(-0.00251009465810044 0.000883814256891902 -3.85881638120028e-05)
(-0.00247510141939333 0.000881985132864275 -3.85083025322597e-05)
(-0.00244010818068622 0.000880156008971677 -3.84284412584122e-05)
(-0.00240511494197911 0.000878326885049858 -3.83485799832888e-05)
(-0.00237012170327199 0.000876497761245642 -3.82687187133001e-05)
(-0.00233512846456488 0.00087466863723544 -3.81888574343178e-05)
(-0.00230013522585777 0.000872839513391587 -3.81089961625985e-05)
(-0.00226514198715066 0.000871010389442285 -3.80291348862752e-05)
(-0.00223014874844355 0.000869181265548921 -3.79492736123942e-05)
(-0.00219515550973644 0.000867352141691243 -3.78694123400713e-05)
(-0.00216016227102933 0.000865523017984435 -3.77895510743355e-05)
(-0.00212516903232221 0.00086369389388237 -3.77096897913425e-05)
(-0.0020901757936151 0.000861864769992709 -3.76298285176231e-05)
(-0.00205518255490799 0.00086003564597777 -3.7549967238434e-05)
(-0.00202018931620088 0.000858206522070562 -3.74701059639486e-05)
(-0.00198519607749377 0.000856377398178836 -3.73902446901391e-05)
(-0.00195020283878666 0.000854548274262341 -3.73103834152482e-05)
(-0.00191520960007955 0.000852719150348935 -3.72305221404921e-05)
(-0.00188021636137243 0.000850890026441726 -3.71506608660066e-05)
(-0.00184522312266532 0.000849060902593669 -3.70707995941038e-05)
(-0.00181022988395821 0.000847231778627309 -3.69909383170357e-05)
(-0.0017752366452511 0.000845402654787255 -3.69110770454823e-05)
(-0.00174024340654399 0.000843573530826182 -3.68312157686451e-05)
(-0.00170525016783688 0.000841744406924804 -3.67513544944141e-05)
(-0.00167025692912977 0.000839915283121788 -3.66714932244778e-05)
(-0.00163526369042265 0.00083808615917594 -3.65916319483053e-05)
(-0.00160027045171554 0.000836257035259187 -3.65117706734031e-05)
(-0.00156527721300843 0.000834427911334641 -3.64319093981607e-05)
(-0.00153028397430132 0.000832598787501806 -3.63520481269224e-05)
(-0.00149529073559421 0.000830769663530915 -3.62721868496565e-05)
(-0.0014602974968871 0.000828940539635165 -3.61923255756713e-05)
(-0.00142530425817999 0.000827111415859407 -3.61124643069251e-05)
(-0.00139031101947287 0.000825282291894083 -3.60326030299023e-05)
(-0.00135531778076576 0.00082345316789295 -3.5952741751316e-05)
(-0.00132032454205865 0.000821624044001882 -3.58728804775352e-05)
(-0.00128533130335154 0.000819794920048905 -3.57930192010515e-05)
(-0.00125033806464443 0.000817965796190961 -3.5713157928717e-05)
(-0.00121534482593732 0.00081613667220476 -3.56332966507826e-05)
(-0.00118035158723021 0.00081430754833009 -3.55534353777178e-05)
(-0.00114535834852309 0.000812478424481896 -3.54735741058089e-05)
(-0.00111036510981598 0.000810649300483134 -3.53937128273262e-05)
(-0.00107537187110887 0.000808820176706592 -3.53138515585457e-05)
(-0.00104037863240176 0.000806991052740768 -3.52339902815011e-05)
(-0.00100538539369465 0.000805161928897913 -3.51541290098253e-05)
(-0.000970392154987537 0.000803332805168954 -3.50742677431224e-05)
(-0.000935398916280426 0.000801503680957524 -3.49944064553543e-05)
(-0.000900405677573315 0.000799674557062762 -3.49145451814123e-05)
(-0.000865412438866203 0.000797845433215816 -3.4834683909558e-05)
(-0.000830419200159092 0.000796016309225464 -3.47548226314424e-05)
(-0.00079542596145198 0.000794187185437323 -3.46749613621555e-05)
(-0.000760432722744869 0.000792358061553002 -3.45951000886693e-05)
(-0.000725439484037757 0.000790528937585146 -3.45152388115359e-05)
(-0.000690446245330646 0.000788699813596629 -3.44353775335005e-05)
(-0.000655453006623534 0.00078687068968942 -3.4355516259015e-05)
(-0.000620459767916423 0.000785041565982294 -3.42756549932653e-05)
(-0.000585466529209312 0.000783212441924549 -3.41957937122073e-05)
(-0.000550473290502201 0.000781383318181286 -3.41159324448798e-05)
(-0.000515480051795089 0.000779554194306658 -3.40360711718169e-05)
(-0.000480486813087977 0.000777725070343513 -3.39562098948891e-05)
(-0.000445493574380866 0.000775895946272499 -3.38763486132518e-05)
(-0.000410500335673754 0.00077406682240498 -3.37964873404992e-05)
(-0.000375507096966643 0.000772237698560046 -3.37166260687327e-05)
(-0.000340513858259532 0.000770408574597797 -3.36367647918441e-05)
(-0.00030552061955242 0.000768579450850362 -3.35569035243345e-05)
(-0.000270527380845309 0.000766750326742897 -3.34770422411056e-05)
(-0.000235534142138197 0.000764921202937592 -3.33971809710694e-05)
(-0.000200540903431086 0.000763092078895706 -3.33173196907038e-05)
(-0.000165547664723975 0.00076126295504153 -3.32374584185337e-05)
(-0.000130554426016863 0.000759433831121618 -3.31575971434937e-05)
(-9.55611873097521e-05 0.000757604707515418 -3.30777358821505e-05)
(-6.05679486026403e-05 0.000755775583356804 -3.29978745966884e-05)
(-2.55747098955289e-05 0.000753946459428902 -3.29180133212995e-05)
(9.42457241360191e-06 0.000752348295403077 -3.28482359730092e-05)
(4.44656743840589e-05 0.000752348295565999 -3.28482359801226e-05)
(7.95067763545159e-05 0.000752348295473563 -3.28482359760868e-05)
(0.000114547878324973 0.000752348295403077 -3.28482359730092e-05)
(0.00014958898029543 0.000752348295462492 -3.28482359756034e-05)
(0.000184630082265887 0.000752348295702093 -3.28482359860646e-05)
(0.000219671184236344 0.000752348295507958 -3.28482359775884e-05)
(0.000254712286206801 0.000752348295440555 -3.28482359746456e-05)
(0.000289753388177258 0.000752348295403077 -3.28482359730092e-05)
(0.000324794490147715 0.00075234829541938 -3.28482359737211e-05)
(0.000359835592118172 0.000752348295505164 -3.28482359774665e-05)
(0.000394876694088629 0.000752348295503928 -3.28482359774125e-05)
(0.000429917796059086 0.000752348295616879 -3.28482359823441e-05)
(0.000464958898029543 0.000752348295454794 -3.28482359752673e-05)
(0.0005 0.000752348295447173 -3.28482359749345e-05)
(-0.003 0.000749181049376757 3.27099510250764e-05)
(-0.002965 0.000749179419884381 3.27098798799029e-05)
(-0.00293 0.000749175234812453 3.27096971557164e-05)
(-0.002895 0.000749169566783239 3.27094496842164e-05)
(-0.00286 0.000749163274935192 3.27091749761981e-05)
(-0.002825 0.000749156397024298 3.27088746801232e-05)
(-0.00279 0.000749148855139923 3.27085453943401e-05)
(-0.002755 0.0007491406585381 3.27081875229758e-05)
(-0.00272 0.000749132022327099 3.27078104578604e-05)
(-0.002685 0.000749122963941128 3.27074149601876e-05)
(-0.00265 0.000749113314823847 3.27069936706289e-05)
(-0.002615 0.0007491032750322 3.2706555323859e-05)
(-0.00258 0.000749092890471122 3.27061019241306e-05)
(-0.002545 0.000749082115388649 3.270563147387e-05)
(-0.00251 0.000749070867113555 3.27051403635733e-05)
(-0.002475 0.00074905930541097 3.27046355687368e-05)
(-0.00244 0.00074904743327316 3.27041172200056e-05)
(-0.002405 0.000749035122827846 3.27035797343556e-05)
(-0.00237 0.000749022444291282 3.27030261774945e-05)
(-0.002335 0.000749009457782108 3.27024591742589e-05)
(-0.0023 0.000748996139382202 3.2701877680361e-05)
(-0.002265 0.000748982330699907 3.27012747802716e-05)
(-0.00223 0.000748968199450615 3.27006577966031e-05)
(-0.002195 0.000748953740905735 3.27000265229005e-05)
(-0.00216 0.00074893882635879 3.26993753397179e-05)
(-0.002125 0.000748923462232039 3.26987045274569e-05)
(-0.00209 0.000748907736282115 3.26980179176551e-05)
(-0.002055 0.000748891641677542 3.26973152120437e-05)
(-0.00202 0.00074887490702159 3.26965845611856e-05)
(-0.001985 0.000748857755069181 3.26958356907707e-05)
(-0.00195 0.000748840177291325 3.26950682284153e-05)
(-0.001915 0.000748822030964595 3.26942759426799e-05)
(-0.00188 0.00074880322262347 3.26934547527719e-05)
(-0.001845 0.000748783898522032 3.26926110442822e-05)
(-0.00181 0.00074876404236004 3.26917441055271e-05)
(-0.001775 0.000748743278852156 3.26908375511948e-05)
(-0.00174 0.000748721819924859 3.26899006341952e-05)
(-0.001705 0.000748699681087899 3.26889340316986e-05)
(-0.00167 0.000748676664919891 3.26879291241012e-05)
(-0.001635 0.000748652476355792 3.26868730285851e-05)
(-0.0016 0.000748627383181474 3.26857774369338e-05)
(-0.001565 0.000748601340639048 3.26846403949757e-05)
(-0.00153 0.000748573690557844 3.26834331663588e-05)
(-0.001495 0.000748544619874054 3.26821639128936e-05)
(-0.00146 0.000748514204751133 3.26808359599482e-05)
(-0.001425 0.000748482129155156 3.26794355091835e-05)
(-0.00139 0.000748447517556248 3.26779243341396e-05)
(-0.001355 0.000748410945009144 3.26763275422484e-05)
(-0.00132 0.000748372293606239 3.26746399855528e-05)
(-0.001285 0.000748330245670861 3.26728041330469e-05)
(-0.00125 0.000748284811295219 3.26708204253659e-05)
(-0.001215 0.000748236288484912 3.26687018737153e-05)
(-0.00118 0.000748184139962422 3.26664250200521e-05)
(-0.001145 0.000748125870253641 3.26638809096237e-05)
(-0.00111 0.000748062964987714 3.26611344063994e-05)
(-0.001075 0.000747995138642907 3.26581730442311e-05)
(-0.00104 0.000747919507276872 3.26548709074765e-05)
(-0.001005 0.000747835556483696 3.26512055366885e-05)
(-0.00097 0.000747744239299262 3.26472185423124e-05)
(-0.000935 0.000747644570373948 3.26428669030545e-05)
(-0.0009 0.000747530003485609 3.26378648046835e-05)
(-0.000865 0.000747404487486282 3.26323846578028e-05)
(-0.00083 0.000747267354770849 3.26263973141434e-05)
(-0.000795 0.000747112032295155 3.26196157883996e-05)
(-0.00076 0.00074693693874904 3.2611971039079e-05)
(-0.000725 0.000746744348802595 3.26035623804225e-05)
(-0.00069 0.0007465319567262 3.25942891421008e-05)
(-0.000655 0.000746271611615987 3.25829222291072e-05)
(-0.00062 0.00074596837357975 3.25696825705194e-05)
(-0.000585 0.000745617907590427 3.25543808949681e-05)
(-0.00055 0.000745187552720761 3.25355911955732e-05)
(-0.000515 0.00074468204266117 3.25135201497216e-05)
(-0.00048 0.000744122535596909 3.24890915437319e-05)
(-0.000445 0.000743507347478898 3.24622318504334e-05)
(-0.00041 0.000742829322236042 3.24326286290144e-05)
(-0.000375 0.00074212362112118 3.24018170529279e-05)
(-0.00034 0.000741394695313997 3.23699914648758e-05)
(-0.000305 0.000740649375977828 3.23374501198907e-05)
(-0.00027 0.000739912545713989 3.23052794158078e-05)
(-0.000235 0.000739192124420485 3.22738251428419e-05)
(-0.0002 0.000738503564182721 3.22437619536118e-05)
(-0.000165 0.000737883766382671 3.22167009972489e-05)
(-0.00013 0.000737325027376935 3.21923059254186e-05)
(-9.50000000000001e-05 0.000736832706599691 3.21708107360706e-05)
(-6.00000000000001e-05 0.000736480088188777 3.21554150837632e-05)
(-2.5e-05 0.000736231229490173 3.21445496783311e-05)
(9.9999999999999e-06 0.000736076868109124 3.21378101148858e-05)
(4.5e-05 0.000736045521396744 3.21364414878662e-05)
(8e-05 0.000736097696133467 3.21387194860676e-05)
(0.000115 0.000736197498327819 3.21430769439773e-05)
(0.00015 0.000736340580923435 3.21493240650157e-05)
(0.000185 0.000736519271838899 3.21571258788741e-05)
(0.00022 0.000736712701960883 3.21655712203868e-05)
(0.000255 0.000736919043842095 3.21745803014821e-05)
(0.00029 0.000737137907382879 3.21841360900411e-05)
(0.000325 0.000737358414683127 3.21937636466882e-05)
(0.00036 0.000737578822901168 3.22033868773126e-05)
(0.000395 0.000737794161165418 3.22127887489741e-05)
(0.00043 0.000737997356538601 3.22216604505619e-05)
(0.000465 0.000738184628002021 3.22298368992348e-05)
(0.0005 0.000738345279217176 3.22368510827678e-05)
(-0.003 0.000775792648694441 3.38718385435936e-05)
(-0.00296500112688215 0.000775488150945354 3.38585438847549e-05)
(-0.0029300022537643 0.000775181215175974 3.38451427796513e-05)
(-0.00289500338064644 0.000774872953519724 3.38316837850769e-05)
(-0.00286000450752859 0.000774564014291849 3.38181952070864e-05)
(-0.00282500563441074 0.000774254570291522 3.38046845902547e-05)
(-0.00279000676129289 0.000773944598070511 3.37911509108099e-05)
(-0.00275500788817504 0.000773634129715091 3.3777595569669e-05)
(-0.00272000901505718 0.000773323258811114 3.37640226528784e-05)
(-0.00268501014193933 0.000773012001337632 3.37504328580989e-05)
(-0.00265001126882148 0.000772700332701973 3.3736825111591e-05)
(-0.00261501239570363 0.000772388309866855 3.37232019004006e-05)
(-0.00258001352258578 0.000772075983156979 3.37095654217519e-05)
(-0.00254501464946793 0.000771763325487818 3.36959144931087e-05)
(-0.00251001577635007 0.000771450326414485 3.36822486584375e-05)
(-0.00247501690323222 0.000771137035412185 3.36685700778723e-05)
(-0.00244001803011437 0.000770823459676797 3.3654879065592e-05)
(-0.00240501915699652 0.000770509561253615 3.36411739644583e-05)
(-0.00237002028387867 0.000770195355237647 3.36274554335336e-05)
(-0.00233502141076081 0.000769880876058621 3.36137249760521e-05)
(-0.00230002253764296 0.0007695660928212 3.35999812430945e-05)
(-0.00226502366452511 0.000769250969917336 3.35862226799797e-05)
(-0.00223002479140726 0.00076893554287799 3.3572450838023e-05)
(-0.00219502591828941 0.000768619817555201 3.35586659727299e-05)
(-0.00216002704517155 0.000768303740725538 3.35448657603152e-05)
(-0.0021250281720537 0.000767987306610547 3.35310499484862e-05)
(-0.00209002929893585 0.000767670551668798 3.35172201290585e-05)
(-0.002055030425818 0.000767353434118145 3.35033744777841e-05)
(-0.00202003155270015 0.000767035886448791 3.34895100471217e-05)
(-0.00198503267958229 0.00076671794313718 3.34756283423453e-05)
(-0.00195003380646444 0.000766399617126046 3.34617299285468e-05)
(-0.00191503493334659 0.000766080827277478 3.34478112631686e-05)
(-0.00188003606022874 0.000765761535845394 3.34338706981812e-05)
(-0.00184503718711089 0.000765441781209069 3.34199099092598e-05)
(-0.00181003831399304 0.000765121507890161 3.34059264741678e-05)
(-0.00177503944087518 0.000764800600942573 3.33919153742502e-05)
(-0.00174004056775733 0.000764479074228958 3.33778772147634e-05)
(-0.00170504169463948 0.000764156937236473 3.33638124099258e-05)
(-0.00167004282152163 0.00076383404835159 3.33497147767571e-05)
(-0.00163504394840378 0.000763510300226094 3.3335579628333e-05)
(-0.00160004507528592 0.000763185735144111 3.33214088108184e-05)
(-0.00156504620216807 0.000762860251669406 3.33071978954116e-05)
(-0.00153004732905022 0.000762533605241278 3.32929362043618e-05)
(-0.00149504845593237 0.000762205753729087 3.32786218982055e-05)
(-0.00146004958281452 0.000761876704130669 3.32642552824749e-05)
(-0.00142505070969666 0.000761546155030561 3.32498231970865e-05)
(-0.00139005183657881 0.000761213796711813 3.32353121195065e-05)
(-0.00135505296346096 0.000760879665502442 3.32207236358501e-05)
(-0.00132005409034311 0.000760543557009431 3.32060488221257e-05)
(-0.00128505521722526 0.000760204896974329 3.31912626056677e-05)
(-0.0012500563441074 0.000759863479239244 3.31763559854281e-05)
(-0.00121505747098955 0.000759519326457849 3.31613299504878e-05)
(-0.0011800585978717 0.000759171747695554 3.3146154333991e-05)
(-0.00114505972475385 0.000758819901218535 3.31307923850452e-05)
(-0.001110060851636 0.000758463838054814 3.31152463315821e-05)
(-0.00107506197851815 0.000758103149743298 3.30994983398052e-05)
(-0.00104006310540029 0.000757736452287896 3.30834879831402e-05)
(-0.00100506423228244 0.000757363131292681 3.30671884364815e-05)
(-0.00097006535916459 0.000756983305755633 3.30506048953932e-05)
(-0.000935066486046738 0.000756595370425523 3.3033667273093e-05)
(-0.000900067612928886 0.000756197206454345 3.30162830586791e-05)
(-0.000865068739811034 0.000755788985587315 3.29984597507096e-05)
(-0.000830069866693182 0.000755369894405925 3.29801618345654e-05)
(-0.00079507099357533 0.000754936681641987 3.29612473568118e-05)
(-0.000760072120457478 0.000754487801480757 3.29416488257195e-05)
(-0.000725073247339626 0.000754023514946581 3.29213776378576e-05)
(-0.000690074374221774 0.000753537387103081 3.29001528378363e-05)
(-0.000655075501103922 0.000753018219616052 3.28774854958251e-05)
(-0.00062007662798607 0.000752461451273413 3.28531764650038e-05)
(-0.000585077754868219 0.000751859559223355 3.2826897290569e-05)
(-0.000550078881750367 0.000751198897599052 3.27980521811084e-05)
(-0.000515080008632515 0.000750479077352593 3.27666241504233e-05)
(-0.000480081135514663 0.000749709702700663 3.273303252767e-05)
(-0.000445082262396811 0.000748892969451435 3.26973731839038e-05)
(-0.000410083389278959 0.000748032816533447 3.26598180964589e-05)
(-0.000375084516161107 0.000747143333407646 3.26209824244851e-05)
(-0.000340085643043255 0.00074623519617553 3.25813322966404e-05)
(-0.000305086769925403 0.000745317295787405 3.25412559001987e-05)
(-0.000270087896807551 0.000744403060631885 3.25013395312685e-05)
(-0.000235089023689699 0.000743504365838047 3.24621016691824e-05)
(-0.000200090150571847 0.000742636716811562 3.24242192945723e-05)
(-0.000165091277453996 0.000741816895342426 3.23884251162131e-05)
(-0.000130092404336144 0.000741051321070139 3.23549994216184e-05)
(-9.50935312182922e-05 0.000740355382302336 3.23246140788095e-05)
(-6.00946581004401e-05 0.000739752244073203 3.22982804950213e-05)
(-2.50957849825882e-05 0.00073924071389083 3.22759466049326e-05)
(9.9040954022669e-06 0.000738853865442827 3.22590564369301e-05)
(4.49109457306765e-05 0.000738819194729938 3.22575426809141e-05)
(7.9917796059086e-05 0.000738853031774553 3.22590200381872e-05)
(0.000114924646387496 0.000738933545840674 3.22625353582314e-05)
(0.000149931496715905 0.00073904944693335 3.22675957092218e-05)
(0.000184938347044315 0.000739192066189968 3.22738226004427e-05)
(0.000219945197372724 0.000739351225277688 3.2280771636285e-05)
(0.000254952047701134 0.00073952166546835 3.22882132157188e-05)
(0.000289958898029543 0.000739700276505442 3.22960115420122e-05)
(0.000324965748357952 0.000739882133366879 3.23039515840569e-05)
(0.000359972598686362 0.00074006330071594 3.23118615213412e-05)
(0.000394979449014771 0.000740239823049381 3.23195686528637e-05)
(0.000429986299343181 0.000740406723058167 3.23268556646187e-05)
(0.000464993149671591 0.000740555524127089 3.23333524595937e-05)
(0.0005 0.000740628436131477 3.23365358664546e-05)
(-0.003 0.000802448088647263 3.50356401855785e-05)
(-0.0029650022537643 0.000801840422383147 3.50091089035134e-05)
(-0.00293000450752859 0.000801229913491062 3.49824535096309e-05)
(-0.00289500676129289 0.000800618292706355 3.49557495694681e-05)
(-0.00286000901505718 0.000800006138009266 3.49290223181872e-05)
(-0.00282501126882148 0.000799393585043165 3.49022776781057e-05)
(-0.00279001352258578 0.000798780615270608 3.48755148398614e-05)
(-0.00275501577635007 0.000798167253717888 3.48487348961257e-05)
(-0.00272001803011437 0.000797553574101198 3.48219410654172e-05)
(-0.00268502028387867 0.000796939588939657 3.47951338943325e-05)
(-0.00265002253764296 0.000796325278509445 3.47683125217108e-05)
(-0.00261502479140726 0.000795710687767087 3.47414789103965e-05)
(-0.00258002704517155 0.000795095856284844 3.47146347881519e-05)
(-0.00254502929893585 0.000794480762586658 3.46877792173119e-05)
(-0.00251003155270015 0.000793865398047162 3.4660911821285e-05)
(-0.00247503380646444 0.000793249801899897 3.46340343130444e-05)
(-0.00244003606022874 0.000792633979739354 3.46071469368511e-05)
(-0.00240503831399304 0.000792017901088434 3.4580248362046e-05)
(-0.00237004056775733 0.000791401577977186 3.45533391138726e-05)
(-0.00233504282152163 0.000790785037534845 3.45264203768187e-05)
(-0.00230004507528592 0.000790168255261981 3.44994910812161e-05)
(-0.00226504732905022 0.000789551202558782 3.44725499783701e-05)
(-0.00223004958281452 0.000788933907628644 3.44455982996675e-05)
(-0.00219505183657881 0.000788316375001206 3.44186362428767e-05)
(-0.00216005409034311 0.000787698562297072 3.43916619576733e-05)
(-0.0021250563441074 0.000787080464686778 3.43646752331983e-05)
(-0.0020900585978717 0.000786462111095635 3.4337677332358e-05)
(-0.002055060851636 0.000785843468481136 3.43106668124855e-05)
(-0.00202006310540029 0.000785224482413597 3.42836412971295e-05)
(-0.00198506535916459 0.000784605180723693 3.42566020014034e-05)
(-0.00195006761292889 0.000783985573490348 3.42295493653625e-05)
(-0.00191506986669318 0.000783365595930784 3.42024805605297e-05)
(-0.00188007212045748 0.000782745217817459 3.41753942671421e-05)
(-0.00184507437422177 0.000782124469705335 3.4148291819258e-05)
(-0.00181007662798607 0.00078150330758448 3.41211712953623e-05)
(-0.00177507888175037 0.000780881639050623 3.40940286609975e-05)
(-0.00174008113551466 0.000780259475716243 3.40668644231753e-05)
(-0.00170508338927896 0.000779636824993593 3.40396789055216e-05)
(-0.00167008564304326 0.000779013573705435 3.40124671666116e-05)
(-0.00163508789680755 0.000778389635817691 3.39852254501163e-05)
(-0.00160009015057185 0.000777765045554733 3.3957955250304e-05)
(-0.00156509240433614 0.000777139722494191 3.39306530558582e-05)
(-0.00153009465810044 0.000776513469881265 3.39033102762788e-05)
(-0.00149509691186474 0.000775886255009368 3.38759254835655e-05)
(-0.00146009916562903 0.000775258083836328 3.38484989378425e-05)
(-0.00142510141939333 0.000774628716082209 3.38210201482614e-05)
(-0.00139010367315762 0.000773997902097224 3.3793478214877e-05)
(-0.00135510592692192 0.000773365673125866 3.37658745018533e-05)
(-0.00132010818068622 0.000772731867267227 3.37382019404442e-05)
(-0.00128511043445051 0.000772096022862663 3.37104403741977e-05)
(-0.00125011268821481 0.000771457975514985 3.36825826253777e-05)
(-0.00121511494197911 0.000770817745862594 3.36546295950762e-05)
(-0.0011801171957434 0.00077017478406262 3.36265572766351e-05)
(-0.0011451194495077 0.000769528408225509 3.35983358981135e-05)
(-0.00111012170327199 0.000768878667900549 3.356996762288e-05)
(-0.00107512395703629 0.000768225240500155 3.35414383664564e-05)
(-0.00104012621080059 0.00076756701016598 3.35126994094153e-05)
(-0.00100512846456488 0.000766903483824854 3.3483729223717e-05)
(-0.000970130718329179 0.000766234767879261 3.34545324549944e-05)
(-0.000935132972093475 0.000765559588930738 3.34250535054698e-05)
(-0.000900135225857771 0.000764876215580131 3.33952167806236e-05)
(-0.000865137479622068 0.000764184816580962 3.33650296483938e-05)
(-0.000830139733386364 0.000763484750738072 3.33344641135951e-05)
(-0.00079514198715066 0.000762773389282568 3.3303405401699e-05)
(-0.000760144240914956 0.000762049499753345 3.32717997022914e-05)
(-0.000725146494679252 0.000761313325929255 3.3239657658987e-05)
(-0.000690148748443549 0.000760559776591466 3.32067569843709e-05)
(-0.000655151002207845 0.00075977978345961 3.31727017487718e-05)
(-0.000620153255972141 0.000758969796310359 3.31373369460916e-05)
(-0.000585155509736437 0.000758123862059944 3.31004026590798e-05)
(-0.000550157763500734 0.00075723093387539 3.30614165725925e-05)
(-0.00051516001726503 0.000756290718743258 3.30203658933866e-05)
(-0.000480162271029326 0.000755310963910088 3.29775888735511e-05)
(-0.000445164524793622 0.000754293390828707 3.29331606733395e-05)
(-0.000410166778557918 0.000753241104862393 3.28872168758407e-05)
(-0.000375169032322215 0.00075216540032331 3.28402506013733e-05)
(-0.00034017128608651 0.000751074797959296 3.2792633873822e-05)
(-0.000305173539850807 0.000749976423932049 3.27446778281261e-05)
(-0.000270175793615103 0.000748880967879743 3.26968491839674e-05)
(-0.000235178047379399 0.000747797971386323 3.26495645358979e-05)
(-0.000200180301143695 0.000746739853127505 3.26033660950091e-05)
(-0.000165182554907991 0.000745719725053159 3.25588263413955e-05)
(-0.000130184808672288 0.000744743089790423 3.25161855249467e-05)
(-9.51870624365842e-05 0.000743822485824028 3.24759910877284e-05)
(-6.01893162008801e-05 0.000742975174136303 3.24389966605049e-05)
(-2.51915699651763e-05 0.000742200978188404 3.24051945354235e-05)
(9.8081908045339e-06 0.000741572549806055 3.23777567596996e-05)
(4.48218914613529e-05 0.000741544429412311 3.23765289967938e-05)
(7.9835592118172e-05 0.000741570467198955 3.23776658311099e-05)
(0.000114849292774991 0.000741634066450419 3.23804426343971e-05)
(0.00014986299343181 0.000741725834890562 3.2384449331023e-05)
(0.000184876694088629 0.000741838819854574 3.23893823610863e-05)
(0.000219890394745448 0.00074196523815422 3.23949019032498e-05)
(0.000254904095402267 0.000742100746908391 3.24008183432292e-05)
(0.000289917796059086 0.000742242715110176 3.24070168087822e-05)
(0.000324931496715905 0.000742387341014761 3.24133313121454e-05)
(0.000359945197372724 0.000742531425116729 3.24196221598955e-05)
(0.000394958898029543 0.000742671831587113 3.24257524387829e-05)
(0.000429972598686362 0.000742804503713335 3.24315450289115e-05)
(0.000464986299343181 0.000742921866485696 3.24366691982151e-05)
(0.0005 0.000742978557872137 3.24391443976019e-05)
(-0.003 0.000829140569159948 3.6201059053333e-05)
(-0.00296500338064644 0.000828229453915087 3.61612789026439e-05)
(-0.00293000676129289 0.000827314904199291 3.61213487997154e-05)
(-0.00289501014193933 0.000826399476124396 3.60813803468004e-05)
(-0.00286001352258578 0.000825483652309939 3.60413946155231e-05)
(-0.00282501690323222 0.000824567534013642 3.60013960268908e-05)
(-0.00279002028387867 0.000823651107862244 3.59613839970147e-05)
(-0.00275502366452511 0.000822734392072973 3.59213593212759e-05)
(-0.00272002704517155 0.000821817440911772 3.58813243689767e-05)
(-0.002685030425818 0.000820900263736525 3.58412795486911e-05)
(-0.00265003380646444 0.000819982845917073 3.58012242216526e-05)
(-0.00261503718711089 0.000819065220433537 3.57611598278044e-05)
(-0.00258004056775733 0.000818147416538018 3.57210876443209e-05)
(-0.00254504394840378 0.000817229418409422 3.5681006980438e-05)
(-0.00251004732905022 0.000816311219482979 3.56409175495318e-05)
(-0.00247505070969666 0.00081539284860602 3.56008206111039e-05)
(-0.00244005409034311 0.000814474309982467 3.55607163487016e-05)
(-0.00240505747098955 0.000813555580989272 3.55206037745812e-05)
(-0.002370060851636 0.000812636670295341 3.54804832672353e-05)
(-0.00233506423228244 0.000811717597917839 3.54403557006323e-05)
(-0.00230006761292889 0.000810798345761293 3.54002202847067e-05)
(-0.00226507099357533 0.000809878892498393 3.5360076088288e-05)
(-0.00223007437422177 0.000808959258789371 3.53199240134216e-05)
(-0.00219507775486822 0.000808039447984618 3.52797642063885e-05)
(-0.00216008113551466 0.0008071194286412 3.52395952943607e-05)
(-0.00212508451616111 0.000806199196945167 3.51994171108174e-05)
(-0.00209008789680755 0.000805278774194792 3.51592305856615e-05)
(-0.002055091277454 0.000804358135929291 3.51190346509119e-05)
(-0.00202009465810044 0.000803437241592545 3.50788275358504e-05)
(-0.00198509803874688 0.000802516111514727 3.50386101281113e-05)
(-0.00195010141939333 0.000801594753164379 3.49983827537784e-05)
(-0.00191510480003977 0.00080067311842044 3.49581433118407e-05)
(-0.00188010818068622 0.000799751184542069 3.49178908094116e-05)
(-0.00184511156133266 0.000798828973973439 3.48776262264248e-05)
(-0.00181011494197911 0.00079790645403183 3.48373481359222e-05)
(-0.00177511832262555 0.000796983555852363 3.4797053531198e-05)
(-0.00174012170327199 0.000796060287647763 3.47567427708276e-05)
(-0.00170512508391844 0.000795136654833645 3.47164160912618e-05)
(-0.00167012846456488 0.000794212573201283 3.46760698158683e-05)
(-0.00163513184521133 0.000793287978317939 3.4635701131453e-05)
(-0.00160013522585777 0.000792362895198566 3.45953111301923e-05)
(-0.00156513860650422 0.000791437264034829 3.45548972007979e-05)
(-0.00153014198715066 0.000790510938117916 3.45144529378248e-05)
(-0.0014951453677971 0.000789583892332478 3.44739772447131e-05)
(-0.00146014874844355 0.000788656130819292 3.44334703022531e-05)
(-0.00142515212908999 0.000787727474671037 3.43929242991824e-05)
(-0.00139015550973644 0.000786797737182731 3.43523310837854e-05)
(-0.00135515889038288 0.000785866940581061 3.43116916265003e-05)
(-0.00132016227102933 0.00078493496422875 3.42710006601899e-05)
(-0.00128516565167577 0.000784001463687126 3.42302431463368e-05)
(-0.00125016903232221 0.000783066314833896 3.41894136656449e-05)
(-0.00121517241296866 0.00078212953216432 3.41485128509907e-05)
(-0.0011801757936151 0.000781190705871099 3.41075228098012e-05)
(-0.00114517917426155 0.000780249325914475 3.40664212732597e-05)
(-0.00111018255490799 0.000779305426826469 3.40252097490668e-05)
(-0.00107518593555444 0.000778358768051504 3.39838777343391e-05)
(-0.00104018931620088 0.000777408516267332 3.39423888454415e-05)
(-0.00100519269684732 0.000776454299727905 3.39007268515911e-05)
(-0.000970196077493769 0.000775496195844908 3.3858895132655e-05)
(-0.000935199458140213 0.000774533255144208 3.38168522336973e-05)
(-0.000900202838786658 0.000773564181679116 3.37745415724637e-05)
(-0.000865206219433102 0.000772589095634647 3.37319683963451e-05)
(-0.000830209600079546 0.000771607518804085 3.36891118263855e-05)
(-0.00079521298072599 0.000770617486635598 3.36458860883994e-05)
(-0.000760216361372434 0.000769618070972339 3.36022506581839e-05)
(-0.000725219742018879 0.000768609452511821 3.35582134251626e-05)
(-0.000690223122665323 0.000767587836299124 3.35136086980255e-05)
(-0.000655226503311767 0.000766546442853146 3.34681404782352e-05)
(-0.000620229883958212 0.000765482606046682 3.34216923601641e-05)
(-0.000585233264604656 0.000764391884072381 3.33740704103149e-05)
(-0.000550236645251101 0.000763266015168681 3.33249139123879e-05)
(-0.000515240025897544 0.000762104748790098 3.32742119273308e-05)
(-0.000480243406543989 0.000760913870382041 3.32222170531455e-05)
(-0.000445246787190433 0.000759694680404374 3.31689860691358e-05)
(-0.000410250167836877 0.000758449490420127 3.31146199003232e-05)
(-0.000375253548483322 0.000757186738523377 3.30594869618514e-05)
(-0.000340256929129766 0.000755912809323026 3.30038660117652e-05)
(-0.00030526030977621 0.000754633034028703 3.29479898157039e-05)
(-0.000270263690422654 0.000753355405935508 3.28922073684684e-05)
(-0.000235267071069098 0.000752087061146349 3.28368302390405e-05)
(-0.000200270451715543 0.000750837278638749 3.27822635563279e-05)
(-0.000165273832361987 0.000749615867661426 3.2728935601379e-05)
(-0.000130277213008432 0.000748426961236194 3.26770268258233e-05)
(-9.52805936548761e-05 0.000747279925145341 3.26269461485464e-05)
(-6.02839743013202e-05 0.000746187635829992 3.25792557671092e-05)
(-2.52873549477645e-05 0.000745149951077266 3.25339494723632e-05)
(9.71228620680091e-06 0.000744278976655292 3.24959219078506e-05)
(4.47328371920294e-05 0.000744258034182438 3.24950075397389e-05)
(7.97533881772579e-05 0.00074427736446496 3.24958515181005e-05)
(0.000114773939162486 0.000744324727297703 3.24979194240369e-05)
(0.000149794490147715 0.000744393120623661 3.25009055411369e-05)
(0.000184815041132944 0.000744477359571202 3.25045834930162e-05)
(0.000219835592118172 0.000744571653924933 3.2508700473411e-05)
(0.000254856143103401 0.000744672758050749 3.25131147748761e-05)
(0.000289876694088629 0.000744778700954663 3.25177403419555e-05)
(0.000324897245073857 0.000744886648314762 3.25224534254819e-05)
(0.000359917796059086 0.000744994209778248 3.25271496603983e-05)
(0.000394938347044314 0.000745099041209179 3.25317266995192e-05)
(0.000429958898029543 0.000745198098605643 3.25360516388509e-05)
(0.000464979449014772 0.000745285735356866 3.25398779420428e-05)
(0.0005 0.000745328652078029 3.25417517265553e-05)
(-0.003 0.000855867948024193 3.73680016160225e-05)
(-0.00296500450752859 0.000854653114735971 3.73149608491819e-05)
(-0.00293000901505719 0.000853434092237027 3.72617371774511e-05)
(-0.00289501352258578 0.00085221445491827 3.72084866621076e-05)
(-0.00286001803011437 0.000850994556178102 3.71552247328588e-05)
(-0.00282502253764296 0.000849774464073849 3.71019543611517e-05)
(-0.00279002704517155 0.000848554170099092 3.70486751755881e-05)
(-0.00275503155270015 0.000847333685939157 3.69953876863603e-05)
(-0.00272003606022874 0.000846113047147278 3.6942093445756e-05)
(-0.00268504056775733 0.000844892260043642 3.68887927297205e-05)
(-0.00265004507528592 0.000843671314918703 3.6835485114326e-05)
(-0.00261504958281452 0.000842450233238179 3.67821715367858e-05)
(-0.00258005409034311 0.00084122903432183 3.6728852840619e-05)
(-0.0025450585978717 0.000840007707846398 3.66755285751024e-05)
(-0.00251006310540029 0.000838786249289944 3.66221985428037e-05)
(-0.00247506761292889 0.000837564677511358 3.65688635671201e-05)
(-0.00244007212045748 0.000836342995419844 3.651552377507e-05)
(-0.00240507662798607 0.000835121188053118 3.6462178513386e-05)
(-0.00237008113551466 0.000833899260890239 3.6408828021289e-05)
(-0.00233508564304326 0.00083267722711718 3.6355472874491e-05)
(-0.00230009015057185 0.000831455074913183 3.63021125568867e-05)
(-0.00226509465810044 0.000830232790078782 3.62487464485138e-05)
(-0.00223009916562903 0.000829010386042909 3.61953751356922e-05)
(-0.00219510367315763 0.000827787865082757 3.61419987178464e-05)
(-0.00216010818068622 0.000826565206455975 3.60886162893457e-05)
(-0.00212511268821481 0.00082534240743047 3.60352277309044e-05)
(-0.0020901171957434 0.000824119481983325 3.59818336527751e-05)
(-0.00205512170327199 0.000822896414101866 3.59284333558293e-05)
(-0.00202012621080059 0.000821673176841643 3.5875025663647e-05)
(-0.00198513071832918 0.000820449783351522 3.582161115032e-05)
(-0.00195013522585777 0.000819226238656076 3.5768190035226e-05)
(-0.00191513973338636 0.000818002510995534 3.57147609317033e-05)
(-0.00188014424091496 0.000816778585079329 3.56613231721515e-05)
(-0.00184514874844355 0.000815554475587515 3.56078773975154e-05)
(-0.00181015325597214 0.000814330161045942 3.55544226702136e-05)
(-0.00177515776350073 0.000813105595751641 3.55009569948113e-05)
(-0.00174016227102933 0.00081188078479576 3.54474805935926e-05)
(-0.00170516677855792 0.000810655731823202 3.53939936256977e-05)
(-0.00167017128608651 0.000809430381177521 3.53404936611136e-05)
(-0.0016351757936151 0.000808204689828502 3.52869788211004e-05)
(-0.0016001803011437 0.000806978674043003 3.52334498158847e-05)
(-0.00156518480867229 0.000805752294473778 3.51799049275284e-05)
(-0.00153018931620088 0.000804525453791883 3.51263399065582e-05)
(-0.00149519382372947 0.0008032981347308 3.50727539991016e-05)
(-0.00146019833125807 0.000802070340010446 3.50191473239126e-05)
(-0.00142520283878666 0.000800841951377457 3.49655147179381e-05)
(-0.00139020734631525 0.000799612844483623 3.49118507520178e-05)
(-0.00135521185384384 0.000798383033306699 3.48581560364337e-05)
(-0.00132021636137243 0.00079715243829317 3.48044270978043e-05)
(-0.00128522086890103 0.000795920830944557 3.47506539596707e-05)
(-0.00125022537642962 0.000794688127668018 3.46968329722904e-05)
(-0.00121522988395821 0.000793454337719266 3.46429645397767e-05)
(-0.0011802343914868 0.00079221918999981 3.45890368257137e-05)
(-0.0011452388990154 0.000790982344923353 3.45350350034437e-05)
(-0.00111024340654399 0.000789743823637876 3.44809599963074e-05)
(-0.00107524791407258 0.000788503467451095 3.442680487565e-05)
(-0.00104025242160117 0.000787260723091529 3.43725454851169e-05)
(-0.00100525692912977 0.000786015340708715 3.43181709160014e-05)
(-0.000970261436658358 0.000784767370750934 3.42636833709231e-05)
(-0.000935265944186951 0.00078351618497385 3.42090554201417e-05)
(-0.000900270451715543 0.000782260920102624 3.41542493722639e-05)
(-0.000865274959244135 0.00078100165167222 3.40992685252173e-05)
(-0.000830279466772728 0.000779738064088655 3.40440990998713e-05)
(-0.00079528397430132 0.000778468852099569 3.39886841076768e-05)
(-0.000760288481829912 0.000777193393296436 3.39329963736909e-05)
(-0.000725292989358505 0.000775911808161684 3.38770411582899e-05)
(-0.000690297496887097 0.000774621585706476 3.38207088293336e-05)
(-0.000655302004415689 0.00077331821884806 3.37638026033393e-05)
(-0.000620306511944282 0.000771999926781922 3.37062447287027e-05)
(-0.000585311019472875 0.000770663766508943 3.36479067113074e-05)
(-0.000550315527001467 0.000769304243505788 3.35885486550836e-05)
(-0.000515320034530059 0.000767921166639183 3.35281622149726e-05)
(-0.000480324542058652 0.000766518377436387 3.34669151156764e-05)
(-0.000445329049587244 0.000765096750899703 3.34048455606208e-05)
(-0.000410333557115836 0.000763657814896766 3.33420202579474e-05)
(-0.000375338064644429 0.000762207172420118 3.32786838395936e-05)
(-0.000340342572173021 0.00076074907667098 3.32150220043352e-05)
(-0.000305347079701613 0.000759287071353727 3.31511894736465e-05)
(-0.000270351587230206 0.000757826467953196 3.30874181519637e-05)
(-0.000235356094758798 0.000756372008161956 3.30239150660554e-05)
(-0.00020036060228739 0.000754929850823206 3.2960949116823e-05)
(-0.000165365109815983 0.000753506520212164 3.28988051602742e-05)
(-0.000130369617344575 0.000752104766883988 3.28376032882407e-05)
(-9.53741248731682e-05 0.000750730799700236 3.27776145854725e-05)
(-6.03786324017602e-05 0.000749393179392625 3.27192128215885e-05)
(-2.53831399303526e-05 0.000748091759121746 3.26623915854415e-05)
(9.61638160906787e-06 0.00074697811744332 3.2613768939699e-05)
(4.46437829227059e-05 0.000746964428907297 3.26131712853092e-05)
(7.9671184236344e-05 0.00074697724493807 3.26137308452972e-05)
(0.000114698585549982 0.000747008629725575 3.26151011347126e-05)
(0.00014972598686362 0.000747053965271885 3.26170805274118e-05)
(0.000184753388177258 0.000747109818755194 3.26195191431578e-05)
(0.000219780789490896 0.000747172352037671 3.26222494052339e-05)
(0.000254808190804534 0.000747239413349684 3.26251773653491e-05)
(0.000289835592118172 0.000747309696270778 3.26282459839544e-05)
(0.00032486299343181 0.000747381320588248 3.26313731691903e-05)
(0.000359890394745448 0.000747452700019259 3.26344896624525e-05)
(0.000394917796059086 0.000747522278305253 3.2637527516025e-05)
(0.000429945197372724 0.000747588037351001 3.26403986179672e-05)
(0.000464972598686362 0.000747646287292611 3.26429418653422e-05)
(0.0005 0.000747675620899848 3.26442225982931e-05)
(-0.003 0.000882628241606652 3.85363812663447e-05)
(-0.00296500563441074 0.000881109450877131 3.84700694310129e-05)
(-0.00293001126882148 0.000879585562550348 3.84035350297781e-05)
(-0.00289501690323222 0.000878061355655313 3.8336986719553e-05)
(-0.00286002253764296 0.000876537018812196 3.82704327356721e-05)
(-0.0028250281720537 0.000875012586898758 3.82038746009314e-05)
(-0.00279003380646444 0.000873488055909927 3.81373121404656e-05)
(-0.00275503944087518 0.000871963431375194 3.80707455956975e-05)
(-0.00272004507528592 0.000870438730770208 3.80041757296305e-05)
(-0.00268505070969666 0.000868913957389666 3.7937602686114e-05)
(-0.0026500563441074 0.000867389106352528 3.78710262520373e-05)
(-0.00261506197851815 0.000865864188081197 3.78044468824524e-05)
(-0.00258006761292889 0.000864339212216487 3.77378649982862e-05)
(-0.00254507324733963 0.000862814173745825 3.76712803806852e-05)
(-0.00251007888175037 0.000861289070272792 3.76046929250193e-05)
(-0.00247508451616111 0.000859763911027043 3.75381030342641e-05)
(-0.00244009015057185 0.000858238697599152 3.74715107778654e-05)
(-0.00240509578498259 0.000856713422549504 3.74049158310027e-05)
(-0.00237010141939333 0.000855188088408966 3.73383183041761e-05)
(-0.00233510705380407 0.000853662701726742 3.72717184833299e-05)
(-0.00230011268821481 0.000852137256770775 3.72051161181972e-05)
(-0.00226511832262555 0.000850611746403619 3.71385108971502e-05)
(-0.00223012395703629 0.000849086177134617 3.70719031043932e-05)
(-0.00219512959144703 0.000847560550193565 3.700529279362e-05)
(-0.00216013522585777 0.000846034855320172 3.69386795168568e-05)
(-0.00212514086026851 0.000844509090999896 3.68720632079772e-05)
(-0.00209014649467925 0.000842983264123646 3.68054441678447e-05)
(-0.00205515212908999 0.000841457366919099 3.67388220571125e-05)
(-0.00202015776350073 0.000839931385901508 3.66721962870238e-05)
(-0.00198516339791147 0.000838405327384361 3.66055671332314e-05)
(-0.00195016903232221 0.000836879193992707 3.65389347103474e-05)
(-0.00191517466673296 0.000835352970031321 3.64722983331036e-05)
(-0.0018801803011437 0.000833826647719797 3.64056576617999e-05)
(-0.00184518593555444 0.000832300234255696 3.63390130106888e-05)
(-0.00181019156996518 0.000830773719169313 3.62723639226531e-05)
(-0.00177519720437592 0.000829247079657822 3.62057094020998e-05)
(-0.00174020283878666 0.000827720318000005 3.61390495485227e-05)
(-0.0017052084731974 0.000826193436138889 3.60723844467563e-05)
(-0.00167021410760814 0.000824666406551061 3.60057128951023e-05)
(-0.00163521974201888 0.000823139207576047 3.59390339478441e-05)
(-0.00160022537642962 0.000821611847115144 3.58723479499597e-05)
(-0.00156523101084036 0.000820084305950761 3.5805654062391e-05)
(-0.0015302366452511 0.000818556535611469 3.57389501688296e-05)
(-0.00149524227966184 0.000817028527056169 3.56722358745327e-05)
(-0.00146024791407258 0.00081550028174989 3.56055112434649e-05)
(-0.00142525354848332 0.00081397174126763 3.55387737247354e-05)
(-0.00139025918289406 0.000812442843322243 3.54720205988287e-05)
(-0.0013552648173048 0.000810913594364082 3.54052521473734e-05)
(-0.00132027045171554 0.000809383955406069 3.53384666681567e-05)
(-0.00128527608612628 0.000807853812767396 3.52716591977675e-05)
(-0.00125028172053702 0.000806323123930209 3.52048278798362e-05)
(-0.00121528735494776 0.000804791893452989 3.51379729133903e-05)
(-0.0011802929893585 0.000803259987327409 3.50710884475e-05)
(-0.00114529862376925 0.000801727235641461 3.50041670636467e-05)
(-0.00111030425817999 0.000800193647702111 3.49372091681813e-05)
(-0.00107530989259073 0.000798659145741599 3.48702113656902e-05)
(-0.00104031552700147 0.000797123454362441 3.48031616320595e-05)
(-0.00100532116141221 0.000795586446951412 3.47360544392364e-05)
(-0.000970326795822948 0.000794048148263733 3.46688908680572e-05)
(-0.000935332430233688 0.000792508247735087 3.4601657358991e-05)
(-0.000900338064644429 0.000790966313396756 3.45343350518762e-05)
(-0.000865343699055169 0.000789422379854902 3.44669254576506e-05)
(-0.00083034933346591 0.000787876292369528 3.43994218202199e-05)
(-0.00079535496787665 0.000786327400761578 3.43317957521535e-05)
(-0.000760360602287391 0.000784775390766232 3.42640335323531e-05)
(-0.000725366236698131 0.000783220323010949 3.41961378078706e-05)
(-0.000690371871108871 0.000781660955413112 3.41280543482079e-05)
(-0.000655377505519612 0.000780095040177602 3.40596850125105e-05)
(-0.000620383139930353 0.000778521682614734 3.39909907377832e-05)
(-0.000585388774341093 0.000776939424072755 3.39219078379152e-05)
(-0.000550394408751834 0.000775345523047784 3.38523166162619e-05)
(-0.000515400043162574 0.000773739866125808 3.37822121210606e-05)
(-0.000480405677573315 0.000772124366034522 3.37116778638061e-05)
(-0.000445411311984055 0.000770499466256644 3.36407332073719e-05)
(-0.000410416946394795 0.000768865920712957 3.35694110686503e-05)
(-0.000375422580805536 0.00076722651776722 3.34978331902322e-05)
(-0.000340428215216276 0.000765583383665054 3.34260924060063e-05)
(-0.000305433849627017 0.000763938283019593 3.33542657606458e-05)
(-0.000270439484037757 0.000762293861970424 3.32824687871003e-05)
(-0.000235445118448498 0.000760652483389806 3.32108046506005e-05)
(-0.000200450752859238 0.000759017210997065 3.31394071160209e-05)
(-0.000165456387269979 0.000757391300387712 3.30684183257314e-05)
(-0.000130462021680719 0.000755776125870736 3.29978982833582e-05)
(-9.54676560914602e-05 0.000754174770842622 3.29279816128993e-05)
(-6.04732905022003e-05 0.000752591505535034 3.28588547566954e-05)
(-2.54789249129408e-05 0.000751026181428034 3.27905112302262e-05)
(9.52047701133491e-06 0.000749669859367589 3.27312929301794e-05)
(4.45547286533823e-05 0.000749663426675704 3.27310120727862e-05)
(7.95889802954299e-05 0.000749669816204429 3.27312910456351e-05)
(0.000114623231937477 0.000749685419939559 3.27319723194238e-05)
(0.000149657483579525 0.000749707965054451 3.27329566603979e-05)
(0.000184691735221573 0.000749735747116381 3.27341696514177e-05)
(0.00021972598686362 0.000749766857097731 3.27355279425374e-05)
(0.000254760238505668 0.000749800224605581 3.27369847993926e-05)
(0.000289794490147715 0.000749835200198983 3.27385118667793e-05)
(0.000324828741789762 0.000749870848222971 3.27400682931195e-05)
(0.00035986299343181 0.000749906379058456 3.27416196028991e-05)
(0.000394897245073857 0.000749941017986156 3.27431319711438e-05)
(0.000429931496715905 0.000749973763020564 3.27445616502216e-05)
(0.000464965748357953 0.000750002831968749 3.27458308279087e-05)
(0.0005 0.000750018613341434 3.27465198575206e-05)
(-0.003 0.000909421991472407 3.97062216495419e-05)
(-0.00296500676129289 0.000907592867796315 3.96263603851472e-05)
(-0.00293001352258578 0.000905763743659132 3.95464991006209e-05)
(-0.00289502028387867 0.000903934619755834 3.94666378263061e-05)
(-0.00286002704517156 0.000902105496039182 3.93867765601406e-05)
(-0.00282503380646444 0.000900276372055217 3.93069152823038e-05)
(-0.00279004056775733 0.000898447248108182 3.92270540060795e-05)
(-0.00275504732905022 0.000896618124162295 3.91471927299053e-05)
(-0.00272005409034311 0.000894789000214737 3.90673314536581e-05)
(-0.002685060851636 0.000892959876395016 3.89874701829924e-05)
(-0.00265006761292889 0.000891130752462086 3.8907608907384e-05)
(-0.00261507437422177 0.000889301628497619 3.88277476303985e-05)
(-0.00258008113551466 0.000887472504585902 3.87478863557162e-05)
(-0.00254508789680755 0.000885643380752181 3.86680250844393e-05)
(-0.00251009465810044 0.000883814256891902 3.85881638120028e-05)
(-0.00247510141939333 0.000881985132864275 3.85083025322597e-05)
(-0.00244010818068622 0.000880156008971677 3.84284412584122e-05)
(-0.00240511494197911 0.000878326885049858 3.83485799832888e-05)
(-0.00237012170327199 0.000876497761245642 3.82687187133001e-05)
(-0.00233512846456488 0.00087466863723544 3.81888574343178e-05)
(-0.00230013522585777 0.000872839513391587 3.81089961625985e-05)
(-0.00226514198715066 0.000871010389442285 3.80291348862752e-05)
(-0.00223014874844355 0.000869181265548921 3.79492736123942e-05)
(-0.00219515550973644 0.000867352141691243 3.78694123400713e-05)
(-0.00216016227102933 0.000865523017984435 3.77895510743355e-05)
(-0.00212516903232221 0.00086369389388237 3.77096897913425e-05)
(-0.0020901757936151 0.000861864769992709 3.76298285176231e-05)
(-0.00205518255490799 0.00086003564597777 3.7549967238434e-05)
(-0.00202018931620088 0.000858206522070562 3.74701059639486e-05)
(-0.00198519607749377 0.000856377398178836 3.73902446901391e-05)
(-0.00195020283878666 0.000854548274262341 3.73103834152482e-05)
(-0.00191520960007955 0.000852719150348935 3.72305221404921e-05)
(-0.00188021636137243 0.000850890026441726 3.71506608660066e-05)
(-0.00184522312266532 0.000849060902593669 3.70707995941038e-05)
(-0.00181022988395821 0.000847231778627309 3.69909383170357e-05)
(-0.0017752366452511 0.000845402654787255 3.69110770454823e-05)
(-0.00174024340654399 0.000843573530826182 3.68312157686451e-05)
(-0.00170525016783688 0.000841744406924804 3.67513544944141e-05)
(-0.00167025692912977 0.000839915283121788 3.66714932244778e-05)
(-0.00163526369042265 0.00083808615917594 3.65916319483053e-05)
(-0.00160027045171554 0.000836257035259187 3.65117706734031e-05)
(-0.00156527721300843 0.000834427911334641 3.64319093981607e-05)
(-0.00153028397430132 0.000832598787501806 3.63520481269224e-05)
(-0.00149529073559421 0.000830769663530915 3.62721868496565e-05)
(-0.0014602974968871 0.000828940539635165 3.61923255756713e-05)
(-0.00142530425817999 0.000827111415859407 3.61124643069251e-05)
(-0.00139031101947287 0.000825282291894083 3.60326030299023e-05)
(-0.00135531778076576 0.00082345316789295 3.5952741751316e-05)
(-0.00132032454205865 0.000821624044001882 3.58728804775352e-05)
(-0.00128533130335154 0.000819794920048905 3.57930192010515e-05)
(-0.00125033806464443 0.000817965796190961 3.5713157928717e-05)
(-0.00121534482593732 0.00081613667220476 3.56332966507826e-05)
(-0.00118035158723021 0.00081430754833009 3.55534353777178e-05)
(-0.00114535834852309 0.000812478424481896 3.54735741058089e-05)
(-0.00111036510981598 0.000810649300483134 3.53937128273262e-05)
(-0.00107537187110887 0.000808820176706592 3.53138515585457e-05)
(-0.00104037863240176 0.000806991052740768 3.52339902815011e-05)
(-0.00100538539369465 0.000805161928897913 3.51541290098253e-05)
(-0.000970392154987537 0.000803332805168954 3.50742677431224e-05)
(-0.000935398916280426 0.000801503680957524 3.49944064553543e-05)
(-0.000900405677573315 0.000799674557062762 3.49145451814123e-05)
(-0.000865412438866203 0.000797845433215816 3.4834683909558e-05)
(-0.000830419200159092 0.000796016309225464 3.47548226314424e-05)
(-0.00079542596145198 0.000794187185437323 3.46749613621555e-05)
(-0.000760432722744869 0.000792358061553002 3.45951000886693e-05)
(-0.000725439484037757 0.000790528937585146 3.45152388115359e-05)
(-0.000690446245330646 0.000788699813596629 3.44353775335005e-05)
(-0.000655453006623534 0.00078687068968942 3.4355516259015e-05)
(-0.000620459767916423 0.000785041565982294 3.42756549932653e-05)
(-0.000585466529209312 0.000783212441924549 3.41957937122073e-05)
(-0.000550473290502201 0.000781383318181286 3.41159324448798e-05)
(-0.000515480051795089 0.000779554194306658 3.40360711718169e-05)
(-0.000480486813087977 0.000777725070343513 3.39562098948891e-05)
(-0.000445493574380866 0.000775895946272499 3.38763486132518e-05)
(-0.000410500335673754 0.00077406682240498 3.37964873404992e-05)
(-0.000375507096966643 0.000772237698560046 3.37166260687327e-05)
(-0.000340513858259532 0.000770408574597797 3.36367647918441e-05)
(-0.00030552061955242 0.000768579450850362 3.35569035243345e-05)
(-0.000270527380845309 0.000766750326742897 3.34770422411056e-05)
(-0.000235534142138197 0.000764921202937592 3.33971809710694e-05)
(-0.000200540903431086 0.000763092078895706 3.33173196907038e-05)
(-0.000165547664723975 0.00076126295504153 3.32374584185337e-05)
(-0.000130554426016863 0.000759433831121618 3.31575971434937e-05)
(-9.55611873097521e-05 0.000757604707515418 3.30777358821505e-05)
(-6.05679486026403e-05 0.000755775583356804 3.29978745966884e-05)
(-2.55747098955289e-05 0.000753946459428902 3.29180133212995e-05)
(9.42457241360191e-06 0.000752348295403077 3.28482359730092e-05)
(4.44656743840589e-05 0.000752348295565999 3.28482359801226e-05)
(7.95067763545159e-05 0.000752348295473563 3.28482359760868e-05)
(0.000114547878324973 0.000752348295403077 3.28482359730092e-05)
(0.00014958898029543 0.000752348295462492 3.28482359756034e-05)
(0.000184630082265887 0.000752348295702093 3.28482359860646e-05)
(0.000219671184236344 0.000752348295507958 3.28482359775884e-05)
(0.000254712286206801 0.000752348295440555 3.28482359746456e-05)
(0.000289753388177258 0.000752348295403077 3.28482359730092e-05)
(0.000324794490147715 0.00075234829541938 3.28482359737211e-05)
(0.000359835592118172 0.000752348295505164 3.28482359774665e-05)
(0.000394876694088629 0.000752348295503928 3.28482359774125e-05)
(0.000429917796059086 0.000752348295616879 3.28482359823441e-05)
(0.000464958898029543 0.000752348295454794 3.28482359752673e-05)
(0.0005 0.000752348295447173 3.28482359749345e-05)
)


// ************************************************************************* //
