/*--------------------------------*- C++ -*----------------------------------*\
| =========                 |                                                 |
| \\      /  F ield         | foam-extend: Open Source CFD                    |
|  \\    /   O peration     | Version:     4.1-20200408                       |
|   \\  /    A nd           | Web:         http://www.foam-extend.org         |
|    \\/     M anipulation  |                                                 |
\*---------------------------------------------------------------------------*/
FoamFile
{
    version     2.0;
    format      ascii;
    class       volVectorField;
    location    "0.0535000";
    object      U_0_0;
}
// * * * * * * * * * * * * * * * * * * * * * * * * * * * * * * * * * * * * * //

dimensions      [0 1 0 0 0 0 0];

internalField   nonuniform List<vector> 
1952
(
(0.0520675 -2.55625e-06 0)
(0.0520672 -4.15806e-06 0)
(0.0520668 -5.77941e-06 0)
(0.0520662 -7.39735e-06 0)
(0.0520655 -9.01677e-06 0)
(0.0520648 -1.06216e-05 0)
(0.0520639 -1.22273e-05 0)
(0.052063 -1.38112e-05 0)
(0.0520621 -1.53944e-05 0)
(0.0520612 -1.69482e-05 0)
(0.0520604 -1.84958e-05 0)
(0.0520596 -2.00071e-05 0)
(0.0520591 -2.14934e-05 0)
(0.0520588 -2.29361e-05 0)
(0.0520587 -2.43456e-05 0)
(0.0520676 -1.09532e-06 0)
(0.0520642 -2.55871e-06 0)
(0.0520639 -4.16208e-06 0)
(0.0520635 -5.785e-06 0)
(0.0520629 -7.40455e-06 0)
(0.0520623 -9.02556e-06 0)
(0.0520615 -1.06321e-05 0)
(0.0520606 -1.22394e-05 0)
(0.0520597 -1.3825e-05 0)
(0.0520588 -1.54099e-05 0)
(0.0520579 -1.69656e-05 0)
(0.0520571 -1.8515e-05 0)
(0.0520563 -2.00282e-05 0)
(0.0520558 -2.15163e-05 0)
(0.0520555 -2.29609e-05 0)
(0.0520554 -2.43722e-05 0)
(0.0520643 -1.09638e-06 0)
(0.0520609 -2.56134e-06 0)
(0.0520606 -4.16636e-06 0)
(0.0520602 -5.79097e-06 0)
(0.0520596 -7.41222e-06 0)
(0.052059 -9.03496e-06 0)
(0.0520582 -1.06432e-05 0)
(0.0520573 -1.22523e-05 0)
(0.0520564 -1.38398e-05 0)
(0.0520555 -1.54265e-05 0)
(0.0520546 -1.6984e-05 0)
(0.0520538 -1.85353e-05 0)
(0.052053 -2.00504e-05 0)
(0.0520525 -2.15403e-05 0)
(0.0520522 -2.2987e-05 0)
(0.0520521 -2.44e-05 0)
(0.052061 -1.0975e-06 0)
(0.0520576 -2.56411e-06 0)
(0.0520573 -4.1709e-06 0)
(0.0520569 -5.79727e-06 0)
(0.0520563 -7.42033e-06 0)
(0.0520557 -9.04487e-06 0)
(0.0520549 -1.0655e-05 0)
(0.052054 -1.22659e-05 0)
(0.0520531 -1.38552e-05 0)
(0.0520522 -1.54438e-05 0)
(0.0520513 -1.70033e-05 0)
(0.0520505 -1.85564e-05 0)
(0.0520497 -2.00734e-05 0)
(0.0520492 -2.15652e-05 0)
(0.0520488 -2.30138e-05 0)
(0.0520488 -2.44286e-05 0)
(0.0520577 -1.09869e-06 0)
(0.0520543 -2.56701e-06 0)
(0.052054 -4.17562e-06 0)
(0.0520536 -5.80382e-06 0)
(0.052053 -7.42872e-06 0)
(0.0520523 -9.05514e-06 0)
(0.0520516 -1.06671e-05 0)
(0.0520507 -1.228e-05 0)
(0.0520498 -1.38713e-05 0)
(0.0520489 -1.54617e-05 0)
(0.052048 -1.70231e-05 0)
(0.0520471 -1.85782e-05 0)
(0.0520464 -2.00971e-05 0)
(0.0520459 -2.15908e-05 0)
(0.0520455 -2.30412e-05 0)
(0.0520454 -2.44578e-05 0)
(0.0520544 -1.09994e-06 0)
(0.052051 -2.57001e-06 0)
(0.0520507 -4.18051e-06 0)
(0.0520503 -5.81059e-06 0)
(0.0520497 -7.43741e-06 0)
(0.052049 -9.06575e-06 0)
(0.0520482 -1.06797e-05 0)
(0.0520474 -1.22944e-05 0)
(0.0520465 -1.38877e-05 0)
(0.0520456 -1.54801e-05 0)
(0.0520447 -1.70434e-05 0)
(0.0520438 -1.86004e-05 0)
(0.0520431 -2.01212e-05 0)
(0.0520425 -2.16167e-05 0)
(0.0520422 -2.3069e-05 0)
(0.0520421 -2.44874e-05 0)
(0.0520511 -1.10122e-06 0)
(0.0520477 -2.57306e-06 0)
(0.0520474 -4.18547e-06 0)
(0.052047 -5.81751e-06 0)
(0.0520464 -7.44626e-06 0)
(0.0520457 -9.07656e-06 0)
(0.0520449 -1.06925e-05 0)
(0.0520441 -1.23092e-05 0)
(0.0520432 -1.39044e-05 0)
(0.0520423 -1.54987e-05 0)
(0.0520414 -1.7064e-05 0)
(0.0520405 -1.86229e-05 0)
(0.0520398 -2.01457e-05 0)
(0.0520392 -2.1643e-05 0)
(0.0520389 -2.30971e-05 0)
(0.0520388 -2.45174e-05 0)
(0.0520478 -1.10253e-06 0)
(0.0520444 -2.57617e-06 0)
(0.0520441 -4.19052e-06 0)
(0.0520437 -5.82453e-06 0)
(0.0520431 -7.45526e-06 0)
(0.0520424 -9.08751e-06 0)
(0.0520416 -1.07054e-05 0)
(0.0520408 -1.23241e-05 0)
(0.0520399 -1.39213e-05 0)
(0.0520389 -1.55175e-05 0)
(0.052038 -1.70848e-05 0)
(0.0520372 -1.86456e-05 0)
(0.0520365 -2.01703e-05 0)
(0.0520359 -2.16694e-05 0)
(0.0520356 -2.31255e-05 0)
(0.0520355 -2.45475e-05 0)
(0.0520445 -1.10386e-06 0)
(0.0520411 -2.5793e-06 0)
(0.0520408 -4.19561e-06 0)
(0.0520403 -5.83162e-06 0)
(0.0520398 -7.46433e-06 0)
(0.0520391 -9.09857e-06 0)
(0.0520383 -1.07185e-05 0)
(0.0520375 -1.23392e-05 0)
(0.0520365 -1.39384e-05 0)
(0.0520356 -1.55365e-05 0)
(0.0520347 -1.71057e-05 0)
(0.0520339 -1.86685e-05 0)
(0.0520331 -2.01951e-05 0)
(0.0520326 -2.16961e-05 0)
(0.0520322 -2.31539e-05 0)
(0.0520321 -2.45779e-05 0)
(0.0520412 -1.1052e-06 0)
(0.0520378 -2.58245e-06 0)
(0.0520374 -4.20074e-06 0)
(0.052037 -5.83874e-06 0)
(0.0520364 -7.47346e-06 0)
(0.0520358 -9.10969e-06 0)
(0.052035 -1.07316e-05 0)
(0.0520341 -1.23542e-05 0)
(0.0520332 -1.39555e-05 0)
(0.0520323 -1.55556e-05 0)
(0.0520314 -1.71267e-05 0)
(0.0520305 -1.86914e-05 0)
(0.0520298 -2.02199e-05 0)
(0.0520292 -2.17228e-05 0)
(0.0520289 -2.31825e-05 0)
(0.0520288 -2.46083e-05 0)
(0.0520379 -1.10655e-06 0)
(0.0520344 -2.58561e-06 0)
(0.0520341 -4.20587e-06 0)
(0.0520337 -5.84588e-06 0)
(0.0520331 -7.4826e-06 0)
(0.0520324 -9.12083e-06 0)
(0.0520316 -1.07448e-05 0)
(0.0520308 -1.23694e-05 0)
(0.0520299 -1.39726e-05 0)
(0.052029 -1.55747e-05 0)
(0.052028 -1.71478e-05 0)
(0.0520272 -1.87144e-05 0)
(0.0520265 -2.02448e-05 0)
(0.0520259 -2.17495e-05 0)
(0.0520256 -2.32111e-05 0)
(0.0520255 -2.46387e-05 0)
(0.0520345 -1.10791e-06 0)
(0.0520311 -2.58878e-06 0)
(0.0520308 -4.21104e-06 0)
(0.0520303 -5.85305e-06 0)
(0.0520298 -7.49179e-06 0)
(0.0520291 -9.132e-06 0)
(0.0520283 -1.0758e-05 0)
(0.0520275 -1.23846e-05 0)
(0.0520265 -1.39898e-05 0)
(0.0520256 -1.55938e-05 0)
(0.0520247 -1.71688e-05 0)
(0.0520238 -1.87373e-05 0)
(0.0520231 -2.02697e-05 0)
(0.0520225 -2.17762e-05 0)
(0.0520222 -2.32397e-05 0)
(0.0520221 -2.46691e-05 0)
(0.0520312 -1.10926e-06 0)
(0.0520278 -2.59193e-06 0)
(0.0520274 -4.21617e-06 0)
(0.052027 -5.86018e-06 0)
(0.0520264 -7.50091e-06 0)
(0.0520258 -9.14311e-06 0)
(0.052025 -1.07711e-05 0)
(0.0520241 -1.23996e-05 0)
(0.0520232 -1.40069e-05 0)
(0.0520223 -1.56128e-05 0)
(0.0520213 -1.71898e-05 0)
(0.0520205 -1.87602e-05 0)
(0.0520198 -2.02944e-05 0)
(0.0520192 -2.18028e-05 0)
(0.0520189 -2.32682e-05 0)
(0.0520188 -2.46996e-05 0)
(0.0520279 -1.11062e-06 0)
(0.0520244 -2.59508e-06 0)
(0.0520241 -4.22129e-06 0)
(0.0520237 -5.86729e-06 0)
(0.0520231 -7.51002e-06 0)
(0.0520224 -9.15418e-06 0)
(0.0520216 -1.07842e-05 0)
(0.0520208 -1.24147e-05 0)
(0.0520198 -1.40239e-05 0)
(0.0520189 -1.56317e-05 0)
(0.052018 -1.72106e-05 0)
(0.0520171 -1.8783e-05 0)
(0.0520164 -2.03192e-05 0)
(0.0520158 -2.18294e-05 0)
(0.0520155 -2.32967e-05 0)
(0.0520154 -2.473e-05 0)
(0.0520245 -1.11197e-06 0)
(0.0520211 -2.59821e-06 0)
(0.0520207 -4.22637e-06 0)
(0.0520203 -5.87435e-06 0)
(0.0520197 -7.51906e-06 0)
(0.0520191 -9.16518e-06 0)
(0.0520183 -1.07972e-05 0)
(0.0520174 -1.24296e-05 0)
(0.0520165 -1.40408e-05 0)
(0.0520156 -1.56506e-05 0)
(0.0520146 -1.72314e-05 0)
(0.0520138 -1.88057e-05 0)
(0.0520131 -2.03438e-05 0)
(0.0520125 -2.18559e-05 0)
(0.0520122 -2.33252e-05 0)
(0.0520121 -2.47602e-05 0)
(0.0520212 -1.1133e-06 0)
(0.0520177 -2.60131e-06 0)
(0.0520174 -4.23142e-06 0)
(0.052017 -5.88136e-06 0)
(0.0520164 -7.52805e-06 0)
(0.0520157 -9.17612e-06 0)
(0.0520149 -1.08102e-05 0)
(0.0520141 -1.24445e-05 0)
(0.0520131 -1.40577e-05 0)
(0.0520122 -1.56693e-05 0)
(0.0520113 -1.72521e-05 0)
(0.0520104 -1.88283e-05 0)
(0.0520097 -2.03683e-05 0)
(0.0520091 -2.18823e-05 0)
(0.0520088 -2.33534e-05 0)
(0.0520087 -2.47904e-05 0)
(0.0520178 -1.11463e-06 0)
(0.0520144 -2.60438e-06 0)
(0.052014 -4.23643e-06 0)
(0.0520136 -5.88831e-06 0)
(0.052013 -7.53697e-06 0)
(0.0520123 -9.18697e-06 0)
(0.0520115 -1.0823e-05 0)
(0.0520107 -1.24592e-05 0)
(0.0520098 -1.40744e-05 0)
(0.0520089 -1.5688e-05 0)
(0.0520079 -1.72727e-05 0)
(0.0520071 -1.88507e-05 0)
(0.0520063 -2.03927e-05 0)
(0.0520058 -2.19085e-05 0)
(0.0520054 -2.33816e-05 0)
(0.0520054 -2.48205e-05 0)
(0.0520145 -1.11595e-06 0)
(0.052011 -2.60742e-06 0)
(0.0520107 -4.24137e-06 0)
(0.0520102 -5.89518e-06 0)
(0.0520097 -7.54577e-06 0)
(0.052009 -9.19768e-06 0)
(0.0520082 -1.08357e-05 0)
(0.0520073 -1.24738e-05 0)
(0.0520064 -1.4091e-05 0)
(0.0520055 -1.57064e-05 0)
(0.0520046 -1.72931e-05 0)
(0.0520037 -1.8873e-05 0)
(0.052003 -2.04169e-05 0)
(0.0520024 -2.19346e-05 0)
(0.0520021 -2.34096e-05 0)
(0.052002 -2.48504e-05 0)
(0.0520111 -1.11725e-06 0)
(0.0520076 -2.61042e-06 0)
(0.0520073 -4.24626e-06 0)
(0.0520069 -5.90197e-06 0)
(0.0520063 -7.55448e-06 0)
(0.0520056 -9.20827e-06 0)
(0.0520048 -1.08482e-05 0)
(0.052004 -1.24882e-05 0)
(0.052003 -1.41073e-05 0)
(0.0520021 -1.57246e-05 0)
(0.0520012 -1.73133e-05 0)
(0.0520003 -1.8895e-05 0)
(0.0519996 -2.0441e-05 0)
(0.051999 -2.19605e-05 0)
(0.0519987 -2.34375e-05 0)
(0.0519986 -2.48803e-05 0)
(0.0520077 -1.11854e-06 0)
(0.0520043 -2.61337e-06 0)
(0.0520039 -4.25106e-06 0)
(0.0520035 -5.90864e-06 0)
(0.0520029 -7.56303e-06 0)
(0.0520022 -9.21869e-06 0)
(0.0520014 -1.08606e-05 0)
(0.0520006 -1.25024e-05 0)
(0.0519997 -1.41235e-05 0)
(0.0519987 -1.57427e-05 0)
(0.0519978 -1.73334e-05 0)
(0.051997 -1.8917e-05 0)
(0.0519962 -2.04649e-05 0)
(0.0519957 -2.19863e-05 0)
(0.0519953 -2.34653e-05 0)
(0.0519952 -2.491e-05 0)
(0.0520044 -1.11981e-06 0)
(0.0520009 -2.61629e-06 0)
(0.0520006 -4.2558e-06 0)
(0.0520001 -5.91523e-06 0)
(0.0519996 -7.57149e-06 0)
(0.0519989 -9.229e-06 0)
(0.0519981 -1.08728e-05 0)
(0.0519972 -1.25165e-05 0)
(0.0519963 -1.41396e-05 0)
(0.0519954 -1.57607e-05 0)
(0.0519944 -1.73533e-05 0)
(0.0519936 -1.89388e-05 0)
(0.0519928 -2.04887e-05 0)
(0.0519923 -2.20119e-05 0)
(0.0519919 -2.34929e-05 0)
(0.0519919 -2.49397e-05 0)
(0.052001 -1.12105e-06 0)
(0.0519975 -2.61917e-06 0)
(0.0519972 -4.26049e-06 0)
(0.0519968 -5.92176e-06 0)
(0.0519962 -7.57988e-06 0)
(0.0519955 -9.23922e-06 0)
(0.0519947 -1.08849e-05 0)
(0.0519938 -1.25305e-05 0)
(0.0519929 -1.41555e-05 0)
(0.051992 -1.57784e-05 0)
(0.0519911 -1.73731e-05 0)
(0.0519902 -1.89605e-05 0)
(0.0519895 -2.05124e-05 0)
(0.0519889 -2.20375e-05 0)
(0.0519886 -2.35206e-05 0)
(0.0519885 -2.49693e-05 0)
(0.0519976 -1.12229e-06 0)
(0.0519941 -2.62202e-06 0)
(0.0519938 -4.26514e-06 0)
(0.0519934 -5.92823e-06 0)
(0.0519928 -7.58818e-06 0)
(0.0519921 -9.24934e-06 0)
(0.0519913 -1.0897e-05 0)
(0.0519905 -1.25444e-05 0)
(0.0519895 -1.41713e-05 0)
(0.0519886 -1.57961e-05 0)
(0.0519877 -1.73928e-05 0)
(0.0519868 -1.89821e-05 0)
(0.0519861 -2.0536e-05 0)
(0.0519855 -2.20631e-05 0)
(0.0519852 -2.35481e-05 0)
(0.0519851 -2.49989e-05 0)
(0.0519943 -1.12351e-06 0)
(0.0519908 -2.62487e-06 0)
(0.0519904 -4.26978e-06 0)
(0.05199 -5.93468e-06 0)
(0.0519894 -7.59648e-06 0)
(0.0519887 -9.25944e-06 0)
(0.0519879 -1.0909e-05 0)
(0.0519871 -1.25582e-05 0)
(0.0519861 -1.41871e-05 0)
(0.0519852 -1.58137e-05 0)
(0.0519843 -1.74124e-05 0)
(0.0519834 -1.90036e-05 0)
(0.0519827 -2.05595e-05 0)
(0.0519821 -2.20885e-05 0)
(0.0519818 -2.35757e-05 0)
(0.0519817 -2.50285e-05 0)
(0.0519909 -1.12473e-06 0)
(0.0519874 -2.62773e-06 0)
(0.051987 -4.27444e-06 0)
(0.0519866 -5.94114e-06 0)
(0.051986 -7.60479e-06 0)
(0.0519853 -9.26954e-06 0)
(0.0519845 -1.0921e-05 0)
(0.0519837 -1.2572e-05 0)
(0.0519828 -1.42028e-05 0)
(0.0519818 -1.58312e-05 0)
(0.0519809 -1.7432e-05 0)
(0.05198 -1.9025e-05 0)
(0.0519793 -2.0583e-05 0)
(0.0519787 -2.2114e-05 0)
(0.0519784 -2.36032e-05 0)
(0.0519783 -2.50581e-05 0)
(0.0519875 -1.12596e-06 0)
(0.051984 -2.6306e-06 0)
(0.0519837 -4.27912e-06 0)
(0.0519832 -5.94763e-06 0)
(0.0519826 -7.61314e-06 0)
(0.0519819 -9.27966e-06 0)
(0.0519811 -1.09331e-05 0)
(0.0519803 -1.25858e-05 0)
(0.0519794 -1.42186e-05 0)
(0.0519784 -1.58488e-05 0)
(0.0519775 -1.74516e-05 0)
(0.0519766 -1.90466e-05 0)
(0.0519759 -2.06066e-05 0)
(0.0519753 -2.21396e-05 0)
(0.051975 -2.36308e-05 0)
(0.0519749 -2.50879e-05 0)
(0.0519841 -1.12719e-06 0)
(0.0519806 -2.63352e-06 0)
(0.0519803 -4.28386e-06 0)
(0.0519798 -5.95421e-06 0)
(0.0519792 -7.6216e-06 0)
(0.0519785 -9.28991e-06 0)
(0.0519777 -1.09453e-05 0)
(0.0519769 -1.25998e-05 0)
(0.051976 -1.42346e-05 0)
(0.051975 -1.58665e-05 0)
(0.0519741 -1.74714e-05 0)
(0.0519732 -1.90682e-05 0)
(0.0519725 -2.06303e-05 0)
(0.0519719 -2.21652e-05 0)
(0.0519716 -2.36586e-05 0)
(0.0519715 -2.51178e-05 0)
(0.0519807 -1.12844e-06 0)
(0.0519772 -2.63651e-06 0)
(0.0519769 -4.28873e-06 0)
(0.0519764 -5.96094e-06 0)
(0.0519758 -7.63026e-06 0)
(0.0519751 -9.30037e-06 0)
(0.0519743 -1.09577e-05 0)
(0.0519735 -1.2614e-05 0)
(0.0519726 -1.42508e-05 0)
(0.0519716 -1.58845e-05 0)
(0.0519707 -1.74914e-05 0)
(0.0519698 -1.909e-05 0)
(0.0519691 -2.06542e-05 0)
(0.0519685 -2.21911e-05 0)
(0.0519682 -2.36866e-05 0)
(0.0519681 -2.5148e-05 0)
(0.0519773 -1.12972e-06 0)
(0.0519738 -2.63961e-06 0)
(0.0519735 -4.29376e-06 0)
(0.051973 -5.96788e-06 0)
(0.0519724 -7.63916e-06 0)
(0.0519717 -9.3111e-06 0)
(0.0519709 -1.09704e-05 0)
(0.0519701 -1.26285e-05 0)
(0.0519691 -1.42673e-05 0)
(0.0519682 -1.59028e-05 0)
(0.0519673 -1.75118e-05 0)
(0.0519664 -1.91122e-05 0)
(0.0519656 -2.06785e-05 0)
(0.0519651 -2.22174e-05 0)
(0.0519647 -2.37151e-05 0)
(0.0519646 -2.51787e-05 0)
(0.0519739 -1.13105e-06 0)
(0.0519704 -2.64286e-06 0)
(0.0519701 -4.29904e-06 0)
(0.0519696 -5.97517e-06 0)
(0.051969 -7.64851e-06 0)
(0.0519683 -9.32233e-06 0)
(0.0519675 -1.09838e-05 0)
(0.0519667 -1.26436e-05 0)
(0.0519657 -1.42845e-05 0)
(0.0519648 -1.59217e-05 0)
(0.0519638 -1.75327e-05 0)
(0.051963 -1.91351e-05 0)
(0.0519622 -2.07034e-05 0)
(0.0519616 -2.22443e-05 0)
(0.0519613 -2.37441e-05 0)
(0.0519612 -2.521e-05 0)
(0.0519705 -1.13244e-06 0)
(0.051967 -2.64634e-06 0)
(0.0519666 -4.30469e-06 0)
(0.0519662 -5.98294e-06 0)
(0.0519656 -7.65846e-06 0)
(0.0519649 -9.33424e-06 0)
(0.0519641 -1.09978e-05 0)
(0.0519632 -1.26595e-05 0)
(0.0519623 -1.43025e-05 0)
(0.0519614 -1.59414e-05 0)
(0.0519604 -1.75546e-05 0)
(0.0519596 -1.91587e-05 0)
(0.0519588 -2.07291e-05 0)
(0.0519582 -2.2272e-05 0)
(0.0519579 -2.3774e-05 0)
(0.0519578 -2.52422e-05 0)
(0.0519671 -1.13394e-06 0)
(0.0519636 -2.65013e-06 0)
(0.0519632 -4.31084e-06 0)
(0.0519628 -5.99138e-06 0)
(0.0519622 -7.66924e-06 0)
(0.0519615 -9.3471e-06 0)
(0.0519607 -1.1013e-05 0)
(0.0519598 -1.26765e-05 0)
(0.0519589 -1.43217e-05 0)
(0.0519579 -1.59624e-05 0)
(0.051957 -1.75777e-05 0)
(0.0519561 -1.91836e-05 0)
(0.0519554 -2.07561e-05 0)
(0.0519548 -2.23009e-05 0)
(0.0519544 -2.38051e-05 0)
(0.0519544 -2.52755e-05 0)
(0.0519637 -1.13556e-06 0)
(0.0519601 -2.65436e-06 0)
(0.0519598 -4.31768e-06 0)
(0.0519594 -6.00075e-06 0)
(0.0519588 -7.6812e-06 0)
(0.0519581 -9.3613e-06 0)
(0.0519573 -1.10297e-05 0)
(0.0519564 -1.26951e-05 0)
(0.0519555 -1.43427e-05 0)
(0.0519545 -1.5985e-05 0)
(0.0519536 -1.76025e-05 0)
(0.0519527 -1.92101e-05 0)
(0.0519519 -2.07847e-05 0)
(0.0519513 -2.23314e-05 0)
(0.051951 -2.38377e-05 0)
(0.0519509 -2.53105e-05 0)
(0.0519603 -1.13737e-06 0)
(0.0519567 -2.65915e-06 0)
(0.0519564 -4.32543e-06 0)
(0.051956 -6.01134e-06 0)
(0.0519554 -7.69467e-06 0)
(0.0519547 -9.37725e-06 0)
(0.0519539 -1.10483e-05 0)
(0.051953 -1.27158e-05 0)
(0.051952 -1.43658e-05 0)
(0.0519511 -1.60099e-05 0)
(0.0519501 -1.76296e-05 0)
(0.0519493 -1.92388e-05 0)
(0.0519485 -2.08154e-05 0)
(0.0519479 -2.2364e-05 0)
(0.0519476 -2.38724e-05 0)
(0.0519475 -2.53475e-05 0)
(0.0519568 -1.13943e-06 0)
(0.0519533 -2.66466e-06 0)
(0.051953 -4.33434e-06 0)
(0.0519525 -6.02349e-06 0)
(0.0519519 -7.71007e-06 0)
(0.0519512 -9.39543e-06 0)
(0.0519504 -1.10695e-05 0)
(0.0519496 -1.27392e-05 0)
(0.0519486 -1.43918e-05 0)
(0.0519477 -1.60377e-05 0)
(0.0519467 -1.76596e-05 0)
(0.0519458 -1.92705e-05 0)
(0.0519451 -2.0849e-05 0)
(0.0519445 -2.23993e-05 0)
(0.0519441 -2.39097e-05 0)
(0.051944 -2.53872e-05 0)
(0.0519534 -1.14179e-06 0)
(0.0519499 -2.6711e-06 0)
(0.0519495 -4.34473e-06 0)
(0.0519491 -6.03765e-06 0)
(0.0519485 -7.72799e-06 0)
(0.0519478 -9.41654e-06 0)
(0.051947 -1.10939e-05 0)
(0.0519461 -1.27662e-05 0)
(0.0519452 -1.44216e-05 0)
(0.0519442 -1.60693e-05 0)
(0.0519433 -1.76935e-05 0)
(0.0519424 -1.93059e-05 0)
(0.0519416 -2.08864e-05 0)
(0.051941 -2.24383e-05 0)
(0.0519407 -2.39506e-05 0)
(0.0519406 -2.54303e-05 0)
(0.05195 -1.14455e-06 0)
(0.0519464 -2.67867e-06 0)
(0.0519461 -4.35694e-06 0)
(0.0519457 -6.05429e-06 0)
(0.0519451 -7.74899e-06 0)
(0.0519444 -9.44127e-06 0)
(0.0519436 -1.11225e-05 0)
(0.0519427 -1.27976e-05 0)
(0.0519417 -1.44562e-05 0)
(0.0519408 -1.61059e-05 0)
(0.0519398 -1.77325e-05 0)
(0.0519389 -1.93463e-05 0)
(0.0519382 -2.09286e-05 0)
(0.0519376 -2.2482e-05 0)
(0.0519372 -2.3996e-05 0)
(0.0519371 -2.54779e-05 0)
(0.0519465 -1.1478e-06 0)
(0.051943 -2.68763e-06 0)
(0.0519427 -4.37141e-06 0)
(0.0519422 -6.07401e-06 0)
(0.0519416 -7.77387e-06 0)
(0.0519409 -9.47057e-06 0)
(0.0519401 -1.11563e-05 0)
(0.0519392 -1.28347e-05 0)
(0.0519383 -1.44968e-05 0)
(0.0519373 -1.61487e-05 0)
(0.0519364 -1.77779e-05 0)
(0.0519355 -1.93931e-05 0)
(0.0519347 -2.09771e-05 0)
(0.0519341 -2.25317e-05 0)
(0.0519337 -2.40472e-05 0)
(0.0519336 -2.55311e-05 0)
(0.0519431 -1.15165e-06 0)
(0.0519395 -2.69826e-06 0)
(0.0519392 -4.38857e-06 0)
(0.0519388 -6.0974e-06 0)
(0.0519382 -7.8034e-06 0)
(0.0519375 -9.50538e-06 0)
(0.0519367 -1.11964e-05 0)
(0.0519358 -1.28788e-05 0)
(0.0519348 -1.4545e-05 0)
(0.0519339 -1.61993e-05 0)
(0.0519329 -1.78314e-05 0)
(0.051932 -1.94478e-05 0)
(0.0519313 -2.10336e-05 0)
(0.0519306 -2.2589e-05 0)
(0.0519303 -2.41057e-05 0)
(0.0519301 -2.55914e-05 0)
(0.0519396 -1.15621e-06 0)
(0.0519361 -2.71086e-06 0)
(0.0519357 -4.40891e-06 0)
(0.0519353 -6.12517e-06 0)
(0.0519347 -7.83845e-06 0)
(0.051934 -9.54679e-06 0)
(0.0519332 -1.12441e-05 0)
(0.0519323 -1.29312e-05 0)
(0.0519314 -1.46023e-05 0)
(0.0519304 -1.62596e-05 0)
(0.0519295 -1.78949e-05 0)
(0.0519286 -1.95127e-05 0)
(0.0519278 -2.11001e-05 0)
(0.0519272 -2.26559e-05 0)
(0.0519268 -2.41735e-05 0)
(0.0519267 -2.56605e-05 0)
(0.0519362 -1.16161e-06 0)
(0.0519326 -2.72568e-06 0)
(0.0519322 -4.43287e-06 0)
(0.0519318 -6.15791e-06 0)
(0.0519312 -7.87985e-06 0)
(0.0519305 -9.59586e-06 0)
(0.0519297 -1.13006e-05 0)
(0.0519289 -1.29937e-05 0)
(0.0519279 -1.46706e-05 0)
(0.051927 -1.63315e-05 0)
(0.051926 -1.79708e-05 0)
(0.0519251 -1.95899e-05 0)
(0.0519243 -2.11791e-05 0)
(0.0519237 -2.27351e-05 0)
(0.0519233 -2.4253e-05 0)
(0.0519232 -2.57409e-05 0)
(0.0519327 -1.16797e-06 0)
(0.0519291 -2.74297e-06 0)
(0.0519287 -4.46085e-06 0)
(0.0519283 -6.19625e-06 0)
(0.0519277 -7.92835e-06 0)
(0.051927 -9.65352e-06 0)
(0.0519262 -1.13672e-05 0)
(0.0519254 -1.30675e-05 0)
(0.0519244 -1.47516e-05 0)
(0.0519235 -1.64172e-05 0)
(0.0519225 -1.80614e-05 0)
(0.0519216 -1.96824e-05 0)
(0.0519209 -2.12737e-05 0)
(0.0519202 -2.28294e-05 0)
(0.0519198 -2.43474e-05 0)
(0.0519197 -2.58354e-05 0)
(0.0519292 -1.17539e-06 0)
(0.0519255 -2.76287e-06 0)
(0.0519252 -4.49308e-06 0)
(0.0519248 -6.24051e-06 0)
(0.0519242 -7.98447e-06 0)
(0.0519235 -9.72057e-06 0)
(0.0519227 -1.14449e-05 0)
(0.0519219 -1.31542e-05 0)
(0.051921 -1.48472e-05 0)
(0.05192 -1.65189e-05 0)
(0.0519191 -1.81695e-05 0)
(0.0519182 -1.97933e-05 0)
(0.0519174 -2.13876e-05 0)
(0.0519167 -2.29428e-05 0)
(0.0519163 -2.44602e-05 0)
(0.0519162 -2.5947e-05 0)
(0.0519256 -1.18392e-06 0)
(0.051922 -2.78541e-06 0)
(0.0519217 -4.52963e-06 0)
(0.0519212 -6.29087e-06 0)
(0.0519207 -8.04847e-06 0)
(0.05192 -9.79738e-06 0)
(0.0519192 -1.15343e-05 0)
(0.0519184 -1.32546e-05 0)
(0.0519174 -1.49586e-05 0)
(0.0519165 -1.66386e-05 0)
(0.0519156 -1.82978e-05 0)
(0.0519147 -1.99261e-05 0)
(0.0519139 -2.15255e-05 0)
(0.0519133 -2.30811e-05 0)
(0.0519129 -2.45983e-05 0)
(0.0519127 -2.60826e-05 0)
(0.0519221 -1.19358e-06 0)
(0.0519184 -2.81043e-06 0)
(0.0519181 -4.57025e-06 0)
(0.0519177 -6.34699e-06 0)
(0.0519171 -8.11999e-06 0)
(0.0519164 -9.88365e-06 0)
(0.0519157 -1.16352e-05 0)
(0.0519148 -1.33687e-05 0)
(0.0519139 -1.50861e-05 0)
(0.051913 -1.6777e-05 0)
(0.0519121 -1.84481e-05 0)
(0.0519112 -2.00842e-05 0)
(0.0519104 -2.16927e-05 0)
(0.0519098 -2.32525e-05 0)
(0.0519094 -2.47743e-05 0)
(0.0519092 -2.62594e-05 0)
(0.0519185 -1.20431e-06 0)
(0.0519148 -2.83752e-06 0)
(0.0519145 -4.61431e-06 0)
(0.0519141 -6.40802e-06 0)
(0.0519135 -8.19796e-06 0)
(0.0519129 -9.9782e-06 0)
(0.0519121 -1.17462e-05 0)
(0.0519113 -1.34954e-05 0)
(0.0519104 -1.52285e-05 0)
(0.0519095 -1.69333e-05 0)
(0.0519086 -1.86195e-05 0)
(0.0519077 -2.02671e-05 0)
(0.0519069 -2.18901e-05 0)
(0.0519063 -2.34599e-05 0)
(0.0519059 -2.49955e-05 0)
(0.0519057 -2.6492e-05 0)
(0.0519149 -1.21592e-06 0)
(0.0519111 -2.86608e-06 0)
(0.0519108 -4.66079e-06 0)
(0.0519104 -6.47258e-06 0)
(0.0519099 -8.28062e-06 0)
(0.0519092 -1.00788e-05 0)
(0.0519085 -1.18648e-05 0)
(0.0519077 -1.36314e-05 0)
(0.0519068 -1.53824e-05 0)
(0.0519059 -1.71033e-05 0)
(0.051905 -1.88073e-05 0)
(0.0519042 -2.04689e-05 0)
(0.0519034 -2.21096e-05 0)
(0.0519028 -2.36916e-05 0)
(0.0519024 -2.52438e-05 0)
(0.0519022 -2.67528e-05 0)
(0.0519112 -1.22816e-06 0)
(0.0519075 -2.89515e-06 0)
(0.0519072 -4.70813e-06 0)
(0.0519068 -6.5385e-06 0)
(0.0519062 -8.36516e-06 0)
(0.0519056 -1.01822e-05 0)
(0.0519049 -1.1987e-05 0)
(0.0519041 -1.37724e-05 0)
(0.0519032 -1.55423e-05 0)
(0.0519023 -1.72813e-05 0)
(0.0519015 -1.90047e-05 0)
(0.0519006 -2.0682e-05 0)
(0.0518999 -2.23423e-05 0)
(0.0518993 -2.39362e-05 0)
(0.0518989 -2.55056e-05 0)
(0.0518987 -2.70249e-05 0)
(0.0519076 -1.24061e-06 0)
(0.0519037 -2.92353e-06 0)
(0.0519034 -4.75441e-06 0)
(0.051903 -6.60305e-06 0)
(0.0519025 -8.44809e-06 0)
(0.0519019 -1.0284e-05 0)
(0.0519012 -1.21076e-05 0)
(0.0519004 -1.39124e-05 0)
(0.0518996 -1.57017e-05 0)
(0.0518987 -1.74597e-05 0)
(0.0518979 -1.92031e-05 0)
(0.0518971 -2.0897e-05 0)
(0.0518964 -2.25778e-05 0)
(0.0518958 -2.41824e-05 0)
(0.0518954 -2.57697e-05 0)
(0.0518952 -2.7296e-05 0)
(0.0519038 -1.25277e-06 0)
(0.0518999 -2.94979e-06 0)
(0.0518997 -4.79728e-06 0)
(0.0518993 -6.66297e-06 0)
(0.0518988 -8.52519e-06 0)
(0.0518982 -1.0379e-05 0)
(0.0518975 -1.22204e-05 0)
(0.0518967 -1.4044e-05 0)
(0.0518959 -1.58521e-05 0)
(0.0518951 -1.76292e-05 0)
(0.0518943 -1.93922e-05 0)
(0.0518935 -2.11035e-05 0)
(0.0518928 -2.28046e-05 0)
(0.0518923 -2.44187e-05 0)
(0.0518919 -2.60262e-05 0)
(0.0518917 -2.7554e-05 0)
(0.0519 -1.26402e-06 0)
(0.0518961 -2.97229e-06 0)
(0.0518959 -4.83401e-06 0)
(0.0518955 -6.71438e-06 0)
(0.051895 -8.59143e-06 0)
(0.0518944 -1.04609e-05 0)
(0.0518937 -1.23179e-05 0)
(0.051893 -1.41586e-05 0)
(0.0518922 -1.59832e-05 0)
(0.0518914 -1.77784e-05 0)
(0.0518906 -1.95593e-05 0)
(0.0518899 -2.12883e-05 0)
(0.0518893 -2.30086e-05 0)
(0.0518888 -2.46341e-05 0)
(0.0518884 -2.6263e-05 0)
(0.0518882 -2.77825e-05 0)
(0.0518962 -1.27365e-06 0)
(0.0518923 -2.98921e-06 0)
(0.051892 -4.86164e-06 0)
(0.0518916 -6.75307e-06 0)
(0.0518912 -8.64119e-06 0)
(0.0518906 -1.05227e-05 0)
(0.0518899 -1.23914e-05 0)
(0.0518892 -1.42458e-05 0)
(0.0518885 -1.60833e-05 0)
(0.0518877 -1.78941e-05 0)
(0.051887 -1.96901e-05 0)
(0.0518863 -2.14363e-05 0)
(0.0518857 -2.31743e-05 0)
(0.0518852 -2.48147e-05 0)
(0.0518849 -2.64596e-05 0)
(0.0518848 -2.79542e-05 0)
(0.0518924 -1.2809e-06 0)
(0.0518884 -2.99862e-06 0)
(0.0518881 -4.87701e-06 0)
(0.0518878 -6.77462e-06 0)
(0.0518873 -8.66887e-06 0)
(0.0518867 -1.05575e-05 0)
(0.0518861 -1.24331e-05 0)
(0.0518854 -1.42968e-05 0)
(0.0518847 -1.61431e-05 0)
(0.051884 -1.79661e-05 0)
(0.0518833 -1.97726e-05 0)
(0.0518826 -2.15316e-05 0)
(0.0518821 -2.32806e-05 0)
(0.0518817 -2.4929e-05 0)
(0.0518815 -2.65716e-05 0)
(0.0518815 -2.80228e-05 0)
(0.0518885 -1.28493e-06 0)
(0.0518844 -2.99902e-06 0)
(0.0518842 -4.87787e-06 0)
(0.0518839 -6.77636e-06 0)
(0.0518834 -8.67184e-06 0)
(0.0518829 -1.05626e-05 0)
(0.0518823 -1.24396e-05 0)
(0.0518816 -1.43063e-05 0)
(0.0518809 -1.6154e-05 0)
(0.0518802 -1.79807e-05 0)
(0.0518796 -1.97851e-05 0)
(0.051879 -2.15414e-05 0)
(0.0518785 -2.32786e-05 0)
(0.0518782 -2.49099e-05 0)
(0.0518781 -2.65235e-05 0)
(0.0518783 -2.7919e-05 0)
(0.0518845 -1.28509e-06 0)
(0.0518805 -2.98971e-06 0)
(0.0518803 -4.86281e-06 0)
(0.0518799 -6.75574e-06 0)
(0.0518795 -8.64564e-06 0)
(0.051879 -1.05304e-05 0)
(0.0518784 -1.23978e-05 0)
(0.0518778 -1.42534e-05 0)
(0.0518771 -1.60842e-05 0)
(0.0518765 -1.78921e-05 0)
(0.0518759 -1.96686e-05 0)
(0.0518754 -2.13954e-05 0)
(0.051875 -2.30903e-05 0)
(0.0518748 -2.46778e-05 0)
(0.0518749 -2.62371e-05 0)
(0.0518752 -2.75705e-05 0)
(0.0518806 -1.28107e-06 0)
(0.0518765 -2.96604e-06 0)
(0.0518763 -4.82324e-06 0)
(0.051876 -6.69828e-06 0)
(0.0518756 -8.5671e-06 0)
(0.0518751 -1.04277e-05 0)
(0.0518745 -1.22652e-05 0)
(0.051874 -1.40865e-05 0)
(0.0518734 -1.58745e-05 0)
(0.0518728 -1.76357e-05 0)
(0.0518723 -1.93554e-05 0)
(0.0518718 -2.10248e-05 0)
(0.0518716 -2.265e-05 0)
(0.0518715 -2.41722e-05 0)
(0.0518718 -2.56563e-05 0)
(0.0518723 -2.69235e-05 0)
(0.0518766 -1.27094e-06 0)
(0.0518726 -2.91506e-06 0)
(0.0518724 -4.738e-06 0)
(0.0518721 -6.57495e-06 0)
(0.0518717 -8.40024e-06 0)
(0.0518712 -1.02125e-05 0)
(0.0518708 -1.19949e-05 0)
(0.0518702 -1.37556e-05 0)
(0.0518697 -1.54744e-05 0)
(0.0518692 -1.71628e-05 0)
(0.0518687 -1.88006e-05 0)
(0.0518684 -2.03894e-05 0)
(0.0518683 -2.19243e-05 0)
(0.0518684 -2.33663e-05 0)
(0.0518688 -2.47626e-05 0)
(0.0518696 -2.59661e-05 0)
(0.0518727 -1.2492e-06 0)
(0.0518687 -2.82376e-06 0)
(0.0518685 -4.58683e-06 0)
(0.0518683 -6.35972e-06 0)
(0.0518679 -8.11553e-06 0)
(0.0518675 -9.85348e-06 0)
(0.0518671 -1.15552e-05 0)
(0.0518666 -1.32308e-05 0)
(0.0518662 -1.48575e-05 0)
(0.0518658 -1.64517e-05 0)
(0.0518654 -1.79883e-05 0)
(0.0518652 -1.94799e-05 0)
(0.0518652 -2.09109e-05 0)
(0.0518654 -2.22646e-05 0)
(0.051866 -2.35686e-05 0)
(0.051867 -2.47158e-05 0)
(0.0518688 -1.21024e-06 0)
(0.051865 -2.68489e-06 0)
(0.0518648 -4.35898e-06 0)
(0.0518646 -6.03957e-06 0)
(0.0518643 -7.69929e-06 0)
(0.051864 -9.33797e-06 0)
(0.0518636 -1.09364e-05 0)
(0.0518632 -1.25061e-05 0)
(0.0518629 -1.40229e-05 0)
(0.0518626 -1.55072e-05 0)
(0.0518623 -1.69298e-05 0)
(0.0518622 -1.83138e-05 0)
(0.0518623 -1.96339e-05 0)
(0.0518627 -2.08963e-05 0)
(0.0518635 -2.2108e-05 0)
(0.0518646 -2.32062e-05 0)
(0.0518651 -1.15089e-06 0)
(0.0518615 -2.49902e-06 0)
(0.0518614 -4.05599e-06 0)
(0.0518612 -5.61765e-06 0)
(0.051861 -7.15722e-06 0)
(0.0518607 -8.6751e-06 0)
(0.0518604 -1.01517e-05 0)
(0.0518601 -1.15998e-05 0)
(0.0518598 -1.29938e-05 0)
(0.0518596 -1.43577e-05 0)
(0.0518595 -1.56587e-05 0)
(0.0518595 -1.69297e-05 0)
(0.0518597 -1.81361e-05 0)
(0.0518602 -1.93069e-05 0)
(0.0518611 -2.04283e-05 0)
(0.0518624 -2.14833e-05 0)
(0.0518616 -1.07133e-06 0)
(0.0518583 -2.27451e-06 0)
(0.0518582 -3.6914e-06 0)
(0.0518581 -5.11263e-06 0)
(0.0518579 -6.51299e-06 0)
(0.0518577 -7.89344e-06 0)
(0.0518575 -9.2345e-06 0)
(0.0518573 -1.05496e-05 0)
(0.0518571 -1.18124e-05 0)
(0.0518569 -1.30496e-05 0)
(0.0518569 -1.42252e-05 0)
(0.051857 -1.53806e-05 0)
(0.0518573 -1.64732e-05 0)
(0.0518579 -1.75529e-05 0)
(0.051859 -1.85861e-05 0)
(0.0518604 -1.9601e-05 0)
(0.0518584 -9.75117e-07 0)
(0.0518555 -2.02528e-06 0)
(0.0518554 -3.28737e-06 0)
(0.0518553 -4.55424e-06 0)
(0.0518552 -5.80301e-06 0)
(0.051855 -7.03521e-06 0)
(0.0518549 -8.232e-06 0)
(0.0518547 -9.40708e-06 0)
(0.0518546 -1.05337e-05 0)
(0.0518546 -1.16404e-05 0)
(0.0518546 -1.26893e-05 0)
(0.0518548 -1.37281e-05 0)
(0.0518552 -1.47078e-05 0)
(0.0518559 -1.56968e-05 0)
(0.051857 -1.66433e-05 0)
(0.0518586 -1.76183e-05 0)
(0.0518555 -8.68242e-07 0)
(0.051853 -1.7678e-06 0)
(0.051853 -2.86994e-06 0)
(0.0518529 -3.97723e-06 0)
(0.0518528 -5.06954e-06 0)
(0.0518527 -6.14891e-06 0)
(0.0518526 -7.19767e-06 0)
(0.0518525 -8.22951e-06 0)
(0.0518525 -9.21812e-06 0)
(0.0518525 -1.0193e-05 0)
(0.0518526 -1.11152e-05 0)
(0.0518529 -1.20373e-05 0)
(0.0518534 -1.29055e-05 0)
(0.0518541 -1.38034e-05 0)
(0.0518553 -1.46637e-05 0)
(0.0518569 -1.55964e-05 0)
(0.051853 -7.57799e-07 0)
(0.0518509 -1.51776e-06 0)
(0.0518509 -2.4641e-06 0)
(0.0518508 -3.41516e-06 0)
(0.0518508 -4.3536e-06 0)
(0.0518507 -5.28187e-06 0)
(0.0518506 -6.18392e-06 0)
(0.0518506 -7.07333e-06 0)
(0.0518506 -7.92496e-06 0)
(0.0518507 -8.7687e-06 0)
(0.0518509 -9.56573e-06 0)
(0.0518512 -1.03718e-05 0)
(0.0518518 -1.113e-05 0)
(0.0518526 -1.19358e-05 0)
(0.0518538 -1.27098e-05 0)
(0.0518553 -1.3595e-05 0)
(0.0518509 -6.50574e-07 0)
(0.0518492 -1.28749e-06 0)
(0.0518491 -2.08969e-06 0)
(0.0518491 -2.8952e-06 0)
(0.0518491 -3.68913e-06 0)
(0.051849 -4.4741e-06 0)
(0.051849 -5.23588e-06 0)
(0.0518491 -5.98792e-06 0)
(0.0518491 -6.70694e-06 0)
(0.0518493 -7.42277e-06 0)
(0.0518495 -8.09786e-06 0)
(0.0518499 -8.78941e-06 0)
(0.0518504 -9.43976e-06 0)
(0.0518513 -1.01522e-05 0)
(0.0518525 -1.08392e-05 0)
(0.051854 -1.16703e-05 0)
(0.0518492 -5.51865e-07 0)
(0.0518477 -1.08425e-06 0)
(0.0518477 -1.75883e-06 0)
(0.0518477 -2.43468e-06 0)
(0.0518477 -3.0989e-06 0)
(0.0518477 -3.75375e-06 0)
(0.0518477 -4.38677e-06 0)
(0.0518478 -5.01103e-06 0)
(0.0518479 -5.60557e-06 0)
(0.0518481 -6.19977e-06 0)
(0.0518484 -6.75838e-06 0)
(0.0518488 -7.33854e-06 0)
(0.0518494 -7.88402e-06 0)
(0.0518502 -8.50211e-06 0)
(0.0518513 -9.10203e-06 0)
(0.0518527 -9.87145e-06 0)
(0.0518477 -4.64778e-07 0)
(0.0518466 -9.1017e-07 0)
(0.0518466 -1.47548e-06 0)
(0.0518466 -2.0402e-06 0)
(0.0518466 -2.59286e-06 0)
(0.0518467 -3.1349e-06 0)
(0.0518467 -3.65509e-06 0)
(0.0518468 -4.16574e-06 0)
(0.0518469 -4.6482e-06 0)
(0.0518472 -5.13082e-06 0)
(0.0518475 -5.58134e-06 0)
(0.0518479 -6.05556e-06 0)
(0.0518485 -6.50069e-06 0)
(0.0518493 -7.02451e-06 0)
(0.0518503 -7.53775e-06 0)
(0.0518517 -8.23776e-06 0)
(0.0518466 -3.90194e-07 0)
(0.0518457 -7.63593e-07 0)
(0.0518457 -1.23726e-06 0)
(0.0518457 -1.70925e-06 0)
(0.0518458 -2.16932e-06 0)
(0.0518458 -2.6178e-06 0)
(0.0518459 -3.04416e-06 0)
(0.0518461 -3.45923e-06 0)
(0.0518462 -3.84628e-06 0)
(0.0518465 -4.23173e-06 0)
(0.0518468 -4.58646e-06 0)
(0.0518472 -4.96352e-06 0)
(0.0518478 -5.31523e-06 0)
(0.0518486 -5.7466e-06 0)
(0.0518495 -6.17446e-06 0)
(0.0518507 -6.79736e-06 0)
(0.0518457 -3.27378e-07 0)
(0.051845 -6.41195e-07 0)
(0.051845 -1.03864e-06 0)
(0.0518451 -1.43407e-06 0)
(0.0518451 -1.81864e-06 0)
(0.0518452 -2.19192e-06 0)
(0.0518453 -2.54395e-06 0)
(0.0518455 -2.88352e-06 0)
(0.0518457 -3.19509e-06 0)
(0.051846 -3.50205e-06 0)
(0.0518463 -3.77794e-06 0)
(0.0518467 -4.07139e-06 0)
(0.0518473 -4.34051e-06 0)
(0.051848 -4.68433e-06 0)
(0.0518488 -5.02915e-06 0)
(0.0518499 -5.56681e-06 0)
(0.051845 -2.74908e-07 0)
(0.0518445 -5.39848e-07 0)
(0.0518445 -8.74161e-07 0)
(0.0518446 -1.20629e-06 0)
(0.0518447 -1.52875e-06 0)
(0.0518448 -1.8415e-06 0)
(0.0518449 -2.13596e-06 0)
(0.0518451 -2.41897e-06 0)
(0.0518453 -2.67564e-06 0)
(0.0518456 -2.92548e-06 0)
(0.051846 -3.14399e-06 0)
(0.0518464 -3.37354e-06 0)
(0.0518469 -3.57739e-06 0)
(0.0518476 -3.84379e-06 0)
(0.0518483 -4.10968e-06 0)
(0.0518492 -4.55393e-06 0)
(0.0518445 -2.31468e-07 0)
(0.0518441 -4.56795e-07 0)
(0.0518442 -7.39253e-07 0)
(0.0518442 -1.01909e-06 0)
(0.0518443 -1.28945e-06 0)
(0.0518444 -1.55161e-06 0)
(0.0518446 -1.79995e-06 0)
(0.0518448 -2.04032e-06 0)
(0.0518451 -2.25864e-06 0)
(0.0518454 -2.47092e-06 0)
(0.0518458 -2.6548e-06 0)
(0.0518462 -2.84533e-06 0)
(0.0518467 -3.00886e-06 0)
(0.0518472 -3.2159e-06 0)
(0.0518478 -3.41174e-06 0)
(0.0518486 -3.75831e-06 0)
(0.0518441 -1.95887e-07 0)
(0.0518439 -3.87866e-07 0)
(0.0518439 -6.27563e-07 0)
(0.051844 -8.64802e-07 0)
(0.0518441 -1.09294e-06 0)
(0.0518443 -1.31385e-06 0)
(0.0518444 -1.52352e-06 0)
(0.0518447 -1.72815e-06 0)
(0.0518449 -1.91556e-06 0)
(0.0518453 -2.10019e-06 0)
(0.0518456 -2.26315e-06 0)
(0.0518461 -2.43335e-06 0)
(0.0518465 -2.57989e-06 0)
(0.051847 -2.75452e-06 0)
(0.0518475 -2.90426e-06 0)
(0.0518482 -3.16189e-06 0)
(0.0518438 -1.66352e-07 0)
(0.0518437 -3.28173e-07 0)
(0.0518438 -5.31236e-07 0)
(0.0518438 -7.33072e-07 0)
(0.051844 -9.28415e-07 0)
(0.0518441 -1.11859e-06 0)
(0.0518443 -1.29764e-06 0)
(0.0518446 -1.47211e-06 0)
(0.0518448 -1.63236e-06 0)
(0.0518451 -1.79198e-06 0)
(0.0518455 -1.93606e-06 0)
(0.0518459 -2.0891e-06 0)
(0.0518463 -2.22588e-06 0)
(0.0518468 -2.38753e-06 0)
(0.0518473 -2.52682e-06 0)
(0.0518478 -2.72232e-06 0)
(0.0518437 -1.4076e-07 0)
(0.0518436 -2.7781e-07 0)
(0.0518437 -4.49745e-07 0)
(0.0518437 -6.20982e-07 0)
(0.0518439 -7.87141e-07 0)
(0.051844 -9.49747e-07 0)
(0.0518442 -1.10326e-06 0)
(0.0518445 -1.25357e-06 0)
(0.0518447 -1.39302e-06 0)
(0.051845 -1.5333e-06 0)
(0.0518454 -1.66283e-06 0)
(0.0518458 -1.80114e-06 0)
(0.0518462 -1.93013e-06 0)
(0.0518466 -2.07874e-06 0)
(0.0518471 -2.21958e-06 0)
(0.0518476 -2.38642e-06 0)
(0.0518436 -1.19154e-07 0)
(0.0518435 -2.35243e-07 0)
(0.0518436 -3.81012e-07 0)
(0.0518437 -5.26491e-07 0)
(0.0518438 -6.67944e-07 0)
(0.0518439 -8.06984e-07 0)
(0.0518441 -9.3913e-07 0)
(0.0518444 -1.06969e-06 0)
(0.0518446 -1.19245e-06 0)
(0.0518449 -1.31737e-06 0)
(0.0518453 -1.43533e-06 0)
(0.0518457 -1.56193e-06 0)
(0.051846 -1.68344e-06 0)
(0.0518465 -1.82117e-06 0)
(0.0518469 -1.95651e-06 0)
(0.0518473 -2.11282e-06 0)
(0.0518435 -1.00892e-07 0)
(0.0518434 -1.99319e-07 0)
(0.0518435 -3.23074e-07 0)
(0.0518436 -4.46998e-07 0)
(0.0518437 -5.68011e-07 0)
(0.0518439 -6.87719e-07 0)
(0.0518441 -8.02427e-07 0)
(0.0518443 -9.16884e-07 0)
(0.0518446 -1.02604e-06 0)
(0.0518449 -1.13835e-06 0)
(0.0518452 -1.24652e-06 0)
(0.0518455 -1.36317e-06 0)
(0.0518459 -1.47761e-06 0)
(0.0518463 -1.60645e-06 0)
(0.0518467 -1.73484e-06 0)
(0.0518471 -1.88231e-06 0)
(0.0518434 -8.54768e-08 0)
(0.0518434 -1.69533e-07 0)
(0.0518435 -2.7504e-07 0)
(0.0518436 -3.81075e-07 0)
(0.0518437 -4.85122e-07 0)
(0.0518438 -5.88799e-07 0)
(0.051844 -6.8914e-07 0)
(0.0518443 -7.90385e-07 0)
(0.0518445 -8.88391e-07 0)
(0.0518448 -9.90328e-07 0)
(0.0518451 -1.09025e-06 0)
(0.0518454 -1.19849e-06 0)
(0.0518458 -1.30636e-06 0)
(0.0518462 -1.42723e-06 0)
(0.0518465 -1.54889e-06 0)
(0.0518469 -1.68763e-06 0)
(0.0518434 -7.26978e-08 0)
(0.0518434 -1.44948e-07 0)
(0.0518435 -2.35418e-07 0)
(0.0518435 -3.26745e-07 0)
(0.0518437 -4.16901e-07 0)
(0.0518438 -5.07482e-07 0)
(0.051844 -5.96074e-07 0)
(0.0518442 -6.86463e-07 0)
(0.0518445 -7.75213e-07 0)
(0.0518447 -8.68441e-07 0)
(0.051845 -9.612e-07 0)
(0.0518453 -1.06205e-06 0)
(0.0518457 -1.16375e-06 0)
(0.051846 -1.27732e-06 0)
(0.0518464 -1.3922e-06 0)
(0.0518467 -1.52233e-06 0)
(0.0518434 -6.21491e-08 0)
(0.0518434 -1.24864e-07 0)
(0.0518434 -2.0305e-07 0)
(0.0518435 -2.82354e-07 0)
(0.0518437 -3.61156e-07 0)
(0.0518438 -4.41017e-07 0)
(0.051844 -5.19968e-07 0)
(0.0518442 -6.01391e-07 0)
(0.0518444 -6.82405e-07 0)
(0.0518447 -7.6825e-07 0)
(0.051845 -8.54736e-07 0)
(0.0518453 -9.49031e-07 0)
(0.0518456 -1.04494e-06 0)
(0.0518459 -1.15164e-06 0)
(0.0518462 -1.25995e-06 0)
(0.0518465 -1.38159e-06 0)
(0.0518434 -5.35316e-08 0)
(0.0518434 -1.08556e-07 0)
(0.0518434 -1.76769e-07 0)
(0.0518435 -2.46304e-07 0)
(0.0518436 -3.15876e-07 0)
(0.0518438 -3.86993e-07 0)
(0.051844 -4.58029e-07 0)
(0.0518441 -5.32012e-07 0)
(0.0518444 -6.06493e-07 0)
(0.0518446 -6.85987e-07 0)
(0.0518449 -7.66886e-07 0)
(0.0518452 -8.55239e-07 0)
(0.0518455 -9.45665e-07 0)
(0.0518458 -1.04586e-06 0)
(0.0518461 -1.14775e-06 0)
(0.0518464 -1.2612e-06 0)
(0.0518433 -4.65343e-08 0)
(0.0518434 -9.54005e-08 0)
(0.0518434 -1.55558e-07 0)
(0.0518435 -2.17185e-07 0)
(0.0518436 -2.79265e-07 0)
(0.0518438 -3.43238e-07 0)
(0.0518439 -4.07752e-07 0)
(0.0518441 -4.75518e-07 0)
(0.0518443 -5.44432e-07 0)
(0.0518446 -6.18396e-07 0)
(0.0518448 -6.94271e-07 0)
(0.0518451 -7.77179e-07 0)
(0.0518454 -8.62405e-07 0)
(0.0518457 -9.5641e-07 0)
(0.051846 -1.0521e-06 0)
(0.0518463 -1.15771e-06 0)
(0.0518434 -4.08894e-08 0)
(0.0518434 -8.48331e-08 0)
(0.0518434 -1.38509e-07 0)
(0.0518435 -1.93751e-07 0)
(0.0518436 -2.49754e-07 0)
(0.0518438 -3.0788e-07 0)
(0.0518439 -3.66994e-07 0)
(0.0518441 -4.29522e-07 0)
(0.0518443 -4.93641e-07 0)
(0.0518445 -5.62732e-07 0)
(0.0518448 -6.34035e-07 0)
(0.051845 -7.11908e-07 0)
(0.0518453 -7.9219e-07 0)
(0.0518456 -8.80315e-07 0)
(0.0518458 -9.70038e-07 0)
(0.0518461 -1.06825e-06 0)
(0.0518434 -3.63552e-08 0)
(0.0518434 -7.63688e-08 0)
(0.0518434 -1.24839e-07 0)
(0.0518435 -1.74925e-07 0)
(0.0518436 -2.2599e-07 0)
(0.0518437 -2.79307e-07 0)
(0.0518439 -3.33919e-07 0)
(0.0518441 -3.91993e-07 0)
(0.0518443 -4.51935e-07 0)
(0.0518445 -5.16682e-07 0)
(0.0518447 -5.83793e-07 0)
(0.051845 -6.56982e-07 0)
(0.0518452 -7.32563e-07 0)
(0.0518455 -8.15114e-07 0)
(0.0518457 -8.99139e-07 0)
(0.051846 -9.90394e-07 0)
(0.0518434 -3.27237e-08 0)
(0.0518434 -6.95915e-08 0)
(0.0518434 -1.13877e-07 0)
(0.0518435 -1.59791e-07 0)
(0.0518436 -2.06826e-07 0)
(0.0518437 -2.56163e-07 0)
(0.0518439 -3.06985e-07 0)
(0.051844 -3.6123e-07 0)
(0.0518442 -4.17491e-07 0)
(0.0518444 -4.78328e-07 0)
(0.0518447 -5.41565e-07 0)
(0.0518449 -6.10381e-07 0)
(0.0518451 -6.81497e-07 0)
(0.0518454 -7.58781e-07 0)
(0.0518456 -8.37393e-07 0)
(0.0518459 -9.22151e-07 0)
(0.0518434 -2.98163e-08 0)
(0.0518434 -6.41514e-08 0)
(0.0518434 -1.05061e-07 0)
(0.0518435 -1.47582e-07 0)
(0.0518436 -1.91304e-07 0)
(0.0518437 -2.37314e-07 0)
(0.0518439 -2.84911e-07 0)
(0.051844 -3.35824e-07 0)
(0.0518442 -3.88805e-07 0)
(0.0518444 -4.46088e-07 0)
(0.0518446 -5.05726e-07 0)
(0.0518448 -5.70447e-07 0)
(0.0518451 -6.3733e-07 0)
(0.0518453 -7.09649e-07 0)
(0.0518455 -7.83143e-07 0)
(0.0518458 -8.61858e-07 0)
(0.0518434 -2.74829e-08 0)
(0.0518434 -5.97572e-08 0)
(0.0518434 -9.79232e-08 0)
(0.0518435 -1.37659e-07 0)
(0.0518436 -1.78628e-07 0)
(0.0518437 -2.21825e-07 0)
(0.0518438 -2.66641e-07 0)
(0.051844 -3.14617e-07 0)
(0.0518442 -3.64642e-07 0)
(0.0518444 -4.18668e-07 0)
(0.0518446 -4.74947e-07 0)
(0.0518448 -5.35829e-07 0)
(0.051845 -5.98703e-07 0)
(0.0518452 -6.66357e-07 0)
(0.0518455 -7.35031e-07 0)
(0.0518457 -8.08141e-07 0)
(0.0518434 -2.55985e-08 0)
(0.0518434 -5.61701e-08 0)
(0.0518434 -9.20801e-08 0)
(0.0518435 -1.29501e-07 0)
(0.0518436 -1.68151e-07 0)
(0.0518437 -2.08933e-07 0)
(0.0518438 -2.51314e-07 0)
(0.051844 -2.96669e-07 0)
(0.0518441 -3.44e-07 0)
(0.0518443 -3.9502e-07 0)
(0.0518445 -4.48153e-07 0)
(0.0518447 -5.05432e-07 0)
(0.0518449 -5.64518e-07 0)
(0.0518452 -6.27798e-07 0)
(0.0518454 -6.9195e-07 0)
(0.0518456 -7.59878e-07 0)
(0.0518434 -2.40605e-08 0)
(0.0518434 -5.3196e-08 0)
(0.0518434 -8.72209e-08 0)
(0.0518435 -1.22686e-07 0)
(0.0518436 -1.59347e-07 0)
(0.0518437 -1.98022e-07 0)
(0.0518438 -2.38238e-07 0)
(0.0518439 -2.81222e-07 0)
(0.0518441 -3.26076e-07 0)
(0.0518443 -3.74302e-07 0)
(0.0518445 -4.24479e-07 0)
(0.0518447 -4.78374e-07 0)
(0.0518449 -5.33886e-07 0)
(0.0518451 -5.93072e-07 0)
(0.0518453 -6.52988e-07 0)
(0.0518456 -7.16126e-07 0)
(0.0518434 -2.27857e-08 0)
(0.0518434 -5.06795e-08 0)
(0.0518434 -8.30964e-08 0)
(0.0518435 -1.16875e-07 0)
(0.0518436 -1.51797e-07 0)
(0.0518437 -1.88599e-07 0)
(0.0518438 -2.2686e-07 0)
(0.0518439 -2.67674e-07 0)
(0.0518441 -3.10226e-07 0)
(0.0518442 -3.55845e-07 0)
(0.0518444 -4.03238e-07 0)
(0.0518446 -4.53953e-07 0)
(0.0518448 -5.06095e-07 0)
(0.051845 -5.61455e-07 0)
(0.0518453 -6.17415e-07 0)
(0.0518455 -6.76134e-07 0)
(0.0518434 -2.17075e-08 0)
(0.0518434 -4.84977e-08 0)
(0.0518434 -7.95101e-08 0)
(0.0518435 -1.11801e-07 0)
(0.0518436 -1.4517e-07 0)
(0.0518437 -1.80277e-07 0)
(0.0518438 -2.16745e-07 0)
(0.0518439 -2.55549e-07 0)
(0.0518441 -2.95948e-07 0)
(0.0518442 -3.39119e-07 0)
(0.0518444 -3.83885e-07 0)
(0.0518446 -4.3161e-07 0)
(0.0518448 -4.80581e-07 0)
(0.051845 -5.32368e-07 0)
(0.0518452 -5.84636e-07 0)
(0.0518454 -6.39279e-07 0)
(0.0518434 -2.07729e-08 0)
(0.0518434 -4.65548e-08 0)
(0.0518434 -7.63085e-08 0)
(0.0518435 -1.07256e-07 0)
(0.0518435 -1.39208e-07 0)
(0.0518436 -1.72755e-07 0)
(0.0518438 -2.07554e-07 0)
(0.0518439 -2.44478e-07 0)
(0.051844 -2.82848e-07 0)
(0.0518442 -3.23712e-07 0)
(0.0518444 -3.65995e-07 0)
(0.0518445 -4.10908e-07 0)
(0.0518447 -4.56896e-07 0)
(0.0518449 -5.0535e-07 0)
(0.0518451 -5.54178e-07 0)
(0.0518454 -6.05059e-07 0)
(0.0518434 -1.99408e-08 0)
(0.0518434 -4.47771e-08 0)
(0.0518434 -7.33737e-08 0)
(0.0518435 -1.03079e-07 0)
(0.0518435 -1.33713e-07 0)
(0.0518436 -1.658e-07 0)
(0.0518437 -1.99028e-07 0)
(0.0518439 -2.34176e-07 0)
(0.051844 -2.70623e-07 0)
(0.0518442 -3.09306e-07 0)
(0.0518443 -3.49239e-07 0)
(0.0518445 -3.91506e-07 0)
(0.0518447 -4.3469e-07 0)
(0.0518449 -4.80038e-07 0)
(0.0518451 -5.25666e-07 0)
(0.0518453 -5.73086e-07 0)
(0.0518433 -1.91797e-08 0)
(0.0518434 -4.3109e-08 0)
(0.0518434 -7.0617e-08 0)
(0.0518434 -9.91519e-08 0)
(0.0518435 -1.28536e-07 0)
(0.0518436 -1.59238e-07 0)
(0.0518437 -1.90969e-07 0)
(0.0518438 -2.24429e-07 0)
(0.051844 -2.59045e-07 0)
(0.0518441 -2.95659e-07 0)
(0.0518443 -3.33364e-07 0)
(0.0518445 -3.73139e-07 0)
(0.0518446 -4.13686e-07 0)
(0.0518448 -4.56137e-07 0)
(0.051845 -4.98784e-07 0)
(0.0518453 -5.43007e-07 0)
(0.0518433 -1.84656e-08 0)
(0.0518433 -4.15096e-08 0)
(0.0518434 -6.79729e-08 0)
(0.0518434 -9.5384e-08 0)
(0.0518435 -1.23567e-07 0)
(0.0518436 -1.52939e-07 0)
(0.0518437 -1.83233e-07 0)
(0.0518438 -2.15077e-07 0)
(0.0518439 -2.47941e-07 0)
(0.0518441 -2.82588e-07 0)
(0.0518443 -3.18178e-07 0)
(0.0518444 -3.55604e-07 0)
(0.0518446 -3.93672e-07 0)
(0.0518448 -4.3342e-07 0)
(0.051845 -4.73292e-07 0)
(0.0518452 -5.14563e-07 0)
(0.0518433 -1.7781e-08 0)
(0.0518433 -3.99496e-08 0)
(0.0518434 -6.53943e-08 0)
(0.0518434 -9.1712e-08 0)
(0.0518435 -1.18728e-07 0)
(0.0518436 -1.46812e-07 0)
(0.0518437 -1.75715e-07 0)
(0.0518438 -2.06005e-07 0)
(0.0518439 -2.37189e-07 0)
(0.0518441 -2.6996e-07 0)
(0.0518442 -3.03539e-07 0)
(0.0518444 -3.38748e-07 0)
(0.0518446 -3.74482e-07 0)
(0.0518448 -4.11703e-07 0)
(0.051845 -4.48986e-07 0)
(0.0518452 -4.87523e-07 0)
(0.0518433 -1.71132e-08 0)
(0.0518433 -3.84087e-08 0)
(0.0518434 -6.28492e-08 0)
(0.0518434 -8.80922e-08 0)
(0.0518435 -1.13963e-07 0)
(0.0518436 -1.40792e-07 0)
(0.0518437 -1.68343e-07 0)
(0.0518438 -1.97133e-07 0)
(0.0518439 -2.26698e-07 0)
(0.051844 -2.57678e-07 0)
(0.0518442 -2.89343e-07 0)
(0.0518444 -3.22457e-07 0)
(0.0518445 -3.55992e-07 0)
(0.0518447 -3.90851e-07 0)
(0.0518449 -4.25716e-07 0)
(0.0518451 -4.61718e-07 0)
(0.0518433 -1.64536e-08 0)
(0.0518433 -3.68742e-08 0)
(0.0518434 -6.03168e-08 0)
(0.0518434 -8.44962e-08 0)
(0.0518435 -1.09238e-07 0)
(0.0518435 -1.34836e-07 0)
(0.0518436 -1.61069e-07 0)
(0.0518438 -1.88405e-07 0)
(0.0518439 -2.16412e-07 0)
(0.051844 -2.45676e-07 0)
(0.0518442 -2.75518e-07 0)
(0.0518443 -3.06649e-07 0)
(0.0518445 -3.38112e-07 0)
(0.0518447 -3.70759e-07 0)
(0.0518449 -4.03364e-07 0)
(0.0518451 -4.37011e-07 0)
(0.0518433 -1.57967e-08 0)
(0.0518433 -3.53384e-08 0)
(0.0518433 -5.7785e-08 0)
(0.0518434 -8.09076e-08 0)
(0.0518435 -1.04532e-07 0)
(0.0518435 -1.28921e-07 0)
(0.0518436 -1.53864e-07 0)
(0.0518437 -1.79789e-07 0)
(0.0518439 -2.0629e-07 0)
(0.051844 -2.33911e-07 0)
(0.0518442 -2.62013e-07 0)
(0.0518443 -2.91267e-07 0)
(0.0518445 -3.20773e-07 0)
(0.0518447 -3.51345e-07 0)
(0.0518449 -3.81835e-07 0)
(0.0518451 -4.13291e-07 0)
(0.0518433 -1.51392e-08 0)
(0.0518433 -3.37981e-08 0)
(0.0518433 -5.52487e-08 0)
(0.0518434 -7.73189e-08 0)
(0.0518434 -9.98351e-08 0)
(0.0518435 -1.23034e-07 0)
(0.0518436 -1.46714e-07 0)
(0.0518437 -1.71269e-07 0)
(0.0518438 -1.96314e-07 0)
(0.051844 -2.22358e-07 0)
(0.0518441 -2.48799e-07 0)
(0.0518443 -2.76273e-07 0)
(0.0518445 -3.03929e-07 0)
(0.0518447 -3.32553e-07 0)
(0.0518448 -3.61062e-07 0)
(0.0518451 -3.90476e-07 0)
(0.0518433 -1.44797e-08 0)
(0.0518433 -3.22533e-08 0)
(0.0518433 -5.27076e-08 0)
(0.0518434 -7.37298e-08 0)
(0.0518434 -9.51475e-08 0)
(0.0518435 -1.17174e-07 0)
(0.0518436 -1.39616e-07 0)
(0.0518437 -1.62838e-07 0)
(0.0518438 -1.86474e-07 0)
(0.051844 -2.11005e-07 0)
(0.0518441 -2.35857e-07 0)
(0.0518443 -2.61641e-07 0)
(0.0518444 -2.87547e-07 0)
(0.0518446 -3.1434e-07 0)
(0.0518448 -3.40988e-07 0)
(0.051845 -3.68495e-07 0)
(0.0518433 -1.38182e-08 0)
(0.0518433 -3.07064e-08 0)
(0.0518433 -5.01656e-08 0)
(0.0518433 -7.01451e-08 0)
(0.0518434 -9.04742e-08 0)
(0.0518435 -1.11346e-07 0)
(0.0518436 -1.32576e-07 0)
(0.0518437 -1.545e-07 0)
(0.0518438 -1.76774e-07 0)
(0.0518439 -1.99849e-07 0)
(0.0518441 -2.23181e-07 0)
(0.0518443 -2.47358e-07 0)
(0.0518444 -2.71607e-07 0)
(0.0518446 -2.96674e-07 0)
(0.0518448 -3.21573e-07 0)
(0.051845 -3.47296e-07 0)
(0.0518433 -1.31557e-08 0)
(0.0518433 -2.91615e-08 0)
(0.0518433 -4.76292e-08 0)
(0.0518433 -6.65735e-08 0)
(0.0518434 -8.58259e-08 0)
(0.0518435 -1.05563e-07 0)
(0.0518436 -1.25605e-07 0)
(0.0518437 -1.46268e-07 0)
(0.0518438 -1.67223e-07 0)
(0.0518439 -1.88898e-07 0)
(0.0518441 -2.10775e-07 0)
(0.0518442 -2.33422e-07 0)
(0.0518444 -2.56098e-07 0)
(0.0518446 -2.79537e-07 0)
(0.0518448 -3.02789e-07 0)
(0.051845 -3.26839e-07 0)
(0.0518432 -1.24941e-08 0)
(0.0518433 -2.76243e-08 0)
(0.0518433 -4.51074e-08 0)
(0.0518433 -6.30269e-08 0)
(0.0518434 -8.1217e-08 0)
(0.0518435 -9.98389e-08 0)
(0.0518436 -1.18721e-07 0)
(0.0518437 -1.38158e-07 0)
(0.0518438 -1.57835e-07 0)
(0.0518439 -1.78163e-07 0)
(0.0518441 -1.98646e-07 0)
(0.0518442 -2.19834e-07 0)
(0.0518444 -2.41017e-07 0)
(0.0518446 -2.62917e-07 0)
(0.0518448 -2.84614e-07 0)
(0.051845 -3.07091e-07 0)
(0.0518432 -1.18357e-08 0)
(0.0518432 -2.61016e-08 0)
(0.0518433 -4.26111e-08 0)
(0.0518433 -5.95197e-08 0)
(0.0518434 -7.6665e-08 0)
(0.0518435 -9.41951e-08 0)
(0.0518435 -1.11945e-07 0)
(0.0518437 -1.3019e-07 0)
(0.0518438 -1.48633e-07 0)
(0.0518439 -1.67664e-07 0)
(0.051844 -1.86809e-07 0)
(0.0518442 -2.06606e-07 0)
(0.0518444 -2.26367e-07 0)
(0.0518446 -2.46809e-07 0)
(0.0518447 -2.67036e-07 0)
(0.0518449 -2.88033e-07 0)
(0.0518432 -1.11835e-08 0)
(0.0518432 -2.4601e-08 0)
(0.0518433 -4.01523e-08 0)
(0.0518433 -5.60682e-08 0)
(0.0518434 -7.21897e-08 0)
(0.0518434 -8.86537e-08 0)
(0.0518435 -1.05301e-07 0)
(0.0518436 -1.22391e-07 0)
(0.0518438 -1.3964e-07 0)
(0.0518439 -1.57423e-07 0)
(0.051844 -1.75285e-07 0)
(0.0518442 -1.93751e-07 0)
(0.0518444 -2.12158e-07 0)
(0.0518445 -2.31217e-07 0)
(0.0518447 -2.5005e-07 0)
(0.0518449 -2.6965e-07 0)
(0.0518432 -1.05407e-08 0)
(0.0518432 -2.3131e-08 0)
(0.0518433 -3.77446e-08 0)
(0.0518433 -5.26906e-08 0)
(0.0518434 -6.78136e-08 0)
(0.0518434 -8.32405e-08 0)
(0.0518435 -9.88177e-08 0)
(0.0518436 -1.1479e-07 0)
(0.0518437 -1.30887e-07 0)
(0.0518439 -1.47468e-07 0)
(0.051844 -1.64098e-07 0)
(0.0518442 -1.81292e-07 0)
(0.0518443 -1.98406e-07 0)
(0.0518445 -2.1615e-07 0)
(0.0518447 -2.3366e-07 0)
(0.0518449 -2.5194e-07 0)
(0.0518432 -9.91104e-09 0)
(0.0518432 -2.17009e-08 0)
(0.0518433 -3.54029e-08 0)
(0.0518433 -4.9407e-08 0)
(0.0518434 -6.35614e-08 0)
(0.0518434 -7.7984e-08 0)
(0.0518435 -9.25261e-08 0)
(0.0518436 -1.0742e-07 0)
(0.0518437 -1.22406e-07 0)
(0.0518439 -1.37831e-07 0)
(0.051844 -1.5328e-07 0)
(0.0518442 -1.69255e-07 0)
(0.0518443 -1.85133e-07 0)
(0.0518445 -2.01625e-07 0)
(0.0518447 -2.17878e-07 0)
(0.0518449 -2.3491e-07 0)
(0.0518432 -9.29841e-09 0)
(0.0518432 -2.03207e-08 0)
(0.0518433 -3.31432e-08 0)
(0.0518433 -4.6239e-08 0)
(0.0518434 -5.94599e-08 0)
(0.0518434 -7.29154e-08 0)
(0.0518435 -8.64614e-08 0)
(0.0518436 -1.00318e-07 0)
(0.0518437 -1.14237e-07 0)
(0.0518439 -1.28552e-07 0)
(0.051844 -1.42866e-07 0)
(0.0518442 -1.57673e-07 0)
(0.0518443 -1.72367e-07 0)
(0.0518445 -1.87663e-07 0)
(0.0518447 -2.02715e-07 0)
(0.0518449 -2.18562e-07 0)
(0.0518432 -8.70715e-09 0)
(0.0518432 -1.9001e-08 0)
(0.0518432 -3.09828e-08 0)
(0.0518433 -4.32102e-08 0)
(0.0518433 -5.55385e-08 0)
(0.0518434 -6.80693e-08 0)
(0.0518435 -8.06623e-08 0)
(0.0518436 -9.35262e-08 0)
(0.0518437 -1.06423e-07 0)
(0.0518439 -1.19675e-07 0)
(0.051844 -1.32901e-07 0)
(0.0518441 -1.46586e-07 0)
(0.0518443 -1.60146e-07 0)
(0.0518445 -1.74295e-07 0)
(0.0518447 -1.88198e-07 0)
(0.0518449 -2.02916e-07 0)
(0.0518432 -8.14184e-09 0)
(0.0518432 -1.77533e-08 0)
(0.0518432 -2.89399e-08 0)
(0.0518433 -4.03457e-08 0)
(0.0518433 -5.18288e-08 0)
(0.0518434 -6.34833e-08 0)
(0.0518435 -7.51717e-08 0)
(0.0518436 -8.7092e-08 0)
(0.0518437 -9.90145e-08 0)
(0.0518438 -1.11251e-07 0)
(0.051844 -1.23436e-07 0)
(0.0518441 -1.36045e-07 0)
(0.0518443 -1.48515e-07 0)
(0.0518445 -1.61561e-07 0)
(0.0518447 -1.7436e-07 0)
(0.0518449 -1.87999e-07 0)
(0.0518432 -7.60735e-09 0)
(0.0518432 -1.65893e-08 0)
(0.0518432 -2.70337e-08 0)
(0.0518433 -3.7672e-08 0)
(0.0518433 -4.83644e-08 0)
(0.0518434 -5.91977e-08 0)
(0.0518435 -7.00362e-08 0)
(0.0518436 -8.10675e-08 0)
(0.0518437 -9.20692e-08 0)
(0.0518438 -1.03341e-07 0)
(0.051844 -1.14534e-07 0)
(0.0518441 -1.26111e-07 0)
(0.0518443 -1.37534e-07 0)
(0.0518445 -1.49516e-07 0)
(0.0518447 -1.61249e-07 0)
(0.0518449 -1.73852e-07 0)
(0.0518432 -7.10876e-09 0)
(0.0518432 -1.55211e-08 0)
(0.0518432 -2.52838e-08 0)
(0.0518433 -3.52162e-08 0)
(0.0518433 -4.51802e-08 0)
(0.0518434 -5.5255e-08 0)
(0.0518435 -6.53057e-08 0)
(0.0518436 -7.55098e-08 0)
(0.0518437 -8.56499e-08 0)
(0.0518438 -9.60142e-08 0)
(0.051844 -1.06267e-07 0)
(0.0518441 -1.16859e-07 0)
(0.0518443 -1.27277e-07 0)
(0.0518445 -1.38229e-07 0)
(0.0518446 -1.48929e-07 0)
(0.0518448 -1.60531e-07 0)
(0.0518432 -6.65121e-09 0)
(0.0518432 -1.45606e-08 0)
(0.0518432 -2.37098e-08 0)
(0.0518433 -3.30059e-08 0)
(0.0518433 -4.23116e-08 0)
(0.0518434 -5.1699e-08 0)
(0.0518435 -6.10326e-08 0)
(0.0518436 -7.04798e-08 0)
(0.0518437 -7.98264e-08 0)
(0.0518438 -8.93479e-08 0)
(0.051844 -9.87209e-08 0)
(0.0518441 -1.08379e-07 0)
(0.0518443 -1.17837e-07 0)
(0.0518445 -1.2779e-07 0)
(0.0518446 -1.37486e-07 0)
(0.0518448 -1.48113e-07 0)
(0.0518432 -6.23981e-09 0)
(0.0518432 -1.3719e-08 0)
(0.0518432 -2.23301e-08 0)
(0.0518433 -3.10671e-08 0)
(0.0518433 -3.9793e-08 0)
(0.0518434 -4.85728e-08 0)
(0.0518435 -5.72694e-08 0)
(0.0518436 -6.60406e-08 0)
(0.0518437 -7.46723e-08 0)
(0.0518438 -8.34274e-08 0)
(0.051844 -9.19903e-08 0)
(0.0518441 -1.00776e-07 0)
(0.0518443 -1.09325e-07 0)
(0.0518445 -1.18313e-07 0)
(0.0518446 -1.27034e-07 0)
(0.0518448 -1.36702e-07 0)
(0.0518432 -5.87938e-09 0)
(0.0518432 -1.30064e-08 0)
(0.0518432 -2.11614e-08 0)
(0.0518433 -2.94237e-08 0)
(0.0518433 -3.76561e-08 0)
(0.0518434 -4.5917e-08 0)
(0.0518435 -5.40669e-08 0)
(0.0518436 -6.22543e-08 0)
(0.0518437 -7.02629e-08 0)
(0.0518438 -7.83429e-08 0)
(0.051844 -8.61809e-08 0)
(0.0518441 -9.41704e-08 0)
(0.0518443 -1.01875e-07 0)
(0.0518444 -1.09937e-07 0)
(0.0518446 -1.17712e-07 0)
(0.0518448 -1.26421e-07 0)
(0.0518432 -5.5742e-09 0)
(0.0518432 -1.24302e-08 0)
(0.0518432 -2.02162e-08 0)
(0.0518433 -2.80938e-08 0)
(0.0518433 -3.59255e-08 0)
(0.0518434 -4.3764e-08 0)
(0.0518435 -5.14667e-08 0)
(0.0518436 -5.91742e-08 0)
(0.0518437 -6.6666e-08 0)
(0.0518438 -7.41799e-08 0)
(0.051844 -8.13991e-08 0)
(0.0518441 -8.86936e-08 0)
(0.0518443 -9.56376e-08 0)
(0.0518444 -1.02828e-07 0)
(0.0518446 -1.09683e-07 0)
(0.0518448 -1.17404e-07 0)
(0.0518432 -5.32747e-09 0)
(0.0518432 -1.19937e-08 0)
(0.0518432 -1.94999e-08 0)
(0.0518433 -2.70857e-08 0)
(0.0518433 -3.46131e-08 0)
(0.0518434 -4.21303e-08 0)
(0.0518435 -4.94923e-08 0)
(0.0518436 -5.68331e-08 0)
(0.0518437 -6.39279e-08 0)
(0.0518438 -7.10039e-08 0)
(0.051844 -7.77372e-08 0)
(0.0518441 -8.44745e-08 0)
(0.0518443 -9.07853e-08 0)
(0.0518444 -9.72097e-08 0)
(0.0518446 -1.03209e-07 0)
(0.0518448 -1.09912e-07 0)
(0.0518432 -5.14057e-09 0)
(0.0518432 -1.16997e-08 0)
(0.0518432 -1.90175e-08 0)
(0.0518433 -2.64066e-08 0)
(0.0518433 -3.37289e-08 0)
(0.0518434 -4.10298e-08 0)
(0.0518435 -4.81628e-08 0)
(0.0518436 -5.5258e-08 0)
(0.0518437 -6.20877e-08 0)
(0.0518438 -6.88733e-08 0)
(0.051844 -7.52848e-08 0)
(0.0518441 -8.16542e-08 0)
(0.0518443 -8.75388e-08 0)
(0.0518444 -9.3429e-08 0)
(0.0518446 -9.87892e-08 0)
(0.0518448 -1.04613e-07 0)
(0.0518432 -5.01467e-09 0)
(0.0518432 -1.156e-08 0)
(0.0518432 -1.87884e-08 0)
(0.0518433 -2.6084e-08 0)
(0.0518433 -3.33091e-08 0)
(0.0518434 -4.05078e-08 0)
(0.0518435 -4.7533e-08 0)
(0.0518436 -5.4514e-08 0)
(0.0518437 -6.12224e-08 0)
(0.0518438 -6.78788e-08 0)
(0.051844 -7.41525e-08 0)
(0.0518441 -8.03739e-08 0)
(0.0518443 -8.6097e-08 0)
(0.0518444 -9.17944e-08 0)
(0.0518446 -9.69153e-08 0)
(0.0518448 -1.02278e-07 0)
(0.0518432 -4.95489e-09 0)
(0.0518432 -1.15591e-08 0)
(0.0518432 -1.87869e-08 0)
(0.0518433 -2.6082e-08 0)
(0.0518433 -3.33064e-08 0)
(0.0518434 -4.05045e-08 0)
(0.0518435 -4.75292e-08 0)
(0.0518436 -5.45095e-08 0)
(0.0518437 -6.12174e-08 0)
(0.0518438 -6.78732e-08 0)
(0.051844 -7.41464e-08 0)
(0.0518441 -8.03673e-08 0)
(0.0518443 -8.609e-08 0)
(0.0518444 -9.17872e-08 0)
(0.0518446 -9.69078e-08 0)
(0.0518448 -1.0227e-07 0)
(0.0518432 -4.9545e-09 0)
(0.0518432 -1.15591e-08 0)
(0.0518432 -1.87869e-08 0)
(0.0518433 -2.6082e-08 0)
(0.0518433 -3.33064e-08 0)
(0.0518434 -4.05045e-08 0)
(0.0518435 -4.75292e-08 0)
(0.0518436 -5.45095e-08 0)
(0.0518437 -6.12174e-08 0)
(0.0518438 -6.78732e-08 0)
(0.051844 -7.41464e-08 0)
(0.0518441 -8.03673e-08 0)
(0.0518443 -8.609e-08 0)
(0.0518444 -9.17872e-08 0)
(0.0518446 -9.69078e-08 0)
(0.0518448 -1.0227e-07 0)
(0.0518432 -4.9545e-09 0)
(0.0518432 -1.15591e-08 0)
(0.0518432 -1.87869e-08 0)
(0.0518433 -2.6082e-08 0)
(0.0518433 -3.33064e-08 0)
(0.0518434 -4.05045e-08 0)
(0.0518435 -4.75292e-08 0)
(0.0518436 -5.45095e-08 0)
(0.0518437 -6.12174e-08 0)
(0.0518438 -6.78732e-08 0)
(0.051844 -7.41464e-08 0)
(0.0518441 -8.03673e-08 0)
(0.0518443 -8.609e-08 0)
(0.0518444 -9.17872e-08 0)
(0.0518446 -9.69078e-08 0)
(0.0518448 -1.0227e-07 0)
(0.0518432 -4.9545e-09 0)
)
;

boundaryField
{
    wireUpstream
    {
        type            calculated;
        value           nonuniform List<vector> 
16
(
(0.0518432 0 0)
(0.0518432 0 0)
(0.0518433 0 0)
(0.0518433 0 0)
(0.0518434 0 0)
(0.0518435 0 0)
(0.0518436 0 0)
(0.0518437 0 0)
(0.0518438 0 0)
(0.051844 0 0)
(0.0518441 0 0)
(0.0518443 0 0)
(0.0518444 0 0)
(0.0518446 0 0)
(0.0518448 0 0)
(0.0518432 0 0)
)
;
    }
    wireDownstream
    {
        type            calculated;
        value           nonuniform List<vector> 
16
(
(0.0520675 -2.55625e-06 0)
(0.0520672 -4.15806e-06 0)
(0.0520668 -5.77941e-06 0)
(0.0520662 -7.39735e-06 0)
(0.0520655 -9.01677e-06 0)
(0.0520648 -1.06216e-05 0)
(0.0520639 -1.22273e-05 0)
(0.052063 -1.38112e-05 0)
(0.0520621 -1.53944e-05 0)
(0.0520612 -1.69482e-05 0)
(0.0520604 -1.84958e-05 0)
(0.0520596 -2.00071e-05 0)
(0.0520591 -2.14934e-05 0)
(0.0520588 -2.29361e-05 0)
(0.0520587 -2.43456e-05 0)
(0.0520676 -1.09532e-06 0)
)
;
    }
    wireTopContact
    {
        type            calculated;
        value           nonuniform List<vector> 
122
(
(0.0520554 -2.50692e-05 3.58822e-13)
(0.0520521 -2.50979e-05 3.59238e-13)
(0.0520488 -2.51274e-05 3.59667e-13)
(0.0520455 -2.51575e-05 3.60104e-13)
(0.0520421 -2.5188e-05 3.60547e-13)
(0.0520388 -2.52188e-05 3.60995e-13)
(0.0520355 -2.52499e-05 3.61446e-13)
(0.0520322 -2.52811e-05 3.61899e-13)
(0.0520288 -2.53124e-05 3.62354e-13)
(0.0520255 -2.53438e-05 3.6281e-13)
(0.0520222 -2.53751e-05 3.63265e-13)
(0.0520188 -2.54065e-05 3.63721e-13)
(0.0520155 -2.54378e-05 3.64175e-13)
(0.0520121 -2.5469e-05 3.64629e-13)
(0.0520087 -2.55001e-05 3.65081e-13)
(0.0520054 -2.55312e-05 3.65531e-13)
(0.052002 -2.55621e-05 3.65979e-13)
(0.0519986 -2.55929e-05 3.66426e-13)
(0.0519953 -2.56236e-05 3.66872e-13)
(0.0519919 -2.56542e-05 3.67316e-13)
(0.0519885 -2.56849e-05 3.6776e-13)
(0.0519851 -2.57155e-05 3.68204e-13)
(0.0519817 -2.57461e-05 3.68648e-13)
(0.0519783 -2.57768e-05 3.69093e-13)
(0.0519749 -2.58076e-05 3.69539e-13)
(0.0519715 -2.58385e-05 3.69988e-13)
(0.0519681 -2.58699e-05 3.70442e-13)
(0.0519647 -2.59016e-05 3.70903e-13)
(0.0519612 -2.59341e-05 3.71372e-13)
(0.0519578 -2.59674e-05 3.71856e-13)
(0.0519544 -2.60019e-05 3.72356e-13)
(0.0519509 -2.6038e-05 3.72879e-13)
(0.0519475 -2.60762e-05 3.73433e-13)
(0.051944 -2.61171e-05 3.74025e-13)
(0.0519406 -2.61614e-05 3.74668e-13)
(0.0519371 -2.62102e-05 3.75376e-13)
(0.0519336 -2.62644e-05 3.76164e-13)
(0.0519301 -2.63256e-05 3.77053e-13)
(0.0519267 -2.63956e-05 3.7807e-13)
(0.0519232 -2.64767e-05 3.79249e-13)
(0.0519197 -2.65715e-05 3.80628e-13)
(0.0519161 -2.66829e-05 3.8224e-13)
(0.0519126 -2.68177e-05 3.84206e-13)
(0.0519091 -2.69943e-05 3.86858e-13)
(0.0519056 -2.72339e-05 3.90266e-13)
(0.0519021 -2.75016e-05 3.94129e-13)
(0.0518986 -2.77796e-05 3.98149e-13)
(0.0518951 -2.80552e-05 4.02139e-13)
(0.0518916 -2.83141e-05 4.05958e-13)
(0.0518882 -2.85376e-05 4.09362e-13)
(0.0518848 -2.8695e-05 4.11906e-13)
(0.0518815 -2.87399e-05 4.12866e-13)
(0.0518784 -2.86067e-05 4.11193e-13)
(0.0518755 -2.82274e-05 4.05789e-13)
(0.0518727 -2.75475e-05 3.95971e-13)
(0.0518701 -2.6559e-05 3.81574e-13)
(0.0518677 -2.52819e-05 3.62874e-13)
(0.0518654 -2.37495e-05 3.40413e-13)
(0.0518633 -2.20065e-05 3.14895e-13)
(0.0518613 -2.01057e-05 2.87126e-13)
(0.0518595 -1.81041e-05 2.57979e-13)
(0.0518578 -1.60616e-05 2.28344e-13)
(0.0518563 -1.4037e-05 1.9908e-13)
(0.0518549 -1.20855e-05 1.70982e-13)
(0.0518536 -1.02561e-05 1.44736e-13)
(0.0518524 -8.58838e-06 1.20885e-13)
(0.0518514 -7.11053e-06 9.9806e-14)
(0.0518505 -5.83893e-06 8.17143e-14)
(0.0518497 -4.78084e-06 6.67322e-14)
(0.051849 -3.93731e-06 5.48837e-14)
(0.0518485 -3.29629e-06 4.59857e-14)
(0.0518481 -2.82268e-06 3.96002e-14)
(0.0518478 -2.468e-06 3.49195e-14)
(0.0518475 -2.1897e-06 3.09453e-14)
(0.0518473 -1.95524e-06 2.75993e-14)
(0.0518471 -1.7561e-06 2.47944e-14)
(0.0518469 -1.58648e-06 2.24046e-14)
(0.0518467 -1.44147e-06 2.03655e-14)
(0.0518465 -1.31699e-06 1.86157e-14)
(0.0518464 -1.20961e-06 1.71074e-14)
(0.0518463 -1.11648e-06 1.57995e-14)
(0.0518461 -1.03518e-06 1.46585e-14)
(0.051846 -9.63731e-07 1.36559e-14)
(0.0518459 -9.00465e-07 1.27683e-14)
(0.0518458 -8.43993e-07 1.19763e-14)
(0.0518457 -7.93188e-07 1.12636e-14)
(0.0518457 -7.47088e-07 1.06171e-14)
(0.0518456 -7.04932e-07 1.00258e-14)
(0.0518455 -6.66083e-07 9.48079e-15)
(0.0518455 -6.30021e-07 8.97499e-15)
(0.0518454 -5.96357e-07 8.50248e-15)
(0.0518454 -5.64712e-07 8.05843e-15)
(0.0518453 -5.34825e-07 7.6388e-15)
(0.0518453 -5.06447e-07 7.24036e-15)
(0.0518453 -4.79401e-07 6.86053e-15)
(0.0518452 -4.53542e-07 6.49727e-15)
(0.0518452 -4.28748e-07 6.14893e-15)
(0.0518452 -4.04932e-07 5.81425e-15)
(0.0518451 -3.82017e-07 5.49216e-15)
(0.0518451 -3.59941e-07 5.18185e-15)
(0.0518451 -3.38663e-07 4.88268e-15)
(0.0518451 -3.18142e-07 4.59415e-15)
(0.051845 -2.98356e-07 4.31591e-15)
(0.051845 -2.79287e-07 4.04771e-15)
(0.051845 -2.60926e-07 3.78951e-15)
(0.051845 -2.43283e-07 3.54129e-15)
(0.051845 -2.26351e-07 3.30313e-15)
(0.051845 -2.1015e-07 3.07521e-15)
(0.051845 -1.94702e-07 2.85788e-15)
(0.051845 -1.80046e-07 2.65167e-15)
(0.0518449 -1.66235e-07 2.45731e-15)
(0.0518449 -1.53341e-07 2.27582e-15)
(0.0518449 -1.41463e-07 2.10868e-15)
(0.0518449 -1.30718e-07 1.95745e-15)
(0.0518449 -1.2123e-07 1.82358e-15)
(0.0518449 -1.13248e-07 1.7114e-15)
(0.0518449 -1.07491e-07 1.633e-15)
(0.0518449 -1.04843e-07 1.60193e-15)
(0.0518449 -1.04649e-07 1.61158e-15)
(0.0518449 -1.04649e-07 1.61158e-15)
(0.0518449 -1.04649e-07 1.61158e-15)
(0.0520587 -2.50417e-05 3.58423e-13)
)
;
    }
    front
    {
        type            wedge;
    }
    back
    {
        type            wedge;
    }
}


// ************************************************************************* //
