/*--------------------------------*- C++ -*----------------------------------*\
  =========                 |
  \\      /  F ield         | OpenFOAM: The Open Source CFD Toolbox
   \\    /   O peration     | Website:  https://openfoam.org
    \\  /    A nd           | Version:  8
     \\/     M anipulation  |
\*---------------------------------------------------------------------------*/
FoamFile
{
    version     2.0;
    format      ascii;
    class       volVectorField;
    location    "0.0595000";
    object      U;
}
// * * * * * * * * * * * * * * * * * * * * * * * * * * * * * * * * * * * * * //

dimensions      [0 1 -1 0 0 0 0];

internalField   nonuniform List<vector> 
900
(
(0.72534104823646 0.000364541059827518 4.10777196407693e-18)
(0.725857469426482 0.000208618703183482 3.04738578093217e-18)
(0.725858323875483 0.000167525940916731 -5.25815005843255e-18)
(0.725951468475452 0.000190964827048154 -4.16234839776865e-18)
(0.725904943507719 0.000198416363016103 -5.6478831090571e-18)
(0.725818214349351 0.000204350372691006 -1.42698159997708e-17)
(0.725714600300904 0.000208763605157941 -3.56105691045239e-18)
(0.725606673357962 0.000212152891424351 6.64649314884132e-18)
(0.725496593173593 0.000214748660907803 -5.18494667758023e-18)
(0.725384741223916 0.000217255816309213 -4.01725588313409e-18)
(0.725271729463103 0.000220131492867158 2.41336278575378e-17)
(0.725157306533746 0.00022253123644284 3.24020815001262e-17)
(0.725040303749225 0.0002245979711375 -4.78442227136594e-18)
(0.724920300984687 0.000226772508780319 8.56818750786133e-18)
(0.724797866265916 0.000229383507256153 -2.98301322883802e-17)
(0.724673008695602 0.00023144280942486 -1.28881210675027e-17)
(0.724544947834652 0.000233261145653258 5.57384190712385e-18)
(0.72441357550161 0.000235278032323477 -1.16786314991261e-17)
(0.724279402636962 0.00023777162354338 1.25898189576142e-17)
(0.724142312023391 0.000239718802827079 -1.8969811182603e-17)
(0.724001591526062 0.000241539816874154 -1.55941129046287e-17)
(0.723857123016225 0.000243671454558257 -1.38030957820635e-17)
(0.723709400725363 0.000246230191442766 -2.12290842743486e-18)
(0.723558257670425 0.000248306503453952 -2.15519141299481e-17)
(0.723403029139758 0.000250282843976841 -6.97783479449002e-18)
(0.72324394151063 0.000252632820090434 6.69722238473908e-18)
(0.723081698382467 0.000255466504836975 -1.52497307835662e-17)
(0.722915402837278 0.000257927443521553 8.52740492044717e-18)
(0.722743849262328 0.00026037213946598 3.43140565396661e-17)
(0.72256820776114 0.000263363600714557 -4.14524591156746e-17)
(0.722389730961584 0.000266817602147645 -1.37694317744639e-17)
(0.722207218381605 0.000269910376858894 -4.45312705313954e-17)
(0.722019290363685 0.000273191176958924 -6.75150985164936e-17)
(0.721827446055481 0.000277568738009451 -9.28788717020213e-17)
(0.72163331218297 0.00028233351392898 -3.82118648630754e-17)
(0.721435744818724 0.000286743025018266 -2.04417097303263e-17)
(0.721233446083826 0.000291756910246244 -5.84822890402945e-17)
(0.721027812701798 0.000299000822497115 3.16013904301331e-17)
(0.720820656704874 0.000306351618693929 3.0510377469412e-17)
(0.720611703328618 0.000313247357749262 -2.42924784627887e-17)
(0.720400962255879 0.0003213984485445 4.48532451444785e-17)
(0.720190860358441 0.000334119424101929 5.53866411729779e-17)
(0.719982816145598 0.00034628647027529 4.52047526312648e-17)
(0.71977607379899 0.000358213684822038 -1.01460733460009e-17)
(0.71957184666258 0.000372677988446344 1.40538739707206e-16)
(0.719375560839463 0.000396025920300809 8.36914439276281e-17)
(0.719189758135305 0.000416496875404463 1.40745320482069e-16)
(0.719014393829499 0.000437526089330736 7.70481254763276e-17)
(0.718853458657948 0.000464366963107748 5.1710726760765e-18)
(0.718715200469768 0.000504447970292915 -1.86355648939025e-17)
(0.718603232233825 0.000539679758819176 -4.9330999777158e-17)
(0.718521841746561 0.000576769360926746 3.6544508635522e-18)
(0.718481121319071 0.000626630770059198 -3.50082175918345e-17)
(0.718491866784078 0.000694416046260312 3.77631153537401e-18)
(0.718561051021384 0.000753944101741603 -1.81666145279347e-17)
(0.718704552589066 0.000818200299545151 5.64961142182486e-17)
(0.718939580649436 0.000909995399413493 -3.05207956060664e-17)
(0.719284027800898 0.00101976644942527 1.5847068964785e-17)
(0.719758271003771 0.00111808137596538 -4.93731811218542e-18)
(0.72041718783974 0.00122934793175039 -1.60658208963192e-16)
(0.721361559452203 0.00142286194588548 -9.50980768703447e-17)
(0.722802551393563 0.0016871436793972 -4.93765244268149e-17)
(0.724973926202619 0.00196914636017488 -9.07064449831507e-17)
(0.728165782868163 0.00232015167289624 6.50352357294013e-17)
(0.732406838237395 0.00296962326266981 -3.30719005651523e-17)
(0.737566013057298 0.00346350596005889 -1.20158368769779e-16)
(0.743758984756066 0.00386768228989838 -3.608228440968e-17)
(0.751008252702772 0.00428379263896687 6.51679643021166e-17)
(0.759212423057621 0.00477228413984372 -3.0071761305817e-17)
(0.768426368694251 0.00495625886202576 -8.07740654866931e-17)
(0.778820156880441 0.005042324839911 -3.81141367711486e-17)
(0.790186050408025 0.00511892451733141 8.69630674325787e-17)
(0.802417224432033 0.00502668786016738 -6.53297193721557e-17)
(0.815532201842673 0.00476372703527344 -2.70077271594225e-18)
(0.829342911955037 0.00443207225431494 4.20141506432753e-17)
(0.843782946766625 0.00399648090565436 -8.25048547888046e-18)
(0.858693073849399 0.00347492159601303 1.19345131666482e-17)
(0.874192476429632 0.0029243345024974 -2.19788189627262e-17)
(0.889833342532643 0.0023464101075227 -1.09582445764538e-17)
(0.906288915655743 0.00170717909833282 1.81434420962858e-17)
(0.922564482227144 0.00119075489767007 -1.48727115108812e-17)
(0.940441018486091 0.000635844042000817 5.62719262078099e-17)
(0.957228479696651 0.000249139343041916 -1.72358312686681e-17)
(0.97785004530677 -0.000210936582213136 -2.6070760171989e-18)
(0.995066180259137 -0.000324415926942307 -2.98360825850504e-17)
(1.02144227717804 -0.00063216347478066 -3.29003116601594e-17)
(1.03170737826146 9.97525926632553e-05 5.77151381794073e-18)
(1.02865012694467 -6.7442979170082e-05 -2.42038992935625e-17)
(1.03325949744674 0.000105135586968265 8.05127572933424e-18)
(1.03241799157217 0.000156057866195445 -3.70230036061967e-17)
(1.03405418229264 0.000194647319538719 -1.00467211946878e-17)
(1.03368407275149 0.00018189568570329 9.9487502515905e-18)
(1.03406343449752 0.000222460382614826 -1.15585706606686e-19)
(1.0335330562393 0.000210027661092114 -2.30810008266826e-17)
(1.03328684479334 0.000207518609128046 -1.8275874156558e-17)
(1.03269405086007 0.000199646051892485 6.91055805098922e-18)
(1.03220467632858 0.000183773568668281 1.45052613294497e-17)
(1.03158122128819 0.000168992980154356 6.5432464697112e-18)
(1.0309970809092 0.000193401062230234 3.75675666173782e-18)
(1.0300019345012 0.000259426616658976 8.74833805634951e-19)
(0.369078337466781 0.00190698293803674 4.28571222844017e-18)
(0.370920310200685 0.00202551530456291 -4.58178275478969e-19)
(0.371052980238399 0.00209119592081054 -3.36792931333077e-18)
(0.371198192989166 0.0022234318381352 -5.93393587966379e-18)
(0.371012652466927 0.00230182139894032 -1.47820770387107e-17)
(0.370718747986364 0.00234122067937038 -4.58628768079417e-17)
(0.370378852229637 0.00236179753476958 -1.1099609253421e-17)
(0.370024653838862 0.00237449981476903 3.52232164162696e-17)
(0.369663317050669 0.00238424426662112 -2.65725345261437e-17)
(0.369296063497485 0.00239358235120608 -1.10074317924418e-17)
(0.368923532922738 0.00240363357680125 1.86547904253476e-17)
(0.368545190374654 0.00241298796106423 3.38053474202728e-17)
(0.368159320515148 0.00242187157488148 -2.66191264233869e-17)
(0.367765236635947 0.00243099089266267 1.33218850597486e-17)
(0.367363592535399 0.00244093917204019 -8.18448348895958e-17)
(0.366954087188869 0.00245000082243044 -4.0344266244611e-17)
(0.366535327275618 0.00245873125971631 4.97953857622574e-18)
(0.366106952824489 0.00246789231030408 -4.12120121395811e-17)
(0.365669633002316 0.00247801689497712 4.55685033198774e-17)
(0.365222896395319 0.00248729465436836 -6.03707432562521e-17)
(0.364765370916978 0.00249647947599858 -4.53616548907265e-17)
(0.364296773178191 0.00250636074755941 -4.16226866663349e-17)
(0.363817684904723 0.00251718087925186 8.41420931262096e-18)
(0.363327503826755 0.0025272863190439 -6.56623768889829e-17)
(0.362824891848342 0.00253737914693531 -4.80365593387581e-17)
(0.362309727655264 0.00254835955578259 2.32054178233135e-17)
(0.361782629326086 0.00256045456835102 5.23629064793345e-17)
(0.361242561434585 0.00257207347922018 2.99102119608384e-17)
(0.360687903450095 0.00258389669026742 -1.39885822955571e-17)
(0.360119117973523 0.00259702312912952 -4.25802764272216e-17)
(0.359537158384807 0.00261130489285921 -3.11212248675069e-17)
(0.358940656862272 0.00262519170116017 -1.30428312477455e-16)
(0.358327881651414 0.00263976787498588 -2.01298850367058e-16)
(0.357699934183704 0.00265682769336974 -1.91040831651767e-16)
(0.357058207512323 0.0026750269366785 -1.07108830952013e-16)
(0.356401058496904 0.0026929418420038 -5.86926164413998e-17)
(0.355726916226837 0.00271252218517444 -4.83924147933736e-17)
(0.355037939323384 0.00273697617502958 9.5993630902243e-17)
(0.354336200307853 0.00276218961034263 5.33627990370268e-17)
(0.353620077433136 0.00278702594021071 9.24796537741162e-17)
(0.352889167392433 0.0028151093074238 1.38579318273312e-16)
(0.352148665494966 0.00285297478766027 1.74253303505438e-16)
(0.351401697815834 0.00289056956232288 -2.45800656421275e-17)
(0.350645989920456 0.00292830567222423 -4.13122756102454e-17)
(0.34988332057607 0.00297240204266896 2.84976624881472e-16)
(0.349125831884215 0.00303525693134682 2.41577402216253e-16)
(0.348379254773816 0.00309356557091992 2.85790615309354e-16)
(0.347641898908445 0.00315361352706552 2.23610328091993e-16)
(0.346921607977674 0.0032274019656709 1.34259520696841e-17)
(0.346240559632624 0.00332923405087307 -5.4159006912049e-17)
(0.345608936628889 0.00342283692397711 -1.4531759504579e-16)
(0.34503082363517 0.00352099534980375 2.73410711501806e-20)
(0.344528551219808 0.00364806355155907 -1.11294234223032e-16)
(0.344140772233526 0.00381320595198107 -1.09613076050922e-16)
(0.343886933446119 0.00396311907461107 -6.6152569858972e-17)
(0.343787276772278 0.00412406130848371 1.73051871960521e-16)
(0.343894287673151 0.00434484520842241 -5.42584047379744e-18)
(0.344276107125473 0.00460440629321563 4.97521617744977e-17)
(0.344976560488073 0.00484115990787455 -1.22871614918126e-17)
(0.346071908326536 0.00511074584069996 -2.65446610095911e-16)
(0.347772236142881 0.00556015463286521 -2.81002212337757e-16)
(0.350416680997065 0.006167119865825 -1.46587488629972e-16)
(0.354349865819291 0.00681575139859482 -1.01763319980156e-16)
(0.360010707605217 0.00764383964473886 1.1656818207725e-16)
(0.367936436775054 0.00906873561457757 -8.86991492696856e-17)
(0.378341000806017 0.0101792110567624 -3.58400395854326e-16)
(0.391329295366707 0.0110550124727491 -1.09196771889542e-16)
(0.407028793850528 0.0119451902086693 3.5140653398398e-17)
(0.425612773121526 0.0129144212727145 5.35252102723717e-17)
(0.447049543606511 0.0132213453020118 -2.43950371133326e-16)
(0.471230060586236 0.0132640747027078 -1.1585846389598e-16)
(0.497985938504515 0.0132307753074647 1.2756993083115e-16)
(0.527102407050508 0.0127958899133259 -1.96943547099781e-16)
(0.558354427822544 0.0119583475659732 -8.94833626680946e-18)
(0.591286886151365 0.0109300295908497 1.26244617890477e-16)
(0.625788551019541 0.00964941462023527 -2.49855815737987e-17)
(0.661322683000144 0.00816922233122251 3.70901569916637e-17)
(0.69820845734626 0.00660289230030612 -6.53110322770339e-17)
(0.735385520493418 0.00496653397788728 -3.30445607938263e-17)
(0.774340590333372 0.00320059539570446 4.9699439379311e-17)
(0.812643668514287 0.00170261085805411 -4.39280053657562e-17)
(0.854777152837152 0.000109170950660766 1.65242295901166e-16)
(0.894038239652307 -0.00112498211173322 -5.14571328358333e-17)
(0.942548139353325 -0.00251565196523745 1.06961140325599e-17)
(0.982415340615813 -0.00311005180325041 -8.86612335294544e-17)
(1.04469658447614 -0.00386001999892596 -3.82330070636435e-17)
(1.06754279511744 -0.000200914302702876 1.70135576828404e-17)
(1.05725027891212 -0.000407926979638118 -2.89121408457115e-17)
(1.06574456847339 -6.81351943832504e-06 -2.64880389276546e-17)
(1.061347865349 0.00011992043887204 -9.43257069186276e-17)
(1.06363771482354 0.000256334922888033 8.36687616833685e-18)
(1.06119321555309 0.000265668364211313 2.93918719958105e-17)
(1.06106749957183 0.000367042915895019 -2.30194845716046e-17)
(1.05905750598137 0.000370183753719715 -4.63602502737207e-17)
(1.05789364146317 0.00038674401841877 -5.4180158901354e-17)
(1.05600792707675 0.000386417287125192 5.45874492270824e-18)
(1.05447873507693 0.000372984997131449 4.32304241261353e-17)
(1.05264858008902 0.000358680646398876 8.33336426246982e-18)
(1.05111458594896 0.000397903092773309 1.07822099618782e-17)
(1.04932756578212 0.000429974370537681 3.7321383413692e-18)
(0.0873827352729631 0.00406711630511544 4.77255467955611e-18)
(0.0904447084459725 0.00459392433529206 4.1062066066588e-18)
(0.0907295329417786 0.00503779384505797 1.38708275381258e-18)
(0.0908317931476284 0.00538546742315675 -6.18224234481881e-18)
(0.0904874433353234 0.00557742938243762 -2.11708276693126e-17)
(0.0900005421410985 0.00566633004626456 -5.74253435644904e-17)
(0.0894535315495343 0.0057077332743302 -1.16167926893068e-17)
(0.088885909158707 0.00573071521685657 1.10473080278772e-17)
(0.0883071500371097 0.00574764877266978 5.37834991611062e-18)
(0.0877191023446364 0.00576362144299167 -1.79745089709508e-17)
(0.0871225020750208 0.00578027984619776 1.52924008872768e-17)
(0.0865167476109911 0.00579648057037618 4.57274331142197e-17)
(0.0858999398304451 0.0058123044294701 -6.26516502805603e-17)
(0.0852712353500916 0.00582850913027998 -7.92931338605531e-18)
(0.0846312281675439 0.00584553686003229 -1.02496180452466e-16)
(0.0839794285290541 0.00586186322201291 4.29699374534937e-17)
(0.083314115079685 0.00587790253377213 -3.19492306092236e-17)
(0.0826347355123146 0.00589454899111161 -9.29793346908021e-17)
(0.0819419435663804 0.00591220553231835 -6.68971584252748e-18)
(0.0812350652111065 0.00592924273775202 -1.22282902261978e-16)
(0.0805123257820314 0.00594627797390633 -7.28219446735258e-17)
(0.0797732992833999 0.00596423916509939 -7.18300795798066e-17)
(0.0790185463939211 0.00598326425306711 8.67508596460769e-18)
(0.0782472065289146 0.00600181353151357 -1.22428307809689e-16)
(0.0774574696077 0.00602049584702206 -5.85165214154883e-18)
(0.0766489692980652 0.00604035118777579 4.42721123901495e-17)
(0.0758222756413885 0.00606153250742854 1.26724741050044e-16)
(0.0749762377586483 0.00608253482499131 5.20375265953127e-17)
(0.0741088240638013 0.00610397718181626 8.57139551744683e-18)
(0.0732200919519232 0.0061270722443363 -4.65082393198224e-17)
(0.0723108763495633 0.00615163048080441 -3.66535445133306e-17)
(0.0713796373709448 0.00617614477380247 -2.1025232759727e-16)
(0.0704241564436973 0.00620175546256301 -3.70776271803614e-16)
(0.0694453963916341 0.00623032631447382 -2.05320309916143e-16)
(0.0684447698569136 0.00626051267376994 -1.73336864168631e-16)
(0.0674202143570871 0.00629082315545416 -9.53337540774376e-17)
(0.0663695456589784 0.00632354184882058 -3.48791089422665e-17)
(0.065295734218977 0.00636182283088576 5.98671876228384e-17)
(0.0642013460710498 0.00640157443849162 3.40253995380991e-17)
(0.0630836276028428 0.00644132370724519 2.40940634569707e-17)
(0.061941032008808 0.00648569438645113 2.3630977826424e-16)
(0.0607815974344359 0.00654086840458358 1.44730047323487e-16)
(0.0596102159307282 0.006596961089055 7.53413675958563e-17)
(0.0584227560561358 0.00665343410087866 -9.21242262271168e-17)
(0.0572195973978285 0.00671892443409055 3.0755675359571e-16)
(0.056020306739028 0.00680452534883828 2.53112151858349e-16)
(0.0548340607196745 0.00688735105391645 4.32941487069488e-16)
(0.0536545790438887 0.00697194174435021 2.32722006899984e-16)
(0.0524907690502328 0.00707465852504111 1.49472174102871e-17)
(0.0513799145527294 0.00720745024766641 -8.68167528376275e-17)
(0.0503384870171066 0.00733406441798889 -2.87879034759099e-16)
(0.0493624489233749 0.00746568381041947 5.75083658340389e-17)
(0.0484820897815294 0.00763290281320893 -1.66280086043006e-16)
(0.0477664385123891 0.00784102028640928 -1.11683965192654e-16)
(0.0472444614971402 0.00803529252778025 -1.18936804086121e-17)
(0.0469214960283465 0.00824295462300258 1.9803619441607e-16)
(0.0468813543820868 0.00851917801481993 1.85521525970008e-17)
(0.0472466780517282 0.00883790586880229 8.50508884073288e-17)
(0.0480706712281411 0.00913221977851847 8.28263506414586e-17)
(0.0493995770868721 0.00947239642341277 -2.99703396616032e-16)
(0.0515247864870415 0.0100190701536022 -3.77118449652612e-16)
(0.054926127784582 0.0107491685016752 -2.40105294177421e-16)
(0.0600261274744029 0.0115269310595733 -1.4005761989835e-16)
(0.0671863751845269 0.0125677592392391 1.77793913332407e-16)
(0.0775591470447617 0.0141970077752957 -5.74734651014917e-17)
(0.0917260263242432 0.0155149878098717 -3.98262696226375e-16)
(0.109471393638334 0.0165010618121691 -1.86924518122364e-16)
(0.131004759299362 0.0174938681687857 3.58025841888278e-17)
(0.156985473541034 0.0184523517658491 1.41739676361243e-16)
(0.187254841255733 0.0186696599572441 -2.76663107859062e-16)
(0.221191865690963 0.0185041737087928 -1.95417280937573e-16)
(0.258921334714709 0.0181713907246173 1.75470040837e-16)
(0.300200585657799 0.0173381820042417 -3.33366360934045e-16)
(0.344449933596749 0.0160001539663951 -1.57523290721112e-17)
(0.391057062199262 0.014381955055968 2.12929387779109e-16)
(0.439936386175583 0.012440062623437 -6.10206121276809e-17)
(0.490188545530466 0.0102541889391579 -6.00254293572671e-17)
(0.542299762542342 0.00793171753995794 -1.09722769085691e-16)
(0.594839148659333 0.00552043685758206 -5.56225012211548e-17)
(0.649674899627798 0.00296032986125684 7.63981337886739e-17)
(0.703443868776077 0.000714618772143033 -7.22706188181778e-17)
(0.762631585669522 -0.00166413936228285 3.06271098873376e-16)
(0.817556204828821 -0.00360512931628555 -7.04774274718181e-17)
(0.885259471905751 -0.00577255750844671 3.47267352488279e-17)
(0.940725881868454 -0.00687126853601342 -1.47375065161424e-16)
(1.02756931797154 -0.00787843469190729 -4.58676936664361e-17)
(1.05920837936248 -0.000383866756219626 7.39739203155337e-17)
(1.04392703493274 -0.000541563435194413 -2.14935773694624e-17)
(1.05500069631741 -4.00044847081236e-05 -5.07581420553331e-17)
(1.04821681075567 6.3222651100967e-05 -1.43501406251977e-16)
(1.05099197006865 0.000276987742165044 1.46123081007433e-17)
(1.04714138752716 0.000304097535329471 2.4982511217039e-17)
(1.04668487956883 0.000415469522511195 -6.88434560994651e-17)
(1.04369094093989 0.000431582261408431 -6.99717067698499e-17)
(1.04191950686574 0.000457197773365865 -6.8150102286874e-17)
(1.03917244532403 0.000453784453811353 4.24506936337414e-18)
(1.03695759998035 0.0004431617727757 6.03562443728934e-17)
(1.03433270424797 0.000424304466055078 2.98863175517983e-18)
(1.03223310899182 0.000415620103234455 1.7631696240423e-17)
(1.03011311317731 0.000284755547047421 6.40888622980726e-18)
(-0.119504212708408 0.00703767114293561 7.38731065181828e-18)
(-0.116438075600252 0.00733720217131283 9.18566360244668e-18)
(-0.116295409238779 0.00834777642319291 6.99343402354126e-18)
(-0.116411461053646 0.00896615157539999 -4.10807558051616e-18)
(-0.116946301805293 0.00928428342832802 -2.38715658546372e-17)
(-0.117604916761145 0.00942472365634281 -5.31915367287824e-17)
(-0.118315974092195 0.00948716946554291 -2.45565359898789e-19)
(-0.11904699200629 0.00952047442950567 4.3475540485627e-18)
(-0.119790704543086 0.00954475406054523 3.37008546470581e-17)
(-0.120545773639518 0.00956748905955838 2.84390871140613e-17)
(-0.121311721021234 0.00959082498992512 1.3042640799837e-17)
(-0.12208914466558 0.00961403845932061 1.98522057400179e-17)
(-0.122879744164036 0.00963710153876937 -5.24386393992819e-17)
(-0.123684384752974 0.00966065265164777 -2.48636167634605e-17)
(-0.124502737929124 0.00968497231214519 -4.34031142218215e-17)
(-0.125335409934909 0.00970889927758152 1.00147621145936e-16)
(-0.126184075020698 0.00973270252402562 -2.43803504857937e-17)
(-0.127049409178889 0.00975720535231258 -5.19866889915604e-17)
(-0.127931019364421 0.00978268233027252 -2.83162707545125e-17)
(-0.128829678387012 0.00980787808573442 -9.65675269767316e-17)
(-0.129747159921233 0.00983323688347387 -9.10641223968622e-17)
(-0.130684026373128 0.00985961883082502 -1.14230482761439e-16)
(-0.13163995843016 0.0098870908276554 -4.26172440840602e-17)
(-0.132615926199692 0.00991442785653613 -1.43768243395638e-16)
(-0.133613804443148 0.00994209457769774 -5.46915154105259e-18)
(-0.134634165909411 0.00997105384718468 6.2284460376508e-17)
(-0.135676684652058 0.010001403621081 1.21421768862169e-16)
(-0.136742518196734 0.0100319241741916 7.02428826194755e-17)
(-0.137833725180829 0.0100631115782977 3.08304525885178e-17)
(-0.138950588943977 0.0100960678207265 -5.75783387827744e-17)
(-0.140092583523197 0.0101306183050542 -2.33308635164733e-17)
(-0.141261226653749 0.0101655105299846 -1.95640401412759e-16)
(-0.142458776962421 0.0102017554871204 -3.16497531725757e-16)
(-0.143684569002287 0.010240994270334 -2.11291412098226e-16)
(-0.144937451621072 0.0102820890108936 -2.39727530195776e-16)
(-0.146219467295091 0.0103237300100995 -1.2238542831496e-16)
(-0.147532860856388 0.0103680664862265 -6.31980086508701e-17)
(-0.148874598705347 0.0104177863958343 2.48534733133188e-17)
(-0.150242142183021 0.0104693942647857 1.55098233932775e-17)
(-0.151638394645019 0.0105214342736847 -1.99486122880036e-17)
(-0.153065221432892 0.0105784480720188 1.95204305240685e-16)
(-0.154513702890168 0.0106455902760388 1.27513642750631e-16)
(-0.155978236775539 0.0107143952147548 1.18159191906064e-16)
(-0.157463029893384 0.0107838586242956 -3.11149168897341e-17)
(-0.15896812166172 0.010862780848279 2.15374905663385e-16)
(-0.160471037771706 0.0109601048571828 2.50202942029976e-16)
(-0.161960760408177 0.0110560470943809 4.61969192656904e-16)
(-0.163444535968421 0.0111535958951893 2.37963508085953e-16)
(-0.164912740287878 0.0112693325433862 1.17921700024641e-17)
(-0.166321169894862 0.0114124333493659 -1.14603064350747e-16)
(-0.167649356707819 0.0115509025514706 -2.23869415662685e-16)
(-0.168903832973811 0.0116936470759219 -1.21896907133177e-16)
(-0.17005011970219 0.0118707327947263 -1.03773894765467e-16)
(-0.171003595144209 0.0120846608861576 -1.19843260943581e-16)
(-0.171728319475106 0.0122858258851535 3.91644051378673e-17)
(-0.172225244251653 0.0124986840916425 2.47256965197596e-16)
(-0.172393553822917 0.0127751374038742 1.00942483959658e-16)
(-0.172080494286347 0.0130889100793336 1.21474055263352e-16)
(-0.171223998218508 0.0133768289225274 1.8669048360715e-16)
(-0.169793009416876 0.0137081127832934 -2.17427135022867e-16)
(-0.167453052290915 0.0142323703550552 -4.66692102582683e-16)
(-0.163651120043553 0.0149262666942809 -3.28505770182999e-16)
(-0.157915694582357 0.0156541718185281 -9.15705859629948e-17)
(-0.149941379918722 0.0166431439826078 2.4373603526282e-16)
(-0.138211063263538 0.0181442278057865 -4.32018879064201e-17)
(-0.121904844854582 0.0193344461867981 -3.06917703613662e-16)
(-0.101420897076272 0.0201540541368401 -2.73164678087295e-16)
(-0.0765047621851095 0.0209496145865619 2.40826163621455e-17)
(-0.0461986166802856 0.0216358524651666 2.38249269510646e-16)
(-0.0107307002946455 0.021576500655929 -3.20387144389168e-16)
(0.0289517606398484 0.0210928620087857 -2.79268385363365e-16)
(0.0731587716993556 0.0203923798475006 2.34769651759861e-16)
(0.121635324737032 0.0191655429917491 -4.78352274330716e-16)
(0.173578114957919 0.0174139204790827 -2.2141046171256e-17)
(0.228279488392794 0.0153520591717978 1.75593020325133e-16)
(0.285670439843978 0.0129496304111088 -6.23528791731786e-17)
(0.344623902201533 0.0102940794367686 -1.54446844302649e-16)
(0.405722112813651 0.00748464499189643 -1.55336553827434e-16)
(0.467319659415452 0.00457575533224567 -7.82633555457558e-17)
(0.531480757676498 0.00152189807636759 -2.50950250549929e-17)
(0.59429580401947 -0.00123784317277906 -9.93761026618296e-17)
(0.663434024195467 -0.00414400083577407 4.40717802944174e-16)
(0.727442441343652 -0.00662728627018708 -9.17072281653665e-17)
(0.806205461593796 -0.00936314611958088 2.03881432062241e-17)
(0.870612081228318 -0.0110195675981299 -1.54276743655175e-16)
(0.971733288324069 -0.0120335993819787 -5.07929224733215e-17)
(1.00855651844052 -0.000484464887063841 8.68805427634746e-17)
(0.990148389063723 -0.000508392576432937 -1.86023152688637e-17)
(1.00260560257739 -6.78052778424899e-05 -7.93236650970899e-17)
(0.994399935114734 6.29977147666967e-05 -1.7305743814017e-16)
(0.997416660201337 0.000256237971261176 6.68494334161213e-17)
(0.992733203924132 0.000301989570170049 1.96889951342614e-17)
(0.992075334442193 0.000399123469175843 -8.94545056833834e-17)
(0.988518874437565 0.000422376403608712 -9.33128864167862e-17)
(0.986404623653376 0.000445079864240083 -8.30604351903945e-17)
(0.983173078959082 0.000442378461805075 5.34113200841192e-18)
(0.980577382059067 0.000431428465235808 5.62446613762428e-17)
(0.977508805307649 0.000410250347987984 -1.63744873402219e-18)
(0.975102715775592 0.000384724729920087 2.49611062015903e-17)
(0.972829005153547 0.000235594227466668 8.02307078567137e-18)
(-0.252528098965388 0.00922815705054806 9.4789913788834e-18)
(-0.25093401089919 0.00977012493639337 1.52844288460882e-17)
(-0.251323108684816 0.0113022633121697 1.53322654373198e-17)
(-0.25183702551522 0.0121374528029417 1.12931587540405e-19)
(-0.252576043380461 0.012544104839163 -2.45629037322617e-17)
(-0.253366091362415 0.0127181065574282 -3.45591969173856e-17)
(-0.254180732334691 0.0127944597910318 -2.94786729880311e-17)
(-0.255007939758991 0.0128354796356549 -7.43505378189886e-18)
(-0.255846884077236 0.0128659987140014 8.74907637095481e-18)
(-0.256697894001116 0.0128947161643972 1.58722255885058e-17)
(-0.257560976824592 0.0129240063703254 7.32437638481614e-18)
(-0.258436680653951 0.0129534616239797 6.82322573694355e-18)
(-0.25932635378026 0.0129830124776319 1.57713474802816e-17)
(-0.260230790981705 0.0130131196583107 -2.86792810019263e-17)
(-0.261149929433576 0.0130439700848151 -5.15921042061914e-18)
(-0.262084419078775 0.01307471464245 1.17646224638038e-16)
(-0.263035725856697 0.0131055410129619 -1.78830479587468e-17)
(-0.264004576584244 0.0131371013873856 -2.07841231353889e-17)
(-0.264990864479155 0.0131696036497464 -3.59063297832513e-17)
(-0.26599537975327 0.0132021241911293 -8.13615002351883e-17)
(-0.267019709567443 0.0132349900334083 -1.04618384466255e-16)
(-0.268064499961381 0.0132688894802919 -1.97885178209733e-16)
(-0.269129695163514 0.0133038751692963 -9.30167811764722e-17)
(-0.270216269034291 0.0133390274155222 -2.03269065078938e-16)
(-0.271325953032664 0.0133747002313434 -2.29113430310447e-17)
(-0.272459448274556 0.0134116716296376 7.39047494901854e-17)
(-0.273616689231035 0.0134500247837085 1.31674539412811e-16)
(-0.274798761794184 0.013488829804182 8.71136286110512e-17)
(-0.276007551323698 0.0135284756023073 -3.76723044353433e-17)
(-0.277243576855342 0.0135698548250871 -8.15840759300158e-17)
(-0.278506629279114 0.0136128412942677 1.08222699108437e-17)
(-0.279798091056209 0.013656465826336 -1.7936150115322e-16)
(-0.281120031834944 0.0137015445733415 -3.12696545721226e-16)
(-0.282472093474327 0.0137493995850536 -1.19884778392873e-16)
(-0.283853455420431 0.0137991467015628 -2.26183541175196e-16)
(-0.285265926881864 0.0138497470830334 -1.7479035651138e-16)
(-0.286711550675963 0.0139029594929235 6.44764085699071e-17)
(-0.288187593108658 0.0139609299448197 8.18360414946956e-18)
(-0.289691787135716 0.0140208799994382 -1.56178847737835e-19)
(-0.291226723953675 0.0140816049441666 -9.18938778840417e-17)
(-0.292794208696054 0.0141468697778912 1.52816911770204e-16)
(-0.294385582158993 0.0142207706832383 2.05215855908948e-16)
(-0.295995213732836 0.0142964946612679 1.43828506120952e-16)
(-0.297626623008714 0.0143730992440831 4.08526999861784e-18)
(-0.299279916636952 0.0144579519689238 1.36129005633027e-16)
(-0.300932594427371 0.0145580978262676 2.35112505406637e-16)
(-0.302573077420014 0.0146574253699522 5.77518181600223e-16)
(-0.304207921486288 0.0147581244248079 2.39770845486212e-16)
(-0.305827502412225 0.0148740845381718 5.62663018414908e-18)
(-0.307386391656681 0.0150123583075371 -1.40219155041385e-16)
(-0.308862396787829 0.0151465384755421 -2.03804471720824e-16)
(-0.31026197860417 0.0152836356925188 -6.03727019940712e-17)
(-0.311549995952469 0.0154486918779149 -1.32069749379801e-17)
(-0.312637334144286 0.0156428672902399 -1.37112106901896e-16)
(-0.313484566199821 0.0158246390774421 8.07017269050447e-17)
(-0.314094946354426 0.0160140350722963 2.14475672470784e-16)
(-0.314362778441736 0.0162537990273148 1.86653784956781e-16)
(-0.314124867649292 0.0165205282860181 1.55996641743957e-16)
(-0.313314435301103 0.0167604379635777 3.97656399438057e-16)
(-0.311909503148111 0.0170315735559459 -1.49380528124423e-16)
(-0.309566900310587 0.0174571785167032 -4.76716646089502e-16)
(-0.305717972567368 0.0180134546797057 -4.12231963148606e-16)
(-0.29987859164138 0.0185805759307545 -1.28514772412975e-16)
(-0.291795059352923 0.0193510168349225 3.31872607857576e-16)
(-0.279797701016874 0.0205162902575021 -1.17548416340977e-16)
(-0.262947255964326 0.0213753442977975 -2.44248958139228e-16)
(-0.241727408165991 0.0218741352457991 -2.34347594126628e-16)
(-0.215872225683482 0.0223075525194691 1.430811127187e-17)
(-0.184282331934765 0.0225878594507389 2.03987526337438e-16)
(-0.147211916678441 0.0221813756130471 -3.78399014656818e-16)
(-0.105773271357605 0.0213683499147795 -3.70100121852337e-16)
(-0.0595580992954748 0.0203216274285692 1.75086825130422e-16)
(-0.00881620756577804 0.0187806464339656 -5.04590811368221e-16)
(0.0455446352303161 0.0167574442662356 -2.5840740864961e-17)
(0.102784842463832 0.0144383503280207 1.42647076859126e-16)
(0.162848345269141 0.0118032471461947 2.38331201455282e-17)
(0.224511054111345 0.00893311886523119 -2.45711189462092e-16)
(0.288387840737516 0.00591682227291121 -2.03305314742126e-16)
(0.352769049154151 0.00279897982742312 -9.98209680176888e-17)
(0.419747520929583 -0.000445474822537111 -1.1976433151148e-16)
(0.485234595834386 -0.00345637053312104 -1.20683696292775e-16)
(0.557303670152691 -0.00660585694405471 3.79426984845564e-16)
(0.62388995817786 -0.00941796961061159 -6.28981523354298e-17)
(0.705757707823676 -0.0124665559737764 1.73114575958944e-17)
(0.772563154701064 -0.0146055148083452 -1.66047367306417e-16)
(0.877982443306727 -0.0154771125086881 -5.69852793789413e-17)
(0.916403665953195 -0.00054467632362553 1.01339854485387e-16)
(0.896656406468812 -0.000382720818281866 -1.53580651888133e-17)
(0.909366688564485 -9.76100589572043e-05 -1.08611245773893e-16)
(0.90064832091914 7.69825620878903e-05 -1.76101945580901e-16)
(0.903670378454937 0.000200323622879883 6.56452405202473e-17)
(0.898692335827762 0.000262638397405069 1.36225250134219e-17)
(0.897950302600575 0.000330655904685306 -1.14385548243953e-16)
(0.89422587490174 0.000358528896054191 -9.5274528046052e-17)
(0.892014855394546 0.000372772346025491 -7.76584990347152e-17)
(0.888651912081625 0.000373175298709069 6.50875894007564e-18)
(0.885959783676687 0.000362335353218904 5.18029887502198e-17)
(0.882775851037027 0.000343806287543838 -2.84137173924244e-18)
(0.880305404465672 0.000321093931511524 2.79794492295112e-17)
(0.878041791997453 0.000207657475935601 7.71022724602865e-18)
(-0.314230509382968 0.0106592084984347 8.47218282225731e-18)
(-0.31472873790217 0.0114901678065138 1.22151974854343e-17)
(-0.315816660990657 0.0132526132992744 1.35726836692096e-17)
(-0.316774026940036 0.0141495511216876 6.60619843617573e-18)
(-0.317672324201019 0.0145654980139332 -2.81580399911194e-17)
(-0.318521714779259 0.0147396989897724 -1.52932606942148e-17)
(-0.319358965962729 0.0148170078852559 -2.6373750964364e-17)
(-0.320198336577697 0.0148605398872241 -1.72595652767382e-17)
(-0.321046956276872 0.0148944969971768 -1.40195078329999e-17)
(-0.321907146358904 0.0149269446507956 5.87306804897076e-18)
(-0.322779369384276 0.0149599901676554 2.32021552975512e-19)
(-0.323664062841738 0.0149934064531839 -9.84127738707135e-18)
(-0.324562186978551 0.0150271098764372 1.56890870944668e-17)
(-0.325474404269379 0.0150613941642984 2.07426241030268e-17)
(-0.326400832487608 0.0150963842762336 7.20055474991882e-17)
(-0.327342093001876 0.0151315043998998 6.60137347764878e-17)
(-0.328299382978049 0.0151668859661668 -3.47707191714237e-17)
(-0.329273405485848 0.0152029893184355 9.76894904224226e-18)
(-0.330264263472415 0.0152399727610118 -3.85340401220029e-17)
(-0.331272691506422 0.0152772081092402 -6.9718406632506e-17)
(-0.332300010468555 0.0153149281622538 -1.13675786486296e-16)
(-0.333346874832184 0.015353622710269 -1.22479001422041e-16)
(-0.334413418688273 0.0153933431336271 -9.72392917939547e-17)
(-0.33550053353787 0.0154334576476622 -1.83872157045323e-16)
(-0.336609700657708 0.0154742230535561 -3.34516251824871e-17)
(-0.33774165276278 0.0155161974932898 1.21619609046179e-16)
(-0.338896511145567 0.0155594564513008 1.53979056076307e-16)
(-0.340075224847322 0.0156033534300869 1.14753694313118e-16)
(-0.34127940064564 0.0156481735948882 -1.14155732438171e-16)
(-0.342509669306618 0.0156945627549855 -1.21757017787458e-16)
(-0.343766054420364 0.0157424480773986 -1.69441524054947e-17)
(-0.345049730945218 0.0157911497428111 -7.86238476084444e-17)
(-0.34636246425129 0.0158412590520132 -2.51970344290002e-16)
(-0.347704136811759 0.0158937329987954 -9.46401187718515e-17)
(-0.349074218393706 0.0159479525515927 -2.27466798965045e-16)
(-0.350474193254703 0.0160031816372202 -7.35160736059519e-17)
(-0.351905792364579 0.0160606814531046 2.12304048303963e-17)
(-0.353366738096798 0.0161220014037988 -1.20730416037136e-17)
(-0.354855132146054 0.0161851392246453 -4.09666340505581e-18)
(-0.356373081779778 0.0162492320846942 -9.32550639364353e-17)
(-0.357922191207112 0.0163169731871367 2.33121111525889e-16)
(-0.359494756445783 0.0163913173040399 3.01835812085708e-16)
(-0.36108559337225 0.0164672766216238 1.25555763611153e-16)
(-0.362697348491782 0.0165441717560172 2.35286531672346e-17)
(-0.364330173796618 0.0166272512062393 6.00052287355242e-17)
(-0.365963527921237 0.0167215931067975 3.41417412158363e-16)
(-0.367586366383692 0.0168152833413081 5.04294641979048e-16)
(-0.369204020839582 0.0169099440213964 2.3946099063505e-16)
(-0.370807747125406 0.0170154591679825 -2.13605017933161e-18)
(-0.372355218162446 0.0171367856011884 -1.65648558451428e-16)
(-0.373824779297319 0.0172542496859039 -1.84352734659966e-16)
(-0.375221986053209 0.0173729550288894 -2.0600633204272e-16)
(-0.376514361284313 0.0175107233113028 8.55412247153642e-17)
(-0.377617379064811 0.0176678180765893 -1.30098253622525e-16)
(-0.378492156338576 0.017813121471631 5.43980207535092e-17)
(-0.379142822311583 0.0179611482962771 1.99325549418352e-16)
(-0.379469605517685 0.0181421885735669 2.65230771999749e-16)
(-0.379316009371978 0.0183375449791288 1.85080759531211e-16)
(-0.37861670324584 0.0185066931968084 4.3757925028344e-16)
(-0.377357089427662 0.0186913082006409 -8.49588650626116e-17)
(-0.375217297836322 0.0189787648607122 -3.73951696671703e-16)
(-0.371665298984764 0.0193456941147683 -3.14524934063042e-16)
(-0.366244955601006 0.0196986819915754 -1.65279365042521e-16)
(-0.35875806705485 0.0201743243204369 3.30220321395904e-16)
(-0.347575113887606 0.0209005618954278 -8.84956343049639e-17)
(-0.331751881509108 0.0213454469982004 -2.302817682431e-17)
(-0.311782825402885 0.0214763602934145 -2.16840619164492e-16)
(-0.287420571501395 0.021506095452761 6.66064139637985e-18)
(-0.257565261496412 0.0213604096532979 1.77651735189805e-16)
(-0.222461407735152 0.0206449080031446 -4.51905830269633e-16)
(-0.183238565344 0.0195820372369257 -4.68548063579103e-16)
(-0.139463094454764 0.0182943062570026 1.30001159662881e-16)
(-0.09136054558195 0.0165905359687382 -4.1270168342589e-16)
(-0.0398314059592038 0.014492576841153 -2.56669394028084e-17)
(0.0144189913015831 0.012143631688034 1.11203487163054e-16)
(0.0713477742939712 0.00953351323548843 1.6474953546656e-16)
(0.12976212368939 0.00672832441955325 -2.13931061438262e-16)
(0.190250721518642 0.00380026651560381 -2.40077485467346e-16)
(0.251189856078478 0.00077872906012093 -1.19802657599887e-16)
(0.314535310482281 -0.00234160571484021 -1.00396914463537e-16)
(0.376384967585156 -0.00530741877073154 -1.31674040192349e-16)
(0.444454044530955 -0.0083915433110028 3.42699892399071e-16)
(0.507202332350994 -0.0112555342890591 -2.72993721354034e-17)
(0.584355342223883 -0.0143191845713853 8.18186218541147e-17)
(0.647134423873819 -0.0167327859669654 -1.14136689888321e-16)
(0.746971079564052 -0.0174061594824528 -6.32696607219494e-17)
(0.783382077517903 -0.00055598247064119 7.62228800060418e-17)
(0.764122277456684 -0.000221632173348631 -1.21151804482128e-17)
(0.775988691925407 -0.000120460971754698 -9.50179356327719e-17)
(0.767641259534282 8.08564021217121e-05 -1.25981752431468e-16)
(0.77043713061257 0.000124399055216337 7.81534412131795e-17)
(0.765681965052118 0.000196585462248211 7.26521812392834e-18)
(0.764962438969687 0.000230029831682237 -1.01872531645811e-16)
(0.761445619709526 0.000259912569493552 -7.58187951020159e-17)
(0.759368282977718 0.000264786406199232 -7.36286110153963e-17)
(0.756208646265435 0.00026850142356404 7.58977615858846e-18)
(0.753688330299278 0.000259289336998681 4.78618062125837e-17)
(0.750701439684139 0.000246195561370596 -4.95070543302609e-18)
(0.74839824301443 0.000230146289530364 2.56564500570053e-17)
(0.746305152891375 0.000160122201298039 7.22791866122047e-18)
(-0.306675538219921 0.0107754825128516 4.65698784239683e-18)
(-0.309592186696074 0.0118586848872241 5.86702686792852e-18)
(-0.311285753763107 0.0134699285179249 8.59967125025727e-18)
(-0.312548818666845 0.0142317943700832 8.70970914019872e-18)
(-0.313482053393767 0.0145652961950958 -1.18545948226487e-17)
(-0.314280910782823 0.0147031362217141 3.6100162098062e-18)
(-0.315038732096378 0.0147669377911548 -1.90000486316029e-17)
(-0.315790524577127 0.0148062111631976 -2.67655518269167e-17)
(-0.316548935448693 0.0148390221029098 -2.89279825374218e-17)
(-0.317317416555111 0.0148710545651581 -3.66529174205507e-19)
(-0.318096567547354 0.0149037014506459 -5.51054259748982e-18)
(-0.318886636053357 0.0149368073470539 -3.41323417350404e-17)
(-0.319688217541606 0.0149702941010321 2.09508489715725e-17)
(-0.320501805110443 0.0150043211209177 7.56412954485225e-17)
(-0.321327584742812 0.0150389680571928 6.86553284994772e-17)
(-0.322166079453185 0.0150738958121558 3.25204894279216e-17)
(-0.323018198129037 0.0151091920944372 -7.96006003750088e-17)
(-0.323884545424389 0.0151451354221312 -5.63427198465688e-17)
(-0.32476531555355 0.0151818364832414 -4.2079884001485e-17)
(-0.325661117713981 0.015218924399853 -5.6900875018393e-17)
(-0.326572970919523 0.0152565512198362 -9.61768402750511e-17)
(-0.327501453552556 0.0152950143771697 -8.74494792787706e-17)
(-0.328446775375785 0.0153343605184758 -7.64730094721688e-17)
(-0.329409668251427 0.0153742174069467 -1.6388010759437e-16)
(-0.330391300441587 0.0154147541092729 -3.48525260701972e-17)
(-0.331392331720099 0.0154563101948041 7.11636289841212e-17)
(-0.33241295769174 0.0154989484935574 1.89698993849322e-16)
(-0.333453930891137 0.0155422844531478 7.35380929812173e-17)
(-0.334516516169083 0.0155865043083098 -1.20190849906517e-16)
(-0.335601324752245 0.015632005823986 -8.46948045770841e-17)
(-0.336708489233786 0.0156787603248671 -3.01311686906414e-17)
(-0.337838923523423 0.0157263624445575 -5.71183719992955e-17)
(-0.338994023820593 0.0157751790600089 -1.36701357644171e-16)
(-0.340173811877132 0.0158257986438124 -4.54953098357466e-17)
(-0.341377960691609 0.0158778511003838 -1.38421571816825e-16)
(-0.342607595480273 0.0159308986591348 7.01205210410496e-18)
(-0.34386409301142 0.0159856970617334 3.8680331299762e-18)
(-0.345145690189698 0.0160431939810883 -3.82713815695715e-17)
(-0.346450892099791 0.0161021504899874 -1.07064814529488e-18)
(-0.347781291950643 0.0161620603012516 -7.30543739027955e-17)
(-0.349138255783544 0.0162245088295654 2.96955980307796e-16)
(-0.350515514753407 0.0162912951131048 2.59695313645339e-16)
(-0.35190871899478 0.016359275624189 1.06637373442249e-16)
(-0.353319741283646 0.0164280856821176 3.53023682103299e-17)
(-0.354748890250501 0.0165007541566993 -3.05067029887472e-17)
(-0.356179136360528 0.0165803662159871 3.17475754500421e-16)
(-0.357601004951315 0.0166593595801046 3.06983948499193e-16)
(-0.359018622386454 0.0167388592918542 2.33101567680345e-16)
(-0.360425031648998 0.0168245214777241 1.02877656934685e-16)
(-0.36178467484686 0.0169192059010759 -1.93834037488401e-16)
(-0.363078748303846 0.0170103899879154 -1.61618400488997e-16)
(-0.364311911109428 0.0171013075737478 -1.92317483085912e-16)
(-0.365457484698777 0.0172021464353708 2.10099340225289e-16)
(-0.366443647113743 0.0173124590909434 -1.43360344928278e-16)
(-0.367236471574234 0.017412445799967 2.28749393335087e-17)
(-0.367840727156337 0.0175109200618648 9.28858024175322e-17)
(-0.368172578539364 0.017625055393558 2.58490464509078e-16)
(-0.368098192128363 0.0177417383203061 2.09885460830689e-16)
(-0.367561040191263 0.017835238865865 4.027145204394e-16)
(-0.366554104924023 0.0179298119792286 -2.67543674763793e-17)
(-0.364811202320747 0.0180748740978447 -1.98253067923008e-16)
(-0.361886528946954 0.0182493264987295 -2.11728464074068e-16)
(-0.357395376841771 0.0183911296929467 -1.18980784696451e-16)
(-0.351201544422756 0.018576992800873 2.20662204962531e-16)
(-0.341898153347014 0.0188716600651865 -6.74811573507462e-17)
(-0.328650551642944 0.0189336230646566 3.93009936398853e-18)
(-0.311900823587401 0.0187541994626952 -2.21978094574575e-16)
(-0.291446729911542 0.0184565444806896 4.50041354592724e-19)
(-0.266321296176628 0.0179861516037044 1.70399047495809e-17)
(-0.23673011396399 0.0171019774981753 -4.05814760600814e-16)
(-0.203677327783921 0.0159578548463219 -4.4069935131221e-16)
(-0.166768738874601 0.0146220280489947 9.83059873744737e-17)
(-0.126186543434563 0.0129794433498152 -3.28761231591408e-16)
(-0.0827159571147556 0.0110575410096764 -2.20562838274283e-17)
(-0.0369584230375711 0.00894981889392927 7.98875348170325e-17)
(0.0110580190741525 0.00665413792225887 2.5192045753463e-16)
(0.0603014281917426 0.00421805894768684 -1.82546709361502e-16)
(0.111276313369254 0.00169118691704366 -2.84990374000056e-16)
(0.162600009451007 -0.00091029837366884 -1.38130815619149e-16)
(0.215919928823166 -0.00358011452928374 -7.37702457494766e-17)
(0.267898642064082 -0.00617056107522907 -1.21136625124773e-16)
(0.32512241888622 -0.00885644211159873 2.58124391700738e-16)
(0.377728037065173 -0.0114296146714148 1.12748239263497e-17)
(0.442468369288247 -0.0141679574662839 5.48052173263274e-17)
(0.494942840584443 -0.0165189899960881 -2.08812712158901e-17)
(0.579295114618555 -0.0170071516686118 -6.99016241702612e-17)
(0.610050330684272 -0.00048860446084439 5.28558991695854e-17)
(0.593233285636897 -7.36862732214244e-05 -8.73638928589252e-18)
(0.603164420744133 -0.000121691190481069 -8.369428559453e-17)
(0.596062103748817 6.94080917716993e-05 -9.24347616232938e-17)
(0.598395152096221 5.06092516204e-05 5.06471401598917e-17)
(0.594365619693567 0.000119582722056823 9.47689282078153e-19)
(0.593761936453167 0.000123703912244972 -9.76760424412838e-17)
(0.590811898579455 0.000150918202216183 -5.69848902110238e-17)
(0.58908252788046 0.000148624710654696 -5.11675102951956e-17)
(0.586443988115176 0.000154277675448089 8.95304312074087e-18)
(0.584347710075194 0.000147792014247333 3.38456269231375e-17)
(0.581855223644753 0.00014061697468827 -4.35272819623961e-18)
(0.579938970776435 0.000130693823760354 2.03880540872182e-17)
(0.578172563420084 9.62581686211851e-05 5.22610379424815e-18)
(-0.232658041645803 0.00883131128739576 1.39327517771298e-18)
(-0.237401590514912 0.00992100746926396 -4.55364925988843e-19)
(-0.239239403625434 0.0109902677521887 3.26489881257035e-18)
(-0.240456707324003 0.0114532412122506 -5.89480132405839e-18)
(-0.241220216732463 0.0116412606629475 -4.43467989927665e-18)
(-0.24182533235692 0.0117192134033072 -4.30669778049777e-19)
(-0.242384088160955 0.0117587136746508 -1.31171627049887e-17)
(-0.242935194361855 0.0117864700093027 -4.07024013979565e-17)
(-0.243490929378803 0.0118115597059857 -2.73769011456106e-17)
(-0.24405418111113 0.0118365988431067 3.03802514821e-18)
(-0.244625266905316 0.011862152901593 -3.98712143138319e-18)
(-0.245204204189973 0.0118881036428125 -1.48049317984214e-17)
(-0.245791283858408 0.011914399722791 1.89911856555999e-17)
(-0.246386811530827 0.0119411062411393 3.33452184654528e-17)
(-0.246990937627483 0.0119682668151944 3.03753518973093e-17)
(-0.247604020947647 0.011995730930963 1.61150098206384e-17)
(-0.248226663306188 0.0120235502639688 -3.68772752889353e-17)
(-0.248859294904513 0.0120518513836413 -1.82974833500754e-17)
(-0.249502082014117 0.0120806969084437 -4.55951740216453e-17)
(-0.250155440292271 0.012109921293743 -3.50054307701998e-17)
(-0.25082005250821 0.0121396078950031 -8.02211823250808e-17)
(-0.251496333897406 0.0121698913169541 -4.20174438266485e-17)
(-0.252184455578083 0.0122008046399294 -3.99019650831661e-17)
(-0.252884915243223 0.012232185689505 -9.67812397585727e-17)
(-0.253598506454796 0.012264126839818 -3.76292755144136e-17)
(-0.254325709359857 0.0122967802200402 4.82809159954019e-17)
(-0.255066682357742 0.0123301877063816 1.56210032047706e-16)
(-0.255821922851787 0.01236417988612 4.53063265702442e-17)
(-0.25659228965387 0.0123988553499921 -6.19810775326832e-17)
(-0.257378244026794 0.0124343967482156 -5.09236299210197e-17)
(-0.258179906733429 0.0124708016480087 -3.49713379098635e-17)
(-0.258997878892457 0.0125078934384848 -3.40375899962064e-17)
(-0.259833119120342 0.012545845649109 -4.06641773328844e-17)
(-0.260685685716661 0.0125849255923435 1.42324183539194e-17)
(-0.261555373973463 0.0126249667305437 -7.67472815982526e-17)
(-0.262442922743065 0.0126657835064878 -7.07234693362934e-19)
(-0.263349302669961 0.0127077052866146 -1.81799646967317e-18)
(-0.264273317069884 0.0127511539184871 -7.16610149807073e-17)
(-0.265213921389163 0.012795549296418 1.75663036403501e-17)
(-0.266172184248348 0.0128406881755828 -1.19834910041469e-16)
(-0.267149169569046 0.01288723096555 1.89854749985636e-16)
(-0.268140512701056 0.0129359632005031 2.32226627923776e-16)
(-0.269143108977422 0.012985378402941 9.13323761345981e-17)
(-0.270158194561165 0.0130353734876525 4.71219584469773e-17)
(-0.271186273160042 0.0130871447376935 -9.0925791657312e-18)
(-0.272215377337474 0.0131420185640022 1.80539122013762e-16)
(-0.273238703234874 0.0131963581698098 1.25765888362919e-16)
(-0.274259226679863 0.0132508184049543 2.19743675044626e-16)
(-0.275272544126115 0.0133075641337601 9.16974163826755e-17)
(-0.276253551763312 0.0133676509898484 -1.1193472440245e-16)
(-0.277188743363092 0.0134250675926054 -1.36907264958275e-16)
(-0.278081887275309 0.013481403923696 -1.84291215787058e-16)
(-0.278915003169335 0.01354051287048 1.39156007892267e-16)
(-0.279637156703087 0.013601548157314 -5.59502827260162e-17)
(-0.280224058295511 0.0136550675919101 -2.0944364707924e-18)
(-0.28068070408305 0.0137049986031782 1.99222244415532e-17)
(-0.28094888139761 0.0137576200974283 1.62586570889118e-16)
(-0.280933579472997 0.0138054950168965 1.42926237862504e-16)
(-0.280594899476591 0.0138364665230299 2.90383560721124e-16)
(-0.279932882684189 0.0138602476771048 2.32517169958261e-17)
(-0.278764494985304 0.0138947182801618 -1.12147149176568e-16)
(-0.27677973517257 0.0139241042520215 -1.00361266138593e-16)
(-0.273710630506284 0.0139166478017721 -7.2005052305474e-17)
(-0.269485601989295 0.013900324420016 1.19223759571381e-16)
(-0.263102950604057 0.0138900216503772 -6.24264170629483e-17)
(-0.253956891377679 0.0137211190741018 1.88087328390603e-17)
(-0.242374669621407 0.013401127424 -9.97986119698564e-17)
(-0.228221823362934 0.0129777911707823 -1.48840643921509e-18)
(-0.210798996264716 0.012418077553188 -1.34427723459964e-17)
(-0.190247917017804 0.0116170603610379 -2.36785532960587e-16)
(-0.167301147255004 0.0106591392816385 -2.86561375459933e-16)
(-0.141666780099509 0.00956759167829067 7.87480421128526e-17)
(-0.113465807994438 0.00829387483498634 -2.50949097265901e-16)
(-0.0832600309165881 0.00686297312161352 -1.53601086196069e-17)
(-0.0514733796158783 0.00532180530527428 4.70539910868198e-17)
(-0.0181185946680015 0.00367222377588949 1.27771976374655e-16)
(0.0160681074056524 0.00194315768512262 -1.54932948966379e-16)
(0.0514460722420639 0.000158790718315239 -1.68344930673788e-16)
(0.0870386662455984 -0.00167134389303649 -1.53410664528485e-16)
(0.124001307190068 -0.00354233135476902 -3.87761100908104e-18)
(0.159966021139352 -0.00538529026422593 -1.00500025201155e-16)
(0.199586403119617 -0.0073014629548153 2.23606326060159e-16)
(0.235883419241781 -0.00917064754687839 -1.91759107702886e-17)
(0.280633934078831 -0.011177625666366 5.0606411817514e-17)
(0.316718665900716 -0.0129906116603779 4.47784784252343e-17)
(0.375571156061618 -0.0133180710236782 -3.24685092685328e-17)
(0.396980577087001 -0.000310574839387862 3.1351604906577e-17)
(0.384780088067158 3.39943166085724e-05 -5.23509440443245e-18)
(0.391666717824586 -7.01228779966425e-05 -5.80383323189126e-17)
(0.386687341166656 6.01254593891602e-05 -5.46326097547399e-17)
(0.388306745631702 1.72805186822611e-05 2.92368993609981e-17)
(0.385495767120298 6.34212075915872e-05 -4.54421471826683e-18)
(0.385085022117798 5.17324295432795e-05 -7.15913557745847e-17)
(0.383046310114915 6.83988334933647e-05 -3.82815042444624e-17)
(0.381862142471048 6.20130074516835e-05 -2.99853328358616e-17)
(0.380046415287595 6.53767387502248e-05 1.10902022772875e-17)
(0.378610061292961 6.04458383389e-05 2.01200619055473e-17)
(0.376895242321798 5.64077121582585e-05 3.98642089036515e-19)
(0.375576050483989 4.96065029479356e-05 1.49683967386207e-17)
(0.37429477566644 2.74018131628113e-05 3.17443547112265e-18)
(-0.096202747880023 0.0038669909741906 8.28130763438561e-19)
(-0.100068474000074 0.0044760427849703 -1.88395391328595e-19)
(-0.1011159253721 0.0046774045571588 7.6921350357996e-19)
(-0.101749418459331 0.00477893376603979 -1.18493588915952e-18)
(-0.10209107973872 0.00481330387285895 -1.55217028954653e-18)
(-0.102345123450266 0.00483026379667293 -3.63960857677374e-19)
(-0.102576295468058 0.00484180683295125 -4.25233432274383e-18)
(-0.102804378848684 0.00485196135642 -1.09299366106327e-17)
(-0.103034850582102 0.00486198296507065 -2.13882550372638e-17)
(-0.103268677715115 0.00487215445611069 1.17499398806505e-17)
(-0.103505792110287 0.00488251523245637 -6.02628443897684e-19)
(-0.103746090249442 0.00489302445310559 -2.9810335140638e-18)
(-0.10398964123264 0.00490367476502187 2.18216604564967e-17)
(-0.104236553309567 0.00491447697339868 1.03312855839994e-17)
(-0.104486877279933 0.00492544484695931 -1.01572596512231e-17)
(-0.104740748577405 0.00493655167195845 4.54180404904559e-18)
(-0.104998407316892 0.00494781523338707 -8.94706696952783e-18)
(-0.105260028187669 0.00495925546625546 2.47181336738606e-17)
(-0.105525669671323 0.00497089017296329 4.86475272488682e-17)
(-0.105795489336828 0.00498268906042998 -1.03006848228962e-17)
(-0.106069761568106 0.00499467669051245 -2.109737514519e-17)
(-0.10634865325649 0.0050068734455165 6.57630602804184e-18)
(-0.106632222405378 0.00501929121896336 -7.8956345996802e-18)
(-0.106920658831634 0.00503190345468098 -6.42864486875966e-17)
(-0.107214282761822 0.00504473640140405 -4.00061061560834e-17)
(-0.107513289423772 0.00505781190445607 1.44747026876852e-17)
(-0.107817730237061 0.00507114354665065 7.24431675718459e-17)
(-0.10812778979625 0.00508470249378996 1.58470642949373e-17)
(-0.108443814704868 0.005098514511655 -1.86158717993027e-17)
(-0.108765995395381 0.00511260910582763 -1.7486962397635e-17)
(-0.109094368420994 0.00512698960927656 -3.83848209479366e-17)
(-0.109429160230607 0.00514162747251939 -1.27515344618885e-17)
(-0.10977076653155 0.00515655525382418 -3.820866847955e-17)
(-0.110119212252696 0.00517181581220515 4.4294109340817e-18)
(-0.110474398426093 0.00518737717114266 -2.32956636115245e-17)
(-0.110836613685876 0.00520321442811077 1.14804284444499e-18)
(-0.111206282456426 0.00521937000220074 -8.64715443175921e-21)
(-0.111582910628706 0.00523590938711611 2.70118721489432e-17)
(-0.111966048659862 0.00525271544902181 5.293121320837e-17)
(-0.1123561392959 0.0052697734987018 -3.24317447568643e-17)
(-0.112753714474381 0.00528714510921088 -1.55137629014043e-17)
(-0.113156979584378 0.0053049490331504 7.42949931608448e-17)
(-0.113564635324391 0.00532286478295405 6.57966954287574e-17)
(-0.113977224132952 0.00534092867162303 5.98202662871004e-17)
(-0.114395181374071 0.00535920147438334 -9.45272515102744e-19)
(-0.114813592825453 0.0053778843154194 5.87236964438989e-17)
(-0.115229645086729 0.00539620519142258 8.27800861278876e-17)
(-0.11564474278602 0.00541439408565444 7.49039013730529e-17)
(-0.116057464497033 0.00543251966053071 7.21204914979737e-17)
(-0.116457561539227 0.00545064991690052 -3.62254171849676e-17)
(-0.116839523026846 0.00546753294269049 -1.17503391536864e-16)
(-0.11720537513433 0.00548354447951816 -6.23289969073204e-17)
(-0.117548420611317 0.00549880715377489 8.91434168692158e-17)
(-0.117847934904815 0.00551284184511795 1.6872081749425e-17)
(-0.11809414149331 0.00552375299965794 -2.665772344944e-17)
(-0.118290259105977 0.00553216165879716 -3.58180281026496e-17)
(-0.118413495812877 0.00553819502694952 8.27443337893131e-17)
(-0.118425416528144 0.00553974432054277 7.75277779384114e-17)
(-0.118310368119898 0.00553449402682402 9.58375702909479e-17)
(-0.118071503833498 0.00552314924983538 9.03408801921407e-17)
(-0.117638080362824 0.00550604866812893 -3.49032303379639e-17)
(-0.116888047964963 0.0054767956664487 -6.53787139997374e-18)
(-0.115716370047998 0.00542821844741392 -2.39305490957388e-17)
(-0.114107771958605 0.00536009863463208 3.81803436667303e-17)
(-0.111658259572419 0.00526807626537558 -6.84532331670682e-17)
(-0.108119277832409 0.00511835722457939 1.09509467512358e-17)
(-0.103630184817629 0.0049200275454272 5.33545651308211e-18)
(-0.0981420005873777 0.00467595370837354 -6.80979182874278e-19)
(-0.0913676953793475 0.00437699376867437 -4.81655263501135e-17)
(-0.0833620325809459 0.00400762152644611 -7.73419673034985e-17)
(-0.0744276986471035 0.0035909860888526 -1.38253333315366e-16)
(-0.0644418379823737 0.00312663506536619 6.80051879902837e-17)
(-0.0534487278368248 0.00260836409490618 -4.06209389748742e-17)
(-0.041674668265449 0.00204788402597195 -5.59769685193194e-18)
(-0.0292881099293692 0.0014552456342469 1.52462142489681e-17)
(-0.0162896446824967 0.000832800048349301 -9.57249570301883e-18)
(-0.00297630035594169 0.000188365007714941 -1.10936362664635e-17)
(0.010798655130587 -0.000471398341758171 -5.93169075139094e-17)
(0.0246435311757604 -0.00114647469385853 -5.15336677183628e-17)
(0.0390206274678735 -0.00183033915319821 -5.26182185504913e-17)
(0.052974263223378 -0.00251841439377132 -4.27104675711808e-17)
(0.0683703590885881 -0.00322697327655765 6.23834053402156e-17)
(0.0824061605724094 -0.00394138163117702 2.36941140920363e-17)
(0.0997743367691492 -0.00469327929660217 4.87984291427458e-17)
(0.113677677087754 -0.00543386460817059 -3.33437672714489e-17)
(0.136881046762283 -0.00545168303054684 3.83110756646781e-18)
(0.145240959394474 -3.329984345482e-05 1.04303776227639e-17)
(0.1401498100471 0.000157740574938913 -1.72120081030577e-18)
(0.142850666375046 7.25315706635557e-05 -2.4387742479713e-17)
(0.140882979774034 0.000115369025900778 -1.79951973536611e-17)
(0.141520436785746 7.68834268761478e-05 9.46113581480017e-18)
(0.140416548855897 8.61671330772083e-05 -1.4618791217959e-17)
(0.140261614406168 6.70157380741419e-05 -2.38400376088124e-17)
(0.139469057477146 6.45630499986735e-05 -1.96625857264141e-17)
(0.139014105368863 5.17526990114053e-05 -9.89133010136367e-18)
(0.13831157954412 4.47462743773135e-05 1.30732088322786e-17)
(0.137758806365088 3.44867618104268e-05 6.68197316993794e-18)
(0.137095663029938 2.5373824164039e-05 -6.44677867068416e-19)
(0.136585322737773 1.56768388840103e-05 4.99469736972115e-18)
(0.136053182827973 1.51274618258173e-07 1.06174695445641e-18)
)
;

boundaryField
{
    dieWall
    {
        type            fixedValue;
        value           uniform (0 0 0);
    }
    outlet
    {
        type            pressureInletOutletVelocity;
        value           nonuniform List<vector> 9((1.0300019345012 0.000259426616658976 8.74833805634951e-19) (1.04932756578212 0.000429974370537681 3.7321383413692e-18) (1.03011311317731 0.000284755547047421 6.40888622980726e-18) (0.972829005153547 0.000235594227466668 8.02307078567137e-18) (0.878041791997453 0.000207657475935601 7.71022724602865e-18) (0.746305152891375 0.000160122201298039 7.22791866122047e-18) (0.578172563420084 9.62581686211851e-05 5.22610379424815e-18) (0.37429477566644 2.74018131628113e-05 3.17443547112265e-18) (0.136053182827973 1.51274618258173e-07 1.06174695445641e-18));
    }
    Wire
    {
        type            timeVaryingMappedCoupledVelocity;
        fieldTable      U;
        value           nonuniform List<vector> 
100
(
(0.942104279647413 0 0)
(0.942118456801446 0 0)
(0.942129925341566 0 0)
(0.942139766437885 0 0)
(0.942151071023116 0 0)
(0.942163663413698 0 0)
(0.942176568832742 0 0)
(0.942188959533152 0 0)
(0.942201349084162 0 0)
(0.942214471748402 0 0)
(0.942228699028618 0 0)
(0.942244023813443 0 0)
(0.942260178216124 0 0)
(0.942276990547599 0 0)
(0.942294440765513 0 0)
(0.942312764103559 0 0)
(0.942332058604096 0 0)
(0.942352350018092 0 0)
(0.942373569985242 0 0)
(0.942395900161675 0 0)
(0.942419486134434 0 0)
(0.942444187787061 0 0)
(0.942470101810409 0 0)
(0.942497431654762 0 0)
(0.942526243370485 0 0)
(0.942556922450527 0 0)
(0.942590017924183 0 0)
(0.942624715992655 0 0)
(0.94266022524315 0 0)
(0.942698203295539 0 0)
(0.942739987249247 0 0)
(0.942784469157069 0 0)
(0.942830561160075 0 0)
(0.942879987959089 0 0)
(0.942934507827557 0 0)
(0.942993360803739 0 0)
(0.943055388482778 0 0)
(0.943121387271088 0 0)
(0.943193071370491 0 0)
(0.943271133759106 0 0)
(0.94335558987709 0 0)
(0.943447251727805 0 0)
(0.943546682244001 0 0)
(0.943653781214188 0 0)
(0.943768428202767 0 0)
(0.943893205662202 0 0)
(0.944029344860582 0 0)
(0.944175575771415 0 0)
(0.944332139794555 0 0)
(0.944502270530622 0 0)
(0.944686386173905 0 0)
(0.944882542454926 0 0)
(0.945092309220178 0 0)
(0.945317682208403 0 0)
(0.945557513503941 0 0)
(0.945809140071718 0 0)
(0.946072654949703 0 0)
(0.946350999112965 0 0)
(0.946640878831468 0 0)
(0.946939768970497 0 0)
(0.947282371735328 0 0)
(0.947849098897948 0 0)
(0.948797657667642 0 0)
(0.95015290629443 0 0)
(0.951863849033594 0 0)
(0.953691283298914 0 0)
(0.955444293786914 0 0)
(0.957088179090696 0 0)
(0.958620350576874 0 0)
(0.960097088960737 0 0)
(0.961560771238275 0 0)
(0.963024754816411 0 0)
(0.964503254898075 0 0)
(0.966003213556852 0 0)
(0.967530485357528 0 0)
(0.969099871290513 0 0)
(0.97072400882762 0 0)
(0.972396103158966 0 0)
(0.97412051489356 0 0)
(0.975911935193218 0 0)
(0.977768683618519 0 0)
(0.979678632402911 0 0)
(0.98165393660121 0 0)
(0.983698546359096 0 0)
(0.985799195311564 0 0)
(0.98792980284593 0 0)
(0.990041983098948 0 0)
(0.99208148316953 0 0)
(0.994038182014529 0 0)
(0.995750267992874 0 0)
(0.997109186049668 0 0)
(0.998175944308108 0 0)
(0.998939216126378 0 0)
(0.999464040272918 0 0)
(0.999866180025759 0 0)
(1.00017821933961 0 0)
(1.0004274209436 0 0)
(1.0006564751954 0 0)
(1.00088837860002 0 0)
(1.0010769390445 0 0)
)
;
    }
    inlet
    {
        type            pressureInletOutletVelocity;
        value           nonuniform List<vector> 9((0.72534104823646 0 0) (0.369078337466781 0 0) (0.0873827352729631 0 0) (-0.119504212708408 0.00703767114293561 7.38731065181828e-18) (-0.252528098965388 0.00922815705054806 9.4789913788834e-18) (-0.314230509382968 0.0106592084984347 8.47218282225731e-18) (-0.306675538219921 0.0107754825128516 4.65698784239683e-18) (-0.232658041645803 0.00883131128739576 1.39327517771298e-18) (-0.096202747880023 0.0038669909741906 8.28130763438561e-19));
    }
    back
    {
        type            wedge;
    }
    front
    {
        type            wedge;
    }
}


// ************************************************************************* //
