202
(
(0 -1.6492903353396085e-05 7.200957117082336e-07)
(0 -1.6492903353396085e-05 7.200957117082336e-07)
(0 -1.6492903353396085e-05 7.200957117082336e-07)
(0 -1.6492903353396085e-05 7.200957117082336e-07)
(0 -1.6492903353396085e-05 7.200957117082336e-07)
(0 -1.6492903353396085e-05 7.200957117082336e-07)
(0 -1.6492903353396085e-05 7.200957117082336e-07)
(0 -1.6492903353396085e-05 7.200957117082336e-07)
(0 -1.6492903353396085e-05 7.200957117082336e-07)
(0 -1.6492903353396085e-05 7.200957117082336e-07)
(0 -1.6492903353396085e-05 7.200957117082336e-07)
(0 -1.6492903353396085e-05 7.200957117082336e-07)
(0 -1.6492903353396085e-05 7.200957117082336e-07)
(0 -1.6492903353396085e-05 7.200957117082336e-07)
(0 -1.6492903353396085e-05 7.200957117082336e-07)
(0 -1.6492903353396085e-05 7.200957117082336e-07)
(0 -1.6492903353396085e-05 7.200957117082336e-07)
(0 -1.6492903353396085e-05 7.200957117082336e-07)
(0 -1.6492903353396085e-05 7.200957117082336e-07)
(0 -1.6492903353396085e-05 7.200957117082336e-07)
(0 -1.6492903353396085e-05 7.200957117082336e-07)
(0 -1.6492903353396085e-05 7.200957117082336e-07)
(0 -1.6492903353396085e-05 7.200957117082336e-07)
(0 -1.6492903353396085e-05 7.200957117082336e-07)
(0 -1.6492903353396085e-05 7.200957117082336e-07)
(0 -1.6492903353396085e-05 7.200957117082336e-07)
(0 -1.6492903353396085e-05 7.200957117082336e-07)
(0 -1.6492903353396085e-05 7.200957117082336e-07)
(0 -1.6492903353396085e-05 7.200957117082336e-07)
(0 -1.6492903353396085e-05 7.200957117082336e-07)
(0 -1.6492903353396085e-05 7.200957117082336e-07)
(0 -1.6492903353396085e-05 7.200957117082336e-07)
(0 -1.6492903353396085e-05 7.200957117082336e-07)
(0 -1.6492903353396085e-05 7.200957117082336e-07)
(0 -1.6492903353396085e-05 7.200957117082336e-07)
(0 -1.6492903353396085e-05 7.200957117082336e-07)
(0 -1.6492903353396085e-05 7.200957117082336e-07)
(0 -1.6492903353396085e-05 7.200957117082336e-07)
(0 -1.6492903353396085e-05 7.200957117082336e-07)
(0 -1.6492903353396085e-05 7.200957117082336e-07)
(0 -1.6492903353396085e-05 7.200957117082336e-07)
(0 -1.6492903353396085e-05 7.200957117082336e-07)
(0 -1.6492903353396085e-05 7.200957117082336e-07)
(0 -1.6492903353396085e-05 7.200957117082336e-07)
(0 -1.6492903353396085e-05 7.200957117082336e-07)
(0 -1.6492903353396085e-05 7.200957117082336e-07)
(0 -1.6492903353396085e-05 7.200957117082336e-07)
(0 -1.6492903353396085e-05 7.200957117082336e-07)
(0 -1.6492903353396085e-05 7.200957117082336e-07)
(0 -1.6492903353396085e-05 7.200957117082336e-07)
(0 -1.6492903353396085e-05 7.200957117082336e-07)
(0 -1.6492903353396085e-05 7.200957117082336e-07)
(0 -1.6492903353396085e-05 7.200957117082336e-07)
(0 -1.6492903353396085e-05 7.200957117082336e-07)
(0 -1.6492903353396085e-05 7.200957117082336e-07)
(0 -1.6492903353396085e-05 7.200957117082336e-07)
(0 -1.6492903353396085e-05 7.200957117082336e-07)
(0 -1.6492903353396085e-05 7.200957117082336e-07)
(0 -1.6492903353396085e-05 7.200957117082336e-07)
(0 -1.6492903353396085e-05 7.200957117082336e-07)
(0 -1.6492903353396085e-05 7.200957117082336e-07)
(0 -1.6492903353396085e-05 7.200957117082336e-07)
(0 -1.6492903353396085e-05 7.200957117082336e-07)
(0 -1.6492903353396085e-05 7.200957117082336e-07)
(0 -1.6492903353396085e-05 7.200957117082336e-07)
(0 -1.6492903353396085e-05 7.200957117082336e-07)
(0 -1.6492903353396085e-05 7.200957117082336e-07)
(0 -1.6492903353396085e-05 7.200957117082336e-07)
(0 -1.6492903353396085e-05 7.200957117082336e-07)
(0 -1.6492903353396085e-05 7.200957117082336e-07)
(0 -1.6492903353396085e-05 7.200957117082336e-07)
(0 -1.6492903353396085e-05 7.200957117082336e-07)
(0 -1.6492903353396085e-05 7.200957117082336e-07)
(0 -1.6492903353396085e-05 7.200957117082336e-07)
(0 -1.6492903353396085e-05 7.200957117082336e-07)
(0 -1.6492903353396085e-05 7.200957117082336e-07)
(0 -1.6492903353396085e-05 7.200957117082336e-07)
(0 -1.6492903353396085e-05 7.200957117082336e-07)
(0 -1.6492903353396085e-05 7.200957117082336e-07)
(0 -1.6492903353396085e-05 7.200957117082336e-07)
(0 -1.6492903353396085e-05 7.200957117082336e-07)
(0 -1.6492903353396085e-05 7.200957117082336e-07)
(0 -1.6492903353396085e-05 7.200957117082336e-07)
(0 -1.6492903353396085e-05 7.200957117082336e-07)
(0 -1.6492903353396085e-05 7.200957117082336e-07)
(0 -1.6492903353396085e-05 7.200957117082336e-07)
(0 -1.6492903353396085e-05 7.200957117082336e-07)
(0 -1.6492903353396085e-05 7.200957117082336e-07)
(0 -1.6492903353396085e-05 7.200957117082336e-07)
(0 -1.6492903353396085e-05 7.200957117082336e-07)
(0 -1.6492903353396085e-05 7.200957117082336e-07)
(0 -1.6492903353396085e-05 7.200957117082336e-07)
(0 -1.6492903353396085e-05 7.200957117082336e-07)
(0 -1.6492903353396085e-05 7.200957117082336e-07)
(0 -1.6492903353396085e-05 7.200957117082336e-07)
(0 -1.6492903353396085e-05 7.200957117082336e-07)
(0 -1.6492903353396085e-05 7.200957117082336e-07)
(0 -1.6492903353396085e-05 7.200957117082336e-07)
(0 -1.6492903353396085e-05 7.200957117082336e-07)
(0 -1.6492903353396085e-05 7.200957117082336e-07)
(0 -1.6492903353396085e-05 7.200957117082336e-07)
(0 -1.6492903353396085e-05 -7.200957117082336e-07)
(0 -1.6492903353396085e-05 -7.200957117082336e-07)
(0 -1.6492903353396085e-05 -7.200957117082336e-07)
(0 -1.6492903353396085e-05 -7.200957117082336e-07)
(0 -1.6492903353396085e-05 -7.200957117082336e-07)
(0 -1.6492903353396085e-05 -7.200957117082336e-07)
(0 -1.6492903353396085e-05 -7.200957117082336e-07)
(0 -1.6492903353396085e-05 -7.200957117082336e-07)
(0 -1.6492903353396085e-05 -7.200957117082336e-07)
(0 -1.6492903353396085e-05 -7.200957117082336e-07)
(0 -1.6492903353396085e-05 -7.200957117082336e-07)
(0 -1.6492903353396085e-05 -7.200957117082336e-07)
(0 -1.6492903353396085e-05 -7.200957117082336e-07)
(0 -1.6492903353396085e-05 -7.200957117082336e-07)
(0 -1.6492903353396085e-05 -7.200957117082336e-07)
(0 -1.6492903353396085e-05 -7.200957117082336e-07)
(0 -1.6492903353396085e-05 -7.200957117082336e-07)
(0 -1.6492903353396085e-05 -7.200957117082336e-07)
(0 -1.6492903353396085e-05 -7.200957117082336e-07)
(0 -1.6492903353396085e-05 -7.200957117082336e-07)
(0 -1.6492903353396085e-05 -7.200957117082336e-07)
(0 -1.6492903353396085e-05 -7.200957117082336e-07)
(0 -1.6492903353396085e-05 -7.200957117082336e-07)
(0 -1.6492903353396085e-05 -7.200957117082336e-07)
(0 -1.6492903353396085e-05 -7.200957117082336e-07)
(0 -1.6492903353396085e-05 -7.200957117082336e-07)
(0 -1.6492903353396085e-05 -7.200957117082336e-07)
(0 -1.6492903353396085e-05 -7.200957117082336e-07)
(0 -1.6492903353396085e-05 -7.200957117082336e-07)
(0 -1.6492903353396085e-05 -7.200957117082336e-07)
(0 -1.6492903353396085e-05 -7.200957117082336e-07)
(0 -1.6492903353396085e-05 -7.200957117082336e-07)
(0 -1.6492903353396085e-05 -7.200957117082336e-07)
(0 -1.6492903353396085e-05 -7.200957117082336e-07)
(0 -1.6492903353396085e-05 -7.200957117082336e-07)
(0 -1.6492903353396085e-05 -7.200957117082336e-07)
(0 -1.6492903353396085e-05 -7.200957117082336e-07)
(0 -1.6492903353396085e-05 -7.200957117082336e-07)
(0 -1.6492903353396085e-05 -7.200957117082336e-07)
(0 -1.6492903353396085e-05 -7.200957117082336e-07)
(0 -1.6492903353396085e-05 -7.200957117082336e-07)
(0 -1.6492903353396085e-05 -7.200957117082336e-07)
(0 -1.6492903353396085e-05 -7.200957117082336e-07)
(0 -1.6492903353396085e-05 -7.200957117082336e-07)
(0 -1.6492903353396085e-05 -7.200957117082336e-07)
(0 -1.6492903353396085e-05 -7.200957117082336e-07)
(0 -1.6492903353396085e-05 -7.200957117082336e-07)
(0 -1.6492903353396085e-05 -7.200957117082336e-07)
(0 -1.6492903353396085e-05 -7.200957117082336e-07)
(0 -1.6492903353396085e-05 -7.200957117082336e-07)
(0 -1.6492903353396085e-05 -7.200957117082336e-07)
(0 -1.6492903353396085e-05 -7.200957117082336e-07)
(0 -1.6492903353396085e-05 -7.200957117082336e-07)
(0 -1.6492903353396085e-05 -7.200957117082336e-07)
(0 -1.6492903353396085e-05 -7.200957117082336e-07)
(0 -1.6492903353396085e-05 -7.200957117082336e-07)
(0 -1.6492903353396085e-05 -7.200957117082336e-07)
(0 -1.6492903353396085e-05 -7.200957117082336e-07)
(0 -1.6492903353396085e-05 -7.200957117082336e-07)
(0 -1.6492903353396085e-05 -7.200957117082336e-07)
(0 -1.6492903353396085e-05 -7.200957117082336e-07)
(0 -1.6492903353396085e-05 -7.200957117082336e-07)
(0 -1.6492903353396085e-05 -7.200957117082336e-07)
(0 -1.6492903353396085e-05 -7.200957117082336e-07)
(0 -1.6492903353396085e-05 -7.200957117082336e-07)
(0 -1.6492903353396085e-05 -7.200957117082336e-07)
(0 -1.6492903353396085e-05 -7.200957117082336e-07)
(0 -1.6492903353396085e-05 -7.200957117082336e-07)
(0 -1.6492903353396085e-05 -7.200957117082336e-07)
(0 -1.6492903353396085e-05 -7.200957117082336e-07)
(0 -1.6492903353396085e-05 -7.200957117082336e-07)
(0 -1.6492903353396085e-05 -7.200957117082336e-07)
(0 -1.6492903353396085e-05 -7.200957117082336e-07)
(0 -1.6492903353396085e-05 -7.200957117082336e-07)
(0 -1.6492903353396085e-05 -7.200957117082336e-07)
(0 -1.6492903353396085e-05 -7.200957117082336e-07)
(0 -1.6492903353396085e-05 -7.200957117082336e-07)
(0 -1.6492903353396085e-05 -7.200957117082336e-07)
(0 -1.6492903353396085e-05 -7.200957117082336e-07)
(0 -1.6492903353396085e-05 -7.200957117082336e-07)
(0 -1.6492903353396085e-05 -7.200957117082336e-07)
(0 -1.6492903353396085e-05 -7.200957117082336e-07)
(0 -1.6492903353396085e-05 -7.200957117082336e-07)
(0 -1.6492903353396085e-05 -7.200957117082336e-07)
(0 -1.6492903353396085e-05 -7.200957117082336e-07)
(0 -1.6492903353396085e-05 -7.200957117082336e-07)
(0 -1.6492903353396085e-05 -7.200957117082336e-07)
(0 -1.6492903353396085e-05 -7.200957117082336e-07)
(0 -1.6492903353396085e-05 -7.200957117082336e-07)
(0 -1.6492903353396085e-05 -7.200957117082336e-07)
(0 -1.6492903353396085e-05 -7.200957117082336e-07)
(0 -1.6492903353396085e-05 -7.200957117082336e-07)
(0 -1.6492903353396085e-05 -7.200957117082336e-07)
(0 -1.6492903353396085e-05 -7.200957117082336e-07)
(0 -1.6492903353396085e-05 -7.200957117082336e-07)
(0 -1.6492903353396085e-05 -7.200957117082336e-07)
(0 -1.6492903353396085e-05 -7.200957117082336e-07)
(0 -1.6492903353396085e-05 -7.200957117082336e-07)
(0 -1.6492903353396085e-05 -7.200957117082336e-07)
(0 -1.6492903353396085e-05 -7.200957117082336e-07)
(0 -1.6492903353396085e-05 -7.200957117082336e-07)
)