202
(
(0 -1.2093537032455858e-05 5.280152299360316e-07)
(0 -1.2093537032455858e-05 5.280152299360316e-07)
(0 -1.2093537032455858e-05 5.280152299360316e-07)
(0 -1.2093537032455858e-05 5.280152299360316e-07)
(0 -1.2093537032455858e-05 5.280152299360316e-07)
(0 -1.2093537032455858e-05 5.280152299360316e-07)
(0 -1.2093537032455858e-05 5.280152299360316e-07)
(0 -1.2093537032455858e-05 5.280152299360316e-07)
(0 -1.2093537032455858e-05 5.280152299360316e-07)
(0 -1.2093537032455858e-05 5.280152299360316e-07)
(0 -1.2093537032455858e-05 5.280152299360316e-07)
(0 -1.2093537032455858e-05 5.280152299360316e-07)
(0 -1.2093537032455858e-05 5.280152299360316e-07)
(0 -1.2093537032455858e-05 5.280152299360316e-07)
(0 -1.2093537032455858e-05 5.280152299360316e-07)
(0 -1.2093537032455858e-05 5.280152299360316e-07)
(0 -1.2093537032455858e-05 5.280152299360316e-07)
(0 -1.2093537032455858e-05 5.280152299360316e-07)
(0 -1.2093537032455858e-05 5.280152299360316e-07)
(0 -1.2093537032455858e-05 5.280152299360316e-07)
(0 -1.2093537032455858e-05 5.280152299360316e-07)
(0 -1.2093537032455858e-05 5.280152299360316e-07)
(0 -1.2093537032455858e-05 5.280152299360316e-07)
(0 -1.2093537032455858e-05 5.280152299360316e-07)
(0 -1.2093537032455858e-05 5.280152299360316e-07)
(0 -1.2093537032455858e-05 5.280152299360316e-07)
(0 -1.2093537032455858e-05 5.280152299360316e-07)
(0 -1.2093537032455858e-05 5.280152299360316e-07)
(0 -1.2093537032455858e-05 5.280152299360316e-07)
(0 -1.2093537032455858e-05 5.280152299360316e-07)
(0 -1.2093537032455858e-05 5.280152299360316e-07)
(0 -1.2093537032455858e-05 5.280152299360316e-07)
(0 -1.2093537032455858e-05 5.280152299360316e-07)
(0 -1.2093537032455858e-05 5.280152299360316e-07)
(0 -1.2093537032455858e-05 5.280152299360316e-07)
(0 -1.2093537032455858e-05 5.280152299360316e-07)
(0 -1.2093537032455858e-05 5.280152299360316e-07)
(0 -1.2093537032455858e-05 5.280152299360316e-07)
(0 -1.2093537032455858e-05 5.280152299360316e-07)
(0 -1.2093537032455858e-05 5.280152299360316e-07)
(0 -1.2093537032455858e-05 5.280152299360316e-07)
(0 -1.2093537032455858e-05 5.280152299360316e-07)
(0 -1.2093537032455858e-05 5.280152299360316e-07)
(0 -1.2093537032455858e-05 5.280152299360316e-07)
(0 -1.2093537032455858e-05 5.280152299360316e-07)
(0 -1.2093537032455858e-05 5.280152299360316e-07)
(0 -1.2093537032455858e-05 5.280152299360316e-07)
(0 -1.2093537032455858e-05 5.280152299360316e-07)
(0 -1.2093537032455858e-05 5.280152299360316e-07)
(0 -1.2093537032455858e-05 5.280152299360316e-07)
(0 -1.2093537032455858e-05 5.280152299360316e-07)
(0 -1.2093537032455858e-05 5.280152299360316e-07)
(0 -1.2093537032455858e-05 5.280152299360316e-07)
(0 -1.2093537032455858e-05 5.280152299360316e-07)
(0 -1.2093537032455858e-05 5.280152299360316e-07)
(0 -1.2093537032455858e-05 5.280152299360316e-07)
(0 -1.2093537032455858e-05 5.280152299360316e-07)
(0 -1.2093537032455858e-05 5.280152299360316e-07)
(0 -1.2093537032455858e-05 5.280152299360316e-07)
(0 -1.2093537032455858e-05 5.280152299360316e-07)
(0 -1.2093537032455858e-05 5.280152299360316e-07)
(0 -1.2093537032455858e-05 5.280152299360316e-07)
(0 -1.2093537032455858e-05 5.280152299360316e-07)
(0 -1.2093537032455858e-05 5.280152299360316e-07)
(0 -1.2093537032455858e-05 5.280152299360316e-07)
(0 -1.2093537032455858e-05 5.280152299360316e-07)
(0 -1.2093537032455858e-05 5.280152299360316e-07)
(0 -1.2093537032455858e-05 5.280152299360316e-07)
(0 -1.2093537032455858e-05 5.280152299360316e-07)
(0 -1.2093537032455858e-05 5.280152299360316e-07)
(0 -1.2093537032455858e-05 5.280152299360316e-07)
(0 -1.2093537032455858e-05 5.280152299360316e-07)
(0 -1.2093537032455858e-05 5.280152299360316e-07)
(0 -1.2093537032455858e-05 5.280152299360316e-07)
(0 -1.2093537032455858e-05 5.280152299360316e-07)
(0 -1.2093537032455858e-05 5.280152299360316e-07)
(0 -1.2093537032455858e-05 5.280152299360316e-07)
(0 -1.2093537032455858e-05 5.280152299360316e-07)
(0 -1.2093537032455858e-05 5.280152299360316e-07)
(0 -1.2093537032455858e-05 5.280152299360316e-07)
(0 -1.2093537032455858e-05 5.280152299360316e-07)
(0 -1.2093537032455858e-05 5.280152299360316e-07)
(0 -1.2093537032455858e-05 5.280152299360316e-07)
(0 -1.2093537032455858e-05 5.280152299360316e-07)
(0 -1.2093537032455858e-05 5.280152299360316e-07)
(0 -1.2093537032455858e-05 5.280152299360316e-07)
(0 -1.2093537032455858e-05 5.280152299360316e-07)
(0 -1.2093537032455858e-05 5.280152299360316e-07)
(0 -1.2093537032455858e-05 5.280152299360316e-07)
(0 -1.2093537032455858e-05 5.280152299360316e-07)
(0 -1.2093537032455858e-05 5.280152299360316e-07)
(0 -1.2093537032455858e-05 5.280152299360316e-07)
(0 -1.2093537032455858e-05 5.280152299360316e-07)
(0 -1.2093537032455858e-05 5.280152299360316e-07)
(0 -1.2093537032455858e-05 5.280152299360316e-07)
(0 -1.2093537032455858e-05 5.280152299360316e-07)
(0 -1.2093537032455858e-05 5.280152299360316e-07)
(0 -1.2093537032455858e-05 5.280152299360316e-07)
(0 -1.2093537032455858e-05 5.280152299360316e-07)
(0 -1.2093537032455858e-05 5.280152299360316e-07)
(0 -1.2093537032455858e-05 5.280152299360316e-07)
(0 -1.2093537032455858e-05 -5.280152299360316e-07)
(0 -1.2093537032455858e-05 -5.280152299360316e-07)
(0 -1.2093537032455858e-05 -5.280152299360316e-07)
(0 -1.2093537032455858e-05 -5.280152299360316e-07)
(0 -1.2093537032455858e-05 -5.280152299360316e-07)
(0 -1.2093537032455858e-05 -5.280152299360316e-07)
(0 -1.2093537032455858e-05 -5.280152299360316e-07)
(0 -1.2093537032455858e-05 -5.280152299360316e-07)
(0 -1.2093537032455858e-05 -5.280152299360316e-07)
(0 -1.2093537032455858e-05 -5.280152299360316e-07)
(0 -1.2093537032455858e-05 -5.280152299360316e-07)
(0 -1.2093537032455858e-05 -5.280152299360316e-07)
(0 -1.2093537032455858e-05 -5.280152299360316e-07)
(0 -1.2093537032455858e-05 -5.280152299360316e-07)
(0 -1.2093537032455858e-05 -5.280152299360316e-07)
(0 -1.2093537032455858e-05 -5.280152299360316e-07)
(0 -1.2093537032455858e-05 -5.280152299360316e-07)
(0 -1.2093537032455858e-05 -5.280152299360316e-07)
(0 -1.2093537032455858e-05 -5.280152299360316e-07)
(0 -1.2093537032455858e-05 -5.280152299360316e-07)
(0 -1.2093537032455858e-05 -5.280152299360316e-07)
(0 -1.2093537032455858e-05 -5.280152299360316e-07)
(0 -1.2093537032455858e-05 -5.280152299360316e-07)
(0 -1.2093537032455858e-05 -5.280152299360316e-07)
(0 -1.2093537032455858e-05 -5.280152299360316e-07)
(0 -1.2093537032455858e-05 -5.280152299360316e-07)
(0 -1.2093537032455858e-05 -5.280152299360316e-07)
(0 -1.2093537032455858e-05 -5.280152299360316e-07)
(0 -1.2093537032455858e-05 -5.280152299360316e-07)
(0 -1.2093537032455858e-05 -5.280152299360316e-07)
(0 -1.2093537032455858e-05 -5.280152299360316e-07)
(0 -1.2093537032455858e-05 -5.280152299360316e-07)
(0 -1.2093537032455858e-05 -5.280152299360316e-07)
(0 -1.2093537032455858e-05 -5.280152299360316e-07)
(0 -1.2093537032455858e-05 -5.280152299360316e-07)
(0 -1.2093537032455858e-05 -5.280152299360316e-07)
(0 -1.2093537032455858e-05 -5.280152299360316e-07)
(0 -1.2093537032455858e-05 -5.280152299360316e-07)
(0 -1.2093537032455858e-05 -5.280152299360316e-07)
(0 -1.2093537032455858e-05 -5.280152299360316e-07)
(0 -1.2093537032455858e-05 -5.280152299360316e-07)
(0 -1.2093537032455858e-05 -5.280152299360316e-07)
(0 -1.2093537032455858e-05 -5.280152299360316e-07)
(0 -1.2093537032455858e-05 -5.280152299360316e-07)
(0 -1.2093537032455858e-05 -5.280152299360316e-07)
(0 -1.2093537032455858e-05 -5.280152299360316e-07)
(0 -1.2093537032455858e-05 -5.280152299360316e-07)
(0 -1.2093537032455858e-05 -5.280152299360316e-07)
(0 -1.2093537032455858e-05 -5.280152299360316e-07)
(0 -1.2093537032455858e-05 -5.280152299360316e-07)
(0 -1.2093537032455858e-05 -5.280152299360316e-07)
(0 -1.2093537032455858e-05 -5.280152299360316e-07)
(0 -1.2093537032455858e-05 -5.280152299360316e-07)
(0 -1.2093537032455858e-05 -5.280152299360316e-07)
(0 -1.2093537032455858e-05 -5.280152299360316e-07)
(0 -1.2093537032455858e-05 -5.280152299360316e-07)
(0 -1.2093537032455858e-05 -5.280152299360316e-07)
(0 -1.2093537032455858e-05 -5.280152299360316e-07)
(0 -1.2093537032455858e-05 -5.280152299360316e-07)
(0 -1.2093537032455858e-05 -5.280152299360316e-07)
(0 -1.2093537032455858e-05 -5.280152299360316e-07)
(0 -1.2093537032455858e-05 -5.280152299360316e-07)
(0 -1.2093537032455858e-05 -5.280152299360316e-07)
(0 -1.2093537032455858e-05 -5.280152299360316e-07)
(0 -1.2093537032455858e-05 -5.280152299360316e-07)
(0 -1.2093537032455858e-05 -5.280152299360316e-07)
(0 -1.2093537032455858e-05 -5.280152299360316e-07)
(0 -1.2093537032455858e-05 -5.280152299360316e-07)
(0 -1.2093537032455858e-05 -5.280152299360316e-07)
(0 -1.2093537032455858e-05 -5.280152299360316e-07)
(0 -1.2093537032455858e-05 -5.280152299360316e-07)
(0 -1.2093537032455858e-05 -5.280152299360316e-07)
(0 -1.2093537032455858e-05 -5.280152299360316e-07)
(0 -1.2093537032455858e-05 -5.280152299360316e-07)
(0 -1.2093537032455858e-05 -5.280152299360316e-07)
(0 -1.2093537032455858e-05 -5.280152299360316e-07)
(0 -1.2093537032455858e-05 -5.280152299360316e-07)
(0 -1.2093537032455858e-05 -5.280152299360316e-07)
(0 -1.2093537032455858e-05 -5.280152299360316e-07)
(0 -1.2093537032455858e-05 -5.280152299360316e-07)
(0 -1.2093537032455858e-05 -5.280152299360316e-07)
(0 -1.2093537032455858e-05 -5.280152299360316e-07)
(0 -1.2093537032455858e-05 -5.280152299360316e-07)
(0 -1.2093537032455858e-05 -5.280152299360316e-07)
(0 -1.2093537032455858e-05 -5.280152299360316e-07)
(0 -1.2093537032455858e-05 -5.280152299360316e-07)
(0 -1.2093537032455858e-05 -5.280152299360316e-07)
(0 -1.2093537032455858e-05 -5.280152299360316e-07)
(0 -1.2093537032455858e-05 -5.280152299360316e-07)
(0 -1.2093537032455858e-05 -5.280152299360316e-07)
(0 -1.2093537032455858e-05 -5.280152299360316e-07)
(0 -1.2093537032455858e-05 -5.280152299360316e-07)
(0 -1.2093537032455858e-05 -5.280152299360316e-07)
(0 -1.2093537032455858e-05 -5.280152299360316e-07)
(0 -1.2093537032455858e-05 -5.280152299360316e-07)
(0 -1.2093537032455858e-05 -5.280152299360316e-07)
(0 -1.2093537032455858e-05 -5.280152299360316e-07)
(0 -1.2093537032455858e-05 -5.280152299360316e-07)
(0 -1.2093537032455858e-05 -5.280152299360316e-07)
(0 -1.2093537032455858e-05 -5.280152299360316e-07)
(0 -1.2093537032455858e-05 -5.280152299360316e-07)
)