
                    FoamFile
                    {
                         version   2.0;
                         format    ascii;
                         class     scalarField;
                         object    values;
                    }
                    //***********************************************************************// //

                    244
(
1360850.62465245
1360850.62465245
1956604.8808178692
5991395.273592225
10182839.977109216
14541963.893935269
19054788.643930785
23761182.671213932
28645657.245167214
33732587.83725279
39033930.90142779
44547174.181168035
50319198.865709625
56322192.39830695
62618904.10190211
69188653.46606706
76071676.64859176
83289907.09302747
90842439.82184067
98807101.46487707
107143631.02867873
115957836.91350749
125221129.7873994
135005879.48098707
145354686.18615198
156273350.62799338
167903988.8272335
180185181.9954921
193314808.5230829
207253408.32969132
222145115.90163684
238084954.25705397
255099316.48009932
273478882.1547205
293127923.8606485
314457150.7076245
337418411.72143346
362332243.2098135
389422456.864709
418786046.73867893
451059364.7051065
486065978.03831375
524733586.0611311
566920776.181771
613312205.3842008
664264661.8002884
719509271.5555346
779506999.8816191
842577328.492034
907895550.1659021
973607528.0046054
1037497946.2709358
1097653511.5095592
1152294632.6000986
1198717781.7467651
1236833634.0477357
1263649740.612905
1279241407.517603
1281090264.0531385
1266488400.7084842
1232763865.6600313
1168217649.8247547
1062086821.0345471
955028978.9747579
846131709.487558
737414166.8853546
628027697.7866571
517428800.08609134
405180698.696916
291463629.28769886
175964325.5946529
59017775.72643751
41401286.2574307
41401286.2574307
41401286.2574307
41401286.2574307
41401286.2574307
41401286.2574307
41401286.2574307
41401286.2574307
41401286.2574307
41401286.2574307
41401286.2574307
41401286.2574307
41401286.2574307
41401286.2574307
41401286.2574307
41401286.2574307
41401286.2574307
41401286.2574307
41401286.2574307
41401286.2574307
41401286.2574307
41401286.2574307
41401286.2574307
41401286.2574307
41401286.2574307
41401286.2574307
41401286.2574307
41401286.2574307
41401286.2574307
41401286.2574307
41401286.2574307
41401286.2574307
41401286.2574307
41401286.2574307
41401286.2574307
41401286.2574307
41401286.2574307
41401286.2574307
41401286.2574307
41401286.2574307
41401286.2574307
41401286.2574307
41401286.2574307
41401286.2574307
41401286.2574307
41401286.2574307
41401286.2574307
41401286.2574307
41401286.2574307
41401286.2574307
1360850.62465245
1360850.62465245
1956604.8808178692
5991395.273592225
10182839.977109216
14541963.893935269
19054788.643930785
23761182.671213932
28645657.245167214
33732587.83725279
39033930.90142779
44547174.181168035
50319198.865709625
56322192.39830695
62618904.10190211
69188653.46606706
76071676.64859176
83289907.09302747
90842439.82184067
98807101.46487707
107143631.02867873
115957836.91350749
125221129.7873994
135005879.48098707
145354686.18615198
156273350.62799338
167903988.8272335
180185181.9954921
193314808.5230829
207253408.32969132
222145115.90163684
238084954.25705397
255099316.48009932
273478882.1547205
293127923.8606485
314457150.7076245
337418411.72143346
362332243.2098135
389422456.864709
418786046.73867893
451059364.7051065
486065978.03831375
524733586.0611311
566920776.181771
613312205.3842008
664264661.8002884
719509271.5555346
779506999.8816191
842577328.492034
907895550.1659021
973607528.0046054
1037497946.2709358
1097653511.5095592
1152294632.6000986
1198717781.7467651
1236833634.0477357
1263649740.612905
1279241407.517603
1281090264.0531385
1266488400.7084842
1232763865.6600313
1168217649.8247547
1062086821.0345471
955028978.9747579
846131709.487558
737414166.8853546
628027697.7866571
517428800.08609134
405180698.696916
291463629.28769886
175964325.5946529
59017775.72643751
41401286.2574307
41401286.2574307
41401286.2574307
41401286.2574307
41401286.2574307
41401286.2574307
41401286.2574307
41401286.2574307
41401286.2574307
41401286.2574307
41401286.2574307
41401286.2574307
41401286.2574307
41401286.2574307
41401286.2574307
41401286.2574307
41401286.2574307
41401286.2574307
41401286.2574307
41401286.2574307
41401286.2574307
41401286.2574307
41401286.2574307
41401286.2574307
41401286.2574307
41401286.2574307
41401286.2574307
41401286.2574307
41401286.2574307
41401286.2574307
41401286.2574307
41401286.2574307
41401286.2574307
41401286.2574307
41401286.2574307
41401286.2574307
41401286.2574307
41401286.2574307
41401286.2574307
41401286.2574307
41401286.2574307
41401286.2574307
41401286.2574307
41401286.2574307
41401286.2574307
41401286.2574307
41401286.2574307
41401286.2574307
41401286.2574307
41401286.2574307
)