
                    FoamFile
                    {
                         version   2.0;
                         format    ascii;
                         class     vectorField;
                         object    values;
                    }
                    //***********************************************************************// //

                    244
(
(-9039087.63839158 33718.1549890171 -2.42028265587474e-11)
(-9039087.63839158 33718.1549890171 -2.42028265587474e-11)
(-9059968.089221474 31769.728207428 -3.344464818188709e-11)
(-9210927.094764292 24330.5349896873 -1.1929820934009834e-10)
(-9377220.03391586 26068.483084437466 -5.536224065952738e-10)
(-9559021.381849347 27723.044070024906 -2.1218494207691612e-11)
(-9749299.579863675 28714.075211391202 -6.321717337610713e-11)
(-9948119.236196993 29518.894128871252 -5.102906130926657e-10)
(-10154452.8908463 30313.01337725186 -7.081050568237661e-10)
(-10369459.761965977 31129.547804576265 -1.1282516692139608e-09)
(-10593663.338566415 31980.104951837042 -1.1611480902420778e-09)
(-10826997.178401263 32850.571411789926 -1.6581787613677464e-10)
(-11071587.938963799 33753.53600496049 -1.1442831145865536e-09)
(-11326210.181313474 34698.24692565174 -4.1895673931417817e-10)
(-11593625.185233507 35674.77397628837 -2.2025030010577224e-11)
(-11873047.98787303 36693.14075033536 -2.8241130492692296e-09)
(-12166217.48340682 37773.94901739574 1.6010319573952952e-09)
(-12474124.797371201 38907.37387719655 1.0114360608857777e-09)
(-12796860.552439038 40100.173645155766 -6.89490168559489e-10)
(-13137836.037992649 41378.347752309244 -2.2936765676351764e-09)
(-13495330.906403884 42715.66862536314 -2.34172042497859e-09)
(-13874190.93868789 44164.48522921578 -6.02756373517184e-10)
(-14273077.548351299 45731.26370509395 -2.382715734377395e-09)
(-14695278.757303506 47402.370848194005 -4.082290399892026e-09)
(-15142891.038554823 49230.729396771865 -3.108309015721249e-09)
(-15616019.705415664 51262.373470322505 4.3773522995398676e-10)
(-16121034.111053249 53464.31023316765 1.2372670272764896e-09)
(-16655487.715572694 55919.75297475031 -2.69988853191059e-10)
(-17227663.64203172 58821.385538558 7.0427823117292e-09)
(-17835736.986345887 61944.03927158642 8.091142033075712e-09)
(-18486451.040289063 65632.42245106862 3.374500671490671e-09)
(-19182558.099921133 70109.33452467034 -5.152194192045099e-09)
(-19924926.353887364 75015.31513132615 2.190824623226861e-09)
(-20725930.249911197 81137.90428629523 -1.500795037145592e-09)
(-21578433.675471965 88658.55082281731 6.474377346371781e-10)
(-22497917.0186507 97152.09045929486 -8.084653581495818e-10)
(-23481385.135722183 107826.70947251527 -2.402576667236175e-09)
(-24533242.240491852 121556.42970749318 -8.396034408086515e-09)
(-25657854.791917626 136868.8367270581 -3.962135888212671e-09)
(-26854554.152536154 156601.14127381117 -1.2963692027641203e-09)
(-28121942.92785985 182941.52399840002 3.3928261561737396e-09)
(-29444950.194927763 212325.96228792044 6.845052105208141e-09)
(-30812825.973479796 262503.2778068956 -8.661249770398312e-09)
(-32105974.5528787 344060.1994906454 3.146543544134559e-09)
(-33203075.649632193 445597.5860116757 -2.162413948312928e-09)
(-33935271.58153078 597855.4793412968 -6.334573262774035e-09)
(-34071999.60229695 743738.1258434958 1.8262907277044932e-09)
(-33568185.7947857 850355.5184663916 6.399370054037964e-10)
(-32422787.66004116 966284.3694707712 -6.650908921833666e-09)
(-30471724.693495266 997934.7016105803 -7.686453837716648e-09)
(-28013627.67340693 982901.9723951794 3.908334686941121e-09)
(-25052230.930294335 923432.1924435026 1.4664013314991918e-09)
(-21776933.600643247 801635.3153429043 -7.811557018618074e-09)
(-18353490.38434029 651770.6884525666 -9.355399444704912e-09)
(-14883876.5698709 477230.33820231096 8.6049619976112e-09)
(-11427724.485867087 301070.3660321022 2.1113289966031307e-08)
(-8002916.646621078 127653.90204421684 -6.8460250324429156e-09)
(-4567627.835763687 -28489.573698990127 -1.0817201023632745e-08)
(-1033843.4049412538 -160159.39220372884 1.1498455944173688e-08)
(2756252.719488839 -260213.37613310313 -4.65709654516914e-09)
(7292548.056254152 -359847.3325598398 -2.0447719322091077e-09)
(12545094.835621059 -364168.0092128421 -1.203879316998729e-09)
(16598312.763555028 -66696.10166293819 8.183966740884223e-10)
(15813625.156993957 -26160.34368560509 -9.357693051419396e-09)
(15771717.099488087 28909.39907567838 7.607635733433193e-09)
(15799845.893351965 58092.34051778831 1.5524134810691798e-09)
(15737623.028939052 76241.6395663606 2.748695551102327e-10)
(15743158.060092308 80565.0953052274 5.583954445946618e-09)
(15799492.34903495 82438.69185539571 5.654470330971406e-09)
(15848261.33798878 78454.9861446501 3.1701652804754325e-09)
(15888431.502743457 76111.67334817944 -5.805878465411861e-10)
(15925734.24025435 82022.00898525029 -1.9239030437350962e-10)
(15928684.0118854 84095.8800221917 2.80626800517791e-11)
(15928684.0118854 84095.8800221917 2.80626800517791e-11)
(15928684.0118854 84095.8800221917 2.80626800517791e-11)
(15928684.0118854 84095.8800221917 2.80626800517791e-11)
(15928684.0118854 84095.8800221917 2.80626800517791e-11)
(15928684.0118854 84095.8800221917 2.80626800517791e-11)
(15928684.0118854 84095.8800221917 2.80626800517791e-11)
(15928684.0118854 84095.8800221917 2.80626800517791e-11)
(15928684.0118854 84095.8800221917 2.80626800517791e-11)
(15928684.0118854 84095.8800221917 2.80626800517791e-11)
(15928684.0118854 84095.8800221917 2.80626800517791e-11)
(15928684.0118854 84095.8800221917 2.80626800517791e-11)
(15928684.0118854 84095.8800221917 2.80626800517791e-11)
(15928684.0118854 84095.8800221917 2.80626800517791e-11)
(15928684.0118854 84095.8800221917 2.80626800517791e-11)
(15928684.0118854 84095.8800221917 2.80626800517791e-11)
(15928684.0118854 84095.8800221917 2.80626800517791e-11)
(15928684.0118854 84095.8800221917 2.80626800517791e-11)
(15928684.0118854 84095.8800221917 2.80626800517791e-11)
(15928684.0118854 84095.8800221917 2.80626800517791e-11)
(15928684.0118854 84095.8800221917 2.80626800517791e-11)
(15928684.0118854 84095.8800221917 2.80626800517791e-11)
(15928684.0118854 84095.8800221917 2.80626800517791e-11)
(15928684.0118854 84095.8800221917 2.80626800517791e-11)
(15928684.0118854 84095.8800221917 2.80626800517791e-11)
(15928684.0118854 84095.8800221917 2.80626800517791e-11)
(15928684.0118854 84095.8800221917 2.80626800517791e-11)
(15928684.0118854 84095.8800221917 2.80626800517791e-11)
(15928684.0118854 84095.8800221917 2.80626800517791e-11)
(15928684.0118854 84095.8800221917 2.80626800517791e-11)
(15928684.0118854 84095.8800221917 2.80626800517791e-11)
(15928684.0118854 84095.8800221917 2.80626800517791e-11)
(15928684.0118854 84095.8800221917 2.80626800517791e-11)
(15928684.0118854 84095.8800221917 2.80626800517791e-11)
(15928684.0118854 84095.8800221917 2.80626800517791e-11)
(15928684.0118854 84095.8800221917 2.80626800517791e-11)
(15928684.0118854 84095.8800221917 2.80626800517791e-11)
(15928684.0118854 84095.8800221917 2.80626800517791e-11)
(15928684.0118854 84095.8800221917 2.80626800517791e-11)
(15928684.0118854 84095.8800221917 2.80626800517791e-11)
(15928684.0118854 84095.8800221917 2.80626800517791e-11)
(15928684.0118854 84095.8800221917 2.80626800517791e-11)
(15928684.0118854 84095.8800221917 2.80626800517791e-11)
(15928684.0118854 84095.8800221917 2.80626800517791e-11)
(15928684.0118854 84095.8800221917 2.80626800517791e-11)
(15928684.0118854 84095.8800221917 2.80626800517791e-11)
(15928684.0118854 84095.8800221917 2.80626800517791e-11)
(15928684.0118854 84095.8800221917 2.80626800517791e-11)
(15928684.0118854 84095.8800221917 2.80626800517791e-11)
(15928684.0118854 84095.8800221917 2.80626800517791e-11)
(-9039087.63839158 33718.1549890171 -2.42028265587474e-11)
(-9039087.63839158 33718.1549890171 -2.42028265587474e-11)
(-9059968.089221474 31769.728207428 -3.344464818188709e-11)
(-9210927.094764292 24330.5349896873 -1.1929820934009834e-10)
(-9377220.03391586 26068.483084437466 -5.536224065952738e-10)
(-9559021.381849347 27723.044070024906 -2.1218494207691612e-11)
(-9749299.579863675 28714.075211391202 -6.321717337610713e-11)
(-9948119.236196993 29518.894128871252 -5.102906130926657e-10)
(-10154452.8908463 30313.01337725186 -7.081050568237661e-10)
(-10369459.761965977 31129.547804576265 -1.1282516692139608e-09)
(-10593663.338566415 31980.104951837042 -1.1611480902420778e-09)
(-10826997.178401263 32850.571411789926 -1.6581787613677464e-10)
(-11071587.938963799 33753.53600496049 -1.1442831145865536e-09)
(-11326210.181313474 34698.24692565174 -4.1895673931417817e-10)
(-11593625.185233507 35674.77397628837 -2.2025030010577224e-11)
(-11873047.98787303 36693.14075033536 -2.8241130492692296e-09)
(-12166217.48340682 37773.94901739574 1.6010319573952952e-09)
(-12474124.797371201 38907.37387719655 1.0114360608857777e-09)
(-12796860.552439038 40100.173645155766 -6.89490168559489e-10)
(-13137836.037992649 41378.347752309244 -2.2936765676351764e-09)
(-13495330.906403884 42715.66862536314 -2.34172042497859e-09)
(-13874190.93868789 44164.48522921578 -6.02756373517184e-10)
(-14273077.548351299 45731.26370509395 -2.382715734377395e-09)
(-14695278.757303506 47402.370848194005 -4.082290399892026e-09)
(-15142891.038554823 49230.729396771865 -3.108309015721249e-09)
(-15616019.705415664 51262.373470322505 4.3773522995398676e-10)
(-16121034.111053249 53464.31023316765 1.2372670272764896e-09)
(-16655487.715572694 55919.75297475031 -2.69988853191059e-10)
(-17227663.64203172 58821.385538558 7.0427823117292e-09)
(-17835736.986345887 61944.03927158642 8.091142033075712e-09)
(-18486451.040289063 65632.42245106862 3.374500671490671e-09)
(-19182558.099921133 70109.33452467034 -5.152194192045099e-09)
(-19924926.353887364 75015.31513132615 2.190824623226861e-09)
(-20725930.249911197 81137.90428629523 -1.500795037145592e-09)
(-21578433.675471965 88658.55082281731 6.474377346371781e-10)
(-22497917.0186507 97152.09045929486 -8.084653581495818e-10)
(-23481385.135722183 107826.70947251527 -2.402576667236175e-09)
(-24533242.240491852 121556.42970749318 -8.396034408086515e-09)
(-25657854.791917626 136868.8367270581 -3.962135888212671e-09)
(-26854554.152536154 156601.14127381117 -1.2963692027641203e-09)
(-28121942.92785985 182941.52399840002 3.3928261561737396e-09)
(-29444950.194927763 212325.96228792044 6.845052105208141e-09)
(-30812825.973479796 262503.2778068956 -8.661249770398312e-09)
(-32105974.5528787 344060.1994906454 3.146543544134559e-09)
(-33203075.649632193 445597.5860116757 -2.162413948312928e-09)
(-33935271.58153078 597855.4793412968 -6.334573262774035e-09)
(-34071999.60229695 743738.1258434958 1.8262907277044932e-09)
(-33568185.7947857 850355.5184663916 6.399370054037964e-10)
(-32422787.66004116 966284.3694707712 -6.650908921833666e-09)
(-30471724.693495266 997934.7016105803 -7.686453837716648e-09)
(-28013627.67340693 982901.9723951794 3.908334686941121e-09)
(-25052230.930294335 923432.1924435026 1.4664013314991918e-09)
(-21776933.600643247 801635.3153429043 -7.811557018618074e-09)
(-18353490.38434029 651770.6884525666 -9.355399444704912e-09)
(-14883876.5698709 477230.33820231096 8.6049619976112e-09)
(-11427724.485867087 301070.3660321022 2.1113289966031307e-08)
(-8002916.646621078 127653.90204421684 -6.8460250324429156e-09)
(-4567627.835763687 -28489.573698990127 -1.0817201023632745e-08)
(-1033843.4049412538 -160159.39220372884 1.1498455944173688e-08)
(2756252.719488839 -260213.37613310313 -4.65709654516914e-09)
(7292548.056254152 -359847.3325598398 -2.0447719322091077e-09)
(12545094.835621059 -364168.0092128421 -1.203879316998729e-09)
(16598312.763555028 -66696.10166293819 8.183966740884223e-10)
(15813625.156993957 -26160.34368560509 -9.357693051419396e-09)
(15771717.099488087 28909.39907567838 7.607635733433193e-09)
(15799845.893351965 58092.34051778831 1.5524134810691798e-09)
(15737623.028939052 76241.6395663606 2.748695551102327e-10)
(15743158.060092308 80565.0953052274 5.583954445946618e-09)
(15799492.34903495 82438.69185539571 5.654470330971406e-09)
(15848261.33798878 78454.9861446501 3.1701652804754325e-09)
(15888431.502743457 76111.67334817944 -5.805878465411861e-10)
(15925734.24025435 82022.00898525029 -1.9239030437350962e-10)
(15928684.0118854 84095.8800221917 2.80626800517791e-11)
(15928684.0118854 84095.8800221917 2.80626800517791e-11)
(15928684.0118854 84095.8800221917 2.80626800517791e-11)
(15928684.0118854 84095.8800221917 2.80626800517791e-11)
(15928684.0118854 84095.8800221917 2.80626800517791e-11)
(15928684.0118854 84095.8800221917 2.80626800517791e-11)
(15928684.0118854 84095.8800221917 2.80626800517791e-11)
(15928684.0118854 84095.8800221917 2.80626800517791e-11)
(15928684.0118854 84095.8800221917 2.80626800517791e-11)
(15928684.0118854 84095.8800221917 2.80626800517791e-11)
(15928684.0118854 84095.8800221917 2.80626800517791e-11)
(15928684.0118854 84095.8800221917 2.80626800517791e-11)
(15928684.0118854 84095.8800221917 2.80626800517791e-11)
(15928684.0118854 84095.8800221917 2.80626800517791e-11)
(15928684.0118854 84095.8800221917 2.80626800517791e-11)
(15928684.0118854 84095.8800221917 2.80626800517791e-11)
(15928684.0118854 84095.8800221917 2.80626800517791e-11)
(15928684.0118854 84095.8800221917 2.80626800517791e-11)
(15928684.0118854 84095.8800221917 2.80626800517791e-11)
(15928684.0118854 84095.8800221917 2.80626800517791e-11)
(15928684.0118854 84095.8800221917 2.80626800517791e-11)
(15928684.0118854 84095.8800221917 2.80626800517791e-11)
(15928684.0118854 84095.8800221917 2.80626800517791e-11)
(15928684.0118854 84095.8800221917 2.80626800517791e-11)
(15928684.0118854 84095.8800221917 2.80626800517791e-11)
(15928684.0118854 84095.8800221917 2.80626800517791e-11)
(15928684.0118854 84095.8800221917 2.80626800517791e-11)
(15928684.0118854 84095.8800221917 2.80626800517791e-11)
(15928684.0118854 84095.8800221917 2.80626800517791e-11)
(15928684.0118854 84095.8800221917 2.80626800517791e-11)
(15928684.0118854 84095.8800221917 2.80626800517791e-11)
(15928684.0118854 84095.8800221917 2.80626800517791e-11)
(15928684.0118854 84095.8800221917 2.80626800517791e-11)
(15928684.0118854 84095.8800221917 2.80626800517791e-11)
(15928684.0118854 84095.8800221917 2.80626800517791e-11)
(15928684.0118854 84095.8800221917 2.80626800517791e-11)
(15928684.0118854 84095.8800221917 2.80626800517791e-11)
(15928684.0118854 84095.8800221917 2.80626800517791e-11)
(15928684.0118854 84095.8800221917 2.80626800517791e-11)
(15928684.0118854 84095.8800221917 2.80626800517791e-11)
(15928684.0118854 84095.8800221917 2.80626800517791e-11)
(15928684.0118854 84095.8800221917 2.80626800517791e-11)
(15928684.0118854 84095.8800221917 2.80626800517791e-11)
(15928684.0118854 84095.8800221917 2.80626800517791e-11)
(15928684.0118854 84095.8800221917 2.80626800517791e-11)
(15928684.0118854 84095.8800221917 2.80626800517791e-11)
(15928684.0118854 84095.8800221917 2.80626800517791e-11)
(15928684.0118854 84095.8800221917 2.80626800517791e-11)
(15928684.0118854 84095.8800221917 2.80626800517791e-11)
(15928684.0118854 84095.8800221917 2.80626800517791e-11)
)