
                    FoamFile
                    {
                         version   2.0;
                         format    ascii;
                         class     scalarField;
                         object    values;
                    }
                    //***********************************************************************// //

                    244
(
1165551.89150034
1165551.89150034
1673629.3316646884
5121387.890793423
8694786.193094645
12394700.700268168
16209751.021731235
20169015.791720085
24259978.593567178
28499384.33362456
32895016.809250914
37443780.114317946
42178080.13436333
47076667.90158574
52182286.85338085
57478719.11384159
62992108.30434446
68735335.421085
74705379.45714046
80952317.54924762
87446252.02783747
94253791.57865894
101352707.98036864
108785425.0635045
116574867.36203343
124719463.10283798
133301372.35074498
142277077.6706497
151757552.05737263
161711806.21602696
172214273.13478148
183308914.1194044
194999636.0156553
207432617.15323347
220541889.92916805
234528653.57345188
249349668.15740746
265148081.30317882
282016602.21179765
299976278.0393482
319314156.9363275
339925963.62541974
362213728.2301943
386118920.2494687
411945246.8423083
439905861.3604765
470071894.8791738
503060495.462486
538689618.3668722
577827629.1138034
620378828.6726124
666988104.9192351
718094315.6590254
773814697.126152
835190369.0213995
901421513.1077063
973783979.1374977
1050899852.0005457
1128619282.0995507
1202235011.006297
1269861976.1533957
1268623128.2096248
1063613003.461035
909659248.2818666
723242602.3275322
548475734.0542958
403378187.01231885
276503179.40564895
172620691.31058252
93200680.32295042
40152054.02452982
7284300.176497631
3338995.41301715
3338995.41301715
3338995.41301715
3338995.41301715
3338995.41301715
3338995.41301715
3338995.41301715
3338995.41301715
3338995.41301715
3338995.41301715
3338995.41301715
3338995.41301715
3338995.41301715
3338995.41301715
3338995.41301715
3338995.41301715
3338995.41301715
3338995.41301715
3338995.41301715
3338995.41301715
3338995.41301715
3338995.41301715
3338995.41301715
3338995.41301715
3338995.41301715
3338995.41301715
3338995.41301715
3338995.41301715
3338995.41301715
3338995.41301715
3338995.41301715
3338995.41301715
3338995.41301715
3338995.41301715
3338995.41301715
3338995.41301715
3338995.41301715
3338995.41301715
3338995.41301715
3338995.41301715
3338995.41301715
3338995.41301715
3338995.41301715
3338995.41301715
3338995.41301715
3338995.41301715
3338995.41301715
3338995.41301715
3338995.41301715
3338995.41301715
1165551.89150034
1165551.89150034
1673629.3316646884
5121387.890793423
8694786.193094645
12394700.700268168
16209751.021731235
20169015.791720085
24259978.593567178
28499384.33362456
32895016.809250914
37443780.114317946
42178080.13436333
47076667.90158574
52182286.85338085
57478719.11384159
62992108.30434446
68735335.421085
74705379.45714046
80952317.54924762
87446252.02783747
94253791.57865894
101352707.98036864
108785425.0635045
116574867.36203343
124719463.10283798
133301372.35074498
142277077.6706497
151757552.05737263
161711806.21602696
172214273.13478148
183308914.1194044
194999636.0156553
207432617.15323347
220541889.92916805
234528653.57345188
249349668.15740746
265148081.30317882
282016602.21179765
299976278.0393482
319314156.9363275
339925963.62541974
362213728.2301943
386118920.2494687
411945246.8423083
439905861.3604765
470071894.8791738
503060495.462486
538689618.3668722
577827629.1138034
620378828.6726124
666988104.9192351
718094315.6590254
773814697.126152
835190369.0213995
901421513.1077063
973783979.1374977
1050899852.0005457
1128619282.0995507
1202235011.006297
1269861976.1533957
1268623128.2096248
1063613003.461035
909659248.2818666
723242602.3275322
548475734.0542958
403378187.01231885
276503179.40564895
172620691.31058252
93200680.32295042
40152054.02452982
7284300.176497631
3338995.41301715
3338995.41301715
3338995.41301715
3338995.41301715
3338995.41301715
3338995.41301715
3338995.41301715
3338995.41301715
3338995.41301715
3338995.41301715
3338995.41301715
3338995.41301715
3338995.41301715
3338995.41301715
3338995.41301715
3338995.41301715
3338995.41301715
3338995.41301715
3338995.41301715
3338995.41301715
3338995.41301715
3338995.41301715
3338995.41301715
3338995.41301715
3338995.41301715
3338995.41301715
3338995.41301715
3338995.41301715
3338995.41301715
3338995.41301715
3338995.41301715
3338995.41301715
3338995.41301715
3338995.41301715
3338995.41301715
3338995.41301715
3338995.41301715
3338995.41301715
3338995.41301715
3338995.41301715
3338995.41301715
3338995.41301715
3338995.41301715
3338995.41301715
3338995.41301715
3338995.41301715
3338995.41301715
3338995.41301715
3338995.41301715
3338995.41301715
)