202
(
(0 -3.011583382789554e-06 1.3148857014019832e-07)
(0 -3.011583382789554e-06 1.3148857014019832e-07)
(0 -3.011583382789554e-06 1.3148857014019832e-07)
(0 -3.011583382789554e-06 1.3148857014019832e-07)
(0 -3.011583382789554e-06 1.3148857014019832e-07)
(0 -3.011583382789554e-06 1.3148857014019832e-07)
(0 -3.011583382789554e-06 1.3148857014019832e-07)
(0 -3.011583382789554e-06 1.3148857014019832e-07)
(0 -3.011583382789554e-06 1.3148857014019832e-07)
(0 -3.011583382789554e-06 1.3148857014019832e-07)
(0 -3.011583382789554e-06 1.3148857014019832e-07)
(0 -3.011583382789554e-06 1.3148857014019832e-07)
(0 -3.011583382789554e-06 1.3148857014019832e-07)
(0 -3.011583382789554e-06 1.3148857014019832e-07)
(0 -3.011583382789554e-06 1.3148857014019832e-07)
(0 -3.011583382789554e-06 1.3148857014019832e-07)
(0 -3.011583382789554e-06 1.3148857014019832e-07)
(0 -3.011583382789554e-06 1.3148857014019832e-07)
(0 -3.011583382789554e-06 1.3148857014019832e-07)
(0 -3.011583382789554e-06 1.3148857014019832e-07)
(0 -3.011583382789554e-06 1.3148857014019832e-07)
(0 -3.011583382789554e-06 1.3148857014019832e-07)
(0 -3.011583382789554e-06 1.3148857014019832e-07)
(0 -3.011583382789554e-06 1.3148857014019832e-07)
(0 -3.011583382789554e-06 1.3148857014019832e-07)
(0 -3.011583382789554e-06 1.3148857014019832e-07)
(0 -3.011583382789554e-06 1.3148857014019832e-07)
(0 -3.011583382789554e-06 1.3148857014019832e-07)
(0 -3.011583382789554e-06 1.3148857014019832e-07)
(0 -3.011583382789554e-06 1.3148857014019832e-07)
(0 -3.011583382789554e-06 1.3148857014019832e-07)
(0 -3.011583382789554e-06 1.3148857014019832e-07)
(0 -3.011583382789554e-06 1.3148857014019832e-07)
(0 -3.011583382789554e-06 1.3148857014019832e-07)
(0 -3.011583382789554e-06 1.3148857014019832e-07)
(0 -3.011583382789554e-06 1.3148857014019832e-07)
(0 -3.011583382789554e-06 1.3148857014019832e-07)
(0 -3.011583382789554e-06 1.3148857014019832e-07)
(0 -3.011583382789554e-06 1.3148857014019832e-07)
(0 -3.011583382789554e-06 1.3148857014019832e-07)
(0 -3.011583382789554e-06 1.3148857014019832e-07)
(0 -3.011583382789554e-06 1.3148857014019832e-07)
(0 -3.011583382789554e-06 1.3148857014019832e-07)
(0 -3.011583382789554e-06 1.3148857014019832e-07)
(0 -3.011583382789554e-06 1.3148857014019832e-07)
(0 -3.011583382789554e-06 1.3148857014019832e-07)
(0 -3.011583382789554e-06 1.3148857014019832e-07)
(0 -3.011583382789554e-06 1.3148857014019832e-07)
(0 -3.011583382789554e-06 1.3148857014019832e-07)
(0 -3.011583382789554e-06 1.3148857014019832e-07)
(0 -3.011583382789554e-06 1.3148857014019832e-07)
(0 -3.011583382789554e-06 1.3148857014019832e-07)
(0 -3.011583382789554e-06 1.3148857014019832e-07)
(0 -3.011583382789554e-06 1.3148857014019832e-07)
(0 -3.011583382789554e-06 1.3148857014019832e-07)
(0 -3.011583382789554e-06 1.3148857014019832e-07)
(0 -3.011583382789554e-06 1.3148857014019832e-07)
(0 -3.011583382789554e-06 1.3148857014019832e-07)
(0 -3.011583382789554e-06 1.3148857014019832e-07)
(0 -3.011583382789554e-06 1.3148857014019832e-07)
(0 -3.011583382789554e-06 1.3148857014019832e-07)
(0 -3.011583382789554e-06 1.3148857014019832e-07)
(0 -3.011583382789554e-06 1.3148857014019832e-07)
(0 -3.011583382789554e-06 1.3148857014019832e-07)
(0 -3.011583382789554e-06 1.3148857014019832e-07)
(0 -3.011583382789554e-06 1.3148857014019832e-07)
(0 -3.011583382789554e-06 1.3148857014019832e-07)
(0 -3.011583382789554e-06 1.3148857014019832e-07)
(0 -3.011583382789554e-06 1.3148857014019832e-07)
(0 -3.011583382789554e-06 1.3148857014019832e-07)
(0 -3.011583382789554e-06 1.3148857014019832e-07)
(0 -3.011583382789554e-06 1.3148857014019832e-07)
(0 -3.011583382789554e-06 1.3148857014019832e-07)
(0 -3.011583382789554e-06 1.3148857014019832e-07)
(0 -3.011583382789554e-06 1.3148857014019832e-07)
(0 -3.011583382789554e-06 1.3148857014019832e-07)
(0 -3.011583382789554e-06 1.3148857014019832e-07)
(0 -3.011583382789554e-06 1.3148857014019832e-07)
(0 -3.011583382789554e-06 1.3148857014019832e-07)
(0 -3.011583382789554e-06 1.3148857014019832e-07)
(0 -3.011583382789554e-06 1.3148857014019832e-07)
(0 -3.011583382789554e-06 1.3148857014019832e-07)
(0 -3.011583382789554e-06 1.3148857014019832e-07)
(0 -3.011583382789554e-06 1.3148857014019832e-07)
(0 -3.011583382789554e-06 1.3148857014019832e-07)
(0 -3.011583382789554e-06 1.3148857014019832e-07)
(0 -3.011583382789554e-06 1.3148857014019832e-07)
(0 -3.011583382789554e-06 1.3148857014019832e-07)
(0 -3.011583382789554e-06 1.3148857014019832e-07)
(0 -3.011583382789554e-06 1.3148857014019832e-07)
(0 -3.011583382789554e-06 1.3148857014019832e-07)
(0 -3.011583382789554e-06 1.3148857014019832e-07)
(0 -3.011583382789554e-06 1.3148857014019832e-07)
(0 -3.011583382789554e-06 1.3148857014019832e-07)
(0 -3.011583382789554e-06 1.3148857014019832e-07)
(0 -3.011583382789554e-06 1.3148857014019832e-07)
(0 -3.011583382789554e-06 1.3148857014019832e-07)
(0 -3.011583382789554e-06 1.3148857014019832e-07)
(0 -3.011583382789554e-06 1.3148857014019832e-07)
(0 -3.011583382789554e-06 1.3148857014019832e-07)
(0 -3.011583382789554e-06 1.3148857014019832e-07)
(0 -3.011583382789554e-06 -1.3148857014019832e-07)
(0 -3.011583382789554e-06 -1.3148857014019832e-07)
(0 -3.011583382789554e-06 -1.3148857014019832e-07)
(0 -3.011583382789554e-06 -1.3148857014019832e-07)
(0 -3.011583382789554e-06 -1.3148857014019832e-07)
(0 -3.011583382789554e-06 -1.3148857014019832e-07)
(0 -3.011583382789554e-06 -1.3148857014019832e-07)
(0 -3.011583382789554e-06 -1.3148857014019832e-07)
(0 -3.011583382789554e-06 -1.3148857014019832e-07)
(0 -3.011583382789554e-06 -1.3148857014019832e-07)
(0 -3.011583382789554e-06 -1.3148857014019832e-07)
(0 -3.011583382789554e-06 -1.3148857014019832e-07)
(0 -3.011583382789554e-06 -1.3148857014019832e-07)
(0 -3.011583382789554e-06 -1.3148857014019832e-07)
(0 -3.011583382789554e-06 -1.3148857014019832e-07)
(0 -3.011583382789554e-06 -1.3148857014019832e-07)
(0 -3.011583382789554e-06 -1.3148857014019832e-07)
(0 -3.011583382789554e-06 -1.3148857014019832e-07)
(0 -3.011583382789554e-06 -1.3148857014019832e-07)
(0 -3.011583382789554e-06 -1.3148857014019832e-07)
(0 -3.011583382789554e-06 -1.3148857014019832e-07)
(0 -3.011583382789554e-06 -1.3148857014019832e-07)
(0 -3.011583382789554e-06 -1.3148857014019832e-07)
(0 -3.011583382789554e-06 -1.3148857014019832e-07)
(0 -3.011583382789554e-06 -1.3148857014019832e-07)
(0 -3.011583382789554e-06 -1.3148857014019832e-07)
(0 -3.011583382789554e-06 -1.3148857014019832e-07)
(0 -3.011583382789554e-06 -1.3148857014019832e-07)
(0 -3.011583382789554e-06 -1.3148857014019832e-07)
(0 -3.011583382789554e-06 -1.3148857014019832e-07)
(0 -3.011583382789554e-06 -1.3148857014019832e-07)
(0 -3.011583382789554e-06 -1.3148857014019832e-07)
(0 -3.011583382789554e-06 -1.3148857014019832e-07)
(0 -3.011583382789554e-06 -1.3148857014019832e-07)
(0 -3.011583382789554e-06 -1.3148857014019832e-07)
(0 -3.011583382789554e-06 -1.3148857014019832e-07)
(0 -3.011583382789554e-06 -1.3148857014019832e-07)
(0 -3.011583382789554e-06 -1.3148857014019832e-07)
(0 -3.011583382789554e-06 -1.3148857014019832e-07)
(0 -3.011583382789554e-06 -1.3148857014019832e-07)
(0 -3.011583382789554e-06 -1.3148857014019832e-07)
(0 -3.011583382789554e-06 -1.3148857014019832e-07)
(0 -3.011583382789554e-06 -1.3148857014019832e-07)
(0 -3.011583382789554e-06 -1.3148857014019832e-07)
(0 -3.011583382789554e-06 -1.3148857014019832e-07)
(0 -3.011583382789554e-06 -1.3148857014019832e-07)
(0 -3.011583382789554e-06 -1.3148857014019832e-07)
(0 -3.011583382789554e-06 -1.3148857014019832e-07)
(0 -3.011583382789554e-06 -1.3148857014019832e-07)
(0 -3.011583382789554e-06 -1.3148857014019832e-07)
(0 -3.011583382789554e-06 -1.3148857014019832e-07)
(0 -3.011583382789554e-06 -1.3148857014019832e-07)
(0 -3.011583382789554e-06 -1.3148857014019832e-07)
(0 -3.011583382789554e-06 -1.3148857014019832e-07)
(0 -3.011583382789554e-06 -1.3148857014019832e-07)
(0 -3.011583382789554e-06 -1.3148857014019832e-07)
(0 -3.011583382789554e-06 -1.3148857014019832e-07)
(0 -3.011583382789554e-06 -1.3148857014019832e-07)
(0 -3.011583382789554e-06 -1.3148857014019832e-07)
(0 -3.011583382789554e-06 -1.3148857014019832e-07)
(0 -3.011583382789554e-06 -1.3148857014019832e-07)
(0 -3.011583382789554e-06 -1.3148857014019832e-07)
(0 -3.011583382789554e-06 -1.3148857014019832e-07)
(0 -3.011583382789554e-06 -1.3148857014019832e-07)
(0 -3.011583382789554e-06 -1.3148857014019832e-07)
(0 -3.011583382789554e-06 -1.3148857014019832e-07)
(0 -3.011583382789554e-06 -1.3148857014019832e-07)
(0 -3.011583382789554e-06 -1.3148857014019832e-07)
(0 -3.011583382789554e-06 -1.3148857014019832e-07)
(0 -3.011583382789554e-06 -1.3148857014019832e-07)
(0 -3.011583382789554e-06 -1.3148857014019832e-07)
(0 -3.011583382789554e-06 -1.3148857014019832e-07)
(0 -3.011583382789554e-06 -1.3148857014019832e-07)
(0 -3.011583382789554e-06 -1.3148857014019832e-07)
(0 -3.011583382789554e-06 -1.3148857014019832e-07)
(0 -3.011583382789554e-06 -1.3148857014019832e-07)
(0 -3.011583382789554e-06 -1.3148857014019832e-07)
(0 -3.011583382789554e-06 -1.3148857014019832e-07)
(0 -3.011583382789554e-06 -1.3148857014019832e-07)
(0 -3.011583382789554e-06 -1.3148857014019832e-07)
(0 -3.011583382789554e-06 -1.3148857014019832e-07)
(0 -3.011583382789554e-06 -1.3148857014019832e-07)
(0 -3.011583382789554e-06 -1.3148857014019832e-07)
(0 -3.011583382789554e-06 -1.3148857014019832e-07)
(0 -3.011583382789554e-06 -1.3148857014019832e-07)
(0 -3.011583382789554e-06 -1.3148857014019832e-07)
(0 -3.011583382789554e-06 -1.3148857014019832e-07)
(0 -3.011583382789554e-06 -1.3148857014019832e-07)
(0 -3.011583382789554e-06 -1.3148857014019832e-07)
(0 -3.011583382789554e-06 -1.3148857014019832e-07)
(0 -3.011583382789554e-06 -1.3148857014019832e-07)
(0 -3.011583382789554e-06 -1.3148857014019832e-07)
(0 -3.011583382789554e-06 -1.3148857014019832e-07)
(0 -3.011583382789554e-06 -1.3148857014019832e-07)
(0 -3.011583382789554e-06 -1.3148857014019832e-07)
(0 -3.011583382789554e-06 -1.3148857014019832e-07)
(0 -3.011583382789554e-06 -1.3148857014019832e-07)
(0 -3.011583382789554e-06 -1.3148857014019832e-07)
(0 -3.011583382789554e-06 -1.3148857014019832e-07)
(0 -3.011583382789554e-06 -1.3148857014019832e-07)
(0 -3.011583382789554e-06 -1.3148857014019832e-07)
)