202
(
(0 -2.7000402742251174e-06 1.178863042636261e-07)
(0 -2.7000402742251174e-06 1.178863042636261e-07)
(0 -2.7000402742251174e-06 1.178863042636261e-07)
(0 -2.7000402742251174e-06 1.178863042636261e-07)
(0 -2.7000402742251174e-06 1.178863042636261e-07)
(0 -2.7000402742251174e-06 1.178863042636261e-07)
(0 -2.7000402742251174e-06 1.178863042636261e-07)
(0 -2.7000402742251174e-06 1.178863042636261e-07)
(0 -2.7000402742251174e-06 1.178863042636261e-07)
(0 -2.7000402742251174e-06 1.178863042636261e-07)
(0 -2.7000402742251174e-06 1.178863042636261e-07)
(0 -2.7000402742251174e-06 1.178863042636261e-07)
(0 -2.7000402742251174e-06 1.178863042636261e-07)
(0 -2.7000402742251174e-06 1.178863042636261e-07)
(0 -2.7000402742251174e-06 1.178863042636261e-07)
(0 -2.7000402742251174e-06 1.178863042636261e-07)
(0 -2.7000402742251174e-06 1.178863042636261e-07)
(0 -2.7000402742251174e-06 1.178863042636261e-07)
(0 -2.7000402742251174e-06 1.178863042636261e-07)
(0 -2.7000402742251174e-06 1.178863042636261e-07)
(0 -2.7000402742251174e-06 1.178863042636261e-07)
(0 -2.7000402742251174e-06 1.178863042636261e-07)
(0 -2.7000402742251174e-06 1.178863042636261e-07)
(0 -2.7000402742251174e-06 1.178863042636261e-07)
(0 -2.7000402742251174e-06 1.178863042636261e-07)
(0 -2.7000402742251174e-06 1.178863042636261e-07)
(0 -2.7000402742251174e-06 1.178863042636261e-07)
(0 -2.7000402742251174e-06 1.178863042636261e-07)
(0 -2.7000402742251174e-06 1.178863042636261e-07)
(0 -2.7000402742251174e-06 1.178863042636261e-07)
(0 -2.7000402742251174e-06 1.178863042636261e-07)
(0 -2.7000402742251174e-06 1.178863042636261e-07)
(0 -2.7000402742251174e-06 1.178863042636261e-07)
(0 -2.7000402742251174e-06 1.178863042636261e-07)
(0 -2.7000402742251174e-06 1.178863042636261e-07)
(0 -2.7000402742251174e-06 1.178863042636261e-07)
(0 -2.7000402742251174e-06 1.178863042636261e-07)
(0 -2.7000402742251174e-06 1.178863042636261e-07)
(0 -2.7000402742251174e-06 1.178863042636261e-07)
(0 -2.7000402742251174e-06 1.178863042636261e-07)
(0 -2.7000402742251174e-06 1.178863042636261e-07)
(0 -2.7000402742251174e-06 1.178863042636261e-07)
(0 -2.7000402742251174e-06 1.178863042636261e-07)
(0 -2.7000402742251174e-06 1.178863042636261e-07)
(0 -2.7000402742251174e-06 1.178863042636261e-07)
(0 -2.7000402742251174e-06 1.178863042636261e-07)
(0 -2.7000402742251174e-06 1.178863042636261e-07)
(0 -2.7000402742251174e-06 1.178863042636261e-07)
(0 -2.7000402742251174e-06 1.178863042636261e-07)
(0 -2.7000402742251174e-06 1.178863042636261e-07)
(0 -2.7000402742251174e-06 1.178863042636261e-07)
(0 -2.7000402742251174e-06 1.178863042636261e-07)
(0 -2.7000402742251174e-06 1.178863042636261e-07)
(0 -2.7000402742251174e-06 1.178863042636261e-07)
(0 -2.7000402742251174e-06 1.178863042636261e-07)
(0 -2.7000402742251174e-06 1.178863042636261e-07)
(0 -2.7000402742251174e-06 1.178863042636261e-07)
(0 -2.7000402742251174e-06 1.178863042636261e-07)
(0 -2.7000402742251174e-06 1.178863042636261e-07)
(0 -2.7000402742251174e-06 1.178863042636261e-07)
(0 -2.7000402742251174e-06 1.178863042636261e-07)
(0 -2.7000402742251174e-06 1.178863042636261e-07)
(0 -2.7000402742251174e-06 1.178863042636261e-07)
(0 -2.7000402742251174e-06 1.178863042636261e-07)
(0 -2.7000402742251174e-06 1.178863042636261e-07)
(0 -2.7000402742251174e-06 1.178863042636261e-07)
(0 -2.7000402742251174e-06 1.178863042636261e-07)
(0 -2.7000402742251174e-06 1.178863042636261e-07)
(0 -2.7000402742251174e-06 1.178863042636261e-07)
(0 -2.7000402742251174e-06 1.178863042636261e-07)
(0 -2.7000402742251174e-06 1.178863042636261e-07)
(0 -2.7000402742251174e-06 1.178863042636261e-07)
(0 -2.7000402742251174e-06 1.178863042636261e-07)
(0 -2.7000402742251174e-06 1.178863042636261e-07)
(0 -2.7000402742251174e-06 1.178863042636261e-07)
(0 -2.7000402742251174e-06 1.178863042636261e-07)
(0 -2.7000402742251174e-06 1.178863042636261e-07)
(0 -2.7000402742251174e-06 1.178863042636261e-07)
(0 -2.7000402742251174e-06 1.178863042636261e-07)
(0 -2.7000402742251174e-06 1.178863042636261e-07)
(0 -2.7000402742251174e-06 1.178863042636261e-07)
(0 -2.7000402742251174e-06 1.178863042636261e-07)
(0 -2.7000402742251174e-06 1.178863042636261e-07)
(0 -2.7000402742251174e-06 1.178863042636261e-07)
(0 -2.7000402742251174e-06 1.178863042636261e-07)
(0 -2.7000402742251174e-06 1.178863042636261e-07)
(0 -2.7000402742251174e-06 1.178863042636261e-07)
(0 -2.7000402742251174e-06 1.178863042636261e-07)
(0 -2.7000402742251174e-06 1.178863042636261e-07)
(0 -2.7000402742251174e-06 1.178863042636261e-07)
(0 -2.7000402742251174e-06 1.178863042636261e-07)
(0 -2.7000402742251174e-06 1.178863042636261e-07)
(0 -2.7000402742251174e-06 1.178863042636261e-07)
(0 -2.7000402742251174e-06 1.178863042636261e-07)
(0 -2.7000402742251174e-06 1.178863042636261e-07)
(0 -2.7000402742251174e-06 1.178863042636261e-07)
(0 -2.7000402742251174e-06 1.178863042636261e-07)
(0 -2.7000402742251174e-06 1.178863042636261e-07)
(0 -2.7000402742251174e-06 1.178863042636261e-07)
(0 -2.7000402742251174e-06 1.178863042636261e-07)
(0 -2.7000402742251174e-06 1.178863042636261e-07)
(0 -2.7000402742251174e-06 -1.178863042636261e-07)
(0 -2.7000402742251174e-06 -1.178863042636261e-07)
(0 -2.7000402742251174e-06 -1.178863042636261e-07)
(0 -2.7000402742251174e-06 -1.178863042636261e-07)
(0 -2.7000402742251174e-06 -1.178863042636261e-07)
(0 -2.7000402742251174e-06 -1.178863042636261e-07)
(0 -2.7000402742251174e-06 -1.178863042636261e-07)
(0 -2.7000402742251174e-06 -1.178863042636261e-07)
(0 -2.7000402742251174e-06 -1.178863042636261e-07)
(0 -2.7000402742251174e-06 -1.178863042636261e-07)
(0 -2.7000402742251174e-06 -1.178863042636261e-07)
(0 -2.7000402742251174e-06 -1.178863042636261e-07)
(0 -2.7000402742251174e-06 -1.178863042636261e-07)
(0 -2.7000402742251174e-06 -1.178863042636261e-07)
(0 -2.7000402742251174e-06 -1.178863042636261e-07)
(0 -2.7000402742251174e-06 -1.178863042636261e-07)
(0 -2.7000402742251174e-06 -1.178863042636261e-07)
(0 -2.7000402742251174e-06 -1.178863042636261e-07)
(0 -2.7000402742251174e-06 -1.178863042636261e-07)
(0 -2.7000402742251174e-06 -1.178863042636261e-07)
(0 -2.7000402742251174e-06 -1.178863042636261e-07)
(0 -2.7000402742251174e-06 -1.178863042636261e-07)
(0 -2.7000402742251174e-06 -1.178863042636261e-07)
(0 -2.7000402742251174e-06 -1.178863042636261e-07)
(0 -2.7000402742251174e-06 -1.178863042636261e-07)
(0 -2.7000402742251174e-06 -1.178863042636261e-07)
(0 -2.7000402742251174e-06 -1.178863042636261e-07)
(0 -2.7000402742251174e-06 -1.178863042636261e-07)
(0 -2.7000402742251174e-06 -1.178863042636261e-07)
(0 -2.7000402742251174e-06 -1.178863042636261e-07)
(0 -2.7000402742251174e-06 -1.178863042636261e-07)
(0 -2.7000402742251174e-06 -1.178863042636261e-07)
(0 -2.7000402742251174e-06 -1.178863042636261e-07)
(0 -2.7000402742251174e-06 -1.178863042636261e-07)
(0 -2.7000402742251174e-06 -1.178863042636261e-07)
(0 -2.7000402742251174e-06 -1.178863042636261e-07)
(0 -2.7000402742251174e-06 -1.178863042636261e-07)
(0 -2.7000402742251174e-06 -1.178863042636261e-07)
(0 -2.7000402742251174e-06 -1.178863042636261e-07)
(0 -2.7000402742251174e-06 -1.178863042636261e-07)
(0 -2.7000402742251174e-06 -1.178863042636261e-07)
(0 -2.7000402742251174e-06 -1.178863042636261e-07)
(0 -2.7000402742251174e-06 -1.178863042636261e-07)
(0 -2.7000402742251174e-06 -1.178863042636261e-07)
(0 -2.7000402742251174e-06 -1.178863042636261e-07)
(0 -2.7000402742251174e-06 -1.178863042636261e-07)
(0 -2.7000402742251174e-06 -1.178863042636261e-07)
(0 -2.7000402742251174e-06 -1.178863042636261e-07)
(0 -2.7000402742251174e-06 -1.178863042636261e-07)
(0 -2.7000402742251174e-06 -1.178863042636261e-07)
(0 -2.7000402742251174e-06 -1.178863042636261e-07)
(0 -2.7000402742251174e-06 -1.178863042636261e-07)
(0 -2.7000402742251174e-06 -1.178863042636261e-07)
(0 -2.7000402742251174e-06 -1.178863042636261e-07)
(0 -2.7000402742251174e-06 -1.178863042636261e-07)
(0 -2.7000402742251174e-06 -1.178863042636261e-07)
(0 -2.7000402742251174e-06 -1.178863042636261e-07)
(0 -2.7000402742251174e-06 -1.178863042636261e-07)
(0 -2.7000402742251174e-06 -1.178863042636261e-07)
(0 -2.7000402742251174e-06 -1.178863042636261e-07)
(0 -2.7000402742251174e-06 -1.178863042636261e-07)
(0 -2.7000402742251174e-06 -1.178863042636261e-07)
(0 -2.7000402742251174e-06 -1.178863042636261e-07)
(0 -2.7000402742251174e-06 -1.178863042636261e-07)
(0 -2.7000402742251174e-06 -1.178863042636261e-07)
(0 -2.7000402742251174e-06 -1.178863042636261e-07)
(0 -2.7000402742251174e-06 -1.178863042636261e-07)
(0 -2.7000402742251174e-06 -1.178863042636261e-07)
(0 -2.7000402742251174e-06 -1.178863042636261e-07)
(0 -2.7000402742251174e-06 -1.178863042636261e-07)
(0 -2.7000402742251174e-06 -1.178863042636261e-07)
(0 -2.7000402742251174e-06 -1.178863042636261e-07)
(0 -2.7000402742251174e-06 -1.178863042636261e-07)
(0 -2.7000402742251174e-06 -1.178863042636261e-07)
(0 -2.7000402742251174e-06 -1.178863042636261e-07)
(0 -2.7000402742251174e-06 -1.178863042636261e-07)
(0 -2.7000402742251174e-06 -1.178863042636261e-07)
(0 -2.7000402742251174e-06 -1.178863042636261e-07)
(0 -2.7000402742251174e-06 -1.178863042636261e-07)
(0 -2.7000402742251174e-06 -1.178863042636261e-07)
(0 -2.7000402742251174e-06 -1.178863042636261e-07)
(0 -2.7000402742251174e-06 -1.178863042636261e-07)
(0 -2.7000402742251174e-06 -1.178863042636261e-07)
(0 -2.7000402742251174e-06 -1.178863042636261e-07)
(0 -2.7000402742251174e-06 -1.178863042636261e-07)
(0 -2.7000402742251174e-06 -1.178863042636261e-07)
(0 -2.7000402742251174e-06 -1.178863042636261e-07)
(0 -2.7000402742251174e-06 -1.178863042636261e-07)
(0 -2.7000402742251174e-06 -1.178863042636261e-07)
(0 -2.7000402742251174e-06 -1.178863042636261e-07)
(0 -2.7000402742251174e-06 -1.178863042636261e-07)
(0 -2.7000402742251174e-06 -1.178863042636261e-07)
(0 -2.7000402742251174e-06 -1.178863042636261e-07)
(0 -2.7000402742251174e-06 -1.178863042636261e-07)
(0 -2.7000402742251174e-06 -1.178863042636261e-07)
(0 -2.7000402742251174e-06 -1.178863042636261e-07)
(0 -2.7000402742251174e-06 -1.178863042636261e-07)
(0 -2.7000402742251174e-06 -1.178863042636261e-07)
(0 -2.7000402742251174e-06 -1.178863042636261e-07)
(0 -2.7000402742251174e-06 -1.178863042636261e-07)
(0 -2.7000402742251174e-06 -1.178863042636261e-07)
)