
                    FoamFile
                    {
                         version   2.0;
                         format    ascii;
                         class     vectorField;
                         object    values;
                    }
                    //***********************************************************************// //

                    244
(
(-8943786.20834973 40786.388411498 -9.83640056554674e-12)
(-8943786.20834973 40786.388411498 -9.83640056554674e-12)
(-8963636.36908877 38851.46297665827 -1.6991662206328146e-11)
(-9109612.146077145 32635.95481669929 -3.6114925449531386e-11)
(-9277704.752568964 35815.60903324029 -1.8326554585362065e-10)
(-9460924.315953402 38376.29678508031 -9.638559975372632e-11)
(-9653425.28718188 39830.62086167425 5.651935654197758e-10)
(-9854870.871645717 40931.03623490073 3.525485306475986e-10)
(-10064131.820238804 42013.6204084636 2.0927493877145908e-09)
(-10282383.057377234 43134.48453437207 1.5067066265194078e-09)
(-10510213.236062743 44302.78456291923 1.6925979227788466e-09)
(-10747527.583391357 45513.5936155376 2.096235458437845e-09)
(-10996557.6086772 46773.90881287369 -1.26060465534678e-10)
(-11256083.749335086 48083.60200432451 1.4713792413093943e-09)
(-11528968.581059407 49462.30088433628 -1.4666525936047684e-09)
(-11814383.313481558 50892.579146511016 -1.3884372788727479e-11)
(-12114260.460044522 52397.81041152708 3.4171207143794105e-09)
(-12429617.422523394 53985.89894189195 1.1051847775942954e-09)
(-12760533.562814409 55660.50236093177 2.3642090425903264e-10)
(-13110730.73742415 57449.22660126719 4.0403243430784586e-10)
(-13478331.564027265 59329.12540240464 -2.930041557379567e-09)
(-13868499.96732897 61335.80228748899 1.4999051861539813e-09)
(-14279993.099321721 63489.31225318972 1.3521218844948146e-09)
(-14716217.945247108 65809.8181251158 -9.237450080922405e-10)
(-15179396.70733008 68298.6087839449 1.136664201807888e-09)
(-15669989.071139064 71021.37493983355 -1.2557663093967796e-09)
(-16194585.569263298 74038.5677994756 -4.414347926149694e-09)
(-16750418.192560108 77283.04626881993 -5.749850782862201e-09)
(-17347234.98797674 80998.38040253868 4.313069177947253e-09)
(-17982436.82636647 85191.28523642266 4.242462663944971e-09)
(-18662953.498276856 89820.96190468437 1.1956949665969771e-08)
(-19393347.45057539 95221.13085895791 1.1317538742859584e-08)
(-20173312.637047615 101542.0507172518 5.483829262475481e-09)
(-21015441.917047597 108688.92089137448 3.048594910977124e-09)
(-21915398.530981436 117144.18501721366 1.7873253929303289e-09)
(-22886414.057615984 127752.01951575249 3.666788125982303e-09)
(-23923870.158837415 139450.67005306407 7.29602029088212e-09)
(-25039692.12813649 154056.39132452037 5.469962206261868e-09)
(-26229835.582623616 172752.41774925118 7.124861323064626e-09)
(-27490293.0769579 193302.15848855049 4.37697654116892e-09)
(-28834666.983944997 220178.52114916052 -5.9102356455830205e-09)
(-30221811.390852205 260006.30829275353 -2.744858061905398e-09)
(-31588628.80939861 315025.606760342 5.3230000146507094e-09)
(-32852937.021973584 400576.92904011643 -2.2684335083494828e-08)
(-33751477.331177294 529286.9553759599 -1.8658495280919353e-08)
(-34115521.15785474 646967.6563555399 -8.213795120645284e-09)
(-33922507.69746536 764779.3353216669 2.1573825350802817e-09)
(-32873789.9526615 867165.322082242 1.2243574697544756e-08)
(-31168707.240862798 907004.2100979935 -1.55178730747699e-08)
(-28772714.47913422 910832.0120145886 -7.570774373054343e-09)
(-25827458.11825388 859034.4226793682 -6.7152010118370146e-09)
(-22549937.98632136 751762.3081642967 6.990910673681603e-09)
(-19081789.03366733 612119.3417474937 -8.988523296027274e-09)
(-15579455.1692374 448499.2337055439 -1.9669388817954247e-08)
(-12132945.935284 276329.18847444246 9.833613604565488e-09)
(-8786724.519081388 106571.12528824162 6.291455945335758e-09)
(-5528059.333113762 -47760.27448920642 -2.8214751701814287e-09)
(-2281776.6876056553 -182946.03541627567 1.1789847726610947e-08)
(1033171.72400383 -298608.2097068954 -7.795180900781409e-09)
(4623337.447933741 -390472.9084642211 1.390262010737535e-09)
(8743524.986076241 -450348.18875878694 7.592983695035596e-09)
(13735791.05598151 -486157.19775631954 -4.170330082012475e-10)
(17351257.824485917 -30909.664729950833 1.1478726987630752e-08)
(16812415.41961067 -1433.7872256220562 8.842915065651217e-09)
(16750321.57529317 46058.754027363386 -1.9069504406242966e-09)
(16719160.42909675 76739.71689908224 -2.0990158477412737e-09)
(16726542.717876766 85937.83005421473 -9.996745686819535e-09)
(16780999.734079577 92530.11601943935 6.089709279467579e-09)
(16859909.400719352 88863.39563539415 -8.698809414118884e-09)
(16943101.0099945 82683.67211602871 2.1458110114448072e-09)
(17022845.082251642 76342.10052754289 -1.820200275148301e-09)
(17094695.49323527 72908.2151359572 -1.348054857262362e-09)
(17103762.2512421 72096.2749648194 -7.77695360820745e-10)
(17103762.2512421 72096.2749648194 -7.77695360820745e-10)
(17103762.2512421 72096.2749648194 -7.77695360820745e-10)
(17103762.2512421 72096.2749648194 -7.77695360820745e-10)
(17103762.2512421 72096.2749648194 -7.77695360820745e-10)
(17103762.2512421 72096.2749648194 -7.77695360820745e-10)
(17103762.2512421 72096.2749648194 -7.77695360820745e-10)
(17103762.2512421 72096.2749648194 -7.77695360820745e-10)
(17103762.2512421 72096.2749648194 -7.77695360820745e-10)
(17103762.2512421 72096.2749648194 -7.77695360820745e-10)
(17103762.2512421 72096.2749648194 -7.77695360820745e-10)
(17103762.2512421 72096.2749648194 -7.77695360820745e-10)
(17103762.2512421 72096.2749648194 -7.77695360820745e-10)
(17103762.2512421 72096.2749648194 -7.77695360820745e-10)
(17103762.2512421 72096.2749648194 -7.77695360820745e-10)
(17103762.2512421 72096.2749648194 -7.77695360820745e-10)
(17103762.2512421 72096.2749648194 -7.77695360820745e-10)
(17103762.2512421 72096.2749648194 -7.77695360820745e-10)
(17103762.2512421 72096.2749648194 -7.77695360820745e-10)
(17103762.2512421 72096.2749648194 -7.77695360820745e-10)
(17103762.2512421 72096.2749648194 -7.77695360820745e-10)
(17103762.2512421 72096.2749648194 -7.77695360820745e-10)
(17103762.2512421 72096.2749648194 -7.77695360820745e-10)
(17103762.2512421 72096.2749648194 -7.77695360820745e-10)
(17103762.2512421 72096.2749648194 -7.77695360820745e-10)
(17103762.2512421 72096.2749648194 -7.77695360820745e-10)
(17103762.2512421 72096.2749648194 -7.77695360820745e-10)
(17103762.2512421 72096.2749648194 -7.77695360820745e-10)
(17103762.2512421 72096.2749648194 -7.77695360820745e-10)
(17103762.2512421 72096.2749648194 -7.77695360820745e-10)
(17103762.2512421 72096.2749648194 -7.77695360820745e-10)
(17103762.2512421 72096.2749648194 -7.77695360820745e-10)
(17103762.2512421 72096.2749648194 -7.77695360820745e-10)
(17103762.2512421 72096.2749648194 -7.77695360820745e-10)
(17103762.2512421 72096.2749648194 -7.77695360820745e-10)
(17103762.2512421 72096.2749648194 -7.77695360820745e-10)
(17103762.2512421 72096.2749648194 -7.77695360820745e-10)
(17103762.2512421 72096.2749648194 -7.77695360820745e-10)
(17103762.2512421 72096.2749648194 -7.77695360820745e-10)
(17103762.2512421 72096.2749648194 -7.77695360820745e-10)
(17103762.2512421 72096.2749648194 -7.77695360820745e-10)
(17103762.2512421 72096.2749648194 -7.77695360820745e-10)
(17103762.2512421 72096.2749648194 -7.77695360820745e-10)
(17103762.2512421 72096.2749648194 -7.77695360820745e-10)
(17103762.2512421 72096.2749648194 -7.77695360820745e-10)
(17103762.2512421 72096.2749648194 -7.77695360820745e-10)
(17103762.2512421 72096.2749648194 -7.77695360820745e-10)
(17103762.2512421 72096.2749648194 -7.77695360820745e-10)
(17103762.2512421 72096.2749648194 -7.77695360820745e-10)
(17103762.2512421 72096.2749648194 -7.77695360820745e-10)
(-8943786.20834973 40786.388411498 -9.83640056554674e-12)
(-8943786.20834973 40786.388411498 -9.83640056554674e-12)
(-8963636.36908877 38851.46297665827 -1.6991662206328146e-11)
(-9109612.146077145 32635.95481669929 -3.6114925449531386e-11)
(-9277704.752568964 35815.60903324029 -1.8326554585362065e-10)
(-9460924.315953402 38376.29678508031 -9.638559975372632e-11)
(-9653425.28718188 39830.62086167425 5.651935654197758e-10)
(-9854870.871645717 40931.03623490073 3.525485306475986e-10)
(-10064131.820238804 42013.6204084636 2.0927493877145908e-09)
(-10282383.057377234 43134.48453437207 1.5067066265194078e-09)
(-10510213.236062743 44302.78456291923 1.6925979227788466e-09)
(-10747527.583391357 45513.5936155376 2.096235458437845e-09)
(-10996557.6086772 46773.90881287369 -1.26060465534678e-10)
(-11256083.749335086 48083.60200432451 1.4713792413093943e-09)
(-11528968.581059407 49462.30088433628 -1.4666525936047684e-09)
(-11814383.313481558 50892.579146511016 -1.3884372788727479e-11)
(-12114260.460044522 52397.81041152708 3.4171207143794105e-09)
(-12429617.422523394 53985.89894189195 1.1051847775942954e-09)
(-12760533.562814409 55660.50236093177 2.3642090425903264e-10)
(-13110730.73742415 57449.22660126719 4.0403243430784586e-10)
(-13478331.564027265 59329.12540240464 -2.930041557379567e-09)
(-13868499.96732897 61335.80228748899 1.4999051861539813e-09)
(-14279993.099321721 63489.31225318972 1.3521218844948146e-09)
(-14716217.945247108 65809.8181251158 -9.237450080922405e-10)
(-15179396.70733008 68298.6087839449 1.136664201807888e-09)
(-15669989.071139064 71021.37493983355 -1.2557663093967796e-09)
(-16194585.569263298 74038.5677994756 -4.414347926149694e-09)
(-16750418.192560108 77283.04626881993 -5.749850782862201e-09)
(-17347234.98797674 80998.38040253868 4.313069177947253e-09)
(-17982436.82636647 85191.28523642266 4.242462663944971e-09)
(-18662953.498276856 89820.96190468437 1.1956949665969771e-08)
(-19393347.45057539 95221.13085895791 1.1317538742859584e-08)
(-20173312.637047615 101542.0507172518 5.483829262475481e-09)
(-21015441.917047597 108688.92089137448 3.048594910977124e-09)
(-21915398.530981436 117144.18501721366 1.7873253929303289e-09)
(-22886414.057615984 127752.01951575249 3.666788125982303e-09)
(-23923870.158837415 139450.67005306407 7.29602029088212e-09)
(-25039692.12813649 154056.39132452037 5.469962206261868e-09)
(-26229835.582623616 172752.41774925118 7.124861323064626e-09)
(-27490293.0769579 193302.15848855049 4.37697654116892e-09)
(-28834666.983944997 220178.52114916052 -5.9102356455830205e-09)
(-30221811.390852205 260006.30829275353 -2.744858061905398e-09)
(-31588628.80939861 315025.606760342 5.3230000146507094e-09)
(-32852937.021973584 400576.92904011643 -2.2684335083494828e-08)
(-33751477.331177294 529286.9553759599 -1.8658495280919353e-08)
(-34115521.15785474 646967.6563555399 -8.213795120645284e-09)
(-33922507.69746536 764779.3353216669 2.1573825350802817e-09)
(-32873789.9526615 867165.322082242 1.2243574697544756e-08)
(-31168707.240862798 907004.2100979935 -1.55178730747699e-08)
(-28772714.47913422 910832.0120145886 -7.570774373054343e-09)
(-25827458.11825388 859034.4226793682 -6.7152010118370146e-09)
(-22549937.98632136 751762.3081642967 6.990910673681603e-09)
(-19081789.03366733 612119.3417474937 -8.988523296027274e-09)
(-15579455.1692374 448499.2337055439 -1.9669388817954247e-08)
(-12132945.935284 276329.18847444246 9.833613604565488e-09)
(-8786724.519081388 106571.12528824162 6.291455945335758e-09)
(-5528059.333113762 -47760.27448920642 -2.8214751701814287e-09)
(-2281776.6876056553 -182946.03541627567 1.1789847726610947e-08)
(1033171.72400383 -298608.2097068954 -7.795180900781409e-09)
(4623337.447933741 -390472.9084642211 1.390262010737535e-09)
(8743524.986076241 -450348.18875878694 7.592983695035596e-09)
(13735791.05598151 -486157.19775631954 -4.170330082012475e-10)
(17351257.824485917 -30909.664729950833 1.1478726987630752e-08)
(16812415.41961067 -1433.7872256220562 8.842915065651217e-09)
(16750321.57529317 46058.754027363386 -1.9069504406242966e-09)
(16719160.42909675 76739.71689908224 -2.0990158477412737e-09)
(16726542.717876766 85937.83005421473 -9.996745686819535e-09)
(16780999.734079577 92530.11601943935 6.089709279467579e-09)
(16859909.400719352 88863.39563539415 -8.698809414118884e-09)
(16943101.0099945 82683.67211602871 2.1458110114448072e-09)
(17022845.082251642 76342.10052754289 -1.820200275148301e-09)
(17094695.49323527 72908.2151359572 -1.348054857262362e-09)
(17103762.2512421 72096.2749648194 -7.77695360820745e-10)
(17103762.2512421 72096.2749648194 -7.77695360820745e-10)
(17103762.2512421 72096.2749648194 -7.77695360820745e-10)
(17103762.2512421 72096.2749648194 -7.77695360820745e-10)
(17103762.2512421 72096.2749648194 -7.77695360820745e-10)
(17103762.2512421 72096.2749648194 -7.77695360820745e-10)
(17103762.2512421 72096.2749648194 -7.77695360820745e-10)
(17103762.2512421 72096.2749648194 -7.77695360820745e-10)
(17103762.2512421 72096.2749648194 -7.77695360820745e-10)
(17103762.2512421 72096.2749648194 -7.77695360820745e-10)
(17103762.2512421 72096.2749648194 -7.77695360820745e-10)
(17103762.2512421 72096.2749648194 -7.77695360820745e-10)
(17103762.2512421 72096.2749648194 -7.77695360820745e-10)
(17103762.2512421 72096.2749648194 -7.77695360820745e-10)
(17103762.2512421 72096.2749648194 -7.77695360820745e-10)
(17103762.2512421 72096.2749648194 -7.77695360820745e-10)
(17103762.2512421 72096.2749648194 -7.77695360820745e-10)
(17103762.2512421 72096.2749648194 -7.77695360820745e-10)
(17103762.2512421 72096.2749648194 -7.77695360820745e-10)
(17103762.2512421 72096.2749648194 -7.77695360820745e-10)
(17103762.2512421 72096.2749648194 -7.77695360820745e-10)
(17103762.2512421 72096.2749648194 -7.77695360820745e-10)
(17103762.2512421 72096.2749648194 -7.77695360820745e-10)
(17103762.2512421 72096.2749648194 -7.77695360820745e-10)
(17103762.2512421 72096.2749648194 -7.77695360820745e-10)
(17103762.2512421 72096.2749648194 -7.77695360820745e-10)
(17103762.2512421 72096.2749648194 -7.77695360820745e-10)
(17103762.2512421 72096.2749648194 -7.77695360820745e-10)
(17103762.2512421 72096.2749648194 -7.77695360820745e-10)
(17103762.2512421 72096.2749648194 -7.77695360820745e-10)
(17103762.2512421 72096.2749648194 -7.77695360820745e-10)
(17103762.2512421 72096.2749648194 -7.77695360820745e-10)
(17103762.2512421 72096.2749648194 -7.77695360820745e-10)
(17103762.2512421 72096.2749648194 -7.77695360820745e-10)
(17103762.2512421 72096.2749648194 -7.77695360820745e-10)
(17103762.2512421 72096.2749648194 -7.77695360820745e-10)
(17103762.2512421 72096.2749648194 -7.77695360820745e-10)
(17103762.2512421 72096.2749648194 -7.77695360820745e-10)
(17103762.2512421 72096.2749648194 -7.77695360820745e-10)
(17103762.2512421 72096.2749648194 -7.77695360820745e-10)
(17103762.2512421 72096.2749648194 -7.77695360820745e-10)
(17103762.2512421 72096.2749648194 -7.77695360820745e-10)
(17103762.2512421 72096.2749648194 -7.77695360820745e-10)
(17103762.2512421 72096.2749648194 -7.77695360820745e-10)
(17103762.2512421 72096.2749648194 -7.77695360820745e-10)
(17103762.2512421 72096.2749648194 -7.77695360820745e-10)
(17103762.2512421 72096.2749648194 -7.77695360820745e-10)
(17103762.2512421 72096.2749648194 -7.77695360820745e-10)
(17103762.2512421 72096.2749648194 -7.77695360820745e-10)
(17103762.2512421 72096.2749648194 -7.77695360820745e-10)
)