/*--------------------------------*- C++ -*----------------------------------*\
| =========                 |                                                 |
| \\      /  F ield         | foam-extend: Open Source CFD                    |
|  \\    /   O peration     | Version:     4.1-20200408                       |
|   \\  /    A nd           | Web:         http://www.foam-extend.org         |
|    \\/     M anipulation  |                                                 |
\*---------------------------------------------------------------------------*/
FoamFile
{
    version     2.0;
    format      ascii;
    class       volVectorField;
    location    "0.0015000";
    object      U_0;
}
// * * * * * * * * * * * * * * * * * * * * * * * * * * * * * * * * * * * * * //

dimensions      [0 1 0 0 0 0 0];

internalField   nonuniform List<vector> 
1952
(
(0.00143897 -4.97639e-08 0)
(0.00143902 -5.32658e-08 0)
(0.00143908 -5.68251e-08 0)
(0.00143913 -6.03806e-08 0)
(0.00143919 -6.4067e-08 0)
(0.00143925 -6.7806e-08 0)
(0.00143931 -7.17591e-08 0)
(0.00143937 -7.5881e-08 0)
(0.00143943 -8.03069e-08 0)
(0.0014395 -8.50359e-08 0)
(0.00143957 -9.01651e-08 0)
(0.00143965 -9.57256e-08 0)
(0.00143972 -1.01784e-07 0)
(0.0014398 -1.08385e-07 0)
(0.00143989 -1.15573e-07 0)
(0.00143998 -1.23389e-07 0)
(0.00144008 -1.31852e-07 0)
(0.00144019 -1.40981e-07 0)
(0.0014403 -1.50761e-07 0)
(0.00144042 -1.61164e-07 0)
(0.00144056 -1.72122e-07 0)
(0.0014407 -1.83531e-07 0)
(0.00144085 -1.95239e-07 0)
(0.00144101 -2.07041e-07 0)
(0.00144119 -2.18673e-07 0)
(0.00144138 -2.29809e-07 0)
(0.00144157 -2.40064e-07 0)
(0.00144178 -2.49005e-07 0)
(0.001442 -2.56164e-07 0)
(0.00144223 -2.61069e-07 0)
(0.00144246 -2.63279e-07 0)
(0.00144269 -2.62428e-07 0)
(0.00144292 -2.58271e-07 0)
(0.00144315 -2.50734e-07 0)
(0.00144337 -2.39927e-07 0)
(0.00144358 -2.26172e-07 0)
(0.00144378 -2.09951e-07 0)
(0.00144396 -1.91911e-07 0)
(0.00144412 -1.72729e-07 0)
(0.00144427 -1.53158e-07 0)
(0.0014444 -1.33842e-07 0)
(0.00144451 -1.15435e-07 0)
(0.00144461 -9.83762e-08 0)
(0.00144469 -8.3086e-08 0)
(0.00144476 -6.97313e-08 0)
(0.00144483 -5.84568e-08 0)
(0.00144488 -4.91901e-08 0)
(0.00144493 -4.185e-08 0)
(0.00144498 -3.62297e-08 0)
(0.00144503 -3.21288e-08 0)
(0.00144508 -2.9312e-08 0)
(0.00144513 -2.7553e-08 0)
(0.00144517 -2.66496e-08 0)
(0.00144523 -2.64045e-08 0)
(0.00144528 -2.66683e-08 0)
(0.00144534 -2.72939e-08 0)
(0.00144539 -2.81812e-08 0)
(0.00144546 -2.9233e-08 0)
(0.00144552 -3.03877e-08 0)
(0.00144559 -3.15878e-08 0)
(0.00144566 -3.27987e-08 0)
(0.00144573 -3.39905e-08 0)
(0.00144581 -3.51469e-08 0)
(0.00144588 -3.6255e-08 0)
(0.00144596 -3.73094e-08 0)
(0.00144604 -3.83074e-08 0)
(0.00144612 -3.92496e-08 0)
(0.00144621 -4.01381e-08 0)
(0.0014463 -4.09766e-08 0)
(0.00144638 -4.17689e-08 0)
(0.00144647 -4.25193e-08 0)
(0.00144656 -4.32318e-08 0)
(0.00144665 -4.39098e-08 0)
(0.00144675 -4.45559e-08 0)
(0.00144684 -4.51718e-08 0)
(0.00144694 -4.57577e-08 0)
(0.00144703 -4.63127e-08 0)
(0.00144713 -4.68339e-08 0)
(0.00144723 -4.73165e-08 0)
(0.00144733 -4.77535e-08 0)
(0.00144743 -4.81358e-08 0)
(0.00144754 -4.84517e-08 0)
(0.00144764 -4.86871e-08 0)
(0.00144774 -4.88258e-08 0)
(0.00144785 -4.88502e-08 0)
(0.00144795 -4.87423e-08 0)
(0.00144806 -4.84853e-08 0)
(0.00144817 -4.80665e-08 0)
(0.00144827 -4.74799e-08 0)
(0.00144838 -4.67304e-08 0)
(0.00144849 -4.58377e-08 0)
(0.00144859 -4.48397e-08 0)
(0.0014487 -4.37943e-08 0)
(0.00143898 -8.10681e-08 0)
(0.00143903 -8.67762e-08 0)
(0.00143908 -9.25754e-08 0)
(0.00143914 -9.83601e-08 0)
(0.00143919 -1.04355e-07 0)
(0.00143925 -1.10433e-07 0)
(0.00143931 -1.16855e-07 0)
(0.00143938 -1.23552e-07 0)
(0.00143944 -1.30739e-07 0)
(0.00143951 -1.38421e-07 0)
(0.00143958 -1.4675e-07 0)
(0.00143965 -1.55781e-07 0)
(0.00143973 -1.65619e-07 0)
(0.00143981 -1.76339e-07 0)
(0.0014399 -1.88012e-07 0)
(0.00143999 -2.00704e-07 0)
(0.00144009 -2.14451e-07 0)
(0.00144019 -2.29283e-07 0)
(0.00144031 -2.45179e-07 0)
(0.00144043 -2.62096e-07 0)
(0.00144056 -2.79925e-07 0)
(0.0014407 -2.98504e-07 0)
(0.00144085 -3.17587e-07 0)
(0.00144101 -3.36846e-07 0)
(0.00144119 -3.55853e-07 0)
(0.00144137 -3.74081e-07 0)
(0.00144157 -3.90901e-07 0)
(0.00144178 -4.05603e-07 0)
(0.001442 -4.17418e-07 0)
(0.00144222 -4.25565e-07 0)
(0.00144245 -4.29306e-07 0)
(0.00144268 -4.28032e-07 0)
(0.00144292 -4.21323e-07 0)
(0.00144314 -4.09047e-07 0)
(0.00144337 -3.91378e-07 0)
(0.00144358 -3.68849e-07 0)
(0.00144377 -3.42262e-07 0)
(0.00144395 -3.12686e-07 0)
(0.00144412 -2.81247e-07 0)
(0.00144426 -2.49191e-07 0)
(0.00144439 -2.17579e-07 0)
(0.0014445 -1.87488e-07 0)
(0.0014446 -1.59635e-07 0)
(0.00144468 -1.3471e-07 0)
(0.00144475 -1.12979e-07 0)
(0.00144482 -9.46725e-08 0)
(0.00144487 -7.96603e-08 0)
(0.00144492 -6.78e-08 0)
(0.00144497 -5.87446e-08 0)
(0.00144502 -5.21593e-08 0)
(0.00144507 -4.76562e-08 0)
(0.00144512 -4.48627e-08 0)
(0.00144517 -4.34493e-08 0)
(0.00144522 -4.30937e-08 0)
(0.00144527 -4.3555e-08 0)
(0.00144533 -4.45938e-08 0)
(0.00144539 -4.605e-08 0)
(0.00144545 -4.77665e-08 0)
(0.00144552 -4.96449e-08 0)
(0.00144558 -5.15929e-08 0)
(0.00144565 -5.35557e-08 0)
(0.00144573 -5.54855e-08 0)
(0.0014458 -5.73564e-08 0)
(0.00144588 -5.91483e-08 0)
(0.00144596 -6.08529e-08 0)
(0.00144604 -6.2466e-08 0)
(0.00144612 -6.39889e-08 0)
(0.00144621 -6.54252e-08 0)
(0.00144629 -6.67809e-08 0)
(0.00144638 -6.80623e-08 0)
(0.00144647 -6.92765e-08 0)
(0.00144656 -7.04298e-08 0)
(0.00144665 -7.15279e-08 0)
(0.00144674 -7.25751e-08 0)
(0.00144684 -7.3574e-08 0)
(0.00144693 -7.45252e-08 0)
(0.00144703 -7.54271e-08 0)
(0.00144713 -7.62752e-08 0)
(0.00144723 -7.70617e-08 0)
(0.00144733 -7.77757e-08 0)
(0.00144743 -7.84021e-08 0)
(0.00144753 -7.89221e-08 0)
(0.00144764 -7.93129e-08 0)
(0.00144774 -7.9548e-08 0)
(0.00144785 -7.95985e-08 0)
(0.00144795 -7.94345e-08 0)
(0.00144806 -7.90278e-08 0)
(0.00144817 -7.83563e-08 0)
(0.00144827 -7.74085e-08 0)
(0.00144838 -7.61908e-08 0)
(0.00144849 -7.47332e-08 0)
(0.00144859 -7.30966e-08 0)
(0.0014487 -7.13732e-08 0)
(0.00143899 -1.12747e-07 0)
(0.00143904 -1.20697e-07 0)
(0.00143909 -1.28776e-07 0)
(0.00143914 -1.36811e-07 0)
(0.0014392 -1.45144e-07 0)
(0.00143926 -1.53575e-07 0)
(0.00143932 -1.62489e-07 0)
(0.00143938 -1.71777e-07 0)
(0.00143945 -1.81746e-07 0)
(0.00143952 -1.92397e-07 0)
(0.00143959 -2.03943e-07 0)
(0.00143966 -2.16459e-07 0)
(0.00143974 -2.30091e-07 0)
(0.00143982 -2.44943e-07 0)
(0.00143991 -2.61113e-07 0)
(0.00144 -2.78696e-07 0)
(0.0014401 -2.97743e-07 0)
(0.0014402 -3.18297e-07 0)
(0.00144031 -3.40337e-07 0)
(0.00144043 -3.63808e-07 0)
(0.00144056 -3.88565e-07 0)
(0.0014407 -4.14392e-07 0)
(0.00144085 -4.40955e-07 0)
(0.00144101 -4.67809e-07 0)
(0.00144119 -4.94365e-07 0)
(0.00144137 -5.19893e-07 0)
(0.00144157 -5.4352e-07 0)
(0.00144177 -5.6425e-07 0)
(0.00144199 -5.80995e-07 0)
(0.00144222 -5.92643e-07 0)
(0.00144244 -5.98133e-07 0)
(0.00144268 -5.96577e-07 0)
(0.00144291 -5.87355e-07 0)
(0.00144314 -5.70255e-07 0)
(0.00144336 -5.45515e-07 0)
(0.00144357 -5.13892e-07 0)
(0.00144376 -4.76536e-07 0)
(0.00144394 -4.34983e-07 0)
(0.00144411 -3.90844e-07 0)
(0.00144425 -3.4589e-07 0)
(0.00144438 -3.01626e-07 0)
(0.00144449 -2.59572e-07 0)
(0.00144459 -2.2073e-07 0)
(0.00144467 -1.86066e-07 0)
(0.00144474 -1.55933e-07 0)
(0.0014448 -1.30638e-07 0)
(0.00144486 -1.0997e-07 0)
(0.00144491 -9.37084e-08 0)
(0.00144496 -8.13461e-08 0)
(0.00144501 -7.24002e-08 0)
(0.00144505 -6.63213e-08 0)
(0.0014451 -6.25839e-08 0)
(0.00144515 -6.07312e-08 0)
(0.00144521 -6.03143e-08 0)
(0.00144526 -6.10044e-08 0)
(0.00144532 -6.24719e-08 0)
(0.00144538 -6.45004e-08 0)
(0.00144544 -6.68755e-08 0)
(0.00144551 -6.94649e-08 0)
(0.00144558 -7.21441e-08 0)
(0.00144565 -7.48395e-08 0)
(0.00144572 -7.74873e-08 0)
(0.0014458 -8.00529e-08 0)
(0.00144588 -8.25099e-08 0)
(0.00144595 -8.48473e-08 0)
(0.00144604 -8.70598e-08 0)
(0.00144612 -8.91497e-08 0)
(0.0014462 -9.11219e-08 0)
(0.00144629 -9.29847e-08 0)
(0.00144638 -9.4747e-08 0)
(0.00144647 -9.64182e-08 0)
(0.00144656 -9.80073e-08 0)
(0.00144665 -9.95217e-08 0)
(0.00144674 -1.00968e-07 0)
(0.00144684 -1.02348e-07 0)
(0.00144693 -1.03665e-07 0)
(0.00144703 -1.04916e-07 0)
(0.00144713 -1.06094e-07 0)
(0.00144723 -1.07189e-07 0)
(0.00144733 -1.08187e-07 0)
(0.00144743 -1.09066e-07 0)
(0.00144753 -1.09801e-07 0)
(0.00144763 -1.1036e-07 0)
(0.00144774 -1.10707e-07 0)
(0.00144784 -1.108e-07 0)
(0.00144795 -1.10597e-07 0)
(0.00144806 -1.10057e-07 0)
(0.00144816 -1.09147e-07 0)
(0.00144827 -1.07846e-07 0)
(0.00144838 -1.06159e-07 0)
(0.00144848 -1.04125e-07 0)
(0.00144859 -1.01826e-07 0)
(0.0014487 -9.93938e-08 0)
(0.001439 -1.4467e-07 0)
(0.00143905 -1.54883e-07 0)
(0.0014391 -1.65251e-07 0)
(0.00143916 -1.75533e-07 0)
(0.00143921 -1.86187e-07 0)
(0.00143927 -1.96955e-07 0)
(0.00143933 -2.08328e-07 0)
(0.00143939 -2.20183e-07 0)
(0.00143946 -2.32896e-07 0)
(0.00143953 -2.46486e-07 0)
(0.0014396 -2.61208e-07 0)
(0.00143967 -2.77173e-07 0)
(0.00143975 -2.94551e-07 0)
(0.00143983 -3.13489e-07 0)
(0.00143992 -3.34103e-07 0)
(0.00144001 -3.56525e-07 0)
(0.00144011 -3.80817e-07 0)
(0.00144021 -4.07045e-07 0)
(0.00144032 -4.35187e-07 0)
(0.00144044 -4.65183e-07 0)
(0.00144057 -4.96861e-07 0)
(0.00144071 -5.29959e-07 0)
(0.00144086 -5.64065e-07 0)
(0.00144102 -5.98623e-07 0)
(0.00144119 -6.32892e-07 0)
(0.00144137 -6.65948e-07 0)
(0.00144156 -6.96668e-07 0)
(0.00144177 -7.23764e-07 0)
(0.00144198 -7.45813e-07 0)
(0.00144221 -7.61341e-07 0)
(0.00144244 -7.68927e-07 0)
(0.00144267 -7.67357e-07 0)
(0.0014429 -7.5577e-07 0)
(0.00144313 -7.3384e-07 0)
(0.00144335 -7.01856e-07 0)
(0.00144356 -6.60818e-07 0)
(0.00144375 -6.12267e-07 0)
(0.00144393 -5.58251e-07 0)
(0.0014441 -5.00919e-07 0)
(0.00144424 -4.42609e-07 0)
(0.00144436 -3.85299e-07 0)
(0.00144447 -3.30978e-07 0)
(0.00144457 -2.80942e-07 0)
(0.00144465 -2.3644e-07 0)
(0.00144472 -1.979e-07 0)
(0.00144478 -1.65696e-07 0)
(0.00144484 -1.39509e-07 0)
(0.00144489 -1.19014e-07 0)
(0.00144494 -1.03522e-07 0)
(0.00144499 -9.23846e-08 0)
(0.00144504 -8.4882e-08 0)
(0.00144509 -8.03278e-08 0)
(0.00144514 -7.81385e-08 0)
(0.00144519 -7.77375e-08 0)
(0.00144525 -7.87124e-08 0)
(0.00144531 -8.0645e-08 0)
(0.00144537 -8.3267e-08 0)
(0.00144543 -8.63095e-08 0)
(0.0014455 -8.96096e-08 0)
(0.00144557 -9.30128e-08 0)
(0.00144564 -9.64289e-08 0)
(0.00144571 -9.97799e-08 0)
(0.00144579 -1.03024e-07 0)
(0.00144587 -1.06128e-07 0)
(0.00144595 -1.09081e-07 0)
(0.00144603 -1.11877e-07 0)
(0.00144611 -1.14518e-07 0)
(0.0014462 -1.17012e-07 0)
(0.00144628 -1.19368e-07 0)
(0.00144637 -1.216e-07 0)
(0.00144646 -1.23718e-07 0)
(0.00144655 -1.25733e-07 0)
(0.00144664 -1.27656e-07 0)
(0.00144674 -1.29495e-07 0)
(0.00144683 -1.31253e-07 0)
(0.00144693 -1.32932e-07 0)
(0.00144702 -1.3453e-07 0)
(0.00144712 -1.36039e-07 0)
(0.00144722 -1.37446e-07 0)
(0.00144732 -1.38733e-07 0)
(0.00144742 -1.39874e-07 0)
(0.00144752 -1.40836e-07 0)
(0.00144763 -1.4158e-07 0)
(0.00144773 -1.42057e-07 0)
(0.00144784 -1.42216e-07 0)
(0.00144794 -1.42e-07 0)
(0.00144805 -1.41352e-07 0)
(0.00144816 -1.40226e-07 0)
(0.00144827 -1.38589e-07 0)
(0.00144837 -1.36441e-07 0)
(0.00144848 -1.33821e-07 0)
(0.00144859 -1.30831e-07 0)
(0.00144869 -1.27639e-07 0)
(0.00143901 -1.76529e-07 0)
(0.00143906 -1.89022e-07 0)
(0.00143911 -2.01712e-07 0)
(0.00143917 -2.14233e-07 0)
(0.00143923 -2.27221e-07 0)
(0.00143928 -2.40311e-07 0)
(0.00143935 -2.54145e-07 0)
(0.00143941 -2.68549e-07 0)
(0.00143947 -2.83996e-07 0)
(0.00143954 -3.00501e-07 0)
(0.00143961 -3.18373e-07 0)
(0.00143969 -3.37747e-07 0)
(0.00143976 -3.58827e-07 0)
(0.00143984 -3.81792e-07 0)
(0.00143993 -4.06784e-07 0)
(0.00144002 -4.33965e-07 0)
(0.00144012 -4.63417e-07 0)
(0.00144022 -4.95229e-07 0)
(0.00144033 -5.29384e-07 0)
(0.00144045 -5.65826e-07 0)
(0.00144058 -6.04363e-07 0)
(0.00144071 -6.44697e-07 0)
(0.00144086 -6.86352e-07 0)
(0.00144102 -7.28675e-07 0)
(0.00144119 -7.70783e-07 0)
(0.00144137 -8.11564e-07 0)
(0.00144156 -8.49654e-07 0)
(0.00144176 -8.83461e-07 0)
(0.00144197 -9.1121e-07 0)
(0.0014422 -9.31031e-07 0)
(0.00144242 -9.41095e-07 0)
(0.00144265 -9.39802e-07 0)
(0.00144289 -9.2599e-07 0)
(0.00144311 -8.99178e-07 0)
(0.00144334 -8.59694e-07 0)
(0.00144354 -8.08808e-07 0)
(0.00144374 -7.48518e-07 0)
(0.00144392 -6.81457e-07 0)
(0.00144408 -6.10376e-07 0)
(0.00144422 -5.38234e-07 0)
(0.00144435 -4.67516e-07 0)
(0.00144445 -4.00704e-07 0)
(0.00144455 -3.39391e-07 0)
(0.00144463 -2.85114e-07 0)
(0.0014447 -2.38353e-07 0)
(0.00144476 -1.99523e-07 0)
(0.00144481 -1.68151e-07 0)
(0.00144486 -1.43772e-07 0)
(0.00144491 -1.25482e-07 0)
(0.00144496 -1.12444e-07 0)
(0.00144501 -1.03758e-07 0)
(0.00144507 -9.85708e-08 0)
(0.00144512 -9.61763e-08 0)
(0.00144517 -9.58728e-08 0)
(0.00144523 -9.71747e-08 0)
(0.00144529 -9.95808e-08 0)
(0.00144536 -1.0278e-07 0)
(0.00144542 -1.06456e-07 0)
(0.00144549 -1.10421e-07 0)
(0.00144556 -1.14495e-07 0)
(0.00144563 -1.18574e-07 0)
(0.00144571 -1.22571e-07 0)
(0.00144578 -1.26437e-07 0)
(0.00144586 -1.30137e-07 0)
(0.00144594 -1.33657e-07 0)
(0.00144602 -1.3699e-07 0)
(0.00144611 -1.40142e-07 0)
(0.00144619 -1.43121e-07 0)
(0.00144628 -1.45939e-07 0)
(0.00144637 -1.48611e-07 0)
(0.00144646 -1.51152e-07 0)
(0.00144655 -1.53573e-07 0)
(0.00144664 -1.55887e-07 0)
(0.00144673 -1.58103e-07 0)
(0.00144683 -1.60226e-07 0)
(0.00144692 -1.62259e-07 0)
(0.00144702 -1.64198e-07 0)
(0.00144712 -1.66034e-07 0)
(0.00144722 -1.67754e-07 0)
(0.00144732 -1.69334e-07 0)
(0.00144742 -1.70745e-07 0)
(0.00144752 -1.71948e-07 0)
(0.00144762 -1.72895e-07 0)
(0.00144773 -1.73528e-07 0)
(0.00144783 -1.73782e-07 0)
(0.00144794 -1.73585e-07 0)
(0.00144805 -1.72866e-07 0)
(0.00144815 -1.71559e-07 0)
(0.00144826 -1.69616e-07 0)
(0.00144837 -1.67021e-07 0)
(0.00144848 -1.63815e-07 0)
(0.00144858 -1.60109e-07 0)
(0.00144869 -1.56108e-07 0)
(0.00143902 -2.08669e-07 0)
(0.00143908 -2.23462e-07 0)
(0.00143913 -2.38473e-07 0)
(0.00143918 -2.53211e-07 0)
(0.00143924 -2.6848e-07 0)
(0.0014393 -2.83851e-07 0)
(0.00143936 -3.00071e-07 0)
(0.00143942 -3.16976e-07 0)
(0.00143949 -3.35077e-07 0)
(0.00143956 -3.54438e-07 0)
(0.00143963 -3.75378e-07 0)
(0.0014397 -3.98088e-07 0)
(0.00143978 -4.22777e-07 0)
(0.00143986 -4.49677e-07 0)
(0.00143995 -4.78938e-07 0)
(0.00144004 -5.10768e-07 0)
(0.00144013 -5.45261e-07 0)
(0.00144024 -5.82538e-07 0)
(0.00144035 -6.22592e-07 0)
(0.00144046 -6.65379e-07 0)
(0.00144059 -7.10699e-07 0)
(0.00144072 -7.58232e-07 0)
(0.00144087 -8.07453e-07 0)
(0.00144102 -8.57628e-07 0)
(0.00144119 -9.07754e-07 0)
(0.00144136 -9.56542e-07 0)
(0.00144155 -1.00239e-06 0)
(0.00144175 -1.04341e-06 0)
(0.00144196 -1.07745e-06 0)
(0.00144218 -1.1022e-06 0)
(0.00144241 -1.11536e-06 0)
(0.00144264 -1.11487e-06 0)
(0.00144287 -1.09917e-06 0)
(0.0014431 -1.06755e-06 0)
(0.00144332 -1.02036e-06 0)
(0.00144353 -9.59151e-07 0)
(0.00144372 -8.86476e-07 0)
(0.0014439 -8.05638e-07 0)
(0.00144406 -7.20077e-07 0)
(0.0014442 -6.33435e-07 0)
(0.00144432 -5.48743e-07 0)
(0.00144443 -4.69017e-07 0)
(0.00144452 -3.96156e-07 0)
(0.0014446 -3.32001e-07 0)
(0.00144466 -2.77068e-07 0)
(0.00144473 -2.31791e-07 0)
(0.00144478 -1.95493e-07 0)
(0.00144483 -1.67525e-07 0)
(0.00144489 -1.46731e-07 0)
(0.00144494 -1.32059e-07 0)
(0.00144499 -1.2242e-07 0)
(0.00144504 -1.16783e-07 0)
(0.0014451 -1.14328e-07 0)
(0.00144515 -1.14224e-07 0)
(0.00144521 -1.15924e-07 0)
(0.00144528 -1.18845e-07 0)
(0.00144534 -1.22643e-07 0)
(0.00144541 -1.26955e-07 0)
(0.00144548 -1.31575e-07 0)
(0.00144555 -1.36303e-07 0)
(0.00144562 -1.41023e-07 0)
(0.0014457 -1.4564e-07 0)
(0.00144577 -1.501e-07 0)
(0.00144585 -1.54367e-07 0)
(0.00144593 -1.58426e-07 0)
(0.00144602 -1.62272e-07 0)
(0.0014461 -1.65911e-07 0)
(0.00144619 -1.69353e-07 0)
(0.00144627 -1.72614e-07 0)
(0.00144636 -1.75709e-07 0)
(0.00144645 -1.78656e-07 0)
(0.00144654 -1.81469e-07 0)
(0.00144663 -1.84163e-07 0)
(0.00144673 -1.86746e-07 0)
(0.00144682 -1.89227e-07 0)
(0.00144692 -1.91607e-07 0)
(0.00144701 -1.93883e-07 0)
(0.00144711 -1.96047e-07 0)
(0.00144721 -1.98081e-07 0)
(0.00144731 -1.99961e-07 0)
(0.00144741 -2.01653e-07 0)
(0.00144751 -2.03112e-07 0)
(0.00144762 -2.04284e-07 0)
(0.00144772 -2.05101e-07 0)
(0.00144783 -2.05485e-07 0)
(0.00144793 -2.0535e-07 0)
(0.00144804 -2.04605e-07 0)
(0.00144815 -2.03162e-07 0)
(0.00144826 -2.00952e-07 0)
(0.00144836 -1.97939e-07 0)
(0.00144847 -1.94147e-07 0)
(0.00144858 -1.89692e-07 0)
(0.00144869 -1.84809e-07 0)
(0.00143904 -2.40548e-07 0)
(0.00143909 -2.57663e-07 0)
(0.00143915 -2.7505e-07 0)
(0.0014392 -2.91993e-07 0)
(0.00143926 -3.09578e-07 0)
(0.00143932 -3.27218e-07 0)
(0.00143938 -3.45849e-07 0)
(0.00143944 -3.65243e-07 0)
(0.00143951 -3.86009e-07 0)
(0.00143958 -4.08206e-07 0)
(0.00143965 -4.32199e-07 0)
(0.00143972 -4.58202e-07 0)
(0.0014398 -4.86451e-07 0)
(0.00143988 -5.17211e-07 0)
(0.00143997 -5.50655e-07 0)
(0.00144006 -5.87023e-07 0)
(0.00144015 -6.26434e-07 0)
(0.00144026 -6.69038e-07 0)
(0.00144036 -7.14848e-07 0)
(0.00144048 -7.63837e-07 0)
(0.0014406 -8.1581e-07 0)
(0.00144073 -8.70439e-07 0)
(0.00144088 -9.27167e-07 0)
(0.00144103 -9.852e-07 0)
(0.00144119 -1.04343e-06 0)
(0.00144136 -1.10042e-06 0)
(0.00144155 -1.15433e-06 0)
(0.00144174 -1.20299e-06 0)
(0.00144195 -1.24383e-06 0)
(0.00144217 -1.27409e-06 0)
(0.00144239 -1.29092e-06 0)
(0.00144262 -1.29168e-06 0)
(0.00144285 -1.27432e-06 0)
(0.00144308 -1.23783e-06 0)
(0.0014433 -1.18251e-06 0)
(0.00144351 -1.11031e-06 0)
(0.0014437 -1.02442e-06 0)
(0.00144388 -9.28977e-07 0)
(0.00144403 -8.28196e-07 0)
(0.00144417 -7.26469e-07 0)
(0.00144429 -6.27413e-07 0)
(0.0014444 -5.3459e-07 0)
(0.00144448 -4.50209e-07 0)
(0.00144456 -3.76409e-07 0)
(0.00144463 -3.1371e-07 0)
(0.00144469 -2.6252e-07 0)
(0.00144474 -2.21874e-07 0)
(0.0014448 -1.90876e-07 0)
(0.00144485 -1.68068e-07 0)
(0.0014449 -1.52162e-07 0)
(0.00144496 -1.41874e-07 0)
(0.00144501 -1.35995e-07 0)
(0.00144507 -1.33605e-07 0)
(0.00144513 -1.33758e-07 0)
(0.00144519 -1.35859e-07 0)
(0.00144526 -1.3926e-07 0)
(0.00144532 -1.43592e-07 0)
(0.00144539 -1.48461e-07 0)
(0.00144546 -1.53645e-07 0)
(0.00144553 -1.58932e-07 0)
(0.00144561 -1.64199e-07 0)
(0.00144569 -1.69346e-07 0)
(0.00144576 -1.74317e-07 0)
(0.00144584 -1.79073e-07 0)
(0.00144593 -1.83601e-07 0)
(0.00144601 -1.87896e-07 0)
(0.00144609 -1.91965e-07 0)
(0.00144618 -1.95821e-07 0)
(0.00144627 -1.9948e-07 0)
(0.00144635 -2.02961e-07 0)
(0.00144644 -2.06281e-07 0)
(0.00144653 -2.09458e-07 0)
(0.00144663 -2.12506e-07 0)
(0.00144672 -2.15436e-07 0)
(0.00144681 -2.18257e-07 0)
(0.00144691 -2.20971e-07 0)
(0.00144701 -2.23574e-07 0)
(0.0014471 -2.26058e-07 0)
(0.0014472 -2.28404e-07 0)
(0.0014473 -2.30586e-07 0)
(0.0014474 -2.32566e-07 0)
(0.00144751 -2.34296e-07 0)
(0.00144761 -2.35714e-07 0)
(0.00144771 -2.36744e-07 0)
(0.00144782 -2.37297e-07 0)
(0.00144792 -2.37269e-07 0)
(0.00144803 -2.36551e-07 0)
(0.00144814 -2.3503e-07 0)
(0.00144825 -2.32607e-07 0)
(0.00144836 -2.29215e-07 0)
(0.00144847 -2.24853e-07 0)
(0.00144857 -2.19624e-07 0)
(0.00144868 -2.13784e-07 0)
(0.00143906 -2.72872e-07 0)
(0.00143911 -2.92328e-07 0)
(0.00143917 -3.12077e-07 0)
(0.00143922 -3.31186e-07 0)
(0.00143928 -3.50987e-07 0)
(0.00143934 -3.70841e-07 0)
(0.0014394 -3.91765e-07 0)
(0.00143947 -4.13589e-07 0)
(0.00143953 -4.3691e-07 0)
(0.0014396 -4.61875e-07 0)
(0.00143967 -4.88814e-07 0)
(0.00143975 -5.18021e-07 0)
(0.00143982 -5.49713e-07 0)
(0.00143991 -5.84214e-07 0)
(0.00143999 -6.21698e-07 0)
(0.00144008 -6.62454e-07 0)
(0.00144018 -7.06617e-07 0)
(0.00144028 -7.54373e-07 0)
(0.00144038 -8.0576e-07 0)
(0.0014405 -8.60779e-07 0)
(0.00144062 -9.19253e-07 0)
(0.00144075 -9.80863e-07 0)
(0.00144089 -1.04504e-06 0)
(0.00144104 -1.11096e-06 0)
(0.00144119 -1.17745e-06 0)
(0.00144136 -1.24292e-06 0)
(0.00144154 -1.30537e-06 0)
(0.00144174 -1.3623e-06 0)
(0.00144194 -1.41078e-06 0)
(0.00144215 -1.4475e-06 0)
(0.00144237 -1.46899e-06 0)
(0.0014426 -1.47192e-06 0)
(0.00144283 -1.45358e-06 0)
(0.00144305 -1.41246e-06 0)
(0.00144327 -1.34876e-06 0)
(0.00144348 -1.26487e-06 0)
(0.00144367 -1.16484e-06 0)
(0.00144385 -1.05374e-06 0)
(0.001444 -9.36726e-07 0)
(0.00144414 -8.18997e-07 0)
(0.00144425 -7.048e-07 0)
(0.00144435 -5.98289e-07 0)
(0.00144444 -5.01996e-07 0)
(0.00144452 -4.18395e-07 0)
(0.00144458 -3.48008e-07 0)
(0.00144464 -2.91179e-07 0)
(0.0014447 -2.46564e-07 0)
(0.00144476 -2.12941e-07 0)
(0.00144481 -1.88507e-07 0)
(0.00144487 -1.71701e-07 0)
(0.00144492 -1.61044e-07 0)
(0.00144498 -1.55143e-07 0)
(0.00144504 -1.52986e-07 0)
(0.0014451 -1.53514e-07 0)
(0.00144517 -1.56099e-07 0)
(0.00144524 -1.60027e-07 0)
(0.0014453 -1.64917e-07 0)
(0.00144537 -1.70345e-07 0)
(0.00144545 -1.76084e-07 0)
(0.00144552 -1.81911e-07 0)
(0.0014456 -1.87698e-07 0)
(0.00144567 -1.93345e-07 0)
(0.00144575 -1.98793e-07 0)
(0.00144583 -2.04007e-07 0)
(0.00144592 -2.08972e-07 0)
(0.001446 -2.13686e-07 0)
(0.00144608 -2.18158e-07 0)
(0.00144617 -2.22403e-07 0)
(0.00144626 -2.26438e-07 0)
(0.00144635 -2.30284e-07 0)
(0.00144643 -2.33959e-07 0)
(0.00144653 -2.37483e-07 0)
(0.00144662 -2.40871e-07 0)
(0.00144671 -2.44137e-07 0)
(0.00144681 -2.47287e-07 0)
(0.0014469 -2.50326e-07 0)
(0.001447 -2.53251e-07 0)
(0.00144709 -2.56052e-07 0)
(0.00144719 -2.5871e-07 0)
(0.00144729 -2.61198e-07 0)
(0.00144739 -2.63477e-07 0)
(0.0014475 -2.65493e-07 0)
(0.0014476 -2.67182e-07 0)
(0.0014477 -2.68458e-07 0)
(0.00144781 -2.69223e-07 0)
(0.00144792 -2.69359e-07 0)
(0.00144802 -2.68735e-07 0)
(0.00144813 -2.67209e-07 0)
(0.00144824 -2.64648e-07 0)
(0.00144835 -2.60942e-07 0)
(0.00144846 -2.56046e-07 0)
(0.00144857 -2.50027e-07 0)
(0.00144868 -2.4314e-07 0)
(0.00143908 -3.04708e-07 0)
(0.00143914 -3.26526e-07 0)
(0.00143919 -3.48734e-07 0)
(0.00143925 -3.70005e-07 0)
(0.0014393 -3.92105e-07 0)
(0.00143936 -4.14187e-07 0)
(0.00143943 -4.37481e-07 0)
(0.00143949 -4.61759e-07 0)
(0.00143956 -4.87692e-07 0)
(0.00143962 -5.15434e-07 0)
(0.0014397 -5.45341e-07 0)
(0.00143977 -5.77731e-07 0)
(0.00143985 -6.12837e-07 0)
(0.00143993 -6.51013e-07 0)
(0.00144002 -6.92456e-07 0)
(0.00144011 -7.37482e-07 0)
(0.0014402 -7.86255e-07 0)
(0.0014403 -8.38996e-07 0)
(0.00144041 -8.95772e-07 0)
(0.00144052 -9.56616e-07 0)
(0.00144064 -1.02138e-06 0)
(0.00144077 -1.08977e-06 0)
(0.00144091 -1.16123e-06 0)
(0.00144105 -1.23492e-06 0)
(0.0014412 -1.30961e-06 0)
(0.00144137 -1.38365e-06 0)
(0.00144154 -1.45484e-06 0)
(0.00144173 -1.52042e-06 0)
(0.00144193 -1.57707e-06 0)
(0.00144213 -1.62093e-06 0)
(0.00144235 -1.64781e-06 0)
(0.00144257 -1.65356e-06 0)
(0.0014428 -1.6346e-06 0)
(0.00144302 -1.58878e-06 0)
(0.00144324 -1.51606e-06 0)
(0.00144345 -1.41946e-06 0)
(0.00144364 -1.30415e-06 0)
(0.00144381 -1.17639e-06 0)
(0.00144396 -1.04235e-06 0)
(0.00144409 -9.08103e-07 0)
(0.00144421 -7.7853e-07 0)
(0.00144431 -6.58358e-07 0)
(0.00144439 -5.5043e-07 0)
(0.00144447 -4.57548e-07 0)
(0.00144453 -3.80219e-07 0)
(0.00144459 -3.18634e-07 0)
(0.00144465 -2.70924e-07 0)
(0.00144471 -2.35436e-07 0)
(0.00144477 -2.09972e-07 0)
(0.00144483 -1.92693e-07 0)
(0.00144489 -1.81936e-07 0)
(0.00144495 -1.76146e-07 0)
(0.00144501 -1.74254e-07 0)
(0.00144508 -1.75107e-07 0)
(0.00144514 -1.78074e-07 0)
(0.00144521 -1.82394e-07 0)
(0.00144528 -1.8769e-07 0)
(0.00144536 -1.93522e-07 0)
(0.00144543 -1.99659e-07 0)
(0.00144551 -2.05879e-07 0)
(0.00144558 -2.1205e-07 0)
(0.00144566 -2.18072e-07 0)
(0.00144574 -2.23887e-07 0)
(0.00144582 -2.29459e-07 0)
(0.00144591 -2.34775e-07 0)
(0.00144599 -2.39833e-07 0)
(0.00144607 -2.44642e-07 0)
(0.00144616 -2.49218e-07 0)
(0.00144625 -2.5358e-07 0)
(0.00144634 -2.57748e-07 0)
(0.00144643 -2.61742e-07 0)
(0.00144652 -2.65582e-07 0)
(0.00144661 -2.69284e-07 0)
(0.0014467 -2.72861e-07 0)
(0.0014468 -2.76322e-07 0)
(0.00144689 -2.7967e-07 0)
(0.00144699 -2.82903e-07 0)
(0.00144709 -2.86011e-07 0)
(0.00144718 -2.88975e-07 0)
(0.00144728 -2.91766e-07 0)
(0.00144738 -2.94345e-07 0)
(0.00144749 -2.96657e-07 0)
(0.00144759 -2.98632e-07 0)
(0.00144769 -3.00182e-07 0)
(0.0014478 -3.01196e-07 0)
(0.0014479 -3.01546e-07 0)
(0.00144801 -3.0108e-07 0)
(0.00144812 -2.99627e-07 0)
(0.00144823 -2.97013e-07 0)
(0.00144834 -2.93072e-07 0)
(0.00144845 -2.87698e-07 0)
(0.00144856 -2.80892e-07 0)
(0.00144867 -2.72871e-07 0)
(0.00143911 -3.37201e-07 0)
(0.00143916 -3.61384e-07 0)
(0.00143921 -3.85995e-07 0)
(0.00143927 -4.0937e-07 0)
(0.00143933 -4.33594e-07 0)
(0.00143939 -4.57845e-07 0)
(0.00143945 -4.8335e-07 0)
(0.00143952 -5.10025e-07 0)
(0.00143958 -5.38447e-07 0)
(0.00143965 -5.68902e-07 0)
(0.00143972 -6.01666e-07 0)
(0.0014398 -6.37152e-07 0)
(0.00143988 -6.7555e-07 0)
(0.00143996 -7.17278e-07 0)
(0.00144005 -7.62524e-07 0)
(0.00144014 -8.11651e-07 0)
(0.00144024 -8.6484e-07 0)
(0.00144034 -9.2235e-07 0)
(0.00144044 -9.84284e-07 0)
(0.00144055 -1.05072e-06 0)
(0.00144067 -1.12154e-06 0)
(0.0014408 -1.1965e-06 0)
(0.00144093 -1.27507e-06 0)
(0.00144107 -1.35644e-06 0)
(0.00144122 -1.43938e-06 0)
(0.00144138 -1.52218e-06 0)
(0.00144155 -1.60254e-06 0)
(0.00144173 -1.67749e-06 0)
(0.00144192 -1.74331e-06 0)
(0.00144212 -1.79561e-06 0)
(0.00144233 -1.82938e-06 0)
(0.00144255 -1.83946e-06 0)
(0.00144277 -1.8211e-06 0)
(0.00144299 -1.77116e-06 0)
(0.0014432 -1.6891e-06 0)
(0.0014434 -1.57878e-06 0)
(0.00144359 -1.44687e-06 0)
(0.00144376 -1.30107e-06 0)
(0.00144391 -1.14874e-06 0)
(0.00144403 -9.96845e-07 0)
(0.00144415 -8.50922e-07 0)
(0.00144425 -7.163e-07 0)
(0.00144433 -5.96171e-07 0)
(0.0014444 -4.93733e-07 0)
(0.00144447 -4.09564e-07 0)
(0.00144454 -3.43625e-07 0)
(0.0014446 -2.93333e-07 0)
(0.00144466 -2.56476e-07 0)
(0.00144472 -2.30418e-07 0)
(0.00144478 -2.13021e-07 0)
(0.00144485 -2.02453e-07 0)
(0.00144491 -1.96993e-07 0)
(0.00144498 -1.95532e-07 0)
(0.00144505 -1.96833e-07 0)
(0.00144512 -2.00268e-07 0)
(0.00144519 -2.05037e-07 0)
(0.00144526 -2.10771e-07 0)
(0.00144534 -2.17019e-07 0)
(0.00144541 -2.23552e-07 0)
(0.00144549 -2.30151e-07 0)
(0.00144557 -2.36685e-07 0)
(0.00144565 -2.43058e-07 0)
(0.00144573 -2.49211e-07 0)
(0.00144581 -2.55113e-07 0)
(0.00144589 -2.60751e-07 0)
(0.00144598 -2.66125e-07 0)
(0.00144606 -2.71246e-07 0)
(0.00144615 -2.76131e-07 0)
(0.00144624 -2.80798e-07 0)
(0.00144633 -2.85269e-07 0)
(0.00144642 -2.89565e-07 0)
(0.00144651 -2.93705e-07 0)
(0.0014466 -2.97706e-07 0)
(0.00144669 -3.01582e-07 0)
(0.00144679 -3.05342e-07 0)
(0.00144688 -3.0899e-07 0)
(0.00144698 -3.12523e-07 0)
(0.00144708 -3.15932e-07 0)
(0.00144717 -3.19198e-07 0)
(0.00144727 -3.22293e-07 0)
(0.00144737 -3.25178e-07 0)
(0.00144748 -3.27796e-07 0)
(0.00144758 -3.30077e-07 0)
(0.00144768 -3.31928e-07 0)
(0.00144779 -3.33237e-07 0)
(0.00144789 -3.33861e-07 0)
(0.001448 -3.33633e-07 0)
(0.00144811 -3.32354e-07 0)
(0.00144822 -3.29807e-07 0)
(0.00144833 -3.25759e-07 0)
(0.00144844 -3.20017e-07 0)
(0.00144855 -3.12473e-07 0)
(0.00144866 -3.03247e-07 0)
(0.00143914 -3.68916e-07 0)
(0.00143919 -3.95469e-07 0)
(0.00143924 -4.22642e-07 0)
(0.0014393 -4.48153e-07 0)
(0.00143935 -4.74669e-07 0)
(0.00143942 -5.01166e-07 0)
(0.00143948 -5.29053e-07 0)
(0.00143954 -5.58211e-07 0)
(0.00143961 -5.89258e-07 0)
(0.00143968 -6.2249e-07 0)
(0.00143975 -6.58194e-07 0)
(0.00143983 -6.96798e-07 0)
(0.00143991 -7.38508e-07 0)
(0.00144 -7.83758e-07 0)
(0.00144008 -8.32758e-07 0)
(0.00144018 -8.85892e-07 0)
(0.00144027 -9.4337e-07 0)
(0.00144037 -1.00548e-06 0)
(0.00144048 -1.07236e-06 0)
(0.00144059 -1.14413e-06 0)
(0.00144071 -1.22072e-06 0)
(0.00144083 -1.30193e-06 0)
(0.00144096 -1.38728e-06 0)
(0.0014411 -1.476e-06 0)
(0.00144124 -1.56688e-06 0)
(0.00144139 -1.65821e-06 0)
(0.00144156 -1.74762e-06 0)
(0.00144173 -1.83197e-06 0)
(0.00144191 -1.90725e-06 0)
(0.0014421 -1.9685e-06 0)
(0.0014423 -2.0099e-06 0)
(0.00144251 -2.02511e-06 0)
(0.00144273 -2.00795e-06 0)
(0.00144295 -1.9539e-06 0)
(0.00144315 -1.86153e-06 0)
(0.00144335 -1.73606e-06 0)
(0.00144353 -1.58625e-06 0)
(0.00144369 -1.42154e-06 0)
(0.00144384 -1.25052e-06 0)
(0.00144396 -1.08098e-06 0)
(0.00144408 -9.19015e-07 0)
(0.00144417 -7.70467e-07 0)
(0.00144426 -6.38845e-07 0)
(0.00144433 -5.27732e-07 0)
(0.0014444 -4.37905e-07 0)
(0.00144447 -3.68908e-07 0)
(0.00144454 -3.17164e-07 0)
(0.0014446 -2.7976e-07 0)
(0.00144467 -2.53625e-07 0)
(0.00144474 -2.36367e-07 0)
(0.0014448 -2.26041e-07 0)
(0.00144487 -2.20818e-07 0)
(0.00144495 -2.19601e-07 0)
(0.00144502 -2.21102e-07 0)
(0.00144509 -2.24731e-07 0)
(0.00144517 -2.29671e-07 0)
(0.00144524 -2.35574e-07 0)
(0.00144532 -2.4199e-07 0)
(0.0014454 -2.48695e-07 0)
(0.00144547 -2.55475e-07 0)
(0.00144555 -2.62197e-07 0)
(0.00144563 -2.6877e-07 0)
(0.00144572 -2.75132e-07 0)
(0.0014458 -2.81254e-07 0)
(0.00144588 -2.87121e-07 0)
(0.00144597 -2.92733e-07 0)
(0.00144605 -2.98099e-07 0)
(0.00144614 -3.03236e-07 0)
(0.00144623 -3.08161e-07 0)
(0.00144632 -3.12896e-07 0)
(0.00144641 -3.17459e-07 0)
(0.0014465 -3.21871e-07 0)
(0.00144659 -3.26147e-07 0)
(0.00144668 -3.30301e-07 0)
(0.00144678 -3.34341e-07 0)
(0.00144687 -3.38271e-07 0)
(0.00144697 -3.42089e-07 0)
(0.00144706 -3.45785e-07 0)
(0.00144716 -3.49342e-07 0)
(0.00144726 -3.52731e-07 0)
(0.00144736 -3.55913e-07 0)
(0.00144746 -3.58834e-07 0)
(0.00144757 -3.61422e-07 0)
(0.00144767 -3.63585e-07 0)
(0.00144777 -3.65206e-07 0)
(0.00144788 -3.66139e-07 0)
(0.00144799 -3.66203e-07 0)
(0.00144809 -3.65177e-07 0)
(0.0014482 -3.628e-07 0)
(0.00144831 -3.58772e-07 0)
(0.00144842 -3.52796e-07 0)
(0.00144853 -3.44605e-07 0)
(0.00144865 -3.34141e-07 0)
(0.00143916 -4.01512e-07 0)
(0.00143922 -4.30389e-07 0)
(0.00143927 -4.59957e-07 0)
(0.00143932 -4.87533e-07 0)
(0.00143938 -5.16075e-07 0)
(0.00143944 -5.4477e-07 0)
(0.00143951 -5.7486e-07 0)
(0.00143957 -6.06464e-07 0)
(0.00143964 -6.40027e-07 0)
(0.00143971 -6.7599e-07 0)
(0.00143979 -7.14547e-07 0)
(0.00143986 -7.56202e-07 0)
(0.00143995 -8.01125e-07 0)
(0.00144003 -8.49791e-07 0)
(0.00144012 -9.0241e-07 0)
(0.00144021 -9.59394e-07 0)
(0.00144031 -1.02097e-06 0)
(0.00144041 -1.08747e-06 0)
(0.00144052 -1.15905e-06 0)
(0.00144063 -1.23589e-06 0)
(0.00144075 -1.31797e-06 0)
(0.00144087 -1.40513e-06 0)
(0.001441 -1.49698e-06 0)
(0.00144113 -1.59281e-06 0)
(0.00144127 -1.69149e-06 0)
(0.00144142 -1.79135e-06 0)
(0.00144157 -1.89006e-06 0)
(0.00144174 -1.98439e-06 0)
(0.00144191 -2.07013e-06 0)
(0.00144209 -2.14184e-06 0)
(0.00144228 -2.19287e-06 0)
(0.00144248 -2.2155e-06 0)
(0.00144269 -2.20169e-06 0)
(0.00144289 -2.14472e-06 0)
(0.0014431 -2.04141e-06 0)
(0.00144328 -1.8992e-06 0)
(0.00144346 -1.72974e-06 0)
(0.00144361 -1.54454e-06 0)
(0.00144375 -1.35348e-06 0)
(0.00144387 -1.16509e-06 0)
(0.00144398 -9.86021e-07 0)
(0.00144408 -8.22565e-07 0)
(0.00144417 -6.78616e-07 0)
(0.00144425 -5.58298e-07 0)
(0.00144432 -4.62987e-07 0)
(0.0014444 -3.9157e-07 0)
(0.00144447 -3.39037e-07 0)
(0.00144454 -3.01607e-07 0)
(0.00144461 -2.75792e-07 0)
(0.00144469 -2.58977e-07 0)
(0.00144476 -2.49133e-07 0)
(0.00144484 -2.44333e-07 0)
(0.00144491 -2.43505e-07 0)
(0.00144499 -2.45321e-07 0)
(0.00144507 -2.49234e-07 0)
(0.00144514 -2.5441e-07 0)
(0.00144522 -2.60525e-07 0)
(0.0014453 -2.67136e-07 0)
(0.00144538 -2.74024e-07 0)
(0.00144546 -2.80985e-07 0)
(0.00144554 -2.87888e-07 0)
(0.00144562 -2.94648e-07 0)
(0.0014457 -3.01204e-07 0)
(0.00144579 -3.07529e-07 0)
(0.00144587 -3.13606e-07 0)
(0.00144596 -3.19438e-07 0)
(0.00144604 -3.25033e-07 0)
(0.00144613 -3.30405e-07 0)
(0.00144622 -3.35574e-07 0)
(0.0014463 -3.40558e-07 0)
(0.00144639 -3.45376e-07 0)
(0.00144649 -3.50047e-07 0)
(0.00144658 -3.54587e-07 0)
(0.00144667 -3.59008e-07 0)
(0.00144676 -3.63318e-07 0)
(0.00144686 -3.67521e-07 0)
(0.00144696 -3.71615e-07 0)
(0.00144705 -3.75591e-07 0)
(0.00144715 -3.79432e-07 0)
(0.00144725 -3.8311e-07 0)
(0.00144735 -3.86587e-07 0)
(0.00144745 -3.89812e-07 0)
(0.00144755 -3.92714e-07 0)
(0.00144766 -3.95204e-07 0)
(0.00144776 -3.97167e-07 0)
(0.00144787 -3.98455e-07 0)
(0.00144797 -3.98884e-07 0)
(0.00144808 -3.98216e-07 0)
(0.00144819 -3.96161e-07 0)
(0.0014483 -3.9235e-07 0)
(0.00144841 -3.86369e-07 0)
(0.00144852 -3.77738e-07 0)
(0.00144863 -3.66093e-07 0)
(0.0014392 -4.32936e-07 0)
(0.00143925 -4.6412e-07 0)
(0.0014393 -4.96318e-07 0)
(0.00143935 -5.26098e-07 0)
(0.00143941 -5.56995e-07 0)
(0.00143947 -5.88076e-07 0)
(0.00143954 -6.20679e-07 0)
(0.0014396 -6.549e-07 0)
(0.00143967 -6.9121e-07 0)
(0.00143974 -7.3004e-07 0)
(0.00143982 -7.71606e-07 0)
(0.0014399 -8.16402e-07 0)
(0.00143998 -8.64627e-07 0)
(0.00144007 -9.16748e-07 0)
(0.00144016 -9.73006e-07 0)
(0.00144026 -1.03381e-06 0)
(0.00144036 -1.09943e-06 0)
(0.00144046 -1.1702e-06 0)
(0.00144057 -1.24631e-06 0)
(0.00144068 -1.32797e-06 0)
(0.0014408 -1.41521e-06 0)
(0.00144092 -1.50793e-06 0)
(0.00144105 -1.60578e-06 0)
(0.00144118 -1.70812e-06 0)
(0.00144131 -1.8139e-06 0)
(0.00144146 -1.92153e-06 0)
(0.0014416 -2.02874e-06 0)
(0.00144176 -2.1323e-06 0)
(0.00144192 -2.22788e-06 0)
(0.00144209 -2.30973e-06 0)
(0.00144227 -2.37049e-06 0)
(0.00144245 -2.40115e-06 0)
(0.00144264 -2.39154e-06 0)
(0.00144283 -2.33199e-06 0)
(0.00144302 -2.21638e-06 0)
(0.0014432 -2.05592e-06 0)
(0.00144336 -1.8661e-06 0)
(0.00144351 -1.66067e-06 0)
(0.00144364 -1.45055e-06 0)
(0.00144376 -1.2447e-06 0)
(0.00144387 -1.05003e-06 0)
(0.00144397 -8.73081e-07 0)
(0.00144407 -7.18034e-07 0)
(0.00144415 -5.89559e-07 0)
(0.00144423 -4.90287e-07 0)
(0.00144432 -4.1797e-07 0)
(0.0014444 -3.65642e-07 0)
(0.00144448 -3.28593e-07 0)
(0.00144456 -3.03093e-07 0)
(0.00144464 -2.86455e-07 0)
(0.00144472 -2.76667e-07 0)
(0.0014448 -2.71795e-07 0)
(0.00144488 -2.70839e-07 0)
(0.00144496 -2.72473e-07 0)
(0.00144504 -2.76206e-07 0)
(0.00144512 -2.81204e-07 0)
(0.0014452 -2.8717e-07 0)
(0.00144528 -2.93665e-07 0)
(0.00144536 -3.00474e-07 0)
(0.00144544 -3.07397e-07 0)
(0.00144552 -3.14299e-07 0)
(0.00144561 -3.21097e-07 0)
(0.00144569 -3.27724e-07 0)
(0.00144577 -3.34151e-07 0)
(0.00144586 -3.40358e-07 0)
(0.00144594 -3.46344e-07 0)
(0.00144603 -3.52114e-07 0)
(0.00144612 -3.5768e-07 0)
(0.0014462 -3.63056e-07 0)
(0.00144629 -3.68261e-07 0)
(0.00144638 -3.73311e-07 0)
(0.00144647 -3.78222e-07 0)
(0.00144657 -3.83008e-07 0)
(0.00144666 -3.87681e-07 0)
(0.00144675 -3.92247e-07 0)
(0.00144685 -3.96709e-07 0)
(0.00144694 -4.01065e-07 0)
(0.00144704 -4.05305e-07 0)
(0.00144714 -4.09412e-07 0)
(0.00144724 -4.13361e-07 0)
(0.00144734 -4.17113e-07 0)
(0.00144744 -4.20619e-07 0)
(0.00144754 -4.23813e-07 0)
(0.00144764 -4.26606e-07 0)
(0.00144775 -4.28889e-07 0)
(0.00144785 -4.30517e-07 0)
(0.00144796 -4.31306e-07 0)
(0.00144806 -4.31018e-07 0)
(0.00144817 -4.29345e-07 0)
(0.00144828 -4.25874e-07 0)
(0.00144839 -4.20092e-07 0)
(0.0014485 -4.11302e-07 0)
(0.00144861 -3.98709e-07 0)
(0.00143923 -4.65345e-07 0)
(0.00143928 -4.98729e-07 0)
(0.00143933 -5.33162e-07 0)
(0.00143938 -5.65095e-07 0)
(0.00143944 -5.98061e-07 0)
(0.0014395 -6.31509e-07 0)
(0.00143956 -6.66497e-07 0)
(0.00143963 -7.03324e-07 0)
(0.0014397 -7.42326e-07 0)
(0.00143978 -7.84004e-07 0)
(0.00143986 -8.28539e-07 0)
(0.00143994 -8.7644e-07 0)
(0.00144002 -9.27915e-07 0)
(0.00144011 -9.8343e-07 0)
(0.00144021 -1.04325e-06 0)
(0.0014403 -1.10778e-06 0)
(0.00144041 -1.17732e-06 0)
(0.00144051 -1.2522e-06 0)
(0.00144062 -1.33267e-06 0)
(0.00144074 -1.41895e-06 0)
(0.00144086 -1.51111e-06 0)
(0.00144098 -1.60911e-06 0)
(0.00144111 -1.71268e-06 0)
(0.00144124 -1.82123e-06 0)
(0.00144137 -1.93385e-06 0)
(0.00144151 -2.04904e-06 0)
(0.00144165 -2.16468e-06 0)
(0.0014418 -2.27764e-06 0)
(0.00144195 -2.38365e-06 0)
(0.0014421 -2.47683e-06 0)
(0.00144226 -2.54929e-06 0)
(0.00144242 -2.59071e-06 0)
(0.00144259 -2.58853e-06 0)
(0.00144276 -2.52851e-06 0)
(0.00144293 -2.39893e-06 0)
(0.00144308 -2.21789e-06 0)
(0.00144323 -2.00594e-06 0)
(0.00144337 -1.77904e-06 0)
(0.0014435 -1.54892e-06 0)
(0.00144362 -1.32476e-06 0)
(0.00144373 -1.11361e-06 0)
(0.00144384 -9.22199e-07 0)
(0.00144395 -7.54964e-07 0)
(0.00144404 -6.17329e-07 0)
(0.00144414 -5.14579e-07 0)
(0.00144423 -4.42346e-07 0)
(0.00144433 -3.90857e-07 0)
(0.00144442 -3.54512e-07 0)
(0.00144451 -3.29536e-07 0)
(0.0014446 -3.13241e-07 0)
(0.00144468 -3.03647e-07 0)
(0.00144477 -2.98824e-07 0)
(0.00144485 -2.97843e-07 0)
(0.00144494 -2.99388e-07 0)
(0.00144502 -3.03016e-07 0)
(0.0014451 -3.07901e-07 0)
(0.00144518 -3.13766e-07 0)
(0.00144526 -3.20181e-07 0)
(0.00144535 -3.26935e-07 0)
(0.00144543 -3.33837e-07 0)
(0.00144551 -3.40747e-07 0)
(0.00144559 -3.47587e-07 0)
(0.00144568 -3.54284e-07 0)
(0.00144576 -3.60812e-07 0)
(0.00144584 -3.67145e-07 0)
(0.00144593 -3.73281e-07 0)
(0.00144602 -3.79221e-07 0)
(0.0014461 -3.84975e-07 0)
(0.00144619 -3.90555e-07 0)
(0.00144628 -3.95976e-07 0)
(0.00144637 -4.01252e-07 0)
(0.00144646 -4.06397e-07 0)
(0.00144655 -4.11425e-07 0)
(0.00144665 -4.16344e-07 0)
(0.00144674 -4.2116e-07 0)
(0.00144683 -4.25875e-07 0)
(0.00144693 -4.30487e-07 0)
(0.00144703 -4.34984e-07 0)
(0.00144712 -4.39352e-07 0)
(0.00144722 -4.43563e-07 0)
(0.00144732 -4.47584e-07 0)
(0.00144742 -4.51364e-07 0)
(0.00144752 -4.54843e-07 0)
(0.00144763 -4.57936e-07 0)
(0.00144773 -4.6054e-07 0)
(0.00144783 -4.62519e-07 0)
(0.00144794 -4.63698e-07 0)
(0.00144805 -4.63849e-07 0)
(0.00144815 -4.62669e-07 0)
(0.00144826 -4.59734e-07 0)
(0.00144837 -4.54461e-07 0)
(0.00144848 -4.45943e-07 0)
(0.00144859 -4.32859e-07 0)
(0.00143926 -4.95828e-07 0)
(0.00143931 -5.31526e-07 0)
(0.00143936 -5.68684e-07 0)
(0.00143941 -6.03137e-07 0)
(0.00143947 -6.388e-07 0)
(0.00143953 -6.74933e-07 0)
(0.00143959 -7.1275e-07 0)
(0.00143966 -7.52432e-07 0)
(0.00143974 -7.94422e-07 0)
(0.00143981 -8.39151e-07 0)
(0.00143989 -8.86872e-07 0)
(0.00143998 -9.3805e-07 0)
(0.00144007 -9.92948e-07 0)
(0.00144016 -1.052e-06 0)
(0.00144026 -1.11551e-06 0)
(0.00144036 -1.18387e-06 0)
(0.00144046 -1.25739e-06 0)
(0.00144057 -1.33641e-06 0)
(0.00144069 -1.42119e-06 0)
(0.00144081 -1.51197e-06 0)
(0.00144093 -1.60882e-06 0)
(0.00144105 -1.71174e-06 0)
(0.00144118 -1.82046e-06 0)
(0.00144131 -1.93446e-06 0)
(0.00144145 -2.05286e-06 0)
(0.00144158 -2.17422e-06 0)
(0.00144172 -2.29654e-06 0)
(0.00144186 -2.41675e-06 0)
(0.001442 -2.53071e-06 0)
(0.00144213 -2.63258e-06 0)
(0.00144227 -2.71435e-06 0)
(0.0014424 -2.76506e-06 0)
(0.00144253 -2.77055e-06 0)
(0.00144267 -2.71112e-06 0)
(0.0014428 -2.56649e-06 0)
(0.00144293 -2.36563e-06 0)
(0.00144306 -2.13412e-06 0)
(0.00144318 -1.88939e-06 0)
(0.00144331 -1.64325e-06 0)
(0.00144343 -1.40455e-06 0)
(0.00144356 -1.18033e-06 0)
(0.00144368 -9.77138e-07 0)
(0.0014438 -7.99445e-07 0)
(0.00144392 -6.5319e-07 0)
(0.00144403 -5.48107e-07 0)
(0.00144414 -4.76444e-07 0)
(0.00144425 -4.25281e-07 0)
(0.00144436 -3.88596e-07 0)
(0.00144446 -3.62947e-07 0)
(0.00144455 -3.45841e-07 0)
(0.00144465 -3.35384e-07 0)
(0.00144474 -3.29706e-07 0)
(0.00144483 -3.27923e-07 0)
(0.00144491 -3.2874e-07 0)
(0.001445 -3.31729e-07 0)
(0.00144508 -3.36069e-07 0)
(0.00144517 -3.41485e-07 0)
(0.00144525 -3.4754e-07 0)
(0.00144533 -3.54022e-07 0)
(0.00144541 -3.60728e-07 0)
(0.0014455 -3.67515e-07 0)
(0.00144558 -3.74293e-07 0)
(0.00144566 -3.80985e-07 0)
(0.00144575 -3.87555e-07 0)
(0.00144583 -3.93972e-07 0)
(0.00144592 -4.00227e-07 0)
(0.001446 -4.06315e-07 0)
(0.00144609 -4.12242e-07 0)
(0.00144618 -4.18015e-07 0)
(0.00144627 -4.23645e-07 0)
(0.00144636 -4.29142e-07 0)
(0.00144645 -4.34519e-07 0)
(0.00144654 -4.39784e-07 0)
(0.00144663 -4.44945e-07 0)
(0.00144673 -4.50006e-07 0)
(0.00144682 -4.54967e-07 0)
(0.00144692 -4.59823e-07 0)
(0.00144701 -4.64564e-07 0)
(0.00144711 -4.69173e-07 0)
(0.00144721 -4.73623e-07 0)
(0.00144731 -4.7788e-07 0)
(0.00144741 -4.81896e-07 0)
(0.00144751 -4.85609e-07 0)
(0.00144761 -4.88941e-07 0)
(0.00144771 -4.91789e-07 0)
(0.00144782 -4.94024e-07 0)
(0.00144792 -4.9548e-07 0)
(0.00144803 -4.9594e-07 0)
(0.00144813 -4.95119e-07 0)
(0.00144824 -4.9263e-07 0)
(0.00144835 -4.87901e-07 0)
(0.00144845 -4.80088e-07 0)
(0.00144856 -4.6748e-07 0)
(0.00143897 -2.13284e-08 0)
(0.00143902 -2.28291e-08 0)
(0.00143907 -2.43544e-08 0)
(0.00143913 -2.58785e-08 0)
(0.00143919 -2.74585e-08 0)
(0.00143924 -2.90614e-08 0)
(0.0014393 -3.07558e-08 0)
(0.00143937 -3.25228e-08 0)
(0.00143943 -3.44201e-08 0)
(0.0014395 -3.64474e-08 0)
(0.00143957 -3.86462e-08 0)
(0.00143964 -4.10299e-08 0)
(0.00143972 -4.36271e-08 0)
(0.0014398 -4.64571e-08 0)
(0.00143989 -4.95385e-08 0)
(0.00143998 -5.28888e-08 0)
(0.00144008 -5.65168e-08 0)
(0.00144019 -6.04298e-08 0)
(0.0014403 -6.4622e-08 0)
(0.00144042 -6.9081e-08 0)
(0.00144056 -7.37769e-08 0)
(0.0014407 -7.86661e-08 0)
(0.00144085 -8.36824e-08 0)
(0.00144101 -8.87386e-08 0)
(0.00144119 -9.37206e-08 0)
(0.00144138 -9.84895e-08 0)
(0.00144158 -1.0288e-07 0)
(0.00144178 -1.06707e-07 0)
(0.001442 -1.0977e-07 0)
(0.00144223 -1.11867e-07 0)
(0.00144246 -1.1281e-07 0)
(0.00144269 -1.12443e-07 0)
(0.00144292 -1.10661e-07 0)
(0.00144315 -1.07433e-07 0)
(0.00144337 -1.02806e-07 0)
(0.00144358 -9.69173e-08 0)
(0.00144378 -8.99732e-08 0)
(0.00144396 -8.22489e-08 0)
(0.00144412 -7.4035e-08 0)
(0.00144427 -6.56533e-08 0)
(0.0014444 -5.73794e-08 0)
(0.00144451 -4.94931e-08 0)
(0.00144461 -4.21826e-08 0)
(0.00144469 -3.56285e-08 0)
(0.00144477 -2.99027e-08 0)
(0.00144483 -2.50674e-08 0)
(0.00144489 -2.10921e-08 0)
(0.00144494 -1.79425e-08 0)
(0.00144499 -1.55303e-08 0)
(0.00144503 -1.37698e-08 0)
(0.00144508 -1.25603e-08 0)
(0.00144513 -1.18048e-08 0)
(0.00144518 -1.14165e-08 0)
(0.00144523 -1.13109e-08 0)
(0.00144528 -1.14239e-08 0)
(0.00144534 -1.16921e-08 0)
(0.0014454 -1.20728e-08 0)
(0.00144546 -1.25241e-08 0)
(0.00144552 -1.30195e-08 0)
(0.00144559 -1.35344e-08 0)
(0.00144566 -1.40539e-08 0)
(0.00144573 -1.45653e-08 0)
(0.00144581 -1.50613e-08 0)
(0.00144588 -1.55366e-08 0)
(0.00144596 -1.59889e-08 0)
(0.00144604 -1.64168e-08 0)
(0.00144613 -1.68209e-08 0)
(0.00144621 -1.72019e-08 0)
(0.0014463 -1.75614e-08 0)
(0.00144638 -1.79011e-08 0)
(0.00144647 -1.82228e-08 0)
(0.00144656 -1.85282e-08 0)
(0.00144665 -1.88189e-08 0)
(0.00144675 -1.90958e-08 0)
(0.00144684 -1.93597e-08 0)
(0.00144694 -1.96109e-08 0)
(0.00144703 -1.98487e-08 0)
(0.00144713 -2.0072e-08 0)
(0.00144723 -2.02787e-08 0)
(0.00144733 -2.04659e-08 0)
(0.00144743 -2.06296e-08 0)
(0.00144754 -2.07647e-08 0)
(0.00144764 -2.08653e-08 0)
(0.00144774 -2.09244e-08 0)
(0.00144785 -2.09345e-08 0)
(0.00144796 -2.08879e-08 0)
(0.00144806 -2.07775e-08 0)
(0.00144817 -2.05977e-08 0)
(0.00144828 -2.03462e-08 0)
(0.00144838 -2.0025e-08 0)
(0.00144849 -1.96427e-08 0)
(0.0014486 -1.92156e-08 0)
(0.0014487 -1.87681e-08 0)
(0.00143894 -4.75165e-08 0)
(0.00143894 -7.7409e-08 0)
(0.00143895 -1.07658e-07 0)
(0.00143896 -1.38148e-07 0)
(0.00143897 -1.68571e-07 0)
(0.00143899 -1.99276e-07 0)
(0.00143901 -2.2972e-07 0)
(0.00143903 -2.60612e-07 0)
(0.00143905 -2.91015e-07 0)
(0.00143907 -3.22072e-07 0)
(0.0014391 -3.52338e-07 0)
(0.00143913 -3.83445e-07 0)
(0.00143916 -4.13309e-07 0)
(0.0014392 -4.44014e-07 0)
(0.00143924 -4.72518e-07 0)
(0.00143893 -2.03651e-08 0)
(0.0014389 -4.53746e-08 0)
(0.00143891 -7.39221e-08 0)
(0.00143891 -1.02812e-07 0)
(0.00143892 -1.31939e-07 0)
(0.00143894 -1.61003e-07 0)
(0.00143895 -1.9035e-07 0)
(0.00143897 -2.19442e-07 0)
(0.00143899 -2.48981e-07 0)
(0.00143901 -2.78024e-07 0)
(0.00143904 -3.07713e-07 0)
(0.00143907 -3.36556e-07 0)
(0.0014391 -3.66209e-07 0)
(0.00143913 -3.94454e-07 0)
(0.00143917 -4.23467e-07 0)
(0.00143921 -4.49995e-07 0)
(0.0014389 -1.94469e-08 0)
(0.00143886 -4.32832e-08 0)
(0.00143887 -7.05142e-08 0)
(0.00143888 -9.80694e-08 0)
(0.00143889 -1.25849e-07 0)
(0.0014389 -1.53564e-07 0)
(0.00143892 -1.81542e-07 0)
(0.00143893 -2.09266e-07 0)
(0.00143896 -2.37398e-07 0)
(0.00143898 -2.65033e-07 0)
(0.00143901 -2.93245e-07 0)
(0.00143903 -3.20593e-07 0)
(0.00143907 -3.48644e-07 0)
(0.0014391 -3.75236e-07 0)
(0.00143914 -4.02485e-07 0)
(0.00143919 -4.27156e-07 0)
(0.00143886 -1.85505e-08 0)
(0.00143883 -4.1309e-08 0)
(0.00143884 -6.72975e-08 0)
(0.00143884 -9.35925e-08 0)
(0.00143885 -1.20102e-07 0)
(0.00143887 -1.4654e-07 0)
(0.00143888 -1.73227e-07 0)
(0.0014389 -1.9965e-07 0)
(0.00143892 -2.26452e-07 0)
(0.00143895 -2.52728e-07 0)
(0.00143897 -2.79534e-07 0)
(0.001439 -3.05418e-07 0)
(0.00143904 -3.31935e-07 0)
(0.00143908 -3.56911e-07 0)
(0.00143912 -3.82474e-07 0)
(0.00143916 -4.05419e-07 0)
(0.00143883 -1.77043e-08 0)
(0.0014388 -3.94052e-08 0)
(0.0014388 -6.41937e-08 0)
(0.00143881 -8.92706e-08 0)
(0.00143882 -1.14546e-07 0)
(0.00143883 -1.39746e-07 0)
(0.00143885 -1.65165e-07 0)
(0.00143887 -1.9032e-07 0)
(0.00143889 -2.15801e-07 0)
(0.00143892 -2.40755e-07 0)
(0.00143894 -2.66156e-07 0)
(0.00143897 -2.90626e-07 0)
(0.00143901 -3.15626e-07 0)
(0.00143905 -3.39069e-07 0)
(0.00143909 -3.63014e-07 0)
(0.00143915 -3.84346e-07 0)
(0.0014388 -1.68883e-08 0)
(0.00143876 -3.75934e-08 0)
(0.00143877 -6.12397e-08 0)
(0.00143878 -8.51552e-08 0)
(0.00143879 -1.09255e-07 0)
(0.0014388 -1.33268e-07 0)
(0.00143882 -1.57478e-07 0)
(0.00143884 -1.81408e-07 0)
(0.00143886 -2.05625e-07 0)
(0.00143889 -2.29289e-07 0)
(0.00143891 -2.53341e-07 0)
(0.00143895 -2.76428e-07 0)
(0.00143898 -2.99972e-07 0)
(0.00143903 -3.21934e-07 0)
(0.00143907 -3.44338e-07 0)
(0.00143913 -3.64165e-07 0)
(0.00143876 -1.61118e-08 0)
(0.00143873 -3.58345e-08 0)
(0.00143874 -5.83712e-08 0)
(0.00143875 -8.1159e-08 0)
(0.00143876 -1.04113e-07 0)
(0.00143877 -1.26975e-07 0)
(0.00143879 -1.50004e-07 0)
(0.00143881 -1.72748e-07 0)
(0.00143883 -1.95727e-07 0)
(0.00143886 -2.18148e-07 0)
(0.00143889 -2.40883e-07 0)
(0.00143892 -2.62646e-07 0)
(0.00143896 -2.84783e-07 0)
(0.00143901 -3.05341e-07 0)
(0.00143905 -3.26278e-07 0)
(0.00143911 -3.44685e-07 0)
(0.00143873 -1.53579e-08 0)
(0.0014387 -3.41391e-08 0)
(0.00143871 -5.56061e-08 0)
(0.00143872 -7.73047e-08 0)
(0.00143873 -9.91546e-08 0)
(0.00143874 -1.20901e-07 0)
(0.00143876 -1.42788e-07 0)
(0.00143878 -1.64377e-07 0)
(0.0014388 -1.8616e-07 0)
(0.00143883 -2.07367e-07 0)
(0.00143886 -2.2883e-07 0)
(0.0014389 -2.49305e-07 0)
(0.00143894 -2.70088e-07 0)
(0.00143899 -2.89299e-07 0)
(0.00143904 -3.08839e-07 0)
(0.0014391 -3.25912e-07 0)
(0.0014387 -1.46313e-08 0)
(0.00143867 -3.24802e-08 0)
(0.00143868 -5.29007e-08 0)
(0.00143869 -7.35352e-08 0)
(0.0014387 -9.43051e-08 0)
(0.00143871 -1.14964e-07 0)
(0.00143873 -1.35737e-07 0)
(0.00143875 -1.56207e-07 0)
(0.00143878 -1.76824e-07 0)
(0.00143881 -1.96863e-07 0)
(0.00143884 -2.17094e-07 0)
(0.00143888 -2.36338e-07 0)
(0.00143892 -2.55824e-07 0)
(0.00143897 -2.73753e-07 0)
(0.00143902 -2.91965e-07 0)
(0.00143909 -3.07774e-07 0)
(0.00143867 -1.39203e-08 0)
(0.00143864 -3.08575e-08 0)
(0.00143865 -5.02547e-08 0)
(0.00143866 -6.98478e-08 0)
(0.00143867 -8.95624e-08 0)
(0.00143869 -1.09157e-07 0)
(0.00143871 -1.28843e-07 0)
(0.00143873 -1.48217e-07 0)
(0.00143875 -1.67702e-07 0)
(0.00143878 -1.866e-07 0)
(0.00143882 -2.05642e-07 0)
(0.00143886 -2.23694e-07 0)
(0.0014389 -2.41934e-07 0)
(0.00143895 -2.58639e-07 0)
(0.00143901 -2.75588e-07 0)
(0.00143907 -2.90201e-07 0)
(0.00143864 -1.32249e-08 0)
(0.00143862 -2.92523e-08 0)
(0.00143862 -4.76378e-08 0)
(0.00143863 -6.62036e-08 0)
(0.00143865 -8.48777e-08 0)
(0.00143866 -1.03427e-07 0)
(0.00143868 -1.22047e-07 0)
(0.0014387 -1.40354e-07 0)
(0.00143873 -1.58736e-07 0)
(0.00143876 -1.76533e-07 0)
(0.0014388 -1.94425e-07 0)
(0.00143884 -2.11338e-07 0)
(0.00143888 -2.28388e-07 0)
(0.00143894 -2.43927e-07 0)
(0.001439 -2.59676e-07 0)
(0.00143906 -2.73152e-07 0)
(0.00143862 -1.25369e-08 0)
(0.00143859 -2.76565e-08 0)
(0.0014386 -4.50373e-08 0)
(0.00143861 -6.25831e-08 0)
(0.00143862 -8.02268e-08 0)
(0.00143864 -9.77425e-08 0)
(0.00143866 -1.15312e-07 0)
(0.00143868 -1.32568e-07 0)
(0.00143871 -1.49872e-07 0)
(0.00143874 -1.66595e-07 0)
(0.00143878 -1.83376e-07 0)
(0.00143882 -1.99189e-07 0)
(0.00143887 -2.151e-07 0)
(0.00143892 -2.29529e-07 0)
(0.00143899 -2.44138e-07 0)
(0.00143906 -2.56536e-07 0)
(0.00143859 -1.1853e-08 0)
(0.00143857 -2.60547e-08 0)
(0.00143857 -4.24281e-08 0)
(0.00143858 -5.89536e-08 0)
(0.0014386 -7.55689e-08 0)
(0.00143861 -9.20571e-08 0)
(0.00143863 -1.08587e-07 0)
(0.00143866 -1.24809e-07 0)
(0.00143869 -1.41058e-07 0)
(0.00143872 -1.56739e-07 0)
(0.00143876 -1.72447e-07 0)
(0.0014388 -1.87207e-07 0)
(0.00143885 -2.02032e-07 0)
(0.00143891 -2.15405e-07 0)
(0.00143898 -2.28934e-07 0)
(0.00143905 -2.40304e-07 0)
(0.00143856 -1.11664e-08 0)
(0.00143854 -2.44345e-08 0)
(0.00143855 -3.97902e-08 0)
(0.00143856 -5.52866e-08 0)
(0.00143857 -7.08675e-08 0)
(0.00143859 -8.63255e-08 0)
(0.00143861 -1.01818e-07 0)
(0.00143864 -1.17014e-07 0)
(0.00143867 -1.32224e-07 0)
(0.0014387 -1.46883e-07 0)
(0.00143874 -1.6155e-07 0)
(0.00143879 -1.75295e-07 0)
(0.00143884 -1.89081e-07 0)
(0.0014389 -2.01451e-07 0)
(0.00143897 -2.13957e-07 0)
(0.00143904 -2.24353e-07 0)
(0.00143854 -1.0472e-08 0)
(0.00143852 -2.27801e-08 0)
(0.00143853 -3.70981e-08 0)
(0.00143854 -5.15476e-08 0)
(0.00143855 -6.60791e-08 0)
(0.00143857 -8.04965e-08 0)
(0.00143859 -9.49468e-08 0)
(0.00143862 -1.09119e-07 0)
(0.00143865 -1.233e-07 0)
(0.00143869 -1.36957e-07 0)
(0.00143873 -1.50613e-07 0)
(0.00143878 -1.63383e-07 0)
(0.00143883 -1.76181e-07 0)
(0.00143889 -1.876e-07 0)
(0.00143896 -1.99144e-07 0)
(0.00143904 -2.08613e-07 0)
(0.00143852 -9.76287e-09 0)
(0.0014385 -2.10789e-08 0)
(0.0014385 -3.4331e-08 0)
(0.00143851 -4.77072e-08 0)
(0.00143853 -6.11658e-08 0)
(0.00143855 -7.45231e-08 0)
(0.00143857 -8.79174e-08 0)
(0.0014386 -1.01058e-07 0)
(0.00143863 -1.1421e-07 0)
(0.00143867 -1.26876e-07 0)
(0.00143871 -1.3954e-07 0)
(0.00143876 -1.51364e-07 0)
(0.00143882 -1.63213e-07 0)
(0.00143889 -1.73733e-07 0)
(0.00143896 -1.84367e-07 0)
(0.00143904 -1.92966e-07 0)
(0.00143849 -9.03367e-09 0)
(0.00143848 -1.93118e-08 0)
(0.00143848 -3.14578e-08 0)
(0.0014385 -4.3722e-08 0)
(0.00143851 -5.60717e-08 0)
(0.00143853 -6.83367e-08 0)
(0.00143855 -8.06481e-08 0)
(0.00143858 -9.27361e-08 0)
(0.00143862 -1.04848e-07 0)
(0.00143866 -1.16519e-07 0)
(0.0014387 -1.28201e-07 0)
(0.00143875 -1.39102e-07 0)
(0.00143881 -1.50041e-07 0)
(0.00143888 -1.59709e-07 0)
(0.00143895 -1.69499e-07 0)
(0.00143903 -1.77278e-07 0)
(0.00143847 -8.27619e-09 0)
(0.00143846 -1.7474e-08 0)
(0.00143847 -2.84704e-08 0)
(0.00143848 -3.95801e-08 0)
(0.00143849 -5.07803e-08 0)
(0.00143851 -6.1916e-08 0)
(0.00143854 -7.3112e-08 0)
(0.00143857 -8.41205e-08 0)
(0.0014386 -9.51735e-08 0)
(0.00143864 -1.05839e-07 0)
(0.00143869 -1.1654e-07 0)
(0.00143874 -1.26533e-07 0)
(0.0014388 -1.36585e-07 0)
(0.00143887 -1.45444e-07 0)
(0.00143895 -1.54436e-07 0)
(0.00143903 -1.61462e-07 0)
(0.00143846 -7.48841e-09 0)
(0.00143844 -1.55372e-08 0)
(0.00143845 -2.53221e-08 0)
(0.00143846 -3.52157e-08 0)
(0.00143848 -4.52056e-08 0)
(0.0014385 -5.51528e-08 0)
(0.00143852 -6.51769e-08 0)
(0.00143855 -7.50525e-08 0)
(0.00143859 -8.49981e-08 0)
(0.00143863 -9.4615e-08 0)
(0.00143868 -1.04301e-07 0)
(0.00143873 -1.1336e-07 0)
(0.0014388 -1.22516e-07 0)
(0.00143887 -1.30574e-07 0)
(0.00143895 -1.38804e-07 0)
(0.00143903 -1.45134e-07 0)
(0.00143844 -6.65816e-09 0)
(0.00143843 -1.35221e-08 0)
(0.00143843 -2.20464e-08 0)
(0.00143845 -3.06744e-08 0)
(0.00143846 -3.94045e-08 0)
(0.00143848 -4.81143e-08 0)
(0.00143851 -5.69193e-08 0)
(0.00143854 -6.56166e-08 0)
(0.00143858 -7.44139e-08 0)
(0.00143862 -8.29468e-08 0)
(0.00143867 -9.159e-08 0)
(0.00143873 -9.97004e-08 0)
(0.00143879 -1.07957e-07 0)
(0.00143886 -1.1524e-07 0)
(0.00143894 -1.22741e-07 0)
(0.00143903 -1.28458e-07 0)
(0.00143842 -5.79443e-09 0)
(0.00143841 -1.21251e-08 0)
(0.00143842 -1.9774e-08 0)
(0.00143843 -2.75222e-08 0)
(0.00143845 -3.5373e-08 0)
(0.00143847 -4.32175e-08 0)
(0.0014385 -5.11644e-08 0)
(0.00143853 -5.90301e-08 0)
(0.00143857 -6.70086e-08 0)
(0.00143861 -7.47661e-08 0)
(0.00143866 -8.26503e-08 0)
(0.00143872 -9.00685e-08 0)
(0.00143879 -9.76442e-08 0)
(0.00143886 -1.04339e-07 0)
(0.00143894 -1.11246e-07 0)
(0.00143904 -1.16467e-07 0)
(0.00143841 -5.19564e-09 0)
(0.0014384 -1.08943e-08 0)
(0.00143841 -1.7772e-08 0)
(0.00143842 -2.47451e-08 0)
(0.00143844 -3.18211e-08 0)
(0.00143846 -3.89032e-08 0)
(0.00143849 -4.60941e-08 0)
(0.00143852 -5.32276e-08 0)
(0.00143856 -6.04854e-08 0)
(0.00143861 -6.7562e-08 0)
(0.00143866 -7.47781e-08 0)
(0.00143872 -8.15913e-08 0)
(0.00143878 -8.85642e-08 0)
(0.00143886 -9.47468e-08 0)
(0.00143894 -1.01114e-07 0)
(0.00143904 -1.05914e-07 0)
(0.0014384 -4.66816e-09 0)
(0.00143839 -9.6392e-09 0)
(0.0014384 -1.57296e-08 0)
(0.00143841 -2.19109e-08 0)
(0.00143843 -2.81939e-08 0)
(0.00143845 -3.44941e-08 0)
(0.00143848 -4.09079e-08 0)
(0.00143851 -4.72857e-08 0)
(0.00143855 -5.37972e-08 0)
(0.0014386 -6.01646e-08 0)
(0.00143865 -6.66818e-08 0)
(0.00143871 -7.28595e-08 0)
(0.00143878 -7.9196e-08 0)
(0.00143886 -8.48519e-08 0)
(0.00143894 -9.06664e-08 0)
(0.00143904 -9.50947e-08 0)
(0.00143839 -4.13025e-09 0)
(0.00143839 -8.45867e-09 0)
(0.0014384 -1.38085e-08 0)
(0.00143841 -1.92454e-08 0)
(0.00143843 -2.47828e-08 0)
(0.00143845 -3.03481e-08 0)
(0.00143848 -3.60314e-08 0)
(0.00143851 -4.16991e-08 0)
(0.00143855 -4.75092e-08 0)
(0.00143859 -5.32091e-08 0)
(0.00143865 -5.9069e-08 0)
(0.00143871 -6.46455e-08 0)
(0.00143878 -7.03827e-08 0)
(0.00143886 -7.55414e-08 0)
(0.00143894 -8.08395e-08 0)
(0.00143904 -8.49603e-08 0)
(0.00143838 -3.62431e-09 0)
(0.00143838 -7.40625e-09 0)
(0.00143839 -1.20955e-08 0)
(0.0014384 -1.68684e-08 0)
(0.00143842 -2.17401e-08 0)
(0.00143844 -2.66487e-08 0)
(0.00143847 -3.16789e-08 0)
(0.0014385 -3.67109e-08 0)
(0.00143854 -4.18934e-08 0)
(0.00143859 -4.69956e-08 0)
(0.00143864 -5.22694e-08 0)
(0.00143871 -5.73096e-08 0)
(0.00143878 -6.25189e-08 0)
(0.00143886 -6.72408e-08 0)
(0.00143895 -7.20865e-08 0)
(0.00143905 -7.5956e-08 0)
(0.00143838 -3.1733e-09 0)
(0.00143837 -6.51543e-09 0)
(0.00143838 -1.06453e-08 0)
(0.0014384 -1.48562e-08 0)
(0.00143842 -1.91643e-08 0)
(0.00143844 -2.35172e-08 0)
(0.00143847 -2.79946e-08 0)
(0.0014385 -3.24893e-08 0)
(0.00143854 -3.71426e-08 0)
(0.00143859 -4.17426e-08 0)
(0.00143864 -4.653e-08 0)
(0.00143871 -5.1131e-08 0)
(0.00143878 -5.59289e-08 0)
(0.00143886 -6.03289e-08 0)
(0.00143895 -6.48822e-08 0)
(0.00143905 -6.86555e-08 0)
(0.00143837 -2.79156e-09 0)
(0.00143837 -5.80953e-09 0)
(0.00143838 -9.49687e-09 0)
(0.00143839 -1.32646e-08 0)
(0.00143841 -1.71301e-08 0)
(0.00143844 -2.10494e-08 0)
(0.00143846 -2.50983e-08 0)
(0.0014385 -2.9181e-08 0)
(0.00143854 -3.3433e-08 0)
(0.00143859 -3.76596e-08 0)
(0.00143864 -4.20952e-08 0)
(0.0014387 -4.63937e-08 0)
(0.00143878 -5.09382e-08 0)
(0.00143886 -5.51824e-08 0)
(0.00143895 -5.97033e-08 0)
(0.00143905 -6.37025e-08 0)
(0.00143837 -2.48898e-09 0)
(0.00143837 -5.35902e-09 0)
(0.00143838 -8.76605e-09 0)
(0.00143839 -1.2256e-08 0)
(0.00143841 -1.58483e-08 0)
(0.00143844 -1.9506e-08 0)
(0.00143846 -2.33025e-08 0)
(0.0014385 -2.71516e-08 0)
(0.00143854 -3.11835e-08 0)
(0.00143859 -3.52173e-08 0)
(0.00143864 -3.94801e-08 0)
(0.0014387 -4.36427e-08 0)
(0.00143878 -4.80804e-08 0)
(0.00143886 -5.22545e-08 0)
(0.00143895 -5.67253e-08 0)
(0.00143905 -6.0634e-08 0)
(0.00143837 -2.2957e-09 0)
(0.00143837 -5.35902e-09 0)
(0.00143838 -8.76605e-09 0)
(0.00143839 -1.2256e-08 0)
(0.00143841 -1.58483e-08 0)
(0.00143844 -1.9506e-08 0)
(0.00143846 -2.33025e-08 0)
(0.0014385 -2.71516e-08 0)
(0.00143854 -3.11835e-08 0)
(0.00143859 -3.52173e-08 0)
(0.00143864 -3.94801e-08 0)
(0.0014387 -4.36427e-08 0)
(0.00143878 -4.80804e-08 0)
(0.00143886 -5.22545e-08 0)
(0.00143895 -5.67253e-08 0)
(0.00143905 -6.0634e-08 0)
(0.00143837 -2.2957e-09 0)
)
;

boundaryField
{
    wireUpstream
    {
        type            calculated;
        value           nonuniform List<vector> 
16
(
(0.00143836 0 0)
(0.00143837 0 0)
(0.00143839 0 0)
(0.00143841 0 0)
(0.00143843 0 0)
(0.00143846 0 0)
(0.00143849 0 0)
(0.00143853 0 0)
(0.00143858 0 0)
(0.00143863 0 0)
(0.0014387 0 0)
(0.00143877 0 0)
(0.00143885 0 0)
(0.00143894 0 0)
(0.00143904 0 0)
(0.00143836 0 0)
)
;
    }
    wireDownstream
    {
        type            calculated;
        value           nonuniform List<vector> 
16
(
(0.0014487 -4.37943e-08 0)
(0.0014487 -7.13732e-08 0)
(0.0014487 -9.93938e-08 0)
(0.00144869 -1.27639e-07 0)
(0.00144869 -1.56108e-07 0)
(0.00144869 -1.84809e-07 0)
(0.00144868 -2.13784e-07 0)
(0.00144868 -2.4314e-07 0)
(0.00144867 -2.72871e-07 0)
(0.00144866 -3.03247e-07 0)
(0.00144865 -3.34141e-07 0)
(0.00144863 -3.66093e-07 0)
(0.00144861 -3.98709e-07 0)
(0.00144859 -4.32859e-07 0)
(0.00144856 -4.6748e-07 0)
(0.0014487 -1.87681e-08 0)
)
;
    }
    wireTopContact
    {
        type            calculated;
        value           nonuniform List<vector> 
122
(
(0.00143932 -5.47812e-07 9.65857e-15)
(0.00143937 -5.86242e-07 1.09796e-14)
(0.00143942 -6.21944e-07 1.19772e-14)
(0.00143948 -6.58947e-07 1.28426e-14)
(0.00143954 -6.96405e-07 1.36275e-14)
(0.00143961 -7.3562e-07 1.43696e-14)
(0.00143968 -7.76709e-07 1.50896e-14)
(0.00143975 -8.20174e-07 1.58046e-14)
(0.00143983 -8.66409e-07 1.65297e-14)
(0.00143991 -9.15706e-07 1.72755e-14)
(0.00144 -9.68504e-07 1.80538e-14)
(0.00144009 -1.0251e-06 1.88726e-14)
(0.00144018 -1.0859e-06 1.97416e-14)
(0.00144028 -1.15124e-06 2.06675e-14)
(0.00144038 -1.2215e-06 2.16581e-14)
(0.00144049 -1.297e-06 2.27194e-14)
(0.0014406 -1.37809e-06 2.38575e-14)
(0.00144072 -1.465e-06 2.50771e-14)
(0.00144084 -1.55803e-06 2.63822e-14)
(0.00144097 -1.6572e-06 2.77749e-14)
(0.00144109 -1.76257e-06 2.92551e-14)
(0.00144122 -1.87384e-06 3.08201e-14)
(0.00144136 -1.99053e-06 3.24627e-14)
(0.00144149 -2.11179e-06 3.41708e-14)
(0.00144163 -2.23617e-06 3.5925e-14)
(0.00144177 -2.36176e-06 3.76965e-14)
(0.0014419 -2.48548e-06 3.94434e-14)
(0.00144204 -2.6033e-06 4.11062e-14)
(0.00144216 -2.70936e-06 4.26015e-14)
(0.00144229 -2.79567e-06 4.38114e-14)
(0.0014424 -2.85106e-06 4.45706e-14)
(0.00144251 -2.86098e-06 4.46479e-14)
(0.00144261 -2.80292e-06 4.37405e-14)
(0.00144272 -2.64932e-06 4.16811e-14)
(0.00144282 -2.43882e-06 3.8707e-14)
(0.00144294 -2.19787e-06 3.52942e-14)
(0.00144306 -1.94444e-06 3.17071e-14)
(0.00144319 -1.69046e-06 2.81142e-14)
(0.00144332 -1.44457e-06 2.46426e-14)
(0.00144345 -1.21387e-06 2.13882e-14)
(0.00144358 -1.0048e-06 1.84465e-14)
(0.00144372 -8.21829e-07 1.58762e-14)
(0.00144385 -6.70741e-07 1.37908e-14)
(0.00144398 -5.64976e-07 1.22697e-14)
(0.00144411 -4.93516e-07 1.12673e-14)
(0.00144422 -4.42274e-07 1.05624e-14)
(0.00144433 -4.05306e-07 1.00517e-14)
(0.00144444 -3.7927e-07 9.69158e-15)
(0.00144454 -3.61733e-07 9.44963e-15)
(0.00144463 -3.50837e-07 9.29997e-15)
(0.00144473 -3.44743e-07 9.21651e-15)
(0.00144482 -3.42578e-07 9.1874e-15)
(0.0014449 -3.43059e-07 9.19504e-15)
(0.00144499 -3.45756e-07 9.23394e-15)
(0.00144507 -3.4985e-07 9.29234e-15)
(0.00144516 -3.55066e-07 9.36653e-15)
(0.00144524 -3.60963e-07 9.45033e-15)
(0.00144532 -3.67329e-07 9.54069e-15)
(0.00144541 -3.73953e-07 9.63473e-15)
(0.00144549 -3.80693e-07 9.73037e-15)
(0.00144557 -3.87452e-07 9.82629e-15)
(0.00144566 -3.94151e-07 9.92136e-15)
(0.00144574 -4.00751e-07 1.0015e-14)
(0.00144583 -4.07216e-07 1.01068e-14)
(0.00144591 -4.13536e-07 1.01964e-14)
(0.001446 -4.19703e-07 1.0284e-14)
(0.00144608 -4.2572e-07 1.03694e-14)
(0.00144617 -4.31592e-07 1.04527e-14)
(0.00144626 -4.37328e-07 1.05341e-14)
(0.00144635 -4.42938e-07 1.06138e-14)
(0.00144644 -4.48431e-07 1.06918e-14)
(0.00144653 -4.53816e-07 1.07682e-14)
(0.00144663 -4.59098e-07 1.08433e-14)
(0.00144672 -4.64281e-07 1.09169e-14)
(0.00144681 -4.69364e-07 1.09891e-14)
(0.00144691 -4.74342e-07 1.10599e-14)
(0.00144701 -4.79204e-07 1.1129e-14)
(0.0014471 -4.83932e-07 1.11962e-14)
(0.0014472 -4.88501e-07 1.12612e-14)
(0.0014473 -4.92874e-07 1.13235e-14)
(0.0014474 -4.97005e-07 1.13824e-14)
(0.0014475 -5.00833e-07 1.1437e-14)
(0.0014476 -5.04279e-07 1.14862e-14)
(0.00144771 -5.07244e-07 1.15287e-14)
(0.00144781 -5.096e-07 1.15627e-14)
(0.00144791 -5.11183e-07 1.15858e-14)
(0.00144802 -5.11786e-07 1.15951e-14)
(0.00144812 -5.11125e-07 1.15867e-14)
(0.00144823 -5.08838e-07 1.15552e-14)
(0.00144833 -5.04349e-07 1.14928e-14)
(0.00144844 -4.96925e-07 1.13839e-14)
(0.00143928 -5.10975e-07 7.32348e-15)
(0.00143925 -4.86614e-07 6.98394e-15)
(0.00143923 -4.63114e-07 6.65393e-15)
(0.00143921 -4.39361e-07 6.31948e-15)
(0.00143919 -4.16779e-07 6.00124e-15)
(0.00143917 -3.94913e-07 5.69317e-15)
(0.00143915 -3.73992e-07 5.39833e-15)
(0.00143914 -3.53813e-07 5.11396e-15)
(0.00143913 -3.34383e-07 4.84016e-15)
(0.00143912 -3.15622e-07 4.57573e-15)
(0.00143911 -2.97459e-07 4.31979e-15)
(0.0014391 -2.7985e-07 4.0716e-15)
(0.00143909 -2.627e-07 3.82994e-15)
(0.00143909 -2.45959e-07 3.59403e-15)
(0.00143908 -2.29525e-07 3.36245e-15)
(0.00143908 -2.13324e-07 3.13422e-15)
(0.00143908 -1.97243e-07 2.9076e-15)
(0.00143908 -1.81143e-07 2.68087e-15)
(0.00143908 -1.64947e-07 2.4526e-15)
(0.00143908 -1.48272e-07 2.21721e-15)
(0.00143908 -1.31292e-07 1.9772e-15)
(0.00143908 -1.19048e-07 1.80441e-15)
(0.00143909 -1.08277e-07 1.65267e-15)
(0.00143909 -9.72672e-08 1.49732e-15)
(0.0014391 -8.69835e-08 1.35152e-15)
(0.0014391 -7.78622e-08 1.22181e-15)
(0.0014391 -7.04753e-08 1.11952e-15)
(0.0014391 -6.57607e-08 1.04354e-15)
(0.0014391 -6.28721e-08 9.87561e-16)
(0.0014391 -6.28721e-08 9.87561e-16)
(0.00144855 -4.84753e-07 1.11972e-14)
)
;
    }
    front
    {
        type            wedge;
    }
    back
    {
        type            wedge;
    }
}


// ************************************************************************* //
