/*--------------------------------*- C++ -*----------------------------------*\
  =========                 |
  \\      /  F ield         | OpenFOAM: The Open Source CFD Toolbox
   \\    /   O peration     | Website:  https://openfoam.org
    \\  /    A nd           | Version:  8
     \\/     M anipulation  |
\*---------------------------------------------------------------------------*/
FoamFile
{
    version     2.0;
    format      ascii;
    class       volVectorField;
    location    "0.0555000";
    object      cellDisplacement;
}
// * * * * * * * * * * * * * * * * * * * * * * * * * * * * * * * * * * * * * //

dimensions      [0 1 0 0 0 0 0];

internalField   nonuniform List<vector> 
900
(
(2.16803531193966e-28 -7.29393842839576e-07 -4.82708126764736e-14)
(2.0960735348356e-28 -7.31781896427773e-07 -4.52920745233689e-14)
(2.06714541749015e-28 -7.36091057050139e-07 -5.45909453682295e-15)
(2.0138084599995e-28 -7.41475419281811e-07 -5.66881955152707e-14)
(1.98483953508473e-28 -7.47563190881268e-07 7.56754044644364e-14)
(1.92978729680914e-28 -7.54227911729626e-07 2.04093846642631e-13)
(1.90128312022466e-28 -7.61547826577902e-07 1.18236325658556e-13)
(1.84810032286075e-28 -7.69494743374569e-07 4.18403610976305e-14)
(1.82009572591541e-28 -7.77904677771665e-07 9.07642991057775e-14)
(1.76853615370574e-28 -7.86733567093153e-07 7.81119469804725e-14)
(1.74096521110502e-28 -7.96067258515301e-07 -1.4358217000146e-14)
(1.69098445540979e-28 -8.05876757260203e-07 -1.50019508126998e-15)
(1.66373590625603e-28 -8.16036552968313e-07 7.23790024627233e-14)
(1.61521275192219e-28 -8.26560721487048e-07 -5.32702460865026e-14)
(1.58828807384357e-28 -8.37508837055935e-07 -1.19843139814978e-13)
(1.54119767774502e-28 -8.48857122614074e-07 1.77004619864961e-14)
(1.51452885015027e-28 -8.60534264180176e-07 1.07044188818579e-14)
(1.46880750987954e-28 -8.72559921292149e-07 -1.07384024443533e-13)
(1.44243392219321e-28 -8.84990858151343e-07 -9.92452673714234e-14)
(1.39805834042627e-28 -8.97804612596941e-07 6.71159014461965e-14)
(1.37192572890439e-28 -9.1094529078946e-07 4.14381839212621e-14)
(1.32887306139633e-28 -9.24462466142433e-07 1.29077137276246e-14)
(1.30303489076034e-28 -9.38414328997766e-07 -4.49369727921028e-15)
(1.26127455955047e-28 -9.52770364610284e-07 -2.97382897771349e-14)
(1.23570636480768e-28 -9.67493504264546e-07 1.02524755622363e-13)
(1.1952450831983e-28 -9.8266183666213e-07 1.9931465006943e-13)
(1.16998672688806e-28 -9.98327094612453e-07 1.03902691236573e-13)
(1.13078598291307e-28 -1.01444246852628e-06 -2.48261838242649e-15)
(1.10584427061019e-28 -1.03099146266819e-06 -1.56975400132335e-14)
(1.06793422886427e-28 -1.04810680921015e-06 -8.80509167204993e-15)
(1.04334583318572e-28 -1.06584516120161e-06 6.32765619549398e-15)
(1.00668112049923e-28 -1.08413228653028e-06 -1.7258201488716e-15)
(9.82468523401033e-29 -1.10298338983324e-06 -6.04054954243323e-14)
(9.47100657412093e-29 -1.12261779487303e-06 -5.95250705382526e-14)
(9.23301777414031e-29 -1.14310510381861e-06 -6.76801726548197e-14)
(8.89190364949075e-29 -1.16433948829585e-06 -7.85735511494174e-14)
(8.65860911129628e-29 -1.18643454929989e-06 4.59757687057942e-15)
(8.33063816065786e-29 -1.20968757790368e-06 -1.04869944911715e-13)
(8.1023279440904e-29 -1.23417258001269e-06 -6.19796206525736e-14)
(7.78738013382156e-29 -1.25979599558802e-06 1.2054730023497e-13)
(7.56507194480197e-29 -1.28683421274659e-06 9.95664113146622e-14)
(7.26363731986323e-29 -1.31572113541216e-06 -9.42594422617708e-14)
(7.05355876551796e-29 -1.34652103607162e-06 -1.87213867566298e-13)
(6.79783701840519e-29 -1.379167464079e-06 1.95211667840463e-14)
(6.44524653452051e-29 -1.41429194965529e-06 1.97143878937425e-14)
(6.29230728930695e-29 -1.45253152539573e-06 -4.90672686065875e-14)
(5.92617912313977e-29 -1.49385663498568e-06 -5.13638026922149e-14)
(5.83290116350346e-29 -1.53826837535913e-06 1.74846128012541e-14)
(5.48288833192407e-29 -1.58713175974293e-06 4.56575765669269e-14)
(5.39620637226251e-29 -1.64135919209061e-06 4.90555017164875e-14)
(5.06788443147441e-29 -1.70062139439295e-06 7.61414040620284e-14)
(4.98321898800691e-29 -1.76521425568781e-06 -3.51224668668813e-14)
(4.67960612986282e-29 -1.8377543879158e-06 -1.22443448113172e-13)
(4.59719852611717e-29 -1.91934574047743e-06 -8.56297196495012e-14)
(4.31681416244863e-29 -2.00909532920205e-06 1.32064858067603e-13)
(4.24007823692596e-29 -2.10862894273198e-06 1.99338389965024e-13)
(3.98383572540628e-29 -2.22164966060954e-06 2.01669616870157e-13)
(3.91146533289811e-29 -2.34919922481314e-06 7.00772491385365e-14)
(3.67894236207506e-29 -2.49039085121665e-06 -7.06474810455559e-14)
(3.61625626530022e-29 -2.64919876224098e-06 -3.30155002257574e-14)
(3.40651939717632e-29 -2.83164227837878e-06 -1.0368678371617e-13)
(3.35051179565024e-29 -3.04252712230938e-06 -8.10404551551189e-14)
(3.16728909410894e-29 -3.28713998988926e-06 -1.16349067599315e-13)
(3.12971462855753e-29 -3.58982653668129e-06 -1.49062447457243e-13)
(2.97904288589512e-29 -3.97249554592665e-06 4.54765933569912e-14)
(2.9698531702147e-29 -4.4331573206448e-06 7.79787777567426e-14)
(2.88183941309521e-29 -4.97264342709665e-06 -1.35976351154609e-15)
(2.92245133927399e-29 -5.61445080527147e-06 -2.87408200769543e-14)
(2.8773607204329e-29 -6.35361431460896e-06 2.06246659342527e-14)
(2.96494159671145e-29 -7.16410437010334e-06 1.1443038627435e-13)
(2.96634426446755e-29 -8.05158154220061e-06 2.16302836371098e-14)
(3.08495152534374e-29 -9.01695002098574e-06 -2.2695833822892e-13)
(3.09747149287387e-29 -1.00398435776194e-05 -1.85703073405829e-13)
(3.23987057190364e-29 -1.11031045551982e-05 6.00408851082885e-14)
(3.24734043540995e-29 -1.22000080888889e-05 -6.17591797882013e-14)
(3.38448182309929e-29 -1.33110782796493e-05 -5.28371093217471e-14)
(3.36048687140275e-29 -1.44162458755977e-05 3.42893280172175e-16)
(3.46660839539694e-29 -1.55021201855837e-05 -3.73948099382414e-14)
(3.3831045785322e-29 -1.65422903379396e-05 1.66157996347848e-13)
(3.43586070988689e-29 -1.75203542054831e-05 1.29819807296048e-13)
(3.25614198174529e-29 -1.84330567386786e-05 -5.40631123933142e-14)
(3.22284965144523e-29 -1.92468691735802e-05 -2.33152631560746e-14)
(2.96084150030039e-29 -1.9941733416008e-05 5.6807976025216e-14)
(2.83320514897587e-29 -2.05278872110885e-05 -6.20454257838486e-14)
(2.45845513793153e-29 -2.09916347284453e-05 -1.0072325072678e-13)
(2.26710212524366e-29 -2.13098907854096e-05 -8.68325812420292e-15)
(2.00024922065495e-29 -2.15042290624372e-05 1.64585476522737e-13)
(2.06438384228246e-29 -2.16069379830408e-05 2.34206971445213e-13)
(2.05386844951947e-29 -2.16171431161007e-05 6.97604339576182e-14)
(1.95846210657185e-29 -2.1555587953683e-05 -5.9494011339385e-14)
(1.97830927465582e-29 -2.14532552424562e-05 -3.73747464941373e-14)
(1.86539860900205e-29 -2.131858526331e-05 9.18495992552733e-14)
(1.8744019703431e-29 -2.11600265115192e-05 1.07129196726195e-13)
(1.75998711663306e-29 -2.09875310768588e-05 3.69861226699739e-14)
(1.75990332137541e-29 -2.08067520434068e-05 1.59631279145295e-14)
(1.64886594675865e-29 -2.06216217757954e-05 -8.46913997218275e-14)
(1.6479404545869e-29 -2.04370518439224e-05 -1.09031992263483e-15)
(1.54351999209394e-29 -2.02566234021013e-05 1.06427936199849e-13)
(1.54247551112065e-29 -2.00885720569115e-05 5.78350139271947e-14)
(1.43050290108604e-29 -1.99489642452187e-05 7.37486331824911e-15)
(6.06759038336891e-28 -1.93982918544438e-06 -1.42372431741779e-13)
(5.86857692201821e-28 -1.94075665035582e-06 -1.33755187631261e-13)
(5.78709318212304e-28 -1.94351490398633e-06 -1.60050583262881e-14)
(5.63751308644982e-28 -1.94720701146857e-06 -1.67654649176074e-13)
(5.55546094225263e-28 -1.95151274295707e-06 2.22614628729448e-13)
(5.40161993153512e-28 -1.95632239696429e-06 6.02549609189349e-13)
(5.32072513201465e-28 -1.9617063147894e-06 3.49585374259005e-13)
(5.17181316983439e-28 -1.96764007901102e-06 1.23566225676763e-13)
(5.09221644330402e-28 -1.97397884705961e-06 2.68050889193699e-13)
(4.94768653872738e-28 -1.98068432638801e-06 2.31136564071683e-13)
(4.86923923779093e-28 -1.98783321456665e-06 -4.22685489510451e-14)
(4.72897653830726e-28 -1.99540013187677e-06 -4.71659508275289e-15)
(4.65143868085329e-28 -2.0032739364094e-06 2.14239168771696e-13)
(4.51517463010416e-28 -2.01146746810301e-06 -1.57008423599151e-13)
(4.43855038962126e-28 -2.02003417916708e-06 -3.54751873965786e-13)
(4.30622599392833e-28 -2.0289531020333e-06 5.20711191181711e-14)
(4.23037762539931e-28 -2.038160578536e-06 3.20778792361789e-14)
(4.10184577582978e-28 -2.04767467683583e-06 -3.17541240431016e-13)
(4.02686321937324e-28 -2.05754612491444e-06 -2.94319321030317e-13)
(3.90207466901982e-28 -2.06775487133744e-06 1.98399038274667e-13)
(3.8278532364522e-28 -2.07825097580648e-06 1.22853603758299e-13)
(3.70675245102529e-28 -2.08907890900118e-06 3.83501742884038e-14)
(3.63341433378864e-28 -2.10029065615745e-06 -1.31912386225342e-14)
(3.51593359159014e-28 -2.11185864446421e-06 -8.84686315090247e-14)
(3.44344360749385e-28 -2.12374963713772e-06 3.03223201866235e-13)
(3.32959866940157e-28 -2.13603348796927e-06 5.90857898897433e-13)
(3.25804666849833e-28 -2.14875652226301e-06 3.08588383730509e-13)
(3.147751183106e-28 -2.16187648576802e-06 -7.07316235262393e-15)
(3.07717313647322e-28 -2.17537792131911e-06 -4.65469225423235e-14)
(2.97049208898121e-28 -2.18937963929226e-06 -2.61818114808522e-14)
(2.90097609405568e-28 -2.20393224766987e-06 1.87631201739783e-14)
(2.79781491583701e-28 -2.21896842448067e-06 -4.92863491875642e-15)
(2.72942721218194e-28 -2.23450071673804e-06 -1.79164618458746e-13)
(2.62989311362979e-28 -2.25072531519998e-06 -1.76700148826049e-13)
(2.56273166516832e-28 -2.26770407966595e-06 -2.00922439547388e-13)
(2.46674625054734e-28 -2.28534000164247e-06 -2.33582751943382e-13)
(2.40094987459871e-28 -2.30373361283781e-06 1.37756022441617e-14)
(2.30863319526915e-28 -2.32315061318861e-06 -3.11457907162479e-13)
(2.24428543174625e-28 -2.34365609429548e-06 -1.84814010269878e-13)
(2.15562860602687e-28 -2.36516191587092e-06 3.57944483495245e-13)
(2.09296839225311e-28 -2.38791375257246e-06 2.96610093890412e-13)
(2.00806925794519e-28 -2.41229951631666e-06 -2.7956860596287e-13)
(1.94853441433795e-28 -2.43837381429376e-06 -5.57169452087901e-13)
(1.87559318011688e-28 -2.4660684090524e-06 5.75736196111963e-14)
(1.78082792814131e-28 -2.49594726267759e-06 5.88486624637021e-14)
(1.73468286698589e-28 -2.52858019370623e-06 -1.45851720002855e-13)
(1.63429735025386e-28 -2.56393334810481e-06 -1.53074364705596e-13)
(1.60454110095307e-28 -2.60199121597518e-06 5.18095387875853e-14)
(1.50865734442643e-28 -2.64397771750079e-06 1.35882383105215e-13)
(1.48096542741801e-28 -2.6907093097476e-06 1.46024880185791e-13)
(1.39094882242638e-28 -2.74187145469914e-06 2.27064962425783e-13)
(1.36394484293399e-28 -2.79770321683533e-06 -1.04131416956698e-13)
(1.28041099690648e-28 -2.86055756659842e-06 -3.64794047293927e-13)
(1.25423218294464e-28 -2.93142269225624e-06 -2.55952381198083e-13)
(1.17688426900634e-28 -3.00944630273896e-06 3.92983721432012e-13)
(1.15226981193846e-28 -3.09606250089637e-06 5.94273256816495e-13)
(1.08127424171813e-28 -3.19460534641303e-06 6.01905501091186e-13)
(1.05807034307494e-28 -3.30599749898313e-06 2.09832050952382e-13)
(9.93324635683505e-29 -3.4293425282253e-06 -2.10527272203652e-13)
(9.72636989501945e-29 -3.56818175738362e-06 -9.84421766931898e-14)
(9.13972311345686e-29 -3.72787701718353e-06 -3.09422670925414e-13)
(8.95341170575959e-29 -3.91264099921969e-06 -2.41971922322417e-13)
(8.43502330850505e-29 -4.12683758594665e-06 -3.47449054755348e-13)
(8.29422299361472e-29 -4.39214678843151e-06 -4.46221383011966e-13)
(7.86058416141159e-29 -4.7283677547513e-06 1.35144167280464e-13)
(7.78768150738874e-29 -5.13331443319407e-06 2.33394100377871e-13)
(7.49606324164527e-29 -5.60743330229767e-06 -3.64640839217285e-15)
(7.54166198057296e-29 -6.17181538651688e-06 -8.61126664881008e-14)
(7.3564774197125e-29 -6.822636472824e-06 6.10272702452926e-14)
(7.50146621716634e-29 -7.53583604369199e-06 3.42356161291507e-13)
(7.42210341967068e-29 -8.31672808171428e-06 6.64480496163596e-14)
(7.65559207329174e-29 -9.16631713703434e-06 -6.77660350505306e-13)
(7.59230923265764e-29 -1.00666160434073e-05 -5.56654963380761e-13)
(7.87673207505055e-29 -1.10021787192179e-05 1.78781784513129e-13)
(7.8157804237953e-29 -1.196694730862e-05 -1.83851201686061e-13)
(8.09054255531453e-29 -1.29441263915239e-05 -1.58053241473777e-13)
(7.96093040718844e-29 -1.39156600312331e-05 9.40409648781994e-16)
(8.18615119465665e-29 -1.48694692019872e-05 -1.12346765092319e-13)
(7.91673219108001e-29 -1.57831273784488e-05 4.94049087667073e-13)
(8.03427438964289e-29 -1.66417615584291e-05 3.87545291161739e-13)
(7.58722455982841e-29 -1.74409526600806e-05 -1.59958789336684e-13)
(7.50405695119e-29 -1.81536164368776e-05 -6.96895571939825e-14)
(6.83741468188568e-29 -1.87622435827359e-05 1.68802611789039e-13)
(6.60748586979107e-29 -1.92730844172672e-05 -1.83377968049146e-13)
(5.70808385864258e-29 -1.96748020971476e-05 -2.98371688622234e-13)
(5.2625175058941e-29 -1.99518806092709e-05 -2.63328476584482e-14)
(4.6578107750855e-29 -2.01228559078763e-05 4.87126369442691e-13)
(4.83671448271482e-29 -2.02125904252525e-05 6.9397473918085e-13)
(4.82277830573789e-29 -2.02240609387172e-05 2.0710240184338e-13)
(4.59141230948654e-29 -2.01740131130373e-05 -1.76573095844727e-13)
(4.6584320966937e-29 -2.0085858726432e-05 -1.11190263872971e-13)
(4.38672602337138e-29 -1.99692946239981e-05 2.72926301093355e-13)
(4.42145370358846e-29 -1.98319670181083e-05 3.18654997826218e-13)
(4.14047414968894e-29 -1.96818414253496e-05 1.10082393808313e-13)
(4.1550384947979e-29 -1.95242514252325e-05 4.75437916992549e-14)
(3.88247180561572e-29 -1.93629164653334e-05 -2.52116873396221e-13)
(3.89259184918299e-29 -1.92019609366756e-05 -3.26284400701106e-15)
(3.63746612417478e-29 -1.90451457906562e-05 3.17084341031499e-13)
(3.64807157467685e-29 -1.89005007634928e-05 1.72445832289927e-13)
(3.39273116490342e-29 -1.87871675751425e-05 2.19899079018314e-14)
(9.37352806104732e-28 -3.12542813939739e-06 -2.34573838444132e-13)
(9.07539483231583e-28 -3.12523109115004e-06 -2.20868884070679e-13)
(8.95322372780483e-28 -3.1267553600564e-06 -2.60400962043591e-14)
(8.71763246198214e-28 -3.12907909208017e-06 -2.7748703745952e-13)
(8.59402575975915e-28 -3.13193000916596e-06 3.64555045337297e-13)
(8.35319283446549e-28 -3.13521400417517e-06 9.93405490939655e-13)
(8.23103186728017e-28 -3.13899115470889e-06 5.77811442210558e-13)
(7.99761373242877e-28 -3.14324058128584e-06 2.03730340636551e-13)
(7.87713202687016e-28 -3.1478383061295e-06 4.41874641238601e-13)
(7.65043009876553e-28 -3.15275158410624e-06 3.82327423908519e-13)
(7.53144089773988e-28 -3.15804610520254e-06 -6.92445215111215e-14)
(7.31128870331488e-28 -3.16370017695823e-06 -8.65091507610909e-15)
(7.19350248412535e-28 -3.1696187210036e-06 3.5433645193913e-13)
(6.97955421090547e-28 -3.17581267890985e-06 -2.57594137085049e-13)
(6.86298307711145e-28 -3.18232802420192e-06 -5.86500978250116e-13)
(6.65515960286526e-28 -3.18914686170052e-06 8.51223632836744e-14)
(6.53965149582957e-28 -3.19621467125335e-06 5.41791284775274e-14)
(6.33775482932044e-28 -3.20354707023342e-06 -5.23645449307728e-13)
(6.22343384700562e-28 -3.21118767118777e-06 -4.87725923205273e-13)
(6.02740417237582e-28 -3.21911936464611e-06 3.26866301269572e-13)
(5.91416336700462e-28 -3.22729944629861e-06 2.03378446054289e-13)
(5.72392146650575e-28 -3.23576616483145e-06 6.37056092949165e-14)
(5.61192742207514e-28 -3.24456437205111e-06 -2.14508951091877e-14)
(5.42738604585205e-28 -3.25367040538596e-06 -1.47243343363058e-13)
(5.31662517218183e-28 -3.2630559820885e-06 4.9948130522781e-13)
(5.13780463170209e-28 -3.27278118884271e-06 9.76970055116841e-13)
(5.02839806107377e-28 -3.28288606322174e-06 5.11714931798951e-13)
(4.8551843657573e-28 -3.29333439600399e-06 -1.09203623637871e-14)
(4.74721287723549e-28 -3.30411316832263e-06 -7.69533649463417e-14)
(4.57968701834679e-28 -3.31532463856272e-06 -4.34736417378294e-14)
(4.47327612568176e-28 -3.3270126090601e-06 3.10115148975784e-14)
(4.31132213459042e-28 -3.33911939579943e-06 -7.62866120718093e-15)
(4.20658528006823e-28 -3.35165611671697e-06 -2.96116287866933e-13)
(4.05033075548325e-28 -3.36479171520192e-06 -2.92366017467543e-13)
(3.94741583280824e-28 -3.37857985021584e-06 -3.32422929223415e-13)
(3.796772425613e-28 -3.39293738742436e-06 -3.87244994728498e-13)
(3.69588288923259e-28 -3.40795126100566e-06 2.31474007172981e-14)
(3.55099196681535e-28 -3.42385050783751e-06 -5.15405705579968e-13)
(3.45226428191137e-28 -3.4406918123492e-06 -3.07655413398154e-13)
(3.31313398866652e-28 -3.45839983207141e-06 5.9196303178768e-13)
(3.21689613597048e-28 -3.47718674320477e-06 4.92847567642868e-13)
(3.08363628201832e-28 -3.49738724135655e-06 -4.61421250494417e-13)
(2.99163393778735e-28 -3.51904934460826e-06 -9.24134965822043e-13)
(2.87560166284583e-28 -3.54211528063212e-06 9.42509231125516e-14)
(2.73592793838489e-28 -3.56707173275805e-06 9.80002982766897e-14)
(2.65871950595927e-28 -3.59441105682464e-06 -2.41379862001102e-13)
(2.50836186119586e-28 -3.62410553791083e-06 -2.54222720755199e-13)
(2.4551920324179e-28 -3.65614343052715e-06 8.53487675589861e-14)
(2.31194162747022e-28 -3.69158098028064e-06 2.25171582838955e-13)
(2.26227401134723e-28 -3.7311245927889e-06 2.42008504532734e-13)
(2.12761993038516e-28 -3.77450556510517e-06 3.77211113958469e-13)
(2.07940850741212e-28 -3.82193215045378e-06 -1.71627323967969e-13)
(1.95407341685425e-28 -3.8754357292734e-06 -6.05070119147844e-13)
(1.907572595495e-28 -3.9358731478116e-06 -4.26271637821529e-13)
(1.79124726959172e-28 -4.00251324130774e-06 6.50705173906387e-13)
(1.74738612399883e-28 -4.07659544924994e-06 9.86153407192527e-13)
(1.64025079135165e-28 -4.16100077276233e-06 1.00009598664344e-12)
(1.59896368097744e-28 -4.25653234251358e-06 3.49944233212673e-13)
(1.5009247513973e-28 -4.36242209238315e-06 -3.49101151741872e-13)
(1.46355442282636e-28 -4.48172982137452e-06 -1.63311115600594e-13)
(1.37442483196561e-28 -4.61909195999827e-06 -5.13816302446135e-13)
(1.34060157393026e-28 -4.77815907248844e-06 -4.01995895853766e-13)
(1.2613246667954e-28 -4.96270869091319e-06 -5.77192403993492e-13)
(1.23417587165075e-28 -5.1914656510987e-06 -7.43086205303856e-13)
(1.16699602704028e-28 -5.48155587115803e-06 2.23409914340931e-13)
(1.14983090408164e-28 -5.83112835469246e-06 3.88536139615435e-13)
(1.10170131615223e-28 -6.2405526285296e-06 -5.36129123870855e-15)
(1.10072676870533e-28 -6.72804216686118e-06 -1.434544484481e-13)
(1.06772117463686e-28 -7.29033505665266e-06 1.00520117593419e-13)
(1.08092902989499e-28 -7.9066290204039e-06 5.69595509579937e-13)
(1.06206818472152e-28 -8.58144803560685e-06 1.13035175538668e-13)
(1.087618030398e-28 -9.31566748677246e-06 -1.12554293412902e-12)
(1.07231872105188e-28 -1.00937423669817e-05 -9.27581284774648e-13)
(1.10483241031729e-28 -1.09022694955956e-05 2.96253788238092e-13)
(1.0899466986505e-28 -1.17359783309455e-05 -3.04614147294806e-13)
(1.12215232955521e-28 -1.25803442275125e-05 -2.62876193325852e-13)
(1.09865483079201e-28 -1.34197228269576e-05 1.45659763375376e-15)
(1.12440110487141e-28 -1.42436508634386e-05 -1.87443382975916e-13)
(1.08354617089221e-28 -1.50327526039677e-05 8.17453295000522e-13)
(1.09500826063856e-28 -1.57741117281168e-05 6.43286291485968e-13)
(1.03093696445765e-28 -1.6463852467125e-05 -2.63651602937286e-13)
(1.0172060078202e-28 -1.70786812939912e-05 -1.15807008716876e-13)
(9.25109065729393e-29 -1.76034272901309e-05 2.79014122455017e-13)
(8.90051187127727e-29 -1.80432734357471e-05 -3.01734163637105e-13)
(7.6935836713717e-29 -1.83884966149596e-05 -4.91643698281549e-13)
(7.07623692846848e-29 -1.86262062750368e-05 -4.45317879743978e-14)
(6.25947841643579e-29 -1.8772882470647e-05 8.01862474871444e-13)
(6.51056896369335e-29 -1.8850075328023e-05 1.14341272286968e-12)
(6.49758619853154e-29 -1.88603560790797e-05 3.421100273233e-13)
(6.19166176374437e-29 -1.88178923123408e-05 -2.91362279257973e-13)
(6.28847012026583e-29 -1.874246567404e-05 -1.83878144509846e-13)
(5.92624950327217e-29 -1.86425124226222e-05 4.50842890325977e-13)
(5.975126456571e-29 -1.85246725614734e-05 5.2692251520801e-13)
(5.59948877497842e-29 -1.8395747060504e-05 1.82135219336173e-13)
(5.62167295957584e-29 -1.82603424502724e-05 7.8732689664617e-14)
(5.256084091128e-29 -1.8121693504573e-05 -4.17220244963956e-13)
(5.27246686701277e-29 -1.79833658772165e-05 -5.44966808366682e-15)
(4.93069943378397e-29 -1.78486838536556e-05 5.251295610519e-13)
(4.95210543404877e-29 -1.77247494386271e-05 2.85882279217032e-13)
(4.63602142466186e-29 -1.76278904852582e-05 3.66692835199284e-14)
(1.18257490834425e-27 -4.28704394836757e-06 -3.24957476818604e-13)
(1.14721398336295e-27 -4.28605525891245e-06 -3.0697863595135e-13)
(1.1318365299805e-27 -4.28664602750747e-06 -3.53762574512048e-14)
(1.10199412717766e-27 -4.28790552238027e-06 -3.86913512411315e-13)
(1.08642106745952e-27 -4.2896070297769e-06 5.00251352674368e-13)
(1.05604787338838e-27 -4.29167151179371e-06 1.37695365112331e-12)
(1.04063222451524e-27 -4.29414908649635e-06 8.03857255109221e-13)
(1.01115728678644e-27 -4.29702244530875e-06 2.82370026877147e-13)
(9.95930567651721e-28 -4.30018792208976e-06 6.12228192918344e-13)
(9.67279866140707e-28 -4.30361804733069e-06 5.32368088468572e-13)
(9.52222606755795e-28 -4.30736779511039e-06 -9.50320630449123e-14)
(9.2437782734413e-28 -4.31141915715798e-06 -1.3784907063538e-14)
(9.09461493689432e-28 -4.31569264857169e-06 4.93188426685911e-13)
(8.82385366965239e-28 -4.32019729470824e-06 -3.54250743018733e-13)
(8.67612155082988e-28 -4.32497174585644e-06 -8.15723364328862e-13)
(8.41297100978605e-28 -4.33000115246172e-06 1.16421736144546e-13)
(8.26653277947501e-28 -4.33523986539388e-06 7.76684453871788e-14)
(8.01077128308775e-28 -4.34070100799024e-06 -7.25415155823374e-13)
(7.86577532574199e-28 -4.34642124002748e-06 -6.80431757224957e-13)
(7.61735211616329e-28 -4.3523863484599e-06 4.52140928341712e-13)
(7.47370682905061e-28 -4.35856061403403e-06 2.83265666169048e-13)
(7.23252942336422e-28 -4.36497612851925e-06 8.91620772997877e-14)
(7.0904318080099e-28 -4.37167072887468e-06 -2.9089302958842e-14)
(6.85641384397538e-28 -4.378624611191e-06 -2.06622132841511e-13)
(6.71587625942182e-28 -4.38581420510876e-06 6.90492701563067e-13)
(6.48904435886212e-28 -4.39328996366265e-06 1.35789962797691e-12)
(6.35021030768305e-28 -4.40108574210297e-06 7.14114184616682e-13)
(6.13044091021918e-28 -4.40917125107182e-06 -1.36388512595784e-14)
(5.9934270352332e-28 -4.41753568652078e-06 -1.06911553027375e-13)
(5.78081492584003e-28 -4.42626499559646e-06 -6.07697336973393e-14)
(5.64577702432859e-28 -4.43539629150112e-06 4.30621279815858e-14)
(5.44020106726632e-28 -4.44488128619132e-06 -9.56575136621003e-15)
(5.30728483854155e-28 -4.45472945717928e-06 -4.1112443922772e-13)
(5.1088853566232e-28 -4.46508290290706e-06 -4.06518597527231e-13)
(4.97827714015793e-28 -4.47598719077073e-06 -4.62142958600562e-13)
(4.78696612003358e-28 -4.48737266483342e-06 -5.3987563314896e-13)
(4.65891080157834e-28 -4.49931258795288e-06 3.28913603691985e-14)
(4.47484330982192e-28 -4.51199983470217e-06 -7.16608847602319e-13)
(4.34951610478976e-28 -4.5254827163813e-06 -4.3126885090237e-13)
(4.17271465590137e-28 -4.53969817674538e-06 8.22237741919708e-13)
(4.05049711127002e-28 -4.55482500490017e-06 6.88994271315144e-13)
(3.88107794160817e-28 -4.57114535571282e-06 -6.39057100292418e-13)
(3.76381421041876e-28 -4.58870053239613e-06 -1.28857914909072e-12)
(3.61504245793383e-28 -4.60744243978983e-06 1.29067186012913e-13)
(3.44295051210004e-28 -4.62778111188463e-06 1.37373330215773e-13)
(3.34039762169762e-28 -4.65013228619374e-06 -3.35495093234655e-13)
(3.15629704566562e-28 -4.67447383900353e-06 -3.550039482236e-13)
(3.08113576680876e-28 -4.7007966061972e-06 1.17878008848509e-13)
(2.90574160131814e-28 -4.72999080260653e-06 3.13458340537398e-13)
(2.8351959284313e-28 -4.76265382445971e-06 3.36929093536201e-13)
(2.67009979259841e-28 -4.79856114789846e-06 5.26803407112073e-13)
(2.60185550454331e-28 -4.83788884965184e-06 -2.3718130491162e-13)
(2.44781176484011e-28 -4.88235007976798e-06 -8.43169760482093e-13)
(2.38219079639421e-28 -4.93267118066741e-06 -5.97133500694936e-13)
(2.23890822340109e-28 -4.98823828243225e-06 9.04673344756095e-13)
(2.17694060300165e-28 -5.05009639285942e-06 1.37478849429997e-12)
(2.04461739248193e-28 -5.12067794540587e-06 1.39642173739351e-12)
(1.98629448352538e-28 -5.20066614168919e-06 4.90870905054503e-13)
(1.86486628855436e-28 -5.28941555629156e-06 -4.86185044040812e-13)
(1.81165477813928e-28 -5.38950698707505e-06 -2.27525776261046e-13)
(1.70094238404438e-28 -5.50485631648594e-06 -7.16699103226175e-13)
(1.65254057904619e-28 -5.63855079370723e-06 -5.60980027856024e-13)
(1.5535993605084e-28 -5.79377529381225e-06 -8.05201422097114e-13)
(1.51344776089577e-28 -5.98632594341159e-06 -1.03931846186045e-12)
(1.42881271989001e-28 -6.23067986099657e-06 3.09854059789032e-13)
(1.40079166507075e-28 -6.52530001204455e-06 5.43151534732021e-13)
(1.33793642427675e-28 -6.87047719071932e-06 -6.42527954024132e-15)
(1.32878861457762e-28 -7.28157830402896e-06 -2.00642279298523e-13)
(1.28367345318022e-28 -7.7558926887696e-06 1.3891617531786e-13)
(1.29135309400973e-28 -8.27584268322442e-06 7.95689628245016e-13)
(1.26249822352725e-28 -8.84519156700708e-06 1.61529974566923e-13)
(1.28470983734079e-28 -9.4646867894692e-06 -1.56986614515699e-12)
(1.26091672696333e-28 -1.01212090164845e-05 -1.29839649190475e-12)
(1.29146885992092e-28 -1.08034032295895e-05 4.12378264783543e-13)
(1.26860481554687e-28 -1.15067975170289e-05 -4.24054752925003e-13)
(1.29964804334762e-28 -1.22191307386953e-05 -3.67494916781511e-13)
(1.26783582336162e-28 -1.29271789574666e-05 1.89268362692086e-15)
(1.29206970042818e-28 -1.36221069995054e-05 -2.63073364364682e-13)
(1.24186057251311e-28 -1.42875653584964e-05 1.13788328533713e-12)
(1.25050886121412e-28 -1.49126287624163e-05 8.98536507762243e-13)
(1.17492130437145e-28 -1.5494037549745e-05 -3.658141511547e-13)
(1.15650517550206e-28 -1.60121695790944e-05 -1.62131283003529e-13)
(1.0507129840627e-28 -1.64541897823777e-05 3.88521198419917e-13)
(1.00772737221237e-28 -1.68244297270736e-05 -4.18350510626265e-13)
(8.71467394192454e-29 -1.71147094844662e-05 -6.83269231038842e-13)
(8.00121127608052e-29 -1.73142716051718e-05 -6.35491953724356e-14)
(7.0809098755024e-29 -1.74372547185856e-05 1.11281714220258e-12)
(7.36813281090589e-29 -1.75020178674863e-05 1.58826324138901e-12)
(7.35711173296534e-29 -1.75107167103446e-05 4.76180055496018e-13)
(7.0170598038917e-29 -1.74751532467102e-05 -4.04887434255873e-13)
(7.12973438085139e-29 -1.74119019964438e-05 -2.56053269702437e-13)
(6.72507542512404e-29 -1.73280350099982e-05 6.26972647982325e-13)
(6.78171515032623e-29 -1.72291299233154e-05 7.33369950410867e-13)
(6.36127955963024e-29 -1.71208938901068e-05 2.53617897121674e-13)
(6.3881202274601e-29 -1.70071937684718e-05 1.09731271444366e-13)
(5.97802413238571e-29 -1.68907506509496e-05 -5.80962434103823e-13)
(5.99841603480681e-29 -1.67745652299526e-05 -7.68123513915416e-15)
(5.61516188137868e-29 -1.66614391256298e-05 7.31570970664367e-13)
(5.64387913919568e-29 -1.65573330211986e-05 3.98538884717855e-13)
(5.30220350212302e-29 -1.64757930495776e-05 5.12666246296517e-14)
(1.30935077138053e-27 -5.42559057950688e-06 -4.13605548652153e-13)
(1.27467303741593e-27 -5.42413046652763e-06 -3.92430835918368e-13)
(1.25699266600043e-27 -5.42406674391946e-06 -4.3823726569639e-14)
(1.22451340254206e-27 -5.42454467758054e-06 -4.96626765842986e-13)
(1.20665228379929e-27 -5.42538085308606e-06 6.28481395008904e-13)
(1.17372092701465e-27 -5.42651088769931e-06 1.7534695123875e-12)
(1.15603651901898e-27 -5.42797521982939e-06 1.028660218351e-12)
(1.12403122885786e-27 -5.42976007637986e-06 3.59538810991965e-13)
(1.10655970091219e-27 -5.43178160535501e-06 7.79103616544634e-13)
(1.0754117527182e-27 -5.4340174130093e-06 6.81931529273909e-13)
(1.05813483539915e-27 -5.4365120122167e-06 -1.19368038980276e-13)
(1.02782694347606e-27 -5.43925102754984e-06 -2.05947671476593e-14)
(1.01071946320295e-27 -5.442170148023e-06 6.31291775920965e-13)
(9.81216981973698e-28 -5.44527652236294e-06 -4.46207670050086e-13)
(9.6428159409533e-28 -5.44860158144451e-06 -1.04303651799207e-12)
(9.35578924143833e-28 -5.45213346581264e-06 1.45529864199054e-13)
(9.18804785798648e-28 -5.45583518827354e-06 1.03185302306989e-13)
(8.90880776798144e-28 -5.45971735150083e-06 -9.22564971447209e-13)
(8.74283029866446e-28 -5.46380978618401e-06 -8.73387805514665e-13)
(8.47135000503919e-28 -5.46810111890039e-06 5.73845626416079e-13)
(8.30707054684948e-28 -5.47256241386136e-06 3.62761795394222e-13)
(8.04326399873142e-28 -5.4772196768577e-06 1.14906227459062e-13)
(7.88088254902889e-28 -5.48210379339839e-06 -3.59175867721063e-14)
(7.62468237308855e-28 -5.48719879226854e-06 -2.67145940066488e-13)
(7.46423610716042e-28 -5.49248561092579e-06 8.75466753372484e-13)
(7.2156819298774e-28 -5.49800519776989e-06 1.73389465342255e-12)
(7.05731453888095e-28 -5.50378526967362e-06 9.16614392381437e-13)
(6.81629644356838e-28 -5.50980136368437e-06 -1.48408508514293e-14)
(6.66014772916449e-28 -5.51604472957658e-06 -1.36413082978868e-13)
(6.42677142185776e-28 -5.52258521299775e-06 -7.81587360542869e-14)
(6.27300434698769e-28 -5.52945328074813e-06 5.49012142521687e-14)
(6.04716881527883e-28 -5.53660985915154e-06 -1.04853519883428e-14)
(5.89594362724199e-28 -5.54406265190202e-06 -5.24059188233436e-13)
(5.67779233633124e-28 -5.55192724570169e-06 -5.19159887804463e-13)
(5.52930925290168e-28 -5.56024113860844e-06 -5.90048499794436e-13)
(5.31877735982305e-28 -5.56894788153452e-06 -6.91796241229195e-13)
(5.1732913001133e-28 -5.57810705099329e-06 4.31799630539639e-14)
(4.97053521638098e-28 -5.58787574727833e-06 -9.14966950792751e-13)
(4.82823650586545e-28 -5.59829387088878e-06 -5.56412780517833e-13)
(4.63330321769153e-28 -5.60931033785803e-06 1.04840773123089e-12)
(4.49457666083437e-28 -5.62107068162511e-06 8.85760169816755e-13)
(4.30758252948802e-28 -5.63380500120275e-06 -8.11725603113108e-13)
(4.17408667240805e-28 -5.64754775095999e-06 -1.65097802998603e-12)
(4.00760902434613e-28 -5.66226005000381e-06 1.61537445318882e-13)
(3.82330672368256e-28 -5.67827581582802e-06 1.77167507826143e-13)
(3.70256640082823e-28 -5.69593465343446e-06 -4.28046347295808e-13)
(3.50405243669064e-28 -5.71521969352685e-06 -4.55615919386878e-13)
(3.41189303141038e-28 -5.73612370596998e-06 1.4917647147788e-13)
(3.22295021776754e-28 -5.75937209530251e-06 4.00685194287627e-13)
(3.13624510591411e-28 -5.78545369975661e-06 4.30717594768598e-13)
(2.95810004350068e-28 -5.81418722777032e-06 6.76075943566121e-13)
(2.87443654170789e-28 -5.84571605394979e-06 -3.00373978414009e-13)
(2.70778755827017e-28 -5.88143719245293e-06 -1.07902585662806e-12)
(2.62752291653019e-28 -5.92194658731408e-06 -7.69102338713626e-13)
(2.47214572603931e-28 -5.96674577132917e-06 1.15437761052592e-12)
(2.39627647629809e-28 -6.01668600534915e-06 1.76008337983232e-12)
(2.25238645983784e-28 -6.07375325170378e-06 1.79116858553843e-12)
(2.18096896275133e-28 -6.13851021477122e-06 6.33104930004772e-13)
(2.0485347355668e-28 -6.21043203700898e-06 -6.21638332325488e-13)
(1.98297583553379e-28 -6.29162266942834e-06 -2.91020650606033e-13)
(1.86189571603758e-28 -6.38528020630699e-06 -9.18026353078507e-13)
(1.80198896269231e-28 -6.49392944041173e-06 -7.18912230079855e-13)
(1.69325327571518e-28 -6.62016497629229e-06 -1.03140053009903e-12)
(1.6423101521463e-28 -6.77687054214122e-06 -1.33517393640187e-12)
(1.5484459815606e-28 -6.97588254299751e-06 3.9423942779351e-13)
(1.51034519701189e-28 -7.21596866291199e-06 6.97309788462088e-13)
(1.43845121381063e-28 -7.4973475563547e-06 -6.74206288381617e-15)
(1.41974737247367e-28 -7.83255619695894e-06 -2.5770141621816e-13)
(1.36637554824189e-28 -8.21941839312391e-06 1.76110720835391e-13)
(1.36518485965343e-28 -8.64357137540151e-06 1.02065964360736e-12)
(1.32869746488131e-28 -9.10804122447013e-06 2.12137415560653e-13)
(1.34265137178297e-28 -9.61344422066847e-06 -2.01055719665447e-12)
(1.31241503705718e-28 -1.01490739375642e-05 -1.66925525740011e-12)
(1.3351754956044e-28 -1.07056286284053e-05 5.27125698706174e-13)
(1.30666789661018e-28 -1.12794387831419e-05 -5.42145100972207e-13)
(1.33063490005015e-28 -1.18604968689454e-05 -4.71943312231806e-13)
(1.29416558626783e-28 -1.24379950125398e-05 2.25061800320387e-15)
(1.31179895285612e-28 -1.3004720192932e-05 -3.39334770712879e-13)
(1.25824759820173e-28 -1.35473346853998e-05 1.45538921699278e-12)
(1.26087096483367e-28 -1.40569066730455e-05 1.15352961631783e-12)
(1.18315238894004e-28 -1.45307904909081e-05 -4.66447682922513e-13)
(1.15998204018066e-28 -1.49530053269995e-05 -2.08769477125045e-13)
(1.05355218528568e-28 -1.53130571469595e-05 4.97492428857162e-13)
(1.00601476529313e-28 -1.56144593228787e-05 -5.3332760506907e-13)
(8.70895909255228e-29 -1.58505625335954e-05 -8.73716679778758e-13)
(7.96893373514664e-29 -1.60126727220834e-05 -8.3562938500359e-14)
(7.07201583555694e-29 -1.61124476904974e-05 1.42084293591597e-12)
(7.34640652472153e-29 -1.61649583852995e-05 2.029669645025e-12)
(7.33663295668315e-29 -1.61720268415731e-05 6.09590881117899e-13)
(7.01233130499025e-29 -1.61431661785555e-05 -5.17377991048299e-13)
(7.11521732771249e-29 -1.60918296448732e-05 -3.27849039131704e-13)
(6.7262057451322e-29 -1.60237483561999e-05 8.01597996381214e-13)
(6.77309390018625e-29 -1.59434462673269e-05 9.38303238987036e-13)
(6.36776539590446e-29 -1.58555558254519e-05 3.24631080105994e-13)
(6.38584298506479e-29 -1.57632145895635e-05 1.4058869992187e-13)
(5.98980100286327e-29 -1.56686318316104e-05 -7.43540681288064e-13)
(6.00198673843109e-29 -1.55742449239628e-05 -9.97290165011454e-15)
(5.63212822802418e-29 -1.54823245745071e-05 9.3659847907027e-13)
(5.65463845663864e-29 -1.53976855856634e-05 5.1046333559312e-13)
(5.33214049439033e-29 -1.53311706291136e-05 6.57674524661404e-14)
(1.32093883600954e-27 -6.5419285640952e-06 -5.00589372340573e-13)
(1.29162914241983e-27 -6.54030540121727e-06 -4.77567195638941e-13)
(1.27310007868719e-27 -6.53984681661565e-06 -5.11870676565531e-14)
(1.24088693458546e-27 -6.53980617650462e-06 -6.07267636489666e-13)
(1.22223571979633e-27 -6.54004147574367e-06 7.48030032246246e-13)
(1.18968533963281e-27 -6.54050271934992e-06 2.12317045580118e-12)
(1.17121530086061e-27 -6.54122091607305e-06 1.25313571863724e-12)
(1.13953293666923e-27 -6.54218573099213e-06 4.35304423467684e-13)
(1.12128107019246e-27 -6.54333266812622e-06 9.42475797264747e-13)
(1.09040916541218e-27 -6.54464429068641e-06 8.3166722979067e-13)
(1.07235989364793e-27 -6.54615487326803e-06 -1.41972669740767e-13)
(1.04228472614799e-27 -6.5478535711766e-06 -2.95525141788815e-14)
(1.02441886943684e-27 -6.54969089045961e-06 7.69105957780128e-13)
(9.95110788112865e-28 -6.55167215346063e-06 -5.32687601457383e-13)
(9.77431254816213e-28 -6.55382167934005e-06 -1.26901997451048e-12)
(9.4888795035811e-28 -6.55613050830694e-06 1.71992425579243e-13)
(9.31387622325169e-28 -6.55857012156247e-06 1.31343518858996e-13)
(9.03590463128905e-28 -6.56114862268904e-06 -1.1147833029276e-12)
(8.86284087089775e-28 -6.56388911137145e-06 -1.06751241162841e-12)
(8.59233577289344e-28 -6.56678296748381e-06 6.9158868027112e-13)
(8.42117026835636e-28 -6.56980787546895e-06 4.42098692082495e-13)
(8.15805685485905e-28 -6.5729838408075e-06 1.41121452278864e-13)
(7.98898403086447e-28 -6.57633485947303e-06 -4.1737561497601e-14)
(7.73322421764337e-28 -6.57984870723227e-06 -3.29328578922088e-13)
(7.56629615412711e-28 -6.5835106942844e-06 1.05361185880414e-12)
(7.31794006790272e-28 -6.58735239070073e-06 2.10516911701312e-12)
(7.15329603895399e-28 -6.59139540780788e-06 1.12002524390422e-12)
(6.91225624302565e-28 -6.59562097961982e-06 -1.41331395696216e-14)
(6.75004134578321e-28 -6.60002231329855e-06 -1.65442616470262e-13)
(6.51643265942664e-28 -6.6046533546055e-06 -9.57274881249673e-14)
(6.3568111381845e-28 -6.60953793728202e-06 6.65098715666181e-14)
(6.13055646240582e-28 -6.61464600618104e-06 -1.01389032374537e-14)
(5.97368489133658e-28 -6.61998343874677e-06 -6.34788137624989e-13)
(5.75492915665963e-28 -6.62563961439848e-06 -6.30289795621498e-13)
(5.60100877505793e-28 -6.63164394338323e-06 -7.16100351394996e-13)
(5.38970826775285e-28 -6.63795291480376e-06 -8.43324953976975e-13)
(5.23898350321998e-28 -6.64461249723927e-06 5.41778185882345e-14)
(5.03529621854818e-28 -6.65174435268932e-06 -1.11036667457278e-12)
(4.88795668706337e-28 -6.65937989144501e-06 -6.83829284723655e-13)
(4.69194275694353e-28 -6.66747971573139e-06 1.27009624250453e-12)
(4.54835143648413e-28 -6.67615633935195e-06 1.08383156183734e-12)
(4.36012927240942e-28 -6.68558819999526e-06 -9.78669211001369e-13)
(4.22172107968044e-28 -6.69580270696245e-06 -2.01178549615417e-12)
(4.05270780019811e-28 -6.70676985603486e-06 1.9117376968108e-13)
(3.8689675660145e-28 -6.7187480342613e-06 2.17573129778686e-13)
(3.74202088519086e-28 -6.73200109902174e-06 -5.1887895043935e-13)
(3.54746650788247e-28 -6.74651698247847e-06 -5.56249819187232e-13)
(3.44555701094602e-28 -6.76229002189947e-06 1.79023839492056e-13)
(3.26022202678242e-28 -6.77988201086005e-06 4.8679316670679e-13)
(3.16392839437839e-28 -6.79967349201026e-06 5.23301841171206e-13)
(2.98888798502682e-28 -6.82152539667219e-06 8.25254688642965e-13)
(2.89618981432725e-28 -6.84554826960344e-06 -3.60787382765669e-13)
(2.73208100821547e-28 -6.87282499337879e-06 -1.31256011068642e-12)
(2.64331979258404e-28 -6.90382087461355e-06 -9.42731206639444e-13)
(2.48997776319337e-28 -6.93815105797143e-06 1.39930474965764e-12)
(2.40607617445398e-28 -6.97647413877806e-06 2.14193220549167e-12)
(2.26374030293958e-28 -7.02033160813468e-06 2.18461052699651e-12)
(2.18476432773959e-28 -7.07016458231645e-06 7.77135575694794e-13)
(2.05344422528213e-28 -7.12556696502575e-06 -7.55315821060966e-13)
(1.9806979865071e-28 -7.18816855783827e-06 -3.53728722988032e-13)
(1.86035676644616e-28 -7.26045222766936e-06 -1.11774841895268e-12)
(1.79367298454923e-28 -7.34438100364102e-06 -8.75775887673382e-13)
(1.68524579801238e-28 -7.44196253754282e-06 -1.25570114895255e-12)
(1.62768155986987e-28 -7.5631851289868e-06 -1.63088290507695e-12)
(1.53353956631997e-28 -7.71725039194456e-06 4.76320468453904e-13)
(1.48872405817905e-28 -7.90322059455242e-06 8.51065525174697e-13)
(1.41535467283745e-28 -8.12124940098892e-06 -6.21526974151179e-15)
(1.38928290986427e-28 -8.38106004706134e-06 -3.14651005664246e-13)
(1.33367453330242e-28 -8.68099314432576e-06 2.11995836249325e-13)
(1.32456361255834e-28 -9.00989178938727e-06 1.24451355738627e-12)
(1.28513543193678e-28 -9.37006784193428e-06 2.65062476092614e-13)
(1.29061735711477e-28 -9.76200401390795e-06 -2.44753140859146e-12)
(1.2578023070957e-28 -1.01773940317518e-05 -2.04031096536765e-12)
(1.27198692221532e-28 -1.06089944517753e-05 6.40464482931529e-13)
(1.24147572694172e-28 -1.1053942871548e-05 -6.58856218115411e-13)
(1.25740188729838e-28 -1.15044742039709e-05 -5.76250156861473e-13)
(1.22039528068222e-28 -1.19521917448724e-05 2.53283979070868e-15)
(1.23102548736402e-28 -1.23914978414658e-05 -4.16307412389842e-13)
(1.17927158164344e-28 -1.28120498068674e-05 1.76993262023659e-12)
(1.17669768992461e-28 -1.32069072009226e-05 1.40838787352406e-12)
(1.10359020993965e-28 -1.35740292983408e-05 -5.65496711142183e-13)
(1.07819058745983e-28 -1.39010455407439e-05 -2.5578627887783e-13)
(9.79741213961137e-29 -1.41798009227399e-05 6.05977087394532e-13)
(9.32296366898535e-29 -1.44130054346402e-05 -6.46610538489271e-13)
(8.08447094373812e-29 -1.45955289158138e-05 -1.06309927470859e-12)
(7.38153764325446e-29 -1.47207144982175e-05 -1.04724628177939e-13)
(6.58308860791968e-29 -1.47976645963998e-05 1.72614759383256e-12)
(6.82900235461704e-29 -1.48381040231607e-05 2.46789597670528e-12)
(6.82178549135097e-29 -1.48435518582494e-05 7.42407414312125e-13)
(6.53570256974206e-29 -1.48212785121842e-05 -6.28892723618953e-13)
(6.62366461493001e-29 -1.47816632996188e-05 -3.99305138224576e-13)
(6.27717000330184e-29 -1.47291210423141e-05 9.74786576761567e-13)
(6.31346859882479e-29 -1.46671393725048e-05 1.14180444698e-12)
(5.9510557426245e-29 -1.45992926251313e-05 3.95203784691621e-13)
(5.96127280105994e-29 -1.45280004969204e-05 1.71325493195603e-13)
(5.60629059349693e-29 -1.44549675982259e-05 -9.05007589316748e-13)
(5.61134416410359e-29 -1.43820747676306e-05 -1.23387600158945e-14)
(5.2796841105564e-29 -1.43110680418459e-05 1.14025973193595e-12)
(5.29530439519648e-29 -1.42456322956164e-05 6.21675074496646e-13)
(5.0102605948935e-29 -1.4193952514839e-05 8.01714866415361e-14)
(1.17191555250905e-27 -7.63687021789877e-06 -5.85967940854366e-13)
(1.15243138864521e-27 -7.63538108124309e-06 -5.62727047496074e-13)
(1.13512197353776e-27 -7.63476974311536e-06 -5.72627861379691e-14)
(1.10730090513336e-27 -7.63445543023795e-06 -7.19417596508047e-13)
(1.0899362635233e-27 -7.63433626062754e-06 8.57685514792958e-13)
(1.06190768272602e-27 -7.63437647490541e-06 2.48620661452821e-12)
(1.04471785914508e-27 -7.6345979079749e-06 1.47817844713916e-12)
(1.01739180925449e-27 -7.63499350244797e-06 5.09753310814331e-13)
(1.00041009152196e-27 -7.63551769000879e-06 1.10229989758749e-12)
(9.73744609503583e-28 -7.63615794060405e-06 9.82200079466545e-13)
(9.56959091684955e-28 -7.6369385024008e-06 -1.62544238057018e-13)
(9.30944917858713e-28 -7.63785191419725e-06 -4.11272317418852e-14)
(9.14342884622739e-28 -7.63886316705858e-06 9.07047612386467e-13)
(8.88958149163739e-28 -7.63997586780779e-06 -6.12902008668024e-13)
(8.72542138159124e-28 -7.64120729997483e-06 -1.49421044444156e-12)
(8.47787513569999e-28 -7.64255128356856e-06 1.9533502551787e-13)
(8.31553873823648e-28 -7.64398761220494e-06 1.62727712018019e-13)
(8.07415286599281e-28 -7.64552193722179e-06 -1.30172608639588e-12)
(7.91376394190872e-28 -7.64717070347588e-06 -1.26368852859757e-12)
(7.67857010862652e-28 -7.64892794012786e-06 8.04959893858106e-13)
(7.52011017194949e-28 -7.65077781711739e-06 5.21491187017858e-13)
(7.2910557201814e-28 -7.65273445051259e-06 1.67987764386827e-13)
(7.13468833973474e-28 -7.65481497013852e-06 -4.63387340708679e-14)
(6.91176517540787e-28 -7.65701081936551e-06 -3.93652472876949e-13)
(6.75754687796018e-28 -7.65931156387274e-06 1.22413339623353e-12)
(6.54081151474504e-28 -7.66173954913327e-06 2.47189744883558e-12)
(6.3888580886389e-28 -7.66431026514047e-06 1.32513706191583e-12)
(6.17825517162996e-28 -7.66701051877261e-06 -1.11144372728177e-14)
(6.02869793991864e-28 -7.66983541974334e-06 -1.9397615604056e-13)
(5.82433857885367e-28 -7.67282322779861e-06 -1.13560854157533e-13)
(5.67731956423335e-28 -7.67599109723713e-06 7.7862796841014e-14)
(5.4791601401951e-28 -7.67931781263415e-06 -8.28449559132393e-15)
(5.33481346166122e-28 -7.68280742776029e-06 -7.43175882379401e-13)
(5.14298507916079e-28 -7.68652342033208e-06 -7.39906082135746e-13)
(5.00148612811745e-28 -7.69048701786357e-06 -8.40253193470279e-13)
(4.81597349017052e-28 -7.69466742082849e-06 -9.94777158972058e-13)
(4.67752711500418e-28 -7.69909712555148e-06 6.60402957318438e-14)
(4.49847234702874e-28 -7.70386267846283e-06 -1.30267918021607e-12)
(4.36324270340727e-28 -7.70898683596003e-06 -8.14242365258663e-13)
(4.19071590247841e-28 -7.714441672486e-06 1.48690692566708e-12)
(4.05900149564233e-28 -7.72030697840321e-06 1.2838676205043e-12)
(3.89311151141535e-28 -7.72670988204106e-06 -1.13912079962717e-12)
(3.76598862019206e-28 -7.73367046368048e-06 -2.37143027425551e-12)
(3.61535782599702e-28 -7.74116737229262e-06 2.17483863323255e-13)
(3.45492645912172e-28 -7.74938413405552e-06 2.58769302209885e-13)
(3.33712147437199e-28 -7.75850910488219e-06 -6.07833925171119e-13)
(3.168511252431e-28 -7.76853451236773e-06 -6.57089307063401e-13)
(3.07064588730659e-28 -7.77945607538433e-06 2.07200153109586e-13)
(2.90997891680405e-28 -7.79167327735635e-06 5.71721749981913e-13)
(2.81725811707898e-28 -7.80545835211188e-06 6.14606170462759e-13)
(2.66524295954136e-28 -7.82071341571551e-06 9.74556730190474e-13)
(2.57612205500552e-28 -7.83751639676879e-06 -4.1800508405364e-13)
(2.43327258234298e-28 -7.85663809106845e-06 -1.54368219410935e-12)
(2.34804725045511e-28 -7.87841247113282e-06 -1.11856119884134e-12)
(2.21427090553199e-28 -7.90256661480684e-06 1.63893974310942e-12)
(2.13368450373675e-28 -7.92956801452797e-06 2.52022010738499e-12)
(2.00921731675647e-28 -7.96051548249213e-06 2.57701212280043e-12)
(1.93334717145487e-28 -7.99572698949686e-06 9.23449967710089e-13)
(1.81822489415388e-28 -8.03491375716084e-06 -8.87068647311161e-13)
(1.74812432909e-28 -8.07923458566562e-06 -4.15582408597708e-13)
(1.64238693833357e-28 -8.13045959975521e-06 -1.31581521938498e-12)
(1.57794695204977e-28 -8.18999044367628e-06 -1.03155478801149e-12)
(1.48234321921247e-28 -8.25925245921263e-06 -1.47801251554084e-12)
(1.42602140036636e-28 -8.34535561514691e-06 -1.92667149505693e-12)
(1.34251856542377e-28 -8.45487042188114e-06 5.55849912412342e-13)
(1.29725799947086e-28 -8.58714263958787e-06 1.00447017495633e-12)
(1.23105728378442e-28 -8.74226919076355e-06 -4.74803811987282e-15)
(1.20171857507883e-28 -8.92717471692495e-06 -3.71508269879157e-13)
(1.15064614648565e-28 -9.14069834518756e-06 2.46463578109708e-13)
(1.13575146168804e-28 -9.37488081332828e-06 1.46725630758748e-12)
(1.09850419934192e-28 -9.63134281049956e-06 3.20509213686745e-13)
(1.0960470862569e-28 -9.910430684558e-06 -2.88070038649657e-12)
(1.06501274937387e-28 -1.0206226491077e-05 -2.41171588485093e-12)
(1.07011515738303e-28 -1.05135502974193e-05 7.52360750417966e-13)
(1.04167999482278e-28 -1.08303508588129e-05 -7.74158650430324e-13)
(1.04871280582739e-28 -1.11510955644642e-05 -6.80443664446398e-13)
(1.01577856163997e-28 -1.14697939867545e-05 2.74207745907575e-15)
(1.01894765709906e-28 -1.17824567548476e-05 -4.94069214264871e-13)
(9.74910922091401e-29 -1.20817197582259e-05 2.08146552777408e-12)
(9.67862229398e-29 -1.23626308970511e-05 1.66322026116365e-12)
(9.07340094555948e-29 -1.26237445274404e-05 -6.62898250691007e-13)
(8.82519069040085e-29 -1.285626802818e-05 -3.03239679403226e-13)
(8.02332322228077e-29 -1.30543819401715e-05 7.14004819403531e-13)
(7.60100532419472e-29 -1.32200045190907e-05 -7.58119524563467e-13)
(6.60174051889684e-29 -1.33495103683036e-05 -1.25146331189452e-12)
(6.01127137640343e-29 -1.34382535960412e-05 -1.27175816464126e-13)
(5.40572301485538e-29 -1.3492719587292e-05 2.0287934422026e-12)
(5.59401692822154e-29 -1.35212674855508e-05 2.90300722800108e-12)
(5.588846132208e-29 -1.35251152551044e-05 8.74644217059947e-13)
(5.37056554564899e-29 -1.35093294395968e-05 -7.39447538084996e-13)
(5.43147581732152e-29 -1.34812571830666e-05 -4.70438066649739e-13)
(5.16369292866651e-29 -1.34440211962809e-05 1.14655190991236e-12)
(5.18298662324284e-29 -1.34000902568671e-05 1.34389787886099e-12)
(4.90155737082968e-29 -1.33519969956924e-05 4.65346426622943e-13)
(4.90025770058342e-29 -1.3301455310739e-05 2.01954502757567e-13)
(4.62392130290113e-29 -1.32496725876144e-05 -1.06537789618696e-12)
(4.61883309508241e-29 -1.31979812032591e-05 -1.47926414408892e-14)
(4.36064209007039e-29 -1.31476118526525e-05 1.3425646144724e-12)
(4.36497576035174e-29 -1.31011375506171e-05 7.32182840073381e-13)
(4.14559881343601e-29 -1.306412367161e-05 9.44789873120871e-14)
(8.54237402306798e-28 -8.71118533185877e-06 -6.69786418531603e-13)
(8.45805288153085e-28 -8.71011696819326e-06 -6.48249730322252e-13)
(8.32520639388815e-28 -8.70957941543339e-06 -6.18374021640552e-14)
(8.12805916028176e-28 -8.70921977891548e-06 -8.33591268395677e-13)
(7.99506325118068e-28 -8.70897600974057e-06 9.56236886397588e-13)
(7.79700579800106e-28 -8.70882655965948e-06 2.8426522613327e-12)
(7.66540292263884e-28 -8.70878432972829e-06 1.70466352873491e-12)
(7.47197635214175e-28 -8.70884532168126e-06 5.82995383504423e-13)
(7.34201008578978e-28 -8.70898249990984e-06 1.25850941297246e-12)
(7.15296824563925e-28 -8.70918826644505e-06 1.13412926531694e-12)
(7.02456370777965e-28 -8.70947703174887e-06 -1.80753932516091e-13)
(6.83986013736393e-28 -8.70984452316549e-06 -5.57858774705359e-14)
(6.71295311657682e-28 -8.71026993578632e-06 1.04548516533672e-12)
(6.53245725093146e-28 -8.71075529473177e-06 -6.86047390151348e-13)
(6.40706563786461e-28 -8.71131092235589e-06 -1.71909725620829e-12)
(6.23080214030548e-28 -8.71193326607852e-06 2.15058535083331e-13)
(6.10691657070943e-28 -8.71261029575314e-06 1.97889458658581e-13)
(5.93479928414116e-28 -8.71334529918654e-06 -1.48301144098388e-12)
(5.81250597181256e-28 -8.71414812100486e-06 -1.46276127360155e-12)
(5.64457764179547e-28 -8.71501531017935e-06 9.13527175314692e-13)
(5.5238740498608e-28 -8.71593742349869e-06 6.01134910292969e-13)
(5.36010585221006e-28 -8.71692281463755e-06 1.95681596406118e-13)
(5.24110652769216e-28 -8.717981762653e-06 -4.94955194175113e-14)
(5.08151120280282e-28 -8.71910925801436e-06 -4.6056454157935e-13)
(4.96426319959749e-28 -8.72029906340553e-06 1.38623279619524e-12)
(4.80889105658433e-28 -8.72156445414957e-06 2.83421074374095e-12)
(4.69347480439287e-28 -8.72291476764658e-06 1.53272072509755e-12)
(4.54230127939579e-28 -8.72434223486259e-06 -5.37290282519955e-15)
(4.428813471143e-28 -8.72584387281202e-06 -2.21979423140018e-13)
(4.28192781213353e-28 -8.72744246570935e-06 -1.31741571036497e-13)
(4.17047083434508e-28 -8.72914840999417e-06 8.89271480959985e-14)
(4.02785833470302e-28 -8.73094914332309e-06 -4.68757149814469e-15)
(3.91852622888473e-28 -8.73284697473571e-06 -8.4908425481353e-13)
(3.78028685581891e-28 -8.73487976587549e-06 -8.48005061860233e-13)
(3.67320633645789e-28 -8.7370604210296e-06 -9.62455521965689e-13)
(3.5393449506493e-28 -8.7393706367214e-06 -1.14646723336496e-12)
(3.43465759212545e-28 -8.74182966038447e-06 7.89121707485319e-14)
(3.30528241981989e-28 -8.74448920345145e-06 -1.49175929503677e-12)
(3.20310564590521e-28 -8.74736315764482e-06 -9.48357137360985e-13)
(3.07827938190441e-28 -8.75043489280589e-06 1.6984223210593e-12)
(2.97881625190505e-28 -8.75375186981825e-06 1.48649859630171e-12)
(2.85862431246428e-28 -8.75739018119928e-06 -1.29230298872458e-12)
(2.7625437826245e-28 -8.76136223296838e-06 -2.73031655539711e-12)
(2.65226351110704e-28 -8.76565522191279e-06 2.39970226457638e-13)
(2.536503481821e-28 -8.77037854954459e-06 3.00922584180499e-13)
(2.4470125000596e-28 -8.77564520400078e-06 -6.94748463962026e-13)
(2.32669356531011e-28 -8.78145110963992e-06 -7.58310878202992e-13)
(2.24999733117593e-28 -8.78779343731047e-06 2.33486173459177e-13)
(2.1352766775079e-28 -8.79491067142919e-06 6.5541004471005e-13)
(2.06242560549884e-28 -8.8029665020885e-06 7.04552369245918e-13)
(1.95368510584373e-28 -8.81190315514766e-06 1.12419161529563e-12)
(1.88375184433878e-28 -8.82176654397407e-06 -4.71613471978469e-13)
(1.78134344816962e-28 -8.83301734680072e-06 -1.77229237469417e-12)
(1.7145383756218e-28 -8.84585711773258e-06 -1.29712324598735e-12)
(1.61842666547222e-28 -8.86012332544135e-06 1.8727709459534e-12)
(1.55524783408792e-28 -8.87609432601337e-06 2.89483064724231e-12)
(1.46562850354235e-28 -8.89442787746359e-06 2.96863661357551e-12)
(1.40613974556829e-28 -8.91531673454571e-06 1.0725363718436e-12)
(1.32305579949744e-28 -8.93858832334086e-06 -1.01674740438341e-12)
(1.26796760779071e-28 -8.96493407789342e-06 -4.76515198741913e-13)
(1.19150020824135e-28 -8.99541362910633e-06 -1.51218209980861e-12)
(1.14074867196701e-28 -9.03086740016794e-06 -1.18623796895074e-12)
(1.07139810275738e-28 -9.07214413244793e-06 -1.69824840972334e-12)
(1.02662858031563e-28 -9.12349267485141e-06 -2.22277028996665e-12)
(9.65755956211534e-29 -9.18885348572433e-06 6.32581161880105e-13)
(9.28937703374057e-29 -9.26784390246533e-06 1.15757650187151e-12)
(8.80028533313582e-29 -9.36051318249548e-06 -2.24277817348585e-15)
(8.54445348616413e-29 -9.47100164165841e-06 -4.28290073622234e-13)
(8.16200871842668e-29 -9.59862799257084e-06 2.79406263221454e-13)
(8.00801523110493e-29 -9.73862384792243e-06 1.68889479018355e-12)
(7.72346684001443e-29 -9.89194183374624e-06 3.78684387339906e-13)
(7.65716550600717e-29 -1.00587901326185e-05 -3.30997456422897e-12)
(7.42004542899126e-29 -1.02356283630014e-05 -2.78362515337237e-12)
(7.4080747702167e-29 -1.04193460609114e-05 8.627755018143e-13)
(7.1937110003493e-29 -1.06087087672065e-05 -8.88018315632625e-13)
(7.19825409177144e-29 -1.08004069673872e-05 -7.84548876411701e-13)
(6.95925218952318e-29 -1.09908526487946e-05 2.88103805386187e-15)
(6.94112322245455e-29 -1.11776589003403e-05 -5.72694772679082e-13)
(6.6337016687737e-29 -1.13564239773744e-05 2.38990402375937e-12)
(6.5508012469095e-29 -1.15241813167679e-05 1.91810779380219e-12)
(6.13882880703153e-29 -1.16800710151476e-05 -7.58569276671986e-13)
(5.94195654847321e-29 -1.18188462525876e-05 -3.51180565115905e-13)
(5.40430000350364e-29 -1.19370192452525e-05 8.21579536281066e-13)
(5.09485313570581e-29 -1.20357286519311e-05 -8.67739486738355e-13)
(4.43040292126893e-29 -1.211283412725e-05 -1.43878941940847e-12)
(4.0276924007341e-29 -1.21656589780311e-05 -1.51051687109685e-13)
(3.68298736600398e-29 -1.21980000229063e-05 2.32870358079441e-12)
(3.80076402935441e-29 -1.22148591737556e-05 3.33487189359609e-12)
(3.79783517610061e-29 -1.22171365982969e-05 1.00625828408642e-12)
(3.66218914857346e-29 -1.22077408932034e-05 -8.49008422553309e-13)
(3.69479287600556e-29 -1.21910342491837e-05 -5.41233663591174e-13)
(3.52549798500872e-29 -1.21688718087302e-05 1.31683277527623e-12)
(3.53044333598203e-29 -1.21427214919471e-05 1.54452148429449e-12)
(3.35139286363506e-29 -1.21140906059912e-05 5.3503985737072e-13)
(3.3429069830708e-29 -1.20839989325706e-05 2.32475710823946e-13)
(3.16654968710913e-29 -1.20531647563199e-05 -1.22459917791983e-12)
(3.15581002888448e-29 -1.20223806575016e-05 -1.73474796621692e-14)
(2.99098832255226e-29 -1.19923739561933e-05 1.54343992679273e-12)
(2.98704995099735e-29 -1.1964637677975e-05 8.41952430622731e-13)
(2.84809356313242e-29 -1.19421630316078e-05 1.0868641541624e-13)
(3.46323239965535e-28 -9.76542650850656e-06 -7.52060614249433e-13)
(3.46175821501127e-28 -9.76499237855063e-06 -7.34457784511797e-13)
(3.40503554546954e-28 -9.76473786359907e-06 -6.46851958460049e-14)
(3.32703295387007e-28 -9.76454264409372e-06 -9.50202212735402e-13)
(3.2701629755701e-28 -9.76438544959387e-06 1.04244648867677e-12)
(3.19201481340334e-28 -9.76425903132776e-06 3.19241007090407e-12)
(3.13575364573125e-28 -9.76416759808277e-06 1.93339300275587e-12)
(3.05928561722148e-28 -9.76410993421059e-06 6.5515130485058e-13)
(3.0037347765351e-28 -9.76407716691453e-06 1.41097460256354e-12)
(2.92887154201467e-28 -9.76406671740786e-06 1.28798861435793e-12)
(2.87400597275757e-28 -9.76408332656694e-06 -1.96234975107113e-13)
(2.80073766109127e-28 -9.76412567104627e-06 -7.39903412808234e-14)
(2.74654342199086e-28 -9.7641869041049e-06 1.18469599817874e-12)
(2.67482918373623e-28 -9.76426763161248e-06 -7.51280063891443e-13)
(2.6213139070777e-28 -9.76437127153849e-06 -1.94405514342719e-12)
(2.55117209665691e-28 -9.76449671595539e-06 2.306276377633e-13)
(2.49833963891403e-28 -9.76463999534161e-06 2.37333847597095e-13)
(2.42974264558082e-28 -9.76480215235415e-06 -1.6581602987505e-12)
(2.3776270304378e-28 -9.76498645880771e-06 -1.66547732566016e-12)
(2.31060056776203e-28 -9.76519182817858e-06 1.01679862343826e-12)
(2.25920594346557e-28 -9.76541513326736e-06 6.81180016019993e-13)
(2.19374290660402e-28 -9.76565910102494e-06 2.24367239356092e-13)
(2.14311464772896e-28 -9.76592715894477e-06 -5.09631959961477e-14)
(2.07922842537835e-28 -9.76621769764287e-06 -5.30450986372659e-13)
(2.0293886169612e-28 -9.76652864094818e-06 1.5390506677494e-12)
(1.96710383111789e-28 -9.76686435023318e-06 3.19207022810128e-12)
(1.91808465887607e-28 -9.76722795928426e-06 1.7434582251919e-12)
(1.85739869437234e-28 -9.76761694799396e-06 3.5159235548294e-15)
(1.80924034250761e-28 -9.7680302909679e-06 -2.49395995585313e-13)
(1.75019330135595e-28 -9.76847549930312e-06 -1.50343614654182e-13)
(1.70293796409427e-28 -9.76895608916157e-06 9.96571636793606e-14)
(1.64553173083653e-28 -9.76946795061608e-06 8.77722809536609e-16)
(1.59921684369109e-28 -9.77001178421065e-06 -9.52330489148819e-13)
(1.54349452720449e-28 -9.77060010154253e-06 -9.5453927625273e-13)
(1.49817215260147e-28 -9.7712372858739e-06 -1.08259964755992e-12)
(1.4441431265925e-28 -9.77191731458166e-06 -1.29864810703214e-12)
(1.39986835126784e-28 -9.77264647174239e-06 9.292070264925e-14)
(1.34757941436034e-28 -9.77344188990933e-06 -1.67736112607307e-12)
(1.30440031541757e-28 -9.77430831288546e-06 -1.08680257761666e-12)
(1.2538822622579e-28 -9.77524024733137e-06 1.90410270319965e-12)
(1.21187627842983e-28 -9.77625330068081e-06 1.69223257261477e-12)
(1.1631677248639e-28 -9.77737274730973e-06 -1.43734851978558e-12)
(1.1225660202438e-28 -9.77860289190256e-06 -3.08864956927905e-12)
(1.07742195793822e-28 -9.77993945074554e-06 2.58113374281161e-13)
(1.03060615109193e-28 -9.78141853130058e-06 3.44164984519399e-13)
(9.92687941771525e-29 -9.78307778075105e-06 -7.79408398816383e-13)
(9.44651193179576e-29 -9.78491611931924e-06 -8.60030156215234e-13)
(9.11224512036446e-29 -9.78693244356456e-06 2.57646450488285e-13)
(8.65395025496857e-29 -9.78920564766007e-06 7.37748461488809e-13)
(8.33576914973006e-29 -9.79179046260595e-06 7.93006049011348e-13)
(7.90062055672688e-29 -9.79466807926688e-06 1.27427259318095e-12)
(7.59557203362988e-29 -9.79785334306557e-06 -5.21162870305809e-13)
(7.18492933283995e-29 -9.8014989227841e-06 -1.99813208625252e-12)
(6.89386879648058e-29 -9.80567256806171e-06 -1.47882706888956e-12)
(6.50770818950774e-29 -9.81032066584239e-06 2.10012064957172e-12)
(6.23248416115067e-29 -9.81553491577663e-06 3.26537853865403e-12)
(5.87171839832845e-29 -9.82153380215064e-06 3.35946469811357e-12)
(5.61263862343026e-29 -9.82838253084626e-06 1.22478320393079e-12)
(5.27749001085338e-29 -9.83602387671247e-06 -1.14409526652486e-12)
(5.03721281955441e-29 -9.84468640282701e-06 -5.36410808588887e-13)
(4.72824257711112e-29 -9.85472207914383e-06 -1.70664201631193e-12)
(4.50656236485036e-29 -9.86641070729462e-06 -1.33968403404985e-12)
(4.22556657639159e-29 -9.88003196034403e-06 -1.91612252077356e-12)
(4.02854936090291e-29 -9.8969938902523e-06 -2.51914186921532e-12)
(3.78073307151806e-29 -9.91860923209868e-06 7.06178284229985e-13)
(3.61555076692822e-29 -9.94475542395304e-06 1.31028309337694e-12)
(3.41379465925893e-29 -9.97544537882217e-06 1.40277103003788e-15)
(3.29284729476929e-29 -1.00120531859655e-05 -4.84950472628986e-13)
(3.132997727598e-29 -1.0054359433102e-05 3.1067074162434e-13)
(3.0520390215229e-29 -1.01007791869106e-05 1.90917192319449e-12)
(2.9308548118435e-29 -1.01516224598795e-05 4.3974118741456e-13)
(2.8844595164368e-29 -1.02069598939199e-05 -3.73470659651234e-12)
(2.78336175671545e-29 -1.02656172917994e-05 -3.15571918194866e-12)
(2.75884340938253e-29 -1.03265583510938e-05 9.7151151377238e-13)
(2.66860751346112e-29 -1.03893713831775e-05 -1.00023715300136e-12)
(2.65194470918964e-29 -1.04529588006131e-05 -8.88442571980442e-13)
(2.55509091798925e-29 -1.05161284813432e-05 2.95190524197804e-15)
(2.53173042261668e-29 -1.05780885522292e-05 -6.52141928216472e-13)
(2.41227257667988e-29 -1.06373794302944e-05 2.69467330105644e-12)
(2.36691906156364e-29 -1.06930147077272e-05 2.17272341403543e-12)
(2.21160350066333e-29 -1.07447110721677e-05 -8.52262117063084e-13)
(2.12662821914179e-29 -1.07907310420698e-05 -3.99579354769757e-13)
(1.92774260467856e-29 -1.08299132953162e-05 9.28512998205711e-13)
(1.803562916254e-29 -1.08626326454628e-05 -9.75148381187514e-13)
(1.5606932515291e-29 -1.08881885649026e-05 -1.62469802764347e-12)
(1.43030363898411e-29 -1.09057240722654e-05 -1.76402705918637e-13)
(1.403622012638e-29 -1.09164175690639e-05 2.6251667719707e-12)
(1.44403315933572e-29 -1.09219449180406e-05 3.7624814288897e-12)
(1.44316854528686e-29 -1.09226952992021e-05 1.13694532364316e-12)
(1.39703964102907e-29 -1.0919588366644e-05 -9.57314522939631e-13)
(1.40577066713406e-29 -1.09140634075224e-05 -6.11537440599195e-13)
(1.34689639263795e-29 -1.09067332551177e-05 1.48521022699808e-12)
(1.34541465069784e-29 -1.08980830870149e-05 1.7431959109216e-12)
(1.28264150360798e-29 -1.08886114893482e-05 6.04121261222615e-13)
(1.27629221726293e-29 -1.08786557482387e-05 2.62828398495396e-13)
(1.2142187478283e-29 -1.08684533752067e-05 -1.38227320941998e-12)
(1.20713694549538e-29 -1.08582664405784e-05 -2.00174402798099e-14)
(1.14909341296257e-29 -1.08483341191253e-05 1.74236496380064e-12)
(1.14471616428895e-29 -1.08391378120535e-05 9.50705367558134e-13)
(1.09611804736268e-29 -1.08315361724715e-05 1.22797558647878e-13)
)
;

boundaryField
{
    dieWall
    {
        type            cellMotion;
        value           nonuniform List<vector> 
100
(
(0 -1.02809225826266e-05 -7.92188118784939e-13)
(0 -1.02809225826266e-05 -7.73281623429519e-13)
(0 -1.02809225826266e-05 -6.65444990259719e-14)
(0 -1.02809225826266e-05 -1.00261537578508e-12)
(0 -1.02809225826266e-05 1.10570872263237e-12)
(0 -1.02809225826266e-05 3.36932145358053e-12)
(0 -1.02809225826266e-05 2.03271436091976e-12)
(0 -1.02809225826266e-05 6.87210259511273e-13)
(0 -1.02809225826266e-05 1.48903564637261e-12)
(0 -1.02809225826266e-05 1.35606920355609e-12)
(0 -1.02809225826266e-05 -2.10814304737609e-13)
(0 -1.02809225826266e-05 -7.67877502473976e-14)
(0 -1.02809225826266e-05 1.25076683443254e-12)
(0 -1.02809225826266e-05 -7.97861614208885e-13)
(0 -1.02809225826266e-05 -2.05091283093226e-12)
(0 -1.02809225826266e-05 2.48659634777494e-13)
(0 -1.02809225826266e-05 2.48832606989431e-13)
(0 -1.02809225826266e-05 -1.75293032948084e-12)
(0 -1.02809225826266e-05 -1.75415481043285e-12)
(0 -1.02809225826266e-05 1.07828926565073e-12)
(0 -1.02809225826266e-05 7.17165300678609e-13)
(0 -1.02809225826266e-05 2.35374913867483e-13)
(0 -1.02809225826266e-05 -5.46930131643384e-14)
(0 -1.02809225826266e-05 -5.58951403930855e-13)
(0 -1.02809225826266e-05 1.62908094821048e-12)
(0 -1.02809225826266e-05 3.36949646664441e-12)
(0 -1.02809225826266e-05 1.8348294810111e-12)
(0 -1.02809225826266e-05 0)
(0 -1.02809225826266e-05 -2.63519573483465e-13)
(0 -1.02809225826266e-05 -1.58237491134107e-13)
(0 -1.02809225826266e-05 1.05546078293658e-13)
(0 -1.02809225826266e-05 -1.26608298065879e-23)
(0 -1.02809225826266e-05 -1.00672982999603e-12)
(0 -1.02809225826266e-05 -1.00745588763377e-12)
(0 -1.02809225826266e-05 -1.14295894874227e-12)
(0 -1.02809225826266e-05 -1.36998662112926e-12)
(0 -1.02809225826266e-05 9.90734489848966e-14)
(0 -1.02809225826266e-05 -1.77306923184216e-12)
(0 -1.02809225826266e-05 -1.14400403994652e-12)
(0 -1.02809225826266e-05 2.01472934643235e-12)
(0 -1.02809225826266e-05 1.78384554095035e-12)
(0 -1.02809225826266e-05 -1.52358103090197e-12)
(0 -1.02809225826266e-05 -3.26116983060157e-12)
(0 -1.02809225826266e-05 2.77470596146632e-13)
(0 -1.02809225826266e-05 3.6268872944337e-13)
(0 -1.02809225826266e-05 -8.24728116109032e-13)
(0 -1.02809225826266e-05 -9.07581856675082e-13)
(0 -1.02809225826266e-05 2.73957161198354e-13)
(0 -1.02809225826266e-05 7.79916788442491e-13)
(0 -1.02809225826266e-05 8.38090459019546e-13)
(0 -1.02809225826266e-05 1.34541068634248e-12)
(0 -1.02809225826266e-05 -5.53798771866732e-13)
(0 -1.02809225826266e-05 -2.11238479760724e-12)
(0 -1.02809225826266e-05 -1.55934408624934e-12)
(0 -1.02809225826266e-05 2.22385908405222e-12)
(0 -1.02809225826266e-05 3.45182755988298e-12)
(0 -1.02809225826266e-05 3.54874769839468e-12)
(0 -1.02809225826266e-05 1.29054689776715e-12)
(0 -1.02809225826266e-05 -1.21111805805589e-12)
(0 -1.02809225826266e-05 -5.67138024207776e-13)
(0 -1.02809225826266e-05 -1.80477676475304e-12)
(0 -1.02809225826266e-05 -1.41614154109288e-12)
(0 -1.02809225826266e-05 -2.02644927342701e-12)
(0 -1.02809225826266e-05 -2.66148030413342e-12)
(0 -1.02809225826266e-05 7.49856419839409e-13)
(0 -1.02809225826266e-05 1.38488647557905e-12)
(0 -1.02809225826266e-05 1.36941089463938e-23)
(0 -1.02809225826266e-05 -5.12586819963787e-13)
(0 -1.02809225826266e-05 3.3026597822336e-13)
(0 -1.02809225826266e-05 2.0188543128957e-12)
(0 -1.02809225826266e-05 4.6071786954197e-13)
(0 -1.02809225826266e-05 -3.95165798771574e-12)
(0 -1.02809225826266e-05 -3.33287447097824e-12)
(0 -1.02809225826266e-05 1.02915823208556e-12)
(0 -1.02809225826266e-05 -1.05897687152181e-12)
(0 -1.02809225826266e-05 -9.3845321406583e-13)
(0 -1.02809225826266e-05 3.40366353700055e-15)
(0 -1.02809225826266e-05 -6.87567472734683e-13)
(0 -1.02809225826266e-05 2.85027727166238e-12)
(0 -1.02809225826266e-05 2.29390264166714e-12)
(0 -1.02809225826266e-05 -9.02565371372125e-13)
(0 -1.02809225826266e-05 -4.21114322676527e-13)
(0 -1.02809225826266e-05 9.80880571140657e-13)
(0 -1.02809225826266e-05 -1.03183803258578e-12)
(0 -1.02809225826266e-05 -1.71596408086658e-12)
(0 -1.02809225826266e-05 -1.84308340152613e-13)
(0 -1.02809225826266e-05 2.77386551811425e-12)
(0 -1.02809225826266e-05 3.97394969835155e-12)
(0 -1.02809225826266e-05 1.20008418030914e-12)
(0 -1.02809225826266e-05 -1.01158631728347e-12)
(0 -1.02809225826266e-05 -6.45717467309505e-13)
(0 -1.02809225826266e-05 1.56930475513632e-12)
(0 -1.02809225826266e-05 1.84152595477336e-12)
(0 -1.02809225826266e-05 6.38090049379275e-13)
(0 -1.02809225826266e-05 2.77575540459314e-13)
(0 -1.02809225826266e-05 -1.46052635693895e-12)
(0 -1.02809225826266e-05 -2.10387435941102e-14)
(0 -1.02809225826266e-05 1.84110989257423e-12)
(0 -1.02809225826266e-05 1.00457641573779e-12)
(0 -1.02809225826266e-05 1.29753376394908e-13)
)
;
    }
    outlet
    {
        type            slip;
    }
    Wire
    {
        type            cellMotion;
        value           nonuniform List<vector> 
100
(
(0 -1.08410165905265e-07 0)
(0 -1.11733950451491e-07 0)
(0 -1.17022210761944e-07 1.72329985370316e-26)
(0 -1.23460152732241e-07 -1.1215326306567e-25)
(0 -1.30648275301033e-07 9.49213224312846e-26)
(0 -1.38450965104786e-07 2.41544035335462e-25)
(0 -1.46949064675222e-07 1.72330316989627e-26)
(0 -1.56112430878025e-07 2.24316297635049e-25)
(0 -1.65768430306976e-07 -2.24319188351673e-25)
(0 -1.75869935188249e-07 3.44660964307789e-26)
(0 -1.86506316241465e-07 0)
(0 -1.97646883829779e-07 -3.44661195156409e-26)
(0 -2.09159838401476e-07 -3.4466128070355e-26)
(0 -2.21059464581715e-07 2.2433574344928e-25)
(0 -2.33407643984329e-07 0)
(0 -2.46179399038074e-07 0)
(0 -2.59300368194914e-07 -2.24347193775094e-25)
(0 -2.72790495360109e-07 4.48702465405854e-25)
(0 -2.86708982171192e-07 0)
(0 -3.01032500037581e-07 -3.44661924086943e-26)
(0 -3.15702843902625e-07 -4.48728169800249e-25)
(0 -3.30771486202855e-07 0)
(0 -3.46299250570245e-07 6.89324431667793e-26)
(0 -3.62254712618951e-07 3.79823599342266e-25)
(0 -3.78599456750103e-07 0)
(0 -3.95414811826449e-07 -8.97551842080563e-25)
(0 -4.12754801559005e-07 0)
(0 -4.30571170961059e-07 8.9759397404651e-25)
(0 -4.48847608475242e-07 5.17740505281223e-25)
(0 -4.67722316891994e-07 0)
(0 -4.87254689035035e-07 0)
(0 -5.07368508350561e-07 6.89326568155976e-26)
(0 -5.28080888698635e-07 0)
(0 -5.49620413388327e-07 0)
(0 -5.72060535459839e-07 -8.9776352354557e-25)
(0 -5.95293678097444e-07 -6.8932806073907e-26)
(0 -6.19439558442621e-07 6.89328524918304e-26)
(0 -6.44808485713265e-07 0)
(0 -6.71479482729855e-07 0)
(0 -6.99360123575515e-07 -1.0357821467653e-24)
(0 -7.28740409334146e-07 8.97951292669544e-25)
(0 -7.6007343154877e-07 1.3786642055874e-25)
(0 -7.93430320050318e-07 1.03589540388514e-24)
(0 -8.2875183742492e-07 8.98071139875703e-25)
(0 -8.66697527490779e-07 0)
(0 -9.07933083989843e-07 1.79633194043231e-24)
(0 -9.52437052141559e-07 0)
(0 -1.00022924879049e-06 -1.79655310197646e-24)
(0 -1.05272956351279e-06 -1.37868548628927e-25)
(0 -1.11089297759858e-06 -1.37869035835719e-25)
(0 -1.17439922176893e-06 1.93483941586569e-24)
(0 -1.2435856559049e-06 0)
(0 -1.32116618935789e-06 -1.37871077642112e-25)
(0 -1.40830089896546e-06 0)
(0 -1.50411671958675e-06 3.31977082197138e-24)
(0 -1.61033127711374e-06 0)
(0 -1.73078291983787e-06 1.79829831006778e-24)
(0 -1.86658465984734e-06 -1.52286909813229e-24)
(0 -2.01692289419405e-06 0)
(0 -2.18595125144143e-06 -2.75760127926377e-25)
(0 -2.37998478689748e-06 -2.75765249722858e-25)
(0 -2.60414365742511e-06 2.75771263269689e-25)
(0 -2.86437269425201e-06 -3.32618976412458e-24)
(0 -3.18604116884824e-06 3.60344255598829e-24)
(0 -3.59195447884006e-06 0)
(0 -4.08052806337414e-06 7.21510208756697e-24)
(0 -4.65294622276347e-06 -6.66867145171191e-24)
(0 -5.33321298572633e-06 0)
(0 -6.11637618408186e-06 0)
(0 -6.97557684410478e-06 -8.3452668668702e-24)
(0 -7.91626594480602e-06 0)
(0 -8.93941689204929e-06 -1.10369837980488e-24)
(0 -1.00237794283957e-05 -1.45406099726258e-23)
(0 -1.1151122405897e-05 1.45622834050448e-23)
(0 -1.23144045849026e-05 0)
(0 -1.34931164959775e-05 0)
(0 -1.46658502076052e-05 0)
(0 -1.58188417373774e-05 0)
(0 -1.69236595037316e-05 2.71487078022115e-23)
(0 -1.79625776314956e-05 3.16067639580231e-23)
(0 -1.89338796427239e-05 2.72329567618556e-23)
(0 -1.98004712031201e-05 0)
(0 -2.05396028710894e-05 -2.73031840946057e-23)
(0 -2.11652934101354e-05 0)
(0 -2.16626648518533e-05 2.95589860939271e-23)
(0 -2.20024391766868e-05 2.95741826801154e-23)
(0 -2.22079351645528e-05 2.9583027839441e-23)
(0 -2.23174520575169e-05 3.39995732298544e-23)
(0 -2.23260179734056e-05 0)
(0 -2.22570099479891e-05 4.41135191422601e-24)
(0 -2.21470414591227e-05 -4.41124289232377e-24)
(0 -2.20026915311224e-05 2.95746598309316e-23)
(0 -2.18327819994527e-05 2.95676645961844e-23)
(0 -2.16486313285967e-05 0)
(0 -2.14558400017625e-05 2.95522905869115e-23)
(0 -2.12583469366875e-05 3.17497796726355e-23)
(0 -2.1061573497927e-05 2.95362961119751e-23)
(0 -2.08687095599343e-05 -3.17340193605348e-23)
(0 -2.06878731460258e-05 2.73156941243605e-23)
(0 -2.05305279147896e-05 -3.17205796680959e-23)
)
;
    }
    inlet
    {
        type            slip;
    }
    back
    {
        type            wedge;
    }
    front
    {
        type            wedge;
    }
}


// ************************************************************************* //
