202
(
(0 -7.004999592570059e-06 3.058448872853516e-07)
(0 -7.004999592570059e-06 3.058448872853516e-07)
(0 -7.004999592570059e-06 3.058448872853516e-07)
(0 -7.004999592570059e-06 3.058448872853516e-07)
(0 -7.004999592570059e-06 3.058448872853516e-07)
(0 -7.004999592570059e-06 3.058448872853516e-07)
(0 -7.004999592570059e-06 3.058448872853516e-07)
(0 -7.004999592570059e-06 3.058448872853516e-07)
(0 -7.004999592570059e-06 3.058448872853516e-07)
(0 -7.004999592570059e-06 3.058448872853516e-07)
(0 -7.004999592570059e-06 3.058448872853516e-07)
(0 -7.004999592570059e-06 3.058448872853516e-07)
(0 -7.004999592570059e-06 3.058448872853516e-07)
(0 -7.004999592570059e-06 3.058448872853516e-07)
(0 -7.004999592570059e-06 3.058448872853516e-07)
(0 -7.004999592570059e-06 3.058448872853516e-07)
(0 -7.004999592570059e-06 3.058448872853516e-07)
(0 -7.004999592570059e-06 3.058448872853516e-07)
(0 -7.004999592570059e-06 3.058448872853516e-07)
(0 -7.004999592570059e-06 3.058448872853516e-07)
(0 -7.004999592570059e-06 3.058448872853516e-07)
(0 -7.004999592570059e-06 3.058448872853516e-07)
(0 -7.004999592570059e-06 3.058448872853516e-07)
(0 -7.004999592570059e-06 3.058448872853516e-07)
(0 -7.004999592570059e-06 3.058448872853516e-07)
(0 -7.004999592570059e-06 3.058448872853516e-07)
(0 -7.004999592570059e-06 3.058448872853516e-07)
(0 -7.004999592570059e-06 3.058448872853516e-07)
(0 -7.004999592570059e-06 3.058448872853516e-07)
(0 -7.004999592570059e-06 3.058448872853516e-07)
(0 -7.004999592570059e-06 3.058448872853516e-07)
(0 -7.004999592570059e-06 3.058448872853516e-07)
(0 -7.004999592570059e-06 3.058448872853516e-07)
(0 -7.004999592570059e-06 3.058448872853516e-07)
(0 -7.004999592570059e-06 3.058448872853516e-07)
(0 -7.004999592570059e-06 3.058448872853516e-07)
(0 -7.004999592570059e-06 3.058448872853516e-07)
(0 -7.004999592570059e-06 3.058448872853516e-07)
(0 -7.004999592570059e-06 3.058448872853516e-07)
(0 -7.004999592570059e-06 3.058448872853516e-07)
(0 -7.004999592570059e-06 3.058448872853516e-07)
(0 -7.004999592570059e-06 3.058448872853516e-07)
(0 -7.004999592570059e-06 3.058448872853516e-07)
(0 -7.004999592570059e-06 3.058448872853516e-07)
(0 -7.004999592570059e-06 3.058448872853516e-07)
(0 -7.004999592570059e-06 3.058448872853516e-07)
(0 -7.004999592570059e-06 3.058448872853516e-07)
(0 -7.004999592570059e-06 3.058448872853516e-07)
(0 -7.004999592570059e-06 3.058448872853516e-07)
(0 -7.004999592570059e-06 3.058448872853516e-07)
(0 -7.004999592570059e-06 3.058448872853516e-07)
(0 -7.004999592570059e-06 3.058448872853516e-07)
(0 -7.004999592570059e-06 3.058448872853516e-07)
(0 -7.004999592570059e-06 3.058448872853516e-07)
(0 -7.004999592570059e-06 3.058448872853516e-07)
(0 -7.004999592570059e-06 3.058448872853516e-07)
(0 -7.004999592570059e-06 3.058448872853516e-07)
(0 -7.004999592570059e-06 3.058448872853516e-07)
(0 -7.004999592570059e-06 3.058448872853516e-07)
(0 -7.004999592570059e-06 3.058448872853516e-07)
(0 -7.004999592570059e-06 3.058448872853516e-07)
(0 -7.004999592570059e-06 3.058448872853516e-07)
(0 -7.004999592570059e-06 3.058448872853516e-07)
(0 -7.004999592570059e-06 3.058448872853516e-07)
(0 -7.004999592570059e-06 3.058448872853516e-07)
(0 -7.004999592570059e-06 3.058448872853516e-07)
(0 -7.004999592570059e-06 3.058448872853516e-07)
(0 -7.004999592570059e-06 3.058448872853516e-07)
(0 -7.004999592570059e-06 3.058448872853516e-07)
(0 -7.004999592570059e-06 3.058448872853516e-07)
(0 -7.004999592570059e-06 3.058448872853516e-07)
(0 -7.004999592570059e-06 3.058448872853516e-07)
(0 -7.004999592570059e-06 3.058448872853516e-07)
(0 -7.004999592570059e-06 3.058448872853516e-07)
(0 -7.004999592570059e-06 3.058448872853516e-07)
(0 -7.004999592570059e-06 3.058448872853516e-07)
(0 -7.004999592570059e-06 3.058448872853516e-07)
(0 -7.004999592570059e-06 3.058448872853516e-07)
(0 -7.004999592570059e-06 3.058448872853516e-07)
(0 -7.004999592570059e-06 3.058448872853516e-07)
(0 -7.004999592570059e-06 3.058448872853516e-07)
(0 -7.004999592570059e-06 3.058448872853516e-07)
(0 -7.004999592570059e-06 3.058448872853516e-07)
(0 -7.004999592570059e-06 3.058448872853516e-07)
(0 -7.004999592570059e-06 3.058448872853516e-07)
(0 -7.004999592570059e-06 3.058448872853516e-07)
(0 -7.004999592570059e-06 3.058448872853516e-07)
(0 -7.004999592570059e-06 3.058448872853516e-07)
(0 -7.004999592570059e-06 3.058448872853516e-07)
(0 -7.004999592570059e-06 3.058448872853516e-07)
(0 -7.004999592570059e-06 3.058448872853516e-07)
(0 -7.004999592570059e-06 3.058448872853516e-07)
(0 -7.004999592570059e-06 3.058448872853516e-07)
(0 -7.004999592570059e-06 3.058448872853516e-07)
(0 -7.004999592570059e-06 3.058448872853516e-07)
(0 -7.004999592570059e-06 3.058448872853516e-07)
(0 -7.004999592570059e-06 3.058448872853516e-07)
(0 -7.004999592570059e-06 3.058448872853516e-07)
(0 -7.004999592570059e-06 3.058448872853516e-07)
(0 -7.004999592570059e-06 3.058448872853516e-07)
(0 -7.004999592570059e-06 3.058448872853516e-07)
(0 -7.004999592570059e-06 -3.058448872853516e-07)
(0 -7.004999592570059e-06 -3.058448872853516e-07)
(0 -7.004999592570059e-06 -3.058448872853516e-07)
(0 -7.004999592570059e-06 -3.058448872853516e-07)
(0 -7.004999592570059e-06 -3.058448872853516e-07)
(0 -7.004999592570059e-06 -3.058448872853516e-07)
(0 -7.004999592570059e-06 -3.058448872853516e-07)
(0 -7.004999592570059e-06 -3.058448872853516e-07)
(0 -7.004999592570059e-06 -3.058448872853516e-07)
(0 -7.004999592570059e-06 -3.058448872853516e-07)
(0 -7.004999592570059e-06 -3.058448872853516e-07)
(0 -7.004999592570059e-06 -3.058448872853516e-07)
(0 -7.004999592570059e-06 -3.058448872853516e-07)
(0 -7.004999592570059e-06 -3.058448872853516e-07)
(0 -7.004999592570059e-06 -3.058448872853516e-07)
(0 -7.004999592570059e-06 -3.058448872853516e-07)
(0 -7.004999592570059e-06 -3.058448872853516e-07)
(0 -7.004999592570059e-06 -3.058448872853516e-07)
(0 -7.004999592570059e-06 -3.058448872853516e-07)
(0 -7.004999592570059e-06 -3.058448872853516e-07)
(0 -7.004999592570059e-06 -3.058448872853516e-07)
(0 -7.004999592570059e-06 -3.058448872853516e-07)
(0 -7.004999592570059e-06 -3.058448872853516e-07)
(0 -7.004999592570059e-06 -3.058448872853516e-07)
(0 -7.004999592570059e-06 -3.058448872853516e-07)
(0 -7.004999592570059e-06 -3.058448872853516e-07)
(0 -7.004999592570059e-06 -3.058448872853516e-07)
(0 -7.004999592570059e-06 -3.058448872853516e-07)
(0 -7.004999592570059e-06 -3.058448872853516e-07)
(0 -7.004999592570059e-06 -3.058448872853516e-07)
(0 -7.004999592570059e-06 -3.058448872853516e-07)
(0 -7.004999592570059e-06 -3.058448872853516e-07)
(0 -7.004999592570059e-06 -3.058448872853516e-07)
(0 -7.004999592570059e-06 -3.058448872853516e-07)
(0 -7.004999592570059e-06 -3.058448872853516e-07)
(0 -7.004999592570059e-06 -3.058448872853516e-07)
(0 -7.004999592570059e-06 -3.058448872853516e-07)
(0 -7.004999592570059e-06 -3.058448872853516e-07)
(0 -7.004999592570059e-06 -3.058448872853516e-07)
(0 -7.004999592570059e-06 -3.058448872853516e-07)
(0 -7.004999592570059e-06 -3.058448872853516e-07)
(0 -7.004999592570059e-06 -3.058448872853516e-07)
(0 -7.004999592570059e-06 -3.058448872853516e-07)
(0 -7.004999592570059e-06 -3.058448872853516e-07)
(0 -7.004999592570059e-06 -3.058448872853516e-07)
(0 -7.004999592570059e-06 -3.058448872853516e-07)
(0 -7.004999592570059e-06 -3.058448872853516e-07)
(0 -7.004999592570059e-06 -3.058448872853516e-07)
(0 -7.004999592570059e-06 -3.058448872853516e-07)
(0 -7.004999592570059e-06 -3.058448872853516e-07)
(0 -7.004999592570059e-06 -3.058448872853516e-07)
(0 -7.004999592570059e-06 -3.058448872853516e-07)
(0 -7.004999592570059e-06 -3.058448872853516e-07)
(0 -7.004999592570059e-06 -3.058448872853516e-07)
(0 -7.004999592570059e-06 -3.058448872853516e-07)
(0 -7.004999592570059e-06 -3.058448872853516e-07)
(0 -7.004999592570059e-06 -3.058448872853516e-07)
(0 -7.004999592570059e-06 -3.058448872853516e-07)
(0 -7.004999592570059e-06 -3.058448872853516e-07)
(0 -7.004999592570059e-06 -3.058448872853516e-07)
(0 -7.004999592570059e-06 -3.058448872853516e-07)
(0 -7.004999592570059e-06 -3.058448872853516e-07)
(0 -7.004999592570059e-06 -3.058448872853516e-07)
(0 -7.004999592570059e-06 -3.058448872853516e-07)
(0 -7.004999592570059e-06 -3.058448872853516e-07)
(0 -7.004999592570059e-06 -3.058448872853516e-07)
(0 -7.004999592570059e-06 -3.058448872853516e-07)
(0 -7.004999592570059e-06 -3.058448872853516e-07)
(0 -7.004999592570059e-06 -3.058448872853516e-07)
(0 -7.004999592570059e-06 -3.058448872853516e-07)
(0 -7.004999592570059e-06 -3.058448872853516e-07)
(0 -7.004999592570059e-06 -3.058448872853516e-07)
(0 -7.004999592570059e-06 -3.058448872853516e-07)
(0 -7.004999592570059e-06 -3.058448872853516e-07)
(0 -7.004999592570059e-06 -3.058448872853516e-07)
(0 -7.004999592570059e-06 -3.058448872853516e-07)
(0 -7.004999592570059e-06 -3.058448872853516e-07)
(0 -7.004999592570059e-06 -3.058448872853516e-07)
(0 -7.004999592570059e-06 -3.058448872853516e-07)
(0 -7.004999592570059e-06 -3.058448872853516e-07)
(0 -7.004999592570059e-06 -3.058448872853516e-07)
(0 -7.004999592570059e-06 -3.058448872853516e-07)
(0 -7.004999592570059e-06 -3.058448872853516e-07)
(0 -7.004999592570059e-06 -3.058448872853516e-07)
(0 -7.004999592570059e-06 -3.058448872853516e-07)
(0 -7.004999592570059e-06 -3.058448872853516e-07)
(0 -7.004999592570059e-06 -3.058448872853516e-07)
(0 -7.004999592570059e-06 -3.058448872853516e-07)
(0 -7.004999592570059e-06 -3.058448872853516e-07)
(0 -7.004999592570059e-06 -3.058448872853516e-07)
(0 -7.004999592570059e-06 -3.058448872853516e-07)
(0 -7.004999592570059e-06 -3.058448872853516e-07)
(0 -7.004999592570059e-06 -3.058448872853516e-07)
(0 -7.004999592570059e-06 -3.058448872853516e-07)
(0 -7.004999592570059e-06 -3.058448872853516e-07)
(0 -7.004999592570059e-06 -3.058448872853516e-07)
(0 -7.004999592570059e-06 -3.058448872853516e-07)
(0 -7.004999592570059e-06 -3.058448872853516e-07)
(0 -7.004999592570059e-06 -3.058448872853516e-07)
(0 -7.004999592570059e-06 -3.058448872853516e-07)
(0 -7.004999592570059e-06 -3.058448872853516e-07)
)