202
(
(0 -1.406664338669729e-05 6.141629138209891e-07)
(0 -1.406664338669729e-05 6.141629138209891e-07)
(0 -1.406664338669729e-05 6.141629138209891e-07)
(0 -1.406664338669729e-05 6.141629138209891e-07)
(0 -1.406664338669729e-05 6.141629138209891e-07)
(0 -1.406664338669729e-05 6.141629138209891e-07)
(0 -1.406664338669729e-05 6.141629138209891e-07)
(0 -1.406664338669729e-05 6.141629138209891e-07)
(0 -1.406664338669729e-05 6.141629138209891e-07)
(0 -1.406664338669729e-05 6.141629138209891e-07)
(0 -1.406664338669729e-05 6.141629138209891e-07)
(0 -1.406664338669729e-05 6.141629138209891e-07)
(0 -1.406664338669729e-05 6.141629138209891e-07)
(0 -1.406664338669729e-05 6.141629138209891e-07)
(0 -1.406664338669729e-05 6.141629138209891e-07)
(0 -1.406664338669729e-05 6.141629138209891e-07)
(0 -1.406664338669729e-05 6.141629138209891e-07)
(0 -1.406664338669729e-05 6.141629138209891e-07)
(0 -1.406664338669729e-05 6.141629138209891e-07)
(0 -1.406664338669729e-05 6.141629138209891e-07)
(0 -1.406664338669729e-05 6.141629138209891e-07)
(0 -1.406664338669729e-05 6.141629138209891e-07)
(0 -1.406664338669729e-05 6.141629138209891e-07)
(0 -1.406664338669729e-05 6.141629138209891e-07)
(0 -1.406664338669729e-05 6.141629138209891e-07)
(0 -1.406664338669729e-05 6.141629138209891e-07)
(0 -1.406664338669729e-05 6.141629138209891e-07)
(0 -1.406664338669729e-05 6.141629138209891e-07)
(0 -1.406664338669729e-05 6.141629138209891e-07)
(0 -1.406664338669729e-05 6.141629138209891e-07)
(0 -1.406664338669729e-05 6.141629138209891e-07)
(0 -1.406664338669729e-05 6.141629138209891e-07)
(0 -1.406664338669729e-05 6.141629138209891e-07)
(0 -1.406664338669729e-05 6.141629138209891e-07)
(0 -1.406664338669729e-05 6.141629138209891e-07)
(0 -1.406664338669729e-05 6.141629138209891e-07)
(0 -1.406664338669729e-05 6.141629138209891e-07)
(0 -1.406664338669729e-05 6.141629138209891e-07)
(0 -1.406664338669729e-05 6.141629138209891e-07)
(0 -1.406664338669729e-05 6.141629138209891e-07)
(0 -1.406664338669729e-05 6.141629138209891e-07)
(0 -1.406664338669729e-05 6.141629138209891e-07)
(0 -1.406664338669729e-05 6.141629138209891e-07)
(0 -1.406664338669729e-05 6.141629138209891e-07)
(0 -1.406664338669729e-05 6.141629138209891e-07)
(0 -1.406664338669729e-05 6.141629138209891e-07)
(0 -1.406664338669729e-05 6.141629138209891e-07)
(0 -1.406664338669729e-05 6.141629138209891e-07)
(0 -1.406664338669729e-05 6.141629138209891e-07)
(0 -1.406664338669729e-05 6.141629138209891e-07)
(0 -1.406664338669729e-05 6.141629138209891e-07)
(0 -1.406664338669729e-05 6.141629138209891e-07)
(0 -1.406664338669729e-05 6.141629138209891e-07)
(0 -1.406664338669729e-05 6.141629138209891e-07)
(0 -1.406664338669729e-05 6.141629138209891e-07)
(0 -1.406664338669729e-05 6.141629138209891e-07)
(0 -1.406664338669729e-05 6.141629138209891e-07)
(0 -1.406664338669729e-05 6.141629138209891e-07)
(0 -1.406664338669729e-05 6.141629138209891e-07)
(0 -1.406664338669729e-05 6.141629138209891e-07)
(0 -1.406664338669729e-05 6.141629138209891e-07)
(0 -1.406664338669729e-05 6.141629138209891e-07)
(0 -1.406664338669729e-05 6.141629138209891e-07)
(0 -1.406664338669729e-05 6.141629138209891e-07)
(0 -1.406664338669729e-05 6.141629138209891e-07)
(0 -1.406664338669729e-05 6.141629138209891e-07)
(0 -1.406664338669729e-05 6.141629138209891e-07)
(0 -1.406664338669729e-05 6.141629138209891e-07)
(0 -1.406664338669729e-05 6.141629138209891e-07)
(0 -1.406664338669729e-05 6.141629138209891e-07)
(0 -1.406664338669729e-05 6.141629138209891e-07)
(0 -1.406664338669729e-05 6.141629138209891e-07)
(0 -1.406664338669729e-05 6.141629138209891e-07)
(0 -1.406664338669729e-05 6.141629138209891e-07)
(0 -1.406664338669729e-05 6.141629138209891e-07)
(0 -1.406664338669729e-05 6.141629138209891e-07)
(0 -1.406664338669729e-05 6.141629138209891e-07)
(0 -1.406664338669729e-05 6.141629138209891e-07)
(0 -1.406664338669729e-05 6.141629138209891e-07)
(0 -1.406664338669729e-05 6.141629138209891e-07)
(0 -1.406664338669729e-05 6.141629138209891e-07)
(0 -1.406664338669729e-05 6.141629138209891e-07)
(0 -1.406664338669729e-05 6.141629138209891e-07)
(0 -1.406664338669729e-05 6.141629138209891e-07)
(0 -1.406664338669729e-05 6.141629138209891e-07)
(0 -1.406664338669729e-05 6.141629138209891e-07)
(0 -1.406664338669729e-05 6.141629138209891e-07)
(0 -1.406664338669729e-05 6.141629138209891e-07)
(0 -1.406664338669729e-05 6.141629138209891e-07)
(0 -1.406664338669729e-05 6.141629138209891e-07)
(0 -1.406664338669729e-05 6.141629138209891e-07)
(0 -1.406664338669729e-05 6.141629138209891e-07)
(0 -1.406664338669729e-05 6.141629138209891e-07)
(0 -1.406664338669729e-05 6.141629138209891e-07)
(0 -1.406664338669729e-05 6.141629138209891e-07)
(0 -1.406664338669729e-05 6.141629138209891e-07)
(0 -1.406664338669729e-05 6.141629138209891e-07)
(0 -1.406664338669729e-05 6.141629138209891e-07)
(0 -1.406664338669729e-05 6.141629138209891e-07)
(0 -1.406664338669729e-05 6.141629138209891e-07)
(0 -1.406664338669729e-05 6.141629138209891e-07)
(0 -1.406664338669729e-05 -6.141629138209891e-07)
(0 -1.406664338669729e-05 -6.141629138209891e-07)
(0 -1.406664338669729e-05 -6.141629138209891e-07)
(0 -1.406664338669729e-05 -6.141629138209891e-07)
(0 -1.406664338669729e-05 -6.141629138209891e-07)
(0 -1.406664338669729e-05 -6.141629138209891e-07)
(0 -1.406664338669729e-05 -6.141629138209891e-07)
(0 -1.406664338669729e-05 -6.141629138209891e-07)
(0 -1.406664338669729e-05 -6.141629138209891e-07)
(0 -1.406664338669729e-05 -6.141629138209891e-07)
(0 -1.406664338669729e-05 -6.141629138209891e-07)
(0 -1.406664338669729e-05 -6.141629138209891e-07)
(0 -1.406664338669729e-05 -6.141629138209891e-07)
(0 -1.406664338669729e-05 -6.141629138209891e-07)
(0 -1.406664338669729e-05 -6.141629138209891e-07)
(0 -1.406664338669729e-05 -6.141629138209891e-07)
(0 -1.406664338669729e-05 -6.141629138209891e-07)
(0 -1.406664338669729e-05 -6.141629138209891e-07)
(0 -1.406664338669729e-05 -6.141629138209891e-07)
(0 -1.406664338669729e-05 -6.141629138209891e-07)
(0 -1.406664338669729e-05 -6.141629138209891e-07)
(0 -1.406664338669729e-05 -6.141629138209891e-07)
(0 -1.406664338669729e-05 -6.141629138209891e-07)
(0 -1.406664338669729e-05 -6.141629138209891e-07)
(0 -1.406664338669729e-05 -6.141629138209891e-07)
(0 -1.406664338669729e-05 -6.141629138209891e-07)
(0 -1.406664338669729e-05 -6.141629138209891e-07)
(0 -1.406664338669729e-05 -6.141629138209891e-07)
(0 -1.406664338669729e-05 -6.141629138209891e-07)
(0 -1.406664338669729e-05 -6.141629138209891e-07)
(0 -1.406664338669729e-05 -6.141629138209891e-07)
(0 -1.406664338669729e-05 -6.141629138209891e-07)
(0 -1.406664338669729e-05 -6.141629138209891e-07)
(0 -1.406664338669729e-05 -6.141629138209891e-07)
(0 -1.406664338669729e-05 -6.141629138209891e-07)
(0 -1.406664338669729e-05 -6.141629138209891e-07)
(0 -1.406664338669729e-05 -6.141629138209891e-07)
(0 -1.406664338669729e-05 -6.141629138209891e-07)
(0 -1.406664338669729e-05 -6.141629138209891e-07)
(0 -1.406664338669729e-05 -6.141629138209891e-07)
(0 -1.406664338669729e-05 -6.141629138209891e-07)
(0 -1.406664338669729e-05 -6.141629138209891e-07)
(0 -1.406664338669729e-05 -6.141629138209891e-07)
(0 -1.406664338669729e-05 -6.141629138209891e-07)
(0 -1.406664338669729e-05 -6.141629138209891e-07)
(0 -1.406664338669729e-05 -6.141629138209891e-07)
(0 -1.406664338669729e-05 -6.141629138209891e-07)
(0 -1.406664338669729e-05 -6.141629138209891e-07)
(0 -1.406664338669729e-05 -6.141629138209891e-07)
(0 -1.406664338669729e-05 -6.141629138209891e-07)
(0 -1.406664338669729e-05 -6.141629138209891e-07)
(0 -1.406664338669729e-05 -6.141629138209891e-07)
(0 -1.406664338669729e-05 -6.141629138209891e-07)
(0 -1.406664338669729e-05 -6.141629138209891e-07)
(0 -1.406664338669729e-05 -6.141629138209891e-07)
(0 -1.406664338669729e-05 -6.141629138209891e-07)
(0 -1.406664338669729e-05 -6.141629138209891e-07)
(0 -1.406664338669729e-05 -6.141629138209891e-07)
(0 -1.406664338669729e-05 -6.141629138209891e-07)
(0 -1.406664338669729e-05 -6.141629138209891e-07)
(0 -1.406664338669729e-05 -6.141629138209891e-07)
(0 -1.406664338669729e-05 -6.141629138209891e-07)
(0 -1.406664338669729e-05 -6.141629138209891e-07)
(0 -1.406664338669729e-05 -6.141629138209891e-07)
(0 -1.406664338669729e-05 -6.141629138209891e-07)
(0 -1.406664338669729e-05 -6.141629138209891e-07)
(0 -1.406664338669729e-05 -6.141629138209891e-07)
(0 -1.406664338669729e-05 -6.141629138209891e-07)
(0 -1.406664338669729e-05 -6.141629138209891e-07)
(0 -1.406664338669729e-05 -6.141629138209891e-07)
(0 -1.406664338669729e-05 -6.141629138209891e-07)
(0 -1.406664338669729e-05 -6.141629138209891e-07)
(0 -1.406664338669729e-05 -6.141629138209891e-07)
(0 -1.406664338669729e-05 -6.141629138209891e-07)
(0 -1.406664338669729e-05 -6.141629138209891e-07)
(0 -1.406664338669729e-05 -6.141629138209891e-07)
(0 -1.406664338669729e-05 -6.141629138209891e-07)
(0 -1.406664338669729e-05 -6.141629138209891e-07)
(0 -1.406664338669729e-05 -6.141629138209891e-07)
(0 -1.406664338669729e-05 -6.141629138209891e-07)
(0 -1.406664338669729e-05 -6.141629138209891e-07)
(0 -1.406664338669729e-05 -6.141629138209891e-07)
(0 -1.406664338669729e-05 -6.141629138209891e-07)
(0 -1.406664338669729e-05 -6.141629138209891e-07)
(0 -1.406664338669729e-05 -6.141629138209891e-07)
(0 -1.406664338669729e-05 -6.141629138209891e-07)
(0 -1.406664338669729e-05 -6.141629138209891e-07)
(0 -1.406664338669729e-05 -6.141629138209891e-07)
(0 -1.406664338669729e-05 -6.141629138209891e-07)
(0 -1.406664338669729e-05 -6.141629138209891e-07)
(0 -1.406664338669729e-05 -6.141629138209891e-07)
(0 -1.406664338669729e-05 -6.141629138209891e-07)
(0 -1.406664338669729e-05 -6.141629138209891e-07)
(0 -1.406664338669729e-05 -6.141629138209891e-07)
(0 -1.406664338669729e-05 -6.141629138209891e-07)
(0 -1.406664338669729e-05 -6.141629138209891e-07)
(0 -1.406664338669729e-05 -6.141629138209891e-07)
(0 -1.406664338669729e-05 -6.141629138209891e-07)
(0 -1.406664338669729e-05 -6.141629138209891e-07)
(0 -1.406664338669729e-05 -6.141629138209891e-07)
(0 -1.406664338669729e-05 -6.141629138209891e-07)
)