/*--------------------------------*- C++ -*----------------------------------*\
  =========                 |
  \\      /  F ield         | OpenFOAM: The Open Source CFD Toolbox
   \\    /   O peration     | Website:  https://openfoam.org
    \\  /    A nd           | Version:  8
     \\/     M anipulation  |
\*---------------------------------------------------------------------------*/
FoamFile
{
    version     2.0;
    format      ascii;
    class       vectorField;
    location    "0.0710000/polyMesh";
    object      points;
}
// * * * * * * * * * * * * * * * * * * * * * * * * * * * * * * * * * * * * * //


1414
(
(-0.003 0.000749177449383276 -3.27097938459666e-05)
(-0.002965 0.000749174700855013 -3.2709673842631e-05)
(-0.00293 0.000749169707996504 -3.27094558497207e-05)
(-0.002895 0.000749163473599874 -3.27091836500854e-05)
(-0.00286 0.000749156080945648 -3.27088608798313e-05)
(-0.002825 0.00074914794858809 -3.27085058134323e-05)
(-0.00279 0.000749139160137852 -3.27081221014081e-05)
(-0.002755 0.000749129755459102 -3.27077114842662e-05)
(-0.00272 0.000749119672107931 -3.27072712356463e-05)
(-0.002685 0.00074910896759771 -3.27068038666368e-05)
(-0.00265 0.000749097783256907 -3.27063155477715e-05)
(-0.002615 0.000749086136183746 -3.27058070255752e-05)
(-0.00258 0.000749074029915609 -3.27052784544932e-05)
(-0.002545 0.000749061340593892 -3.27047244267422e-05)
(-0.00251 0.00074904824681086 -3.27041527398287e-05)
(-0.002475 0.000749034755490922 -3.27035636960791e-05)
(-0.00244 0.000749020872408224 -3.27029575475981e-05)
(-0.002405 0.000749006493333145 -3.2702329743622e-05)
(-0.00237 0.000748991671001548 -3.27016825866484e-05)
(-0.002335 0.000748976457244348 -3.27010183396638e-05)
(-0.0023 0.000748960847205723 -3.27003367906586e-05)
(-0.002265 0.000748944782532361 -3.26996353918721e-05)
(-0.00223 0.000748928170662275 -3.26989101019607e-05)
(-0.002195 0.00074891111587427 -3.26981654738353e-05)
(-0.00216 0.000748893597482325 -3.26974006043247e-05)
(-0.002125 0.000748875593601199 -3.26966145378987e-05)
(-0.00209 0.000748856873789379 -3.26957972132636e-05)
(-0.002055 0.000748837552928181 -3.26949536462459e-05)
(-0.00202 0.000748817621701773 -3.26940834301076e-05)
(-0.001985 0.000748797044323693 -3.2693185002378e-05)
(-0.00195 0.000748775606182567 -3.26922489929222e-05)
(-0.001915 0.000748753199847709 -3.26912707112152e-05)
(-0.00188 0.000748729895316435 -3.26902532134058e-05)
(-0.001845 0.000748705611936528 -3.2689192978142e-05)
(-0.00181 0.000748680183175726 -3.26880827344684e-05)
(-0.001775 0.000748653026312004 -3.26868970401918e-05)
(-0.00174 0.000748624390592178 -3.26856467776634e-05)
(-0.001705 0.000748594112946033 -3.26843248270836e-05)
(-0.00167 0.000748562022845913 -3.26829237430544e-05)
(-0.001635 0.000748527098632845 -3.26813989189815e-05)
(-0.0016 0.000748489387383174 -3.26797524102625e-05)
(-0.001565 0.000748448791968255 -3.26779799761694e-05)
(-0.00153 0.000748405006073829 -3.26760682427327e-05)
(-0.001495 0.00074835690135257 -3.26739679452442e-05)
(-0.00146 0.00074830336337181 -3.26716304265227e-05)
(-0.001425 0.000748244727739184 -3.26690703395143e-05)
(-0.00139 0.000748180427886919 -3.26662629473355e-05)
(-0.001355 0.000748109564570236 -3.26631689881115e-05)
(-0.00132 0.000748028212573896 -3.26596170832438e-05)
(-0.001285 0.00074793789788054 -3.26556738585734e-05)
(-0.00125 0.000747837602873587 -3.26512948840008e-05)
(-0.001215 0.000747726273661011 -3.26464341456064e-05)
(-0.00118 0.000747597749201382 -3.26408226465122e-05)
(-0.001145 0.000747452240610381 -3.26344696042277e-05)
(-0.00111 0.000747289280559711 -3.26273546147591e-05)
(-0.001075 0.000747106808196327 -3.2619387699319e-05)
(-0.00104 0.000746896323670168 -3.26101977464392e-05)
(-0.001005 0.000746634241511649 -3.25987549922787e-05)
(-0.00097 0.000746311057869484 -3.25846444897291e-05)
(-0.000935 0.000745912050640038 -3.25672234578642e-05)
(-0.0009 0.000745410179318038 -3.25453112827268e-05)
(-0.000865 0.000744752602715636 -3.25166008682313e-05)
(-0.00083 0.000743971950627844 -3.24825168619947e-05)
(-0.000795 0.000743066918418516 -3.24430023023728e-05)
(-0.00076 0.000742031304684556 -3.23977864302589e-05)
(-0.000725 0.000740814971494583 -3.23446801762936e-05)
(-0.00069 0.000739478163741266 -3.22863138892962e-05)
(-0.000655 0.000738026880566068 -3.22229494974396e-05)
(-0.00062 0.000736460347478381 -3.21545531857336e-05)
(-0.000585 0.000734761136830571 -3.20803640466498e-05)
(-0.00055 0.000732992576252509 -3.20031470242206e-05)
(-0.000515 0.000731167028359241 -3.19234418818756e-05)
(-0.00048 0.000729292722364326 -3.18416079148383e-05)
(-0.000445 0.000727402826849993 -3.17590932946837e-05)
(-0.00041 0.00072552624987335 -3.16771601744428e-05)
(-0.000375 0.00072367545668836 -3.15963527988572e-05)
(-0.00034 0.000721886942560089 -3.15182645856115e-05)
(-0.000305 0.000720195679654171 -3.14444224524327e-05)
(-0.00027 0.000718597254538815 -3.13746337047274e-05)
(-0.000235 0.000717101083380506 -3.13093094612029e-05)
(-0.0002 0.000715792711509453 -3.12521847116376e-05)
(-0.000165 0.000714632042002067 -3.12015087865398e-05)
(-0.00013 0.000713612967179005 -3.11570150188705e-05)
(-9.50000000000001e-05 0.000712765333393518 -3.11200065285549e-05)
(-6.00000000000001e-05 0.000712135191871281 -3.10924939555281e-05)
(-2.5e-05 0.000711648279489485 -3.1071234901825e-05)
(9.9999999999999e-06 0.000711298680754794 -3.10559710914287e-05)
(4.5e-05 0.000711128063103926 -3.1048521763915e-05)
(8e-05 0.000711062887170067 -3.10456761211878e-05)
(0.000115 0.000711070991390407 -3.10460299590893e-05)
(0.00015 0.000711148597873637 -3.1049418331323e-05)
(0.000185 0.000711275509557713 -3.10549594151159e-05)
(0.00022 0.000711422844263274 -3.10613921872838e-05)
(0.000255 0.000711586737446898 -3.10685479182172e-05)
(0.00029 0.000711763541030598 -3.10762673293911e-05)
(0.000325 0.000711942333826786 -3.10840735914579e-05)
(0.00036 0.000712121915020389 -3.10919142756993e-05)
(0.000395 0.000712297966215194 -3.10996008368647e-05)
(0.00043 0.000712465401467081 -3.11069112178382e-05)
(0.000465 0.000712620667585343 -3.11136902829633e-05)
(0.0005 0.000712752637187665 -3.1119452200236e-05)
(-0.003 0.000773825389470247 -3.37859461509196e-05)
(-0.00296500112688215 0.000773523102620664 -3.37727480220379e-05)
(-0.0029300022537643 0.000773217249596339 -3.37593941906044e-05)
(-0.00289500338064644 0.000772910053765507 -3.37459817309727e-05)
(-0.00286000450752859 0.000772601978416515 -3.37325308707488e-05)
(-0.00282500563441074 0.00077229322565125 -3.37190504338916e-05)
(-0.00279000676129289 0.00077198392458975 -3.37055460579039e-05)
(-0.00275500788817504 0.00077167409411056 -3.36920185670406e-05)
(-0.00272000901505718 0.000771363727611563 -3.36784676730472e-05)
(-0.00268501014193933 0.000771052865132969 -3.36648951241168e-05)
(-0.00265001126882148 0.000770741580736599 -3.36513041538586e-05)
(-0.00261501239570363 0.00077042991147489 -3.36376963800167e-05)
(-0.00258001352258578 0.000770117835042175 -3.36240708287048e-05)
(-0.00254501464946793 0.000769805337806603 -3.36104269047434e-05)
(-0.00251001577635007 0.000769492469502252 -3.35967667795692e-05)
(-0.00247501690323222 0.000769179271916356 -3.35830922776522e-05)
(-0.00244001803011437 0.000768865725864397 -3.35694025613784e-05)
(-0.00240501915699652 0.000768551799781218 -3.35556962525832e-05)
(-0.00237002028387867 0.000768237504615346 -3.35419738292896e-05)
(-0.00233502141076081 0.000767922872354013 -3.35282366880903e-05)
(-0.00230002253764296 0.000767607899422872 -3.3514484672926e-05)
(-0.00226502366452511 0.0007672925400825 -3.35007157867703e-05)
(-0.00223002479140726 0.000766976765359107 -3.34869287646003e-05)
(-0.00219502591828941 0.000766660595253124 -3.34731244796535e-05)
(-0.00216002704517155 0.00076634403954759 -3.34593033590668e-05)
(-0.0021250281720537 0.00076602703487342 -3.34454626360861e-05)
(-0.00209002929893585 0.000765709504376413 -3.34315989551846e-05)
(-0.002055030425818 0.000765391445997951 -3.34177122264809e-05)
(-0.00202003155270015 0.000765072874320059 -3.34038030866401e-05)
(-0.00198503267958229 0.000764753726727254 -3.33898688018113e-05)
(-0.00195003380646444 0.000764433882429194 -3.3375904098174e-05)
(-0.00191503493334659 0.000764113266501434 -3.33619057044564e-05)
(-0.00188003606022874 0.000763791870458957 -3.33478732501948e-05)
(-0.00184503718711089 0.000763469643696263 -3.33338045259052e-05)
(-0.00181003831399304 0.000763146373588931 -3.33196902482049e-05)
(-0.00177503944087518 0.000762821834099506 -3.33055205480855e-05)
(-0.00174004056775733 0.000762495974484959 -3.32912932100585e-05)
(-0.00170504169463948 0.000762168752559209 -3.32770063922399e-05)
(-0.00167004282152163 0.000761839842851014 -3.32626458842483e-05)
(-0.00163504394840378 0.000761508790242021 -3.32481918151873e-05)
(-0.00160004507528592 0.000761175381121337 -3.32336348586039e-05)
(-0.00156504620216807 0.000760839534097564 -3.32189714608729e-05)
(-0.00153004732905022 0.00076050086696672 -3.32041849346081e-05)
(-0.00149504845593237 0.000760158598529319 -3.31892411719033e-05)
(-0.00146004958281452 0.000759812096645215 -3.31741125729237e-05)
(-0.00142505070969666 0.000759461160715665 -3.3158790379339e-05)
(-0.00139005183657881 0.000759105473191255 -3.31432607266424e-05)
(-0.00135505296346096 0.000758743677806888 -3.3127464399021e-05)
(-0.00132005409034311 0.000758374259244258 -3.31113352362486e-05)
(-0.00128505521722526 0.000757996827597364 -3.30948562146617e-05)
(-0.0012500563441074 0.000757611144614551 -3.30780169319682e-05)
(-0.00121505747098955 0.00075721520937913 -3.3060730026259e-05)
(-0.0011800585978717 0.0007568062387013 -3.30428739808429e-05)
(-0.00114505972475385 0.000756382936165318 -3.30243921929864e-05)
(-0.001110060851636 0.000755944845608949 -3.30052647462159e-05)
(-0.00107506197851815 0.000755489421646812 -3.29853805066058e-05)
(-0.00104006310540029 0.000755007660309246 -3.29643463523507e-05)
(-0.00100506423228244 0.000754485845153636 -3.29415634106328e-05)
(-0.00097006535916459 0.000753912108229615 -3.29165135155485e-05)
(-0.000935066486046738 0.000753273261482304 -3.28886208641868e-05)
(-0.000900067612928886 0.000752543043078098 -3.28567388401299e-05)
(-0.000865068739811034 0.000751700318890414 -3.28199447074837e-05)
(-0.000830069866693182 0.000750747739360525 -3.27783541870133e-05)
(-0.00079507099357533 0.000749691637234971 -3.27322437724038e-05)
(-0.000760072120457478 0.00074851750332044 -3.26809799785943e-05)
(-0.000725073247339626 0.000747215539442175 -3.26241350080363e-05)
(-0.000690074374221774 0.000745801937410276 -3.2562415810426e-05)
(-0.000655075501103922 0.000744292787842587 -3.24965249173106e-05)
(-0.00062007662798607 0.000742684651960672 -3.24263121883809e-05)
(-0.000585077754868219 0.000740983311945869 -3.23520300791264e-05)
(-0.000550078881750367 0.000739214322963222 -3.2274794352149e-05)
(-0.000515080008632515 0.000737398383738613 -3.21955087333378e-05)
(-0.000480081135514663 0.000735548226849448 -3.21147291390279e-05)
(-0.000445082262396811 0.00073368537335117 -3.20333951987925e-05)
(-0.000410083389278959 0.000731831639031441 -3.1952459410491e-05)
(-0.000375084516161107 0.000730005954653237 -3.1872748309085e-05)
(-0.000340085643043255 0.00072823275808619 -3.17953288750054e-05)
(-0.000305086769925403 0.000726533104215625 -3.17211203843982e-05)
(-0.000270087896807551 0.000724915939259412 -3.16505134375711e-05)
(-0.000235089023689699 0.000723400432643001 -3.15843449897143e-05)
(-0.000200090150571847 0.000722014162589991 -3.15238191320739e-05)
(-0.000165091277453996 0.000720758194159624 -3.14689823661406e-05)
(-0.000130092404336144 0.000719630452739271 -3.14197441123708e-05)
(-9.50935312182922e-05 0.000718647500778529 -3.13768275029309e-05)
(-6.00946581004401e-05 0.000717817881870253 -3.13406055591408e-05)
(-2.50957849825882e-05 0.00071712208320961 -3.13102263335425e-05)
(9.9040954022669e-06 0.000716586017340342 -3.12868211922292e-05)
(4.49109457306765e-05 0.000716433409380082 -3.12801581847888e-05)
(7.9917796059086e-05 0.000716369050089478 -3.12773481974761e-05)
(0.000114924646387496 0.000716371163461668 -3.12774404692987e-05)
(0.000149931496715905 0.000716426415129973 -3.12798528092341e-05)
(0.000184938347044315 0.000716520016390003 -3.12839395285045e-05)
(0.000219945197372724 0.000716636558751465 -3.12890278778947e-05)
(0.000254952047701134 0.000716767568113464 -3.12947478701694e-05)
(0.000289958898029543 0.000716907807262367 -3.13008708436432e-05)
(0.000324965748357952 0.000717051892934881 -3.13071617599648e-05)
(0.000359972598686362 0.00071719615787727 -3.13134605033782e-05)
(0.000394979449014771 0.000717337102398457 -3.1319614274071e-05)
(0.000429986299343181 0.000717470041045144 -3.13254185007344e-05)
(0.000464993149671591 0.000717585690527395 -3.13304678661764e-05)
(0.0005 0.00071765065168272 -3.13333041314703e-05)
(-0.003 0.000798572720334245 -3.48664379509139e-05)
(-0.0029650022537643 0.000797969494018713 -3.48401005211904e-05)
(-0.00293000450752859 0.000797361153885869 -3.48135398173813e-05)
(-0.00289500676129289 0.000796751627969663 -3.47869273411525e-05)
(-0.00286000901505718 0.000796141408577833 -3.4760284587124e-05)
(-0.00282501126882148 0.000795530654962634 -3.47336185083996e-05)
(-0.00279001352258578 0.000794919468864408 -3.47069335470584e-05)
(-0.00275501577635007 0.000794307865060498 -3.46802303482932e-05)
(-0.00272001803011437 0.00079369583765869 -3.46535086548443e-05)
(-0.00268502028387867 0.000793083418196011 -3.46267698436482e-05)
(-0.00265002253764296 0.000792470665608869 -3.46000164879238e-05)
(-0.00261502479140726 0.000791857608970141 -3.45732498570206e-05)
(-0.00258002704517155 0.000791244230549037 -3.45464691767953e-05)
(-0.00254502929893585 0.000790630518454294 -3.45196739280644e-05)
(-0.00251003155270015 0.000790016512879115 -3.44928658657009e-05)
(-0.00247503380646444 0.000789402246626285 -3.44660464219054e-05)
(-0.00244003606022874 0.000788787704459639 -3.44392149314525e-05)
(-0.00240503831399304 0.00078817286051475 -3.4412370265077e-05)
(-0.00237004056775733 0.000787557723597561 -3.43855128072546e-05)
(-0.00233504282152163 0.000786942319163247 -3.43586436693823e-05)
(-0.00230004507528592 0.000786326644244495 -3.43317627219044e-05)
(-0.00226504732905022 0.000785710662172488 -3.43048683638257e-05)
(-0.00223004958281452 0.000785094349088518 -3.42779595534527e-05)
(-0.00219505183657881 0.000784477721505457 -3.42510370117527e-05)
(-0.00216005409034311 0.000783860786910538 -3.42241010656256e-05)
(-0.0021250563441074 0.000783243495103045 -3.41971495232607e-05)
(-0.0020900585978717 0.000782625783112058 -3.41701796352882e-05)
(-0.002055060851636 0.000782007650255509 -3.41431913719285e-05)
(-0.00202006310540029 0.000781389107943447 -3.4116185231355e-05)
(-0.00198506535916459 0.000780770106506385 -3.4089159044951e-05)
(-0.00195006761292889 0.000780150548455456 -3.40621085562609e-05)
(-0.00191506986669318 0.000779530373430384 -3.40350311298978e-05)
(-0.00188007212045748 0.000778909575527689 -3.40079265081105e-05)
(-0.00184507437422177 0.000778288114427733 -3.39807929305053e-05)
(-0.00181007662798607 0.000777665821045 -3.39536230146494e-05)
(-0.00177507888175037 0.000777042510216958 -3.39264086761719e-05)
(-0.00174008113551466 0.000776418145158581 -3.3899148309004e-05)
(-0.00170508338927896 0.000775792691742269 -3.38718404231023e-05)
(-0.00167008564304326 0.000775165892558741 -3.38444737797351e-05)
(-0.00163508789680755 0.000774537376048506 -3.38170321562646e-05)
(-0.00160009015057185 0.000773906975132984 -3.37895082578825e-05)
(-0.00156509240433614 0.00077327462619206 -3.37618993068744e-05)
(-0.00153009465810044 0.000772640026799638 -3.3734192099032e-05)
(-0.00149509691186474 0.000772002547589837 -3.37063591556475e-05)
(-0.00146009916562903 0.00077136167517806 -3.36783780618652e-05)
(-0.00142510141939333 0.000770717259325589 -3.3650242258121e-05)
(-0.00139010367315762 0.000770069048333837 -3.36219407550173e-05)
(-0.00135510592692192 0.000769415967261196 -3.359342661959e-05)
(-0.00132010818068622 0.000768756759437708 -3.35646449844438e-05)
(-0.00128511043445051 0.000768091149563224 -3.35355838297145e-05)
(-0.00125011268821481 0.000767418945696791 -3.35062347750792e-05)
(-0.00121511494197911 0.000766738570506102 -3.34765289527221e-05)
(-0.0011801171957434 0.000766047728140766 -3.34463661236503e-05)
(-0.0011451194495077 0.000765345414305661 -3.34157024393918e-05)
(-0.00111012170327199 0.000764631282564712 -3.3384522774221e-05)
(-0.00107512395703629 0.000763903357152988 -3.3352740864378e-05)
(-0.00104012621080059 0.000763154500285352 -3.33200450674334e-05)
(-0.00100512846456488 0.000762373547664087 -3.3285947939622e-05)
(-0.000970130718329179 0.000761551136430295 -3.3250040689696e-05)
(-0.000935132972093475 0.00076067687215108 -3.32118694869141e-05)
(-0.000900135225857771 0.000759729771822247 -3.31705181935281e-05)
(-0.000865137479622068 0.000758692108572512 -3.3125212837623e-05)
(-0.000830139733386364 0.000757566804114872 -3.30760809839432e-05)
(-0.00079514198715066 0.000756358954742809 -3.30233451414673e-05)
(-0.000760144240914956 0.000755057083731999 -3.29665042255899e-05)
(-0.000725146494679252 0.000753652448230029 -3.2905176515131e-05)
(-0.000690148748443549 0.00075215897285068 -3.28399699718578e-05)
(-0.000655151002207845 0.000750589490402474 -3.27714448882905e-05)
(-0.000620153255972141 0.000748941254834438 -3.26994813692545e-05)
(-0.000585155509736437 0.000747218689592567 -3.26242725465727e-05)
(-0.000550157763500734 0.000745442663900928 -3.25467295902458e-05)
(-0.00051516001726503 0.000743629728234623 -3.24675751096222e-05)
(-0.000480162271029326 0.000741790163137007 -3.23872579629185e-05)
(-0.000445164524793622 0.000739941222297262 -3.23065314624729e-05)
(-0.000410166778557918 0.000738100352295674 -3.22261573424313e-05)
(-0.000375169032322215 0.000736282852418699 -3.21468035840663e-05)
(-0.00034017128608651 0.00073450807050871 -3.2069314932419e-05)
(-0.000305173539850807 0.000732792524214704 -3.19944125636192e-05)
(-0.000270175793615103 0.000731143956728769 -3.19224345527347e-05)
(-0.000235178047379399 0.000729577827147874 -3.18540558585157e-05)
(-0.000200180301143695 0.000728114063381314 -3.17901465522722e-05)
(-0.000165182554907991 0.000726755014992926 -3.17308092181767e-05)
(-0.000130184808672288 0.000725499948858368 -3.16760118473292e-05)
(-9.51870624365842e-05 0.00072436076527049 -3.16262740177364e-05)
(-6.01893162008801e-05 0.000723342203125135 -3.15818026340592e-05)
(-2.51915699651763e-05 0.000722431184075105 -3.15420266833271e-05)
(9.8081908045339e-06 0.000721692097030591 -3.15097574460721e-05)
(4.48218914613529e-05 0.000721574513087127 -3.15046236202295e-05)
(7.9835592118172e-05 0.000721522501505691 -3.15023527455419e-05)
(0.000114849292774991 0.000721522555005237 -3.15023550813825e-05)
(0.00014986299343181 0.000721563823857378 -3.15041569183797e-05)
(0.000184876694088629 0.000721634981912412 -3.15072637461581e-05)
(0.000219890394745448 0.000721724841590281 -3.15111871044233e-05)
(0.000254904095402267 0.00072182639303485 -3.15156209362469e-05)
(0.000289917796059086 0.000721935201058319 -3.15203715971476e-05)
(0.000324931496715905 0.000722047255111695 -3.15252639827747e-05)
(0.000359945197372724 0.000722159478135969 -3.15301637458306e-05)
(0.000394958898029543 0.000722268964627484 -3.15349440292859e-05)
(0.000429972598686362 0.000722371652227446 -3.15394274667252e-05)
(0.000464986299343181 0.000722459174509279 -3.15432487720756e-05)
(0.0005 0.000722507984700113 -3.1545379871031e-05)
(-0.003 0.000823403741366302 -3.59505837425578e-05)
(-0.00296500338064644 0.000822498905191185 -3.59110777419744e-05)
(-0.00293000676129289 0.000821586892972795 -3.58712584285753e-05)
(-0.00289501014193933 0.000820673912926039 -3.58313968588771e-05)
(-0.00286001352258578 0.000819760420264636 -3.57915129079401e-05)
(-0.00282501690323222 0.0008188465330738 -3.57516117314761e-05)
(-0.00279002028387867 0.000817932326926056 -3.57116966290527e-05)
(-0.00275502366452511 0.000817017812908313 -3.56717680847349e-05)
(-0.00272002704517155 0.000816102986555293 -3.56318259035644e-05)
(-0.002685030425818 0.000815187871019696 -3.55918710964099e-05)
(-0.00265003380646444 0.000814272509866635 -3.55519055653653e-05)
(-0.00261503718711089 0.00081335692466454 -3.55119302521286e-05)
(-0.00258004056775733 0.000812441102255623 -3.54719445822184e-05)
(-0.00254504394840378 0.000811525033647008 -3.54319481629973e-05)
(-0.00251004732905022 0.000810608748422721 -3.53919422861316e-05)
(-0.00247505070969666 0.000809692270889044 -3.53519280128567e-05)
(-0.00244005409034311 0.00080877558973431 -3.53119048492945e-05)
(-0.00240505747098955 0.000807858685621199 -3.52718719511592e-05)
(-0.002370060851636 0.000806941564856102 -3.5231829593794e-05)
(-0.00233506423228244 0.000806024246207195 -3.5191778596635e-05)
(-0.00230006761292889 0.000805106727417329 -3.51517188611331e-05)
(-0.00226507099357533 0.00080418898114205 -3.51116491934035e-05)
(-0.00223007437422177 0.000803270989424312 -3.50715688094248e-05)
(-0.00219507775486822 0.000802352764293587 -3.50314782344148e-05)
(-0.00216008113551466 0.00080143431119085 -3.4991377705932e-05)
(-0.00212508451616111 0.000800515592693165 -3.49512655900555e-05)
(-0.00209008789680755 0.00079959656173114 -3.49111398316912e-05)
(-0.002055091277454 0.000798677217408392 -3.48710003917023e-05)
(-0.00202009465810044 0.000797757568002138 -3.48308476314799e-05)
(-0.00198509803874688 0.000796837576411889 -3.47906799311816e-05)
(-0.00195010141939333 0.000795917169816853 -3.4750494111383e-05)
(-0.00191510480003977 0.000794996302810381 -3.4710288189587e-05)
(-0.00188010818068622 0.00079407497054063 -3.46700619539575e-05)
(-0.00184511156133266 0.000793153142686285 -3.46298140806373e-05)
(-0.00181011494197911 0.000792230693037266 -3.45895390591754e-05)
(-0.00177511832262555 0.000791307483041502 -3.45492308402577e-05)
(-0.00174012170327199 0.00079038348433409 -3.45088881854457e-05)
(-0.00170512508391844 0.000789458670950817 -3.44685099611175e-05)
(-0.00167012846456488 0.000788532850640627 -3.44280877734106e-05)
(-0.00163513184521133 0.000787605745590542 -3.43876094927485e-05)
(-0.00160013522585777 0.000786677229652391 -3.43470696113831e-05)
(-0.00156513860650422 0.000785747254227888 -3.43064660074675e-05)
(-0.00153014198715066 0.000784815592960408 -3.42657887980578e-05)
(-0.0014951453677971 0.000783881775312549 -3.42250174390476e-05)
(-0.00146014874844355 0.000782945416120985 -3.41841351138427e-05)
(-0.00142515212908999 0.000782006400670836 -3.41431368138834e-05)
(-0.00139015550973644 0.000781064539512426 -3.41020142676182e-05)
(-0.00135515889038288 0.000780119029041581 -3.40607323889311e-05)
(-0.00132016227102933 0.000779168928549001 -3.40192501055671e-05)
(-0.00128516565167577 0.000778214026847257 -3.39775581968839e-05)
(-0.00125016903232221 0.000777254177991883 -3.39356502908085e-05)
(-0.00121517241296866 0.000776288202189116 -3.38934748764327e-05)
(-0.0011801757936151 0.000775314381531375 -3.38509569482919e-05)
(-0.00114517917426155 0.00077433195721601 -3.38080633763466e-05)
(-0.00111018255490799 0.00077334066439232 -3.37647825969658e-05)
(-0.00107518593555444 0.000772339022896684 -3.37210499848099e-05)
(-0.00104018931620088 0.000771321696808395 -3.36766325685496e-05)
(-0.00100519269684732 0.000770280336790896 -3.36311658082783e-05)
(-0.000970196077493769 0.000769207919689839 -3.35843430664548e-05)
(-0.000935199458140213 0.000768096664261399 -3.35358246066367e-05)
(-0.000900202838786658 0.00076693089200864 -3.34849258908645e-05)
(-0.000865206219433102 0.000765697336140721 -3.34310676785407e-05)
(-0.000830209600079546 0.000764398111505457 -3.33743423059149e-05)
(-0.00079521298072599 0.000763037063323553 -3.33149176589489e-05)
(-0.000760216361372434 0.000761605680786439 -3.32524221477156e-05)
(-0.000725219742018879 0.000760097439396626 -3.31865709065025e-05)
(-0.000690223122665323 0.000758522713863743 -3.31178169049145e-05)
(-0.000655226503311767 0.00075689120484904 -3.30465836829686e-05)
(-0.000620229883958212 0.000755200972301998 -3.29727865362299e-05)
(-0.000585233264604656 0.000753455341206371 -3.28965706366241e-05)
(-0.000550236645251101 0.00075166994317351 -3.28186184750422e-05)
(-0.000515240025897544 0.000749857265415586 -3.27394752549417e-05)
(-0.000480243406543989 0.000748025069046561 -3.26594798338763e-05)
(-0.000445246787190433 0.000746186284502972 -3.25791967668973e-05)
(-0.000410250167836877 0.00074435400280095 -3.24991976201128e-05)
(-0.000375253548483322 0.00074253968156803 -3.24199826443444e-05)
(-0.000340256929129766 0.000740757764457076 -3.2342182463095e-05)
(-0.00030526030977621 0.00073902060672827 -3.22663365186743e-05)
(-0.000270263690422654 0.000737334012805356 -3.21926982376959e-05)
(-0.000235267071069098 0.000735709435893778 -3.21217676779088e-05)
(-0.000200270451715543 0.0007341616238159 -3.20541887431432e-05)
(-0.000165273832361987 0.00073269244900028 -3.19900431853957e-05)
(-0.000130277213008432 0.000731301441023465 -3.19293104655345e-05)
(-9.52805936548761e-05 0.000729997329159909 -3.18723717119133e-05)
(-6.02839743013202e-05 0.000728783475165502 -3.1819373701964e-05)
(-2.52873549477645e-05 0.000727649786540036 -3.17698757876114e-05)
(9.71228620680091e-06 0.000726700802332337 -3.17284422422978e-05)
(4.47328371920294e-05 0.000726617506345111 -3.1724805460955e-05)
(7.97533881772579e-05 0.000726579683885762 -3.17231540967167e-05)
(0.000114773939162486 0.000726579449205031 -3.17231438503348e-05)
(0.000149794490147715 0.000726609295665991 -3.17244469749628e-05)
(0.000184815041132944 0.000726661052156874 -3.17267067121564e-05)
(0.000219835592118172 0.000726726625791316 -3.1729569718866e-05)
(0.000254856143103401 0.000726800862967818 -3.1732810983991e-05)
(0.000289876694088629 0.000726880471624973 -3.17362867730261e-05)
(0.000324897245073857 0.00072696250849423 -3.17398685800911e-05)
(0.000359917796059086 0.000727044690307279 -3.17434567155388e-05)
(0.000394938347044314 0.000727124846871517 -3.17469564267137e-05)
(0.000429958898029543 0.000727199961409021 -3.17502359982473e-05)
(0.000464979449014772 0.000727264124461214 -3.17530374176059e-05)
(0.0005 0.000727301631218172 -3.17546749979802e-05)
(-0.003 0.000848314570074549 -3.70382140125956e-05)
(-0.00296500450752859 0.000847107455315703 -3.69855102440255e-05)
(-0.00293000901505719 0.00084589066675267 -3.6932384108043e-05)
(-0.00289501352258578 0.000844673214201634 -3.68792289817182e-05)
(-0.00286001803011437 0.000843455424219895 -3.68260591228508e-05)
(-0.00282502253764296 0.000842237375750422 -3.67728779781652e-05)
(-0.00279002704517155 0.000841019118838809 -3.67196877326992e-05)
(-0.00275503155270015 0.000839800660973375 -3.66664887133999e-05)
(-0.00272003606022874 0.000838581999120248 -3.66132807878055e-05)
(-0.00268504056775733 0.000837363148321562 -3.656006461267e-05)
(-0.00265004507528592 0.000836144137223049 -3.65068414386928e-05)
(-0.00261504958281452 0.000834924980128556 -3.64536118903935e-05)
(-0.00258005409034311 0.000833705668398947 -3.64003755905792e-05)
(-0.0025450585978717 0.000832486195918592 -3.63471322722357e-05)
(-0.00251006310540029 0.000831266582011902 -3.62938827790852e-05)
(-0.00247506761292889 0.000830046842754174 -3.62406278129901e-05)
(-0.00244007212045748 0.000828826970732816 -3.61873670503097e-05)
(-0.00240507662798607 0.000827606953065736 -3.61340999285998e-05)
(-0.00237008113551466 0.000826386793715561 -3.60808266208723e-05)
(-0.00233508564304326 0.000825166505004759 -3.60275476651379e-05)
(-0.00230009015057185 0.000823946085464883 -3.59742629972828e-05)
(-0.00226509465810044 0.000822725516982464 -3.59209718264559e-05)
(-0.00223009916562903 0.000821504787487255 -3.58676736256586e-05)
(-0.00219510367315763 0.000820283904756634 -3.58143687344588e-05)
(-0.00216010818068622 0.000819062872359844 -3.5761057308693e-05)
(-0.00212511268821481 0.000817841665548944 -3.57077382678426e-05)
(-0.0020901171957434 0.000816620252986667 -3.56544102436932e-05)
(-0.00205512170327199 0.000815398633776744 -3.56010731971126e-05)
(-0.00202012621080059 0.000814176813306664 -3.55477273633238e-05)
(-0.00198513071832918 0.000812954767021964 -3.54943716702558e-05)
(-0.00195013522585777 0.000811732446553958 -3.54410040060862e-05)
(-0.00191513973338636 0.000810509821458312 -3.53876230415865e-05)
(-0.00188014424091496 0.000809286888231134 -3.53342286237736e-05)
(-0.00184514874844355 0.00080806362672426 -3.52808198729596e-05)
(-0.00181015325597214 0.000806839953291727 -3.52273931370829e-05)
(-0.00177515776350073 0.000805615775601737 -3.51739443848502e-05)
(-0.00174016227102933 0.000804391074180393 -3.51204727660128e-05)
(-0.00170516677855792 0.000803165831653472 -3.50669775219957e-05)
(-0.00167017128608651 0.000801939920609021 -3.50134530898728e-05)
(-0.0016351757936151 0.000800713156191454 -3.49598913986751e-05)
(-0.0016001803011437 0.000799485453591558 -3.49062887455522e-05)
(-0.00156518480867229 0.000798256780000558 -3.48526436980422e-05)
(-0.00153018931620088 0.00079702698517625 -3.47989496964288e-05)
(-0.00149519382372947 0.000795795756389607 -3.47451930866677e-05)
(-0.00146019833125807 0.000794562836334705 -3.46913626345397e-05)
(-0.00142520283878666 0.000793328147279396 -3.46374549461859e-05)
(-0.00139020734631525 0.000792091563079924 -3.4583464514051e-05)
(-0.00135521185384384 0.000790852550268082 -3.45293680464101e-05)
(-0.00132021636137243 0.00078961048158111 -3.44751381563796e-05)
(-0.00128522086890103 0.000788365213268722 -3.44207685676865e-05)
(-0.00125022537642962 0.000787116647692984 -3.43662550173665e-05)
(-0.00121522988395821 0.00078586400155578 -3.43115633058853e-05)
(-0.0011802343914868 0.000784606130380749 -3.42566434643258e-05)
(-0.0011452388990154 0.000783342524373158 -3.42014732345694e-05)
(-0.00111024340654399 0.000782073005226682 -3.41460448315937e-05)
(-0.00107524791407258 0.000780796591533271 -3.40903154061979e-05)
(-0.00104025242160117 0.000779509741481321 -3.40341303195477e-05)
(-0.00100525692912977 0.000778206899875456 -3.3977247026575e-05)
(-0.000970261436658358 0.000776883386379157 -3.39194611793743e-05)
(-0.000935265944186951 0.000775534030656648 -3.38605470362103e-05)
(-0.000900270451715543 0.000774148416254362 -3.38000498048987e-05)
(-0.000865274959244135 0.0007727176912891 -3.37375830038725e-05)
(-0.000830279466772728 0.000771243233396963 -3.36732067820227e-05)
(-0.00079528397430132 0.000769727630016529 -3.36070341093574e-05)
(-0.000760288481829912 0.000768165268413607 -3.35388199286096e-05)
(-0.000725292989358505 0.000766551802190414 -3.34683744719537e-05)
(-0.000690297496887097 0.000764894123916158 -3.33959986754605e-05)
(-0.000655302004415689 0.000763198752373906 -3.33219771553453e-05)
(-0.000620306511944282 0.000761464468402193 -3.3246256681869e-05)
(-0.000585311019472875 0.000759693493611143 -3.31689342526243e-05)
(-0.000550315527001467 0.000757896238390995 -3.30904643950651e-05)
(-0.000515320034530059 0.000756081071140205 -3.30112124813588e-05)
(-0.000480324542058652 0.000754253192376479 -3.29314055710118e-05)
(-0.000445329049587244 0.00075242120778858 -3.285141939651e-05)
(-0.000410333557115836 0.000750593837552293 -3.27716346889506e-05)
(-0.000375338064644429 0.000748778694165932 -3.26923838171876e-05)
(-0.000340342572173021 0.000746985350163336 -3.26140847270748e-05)
(-0.000305347079701613 0.000745222009847277 -3.25370956262068e-05)
(-0.000270351587230206 0.000743492508785073 -3.24615839790695e-05)
(-0.000235356094758798 0.000741804372018717 -3.23878783360916e-05)
(-0.00020036060228739 0.000740167345492259 -3.231640421438e-05)
(-0.000165365109815983 0.000738582695932795 -3.2247216920434e-05)
(-0.000130369617344575 0.000737050098609219 -3.21803022761874e-05)
(-9.53741248731682e-05 0.000735575298539548 -3.21159111145439e-05)
(-6.03786324017602e-05 0.000734160465543244 -3.2054138171867e-05)
(-2.53831399303526e-05 0.000732798360627205 -3.19946673868922e-05)
(9.61638160906787e-06 0.000731634624060261 -3.19438575510821e-05)
(4.46437829227059e-05 0.00073158308862071 -3.19416074651982e-05)
(7.9671184236344e-05 0.000731558986412132 -3.19405551400455e-05)
(0.000114698585549982 0.000731558883205119 -3.19405506339299e-05)
(0.00014972598686362 0.000731578306421182 -3.19413986698576e-05)
(0.000184753388177258 0.000731612018722051 -3.19428705807011e-05)
(0.000219780789490896 0.000731654763042455 -3.1944736838034e-05)
(0.000254808190804534 0.000731703182075689 -3.19468508586797e-05)
(0.000289835592118172 0.000731755126256683 -3.19491187906005e-05)
(0.00032486299343181 0.000731808671509539 -3.19514566268285e-05)
(0.000359890394745448 0.000731862324409924 -3.19537991630491e-05)
(0.000394917796059086 0.000731914671801515 -3.19560846995247e-05)
(0.000429945197372724 0.00073196380376979 -3.19582298475866e-05)
(0.000464972598686362 0.000732006229801562 -3.19600822081376e-05)
(0.0005 0.00073203329485762 -3.1961263894005e-05)
(-0.003 0.000873301380766621 -3.81291617276913e-05)
(-0.00296500563441074 0.000871791469934668 -3.80632375970602e-05)
(-0.00293001126882148 0.000870268923421882 -3.79967617806897e-05)
(-0.00289501690323222 0.000868746077346547 -3.79302728851359e-05)
(-0.00286002253764296 0.000867223064545765 -3.78637767101918e-05)
(-0.0028250281720537 0.000865699925042804 -3.77972750033111e-05)
(-0.00279003380646444 0.000864176683803662 -3.77307688545328e-05)
(-0.00275503944087518 0.000862653344692053 -3.76642584325504e-05)
(-0.00272004507528592 0.000861129906155399 -3.75977436695767e-05)
(-0.00268505070969666 0.000859606375455879 -3.75312248826854e-05)
(-0.0026500563441074 0.000858082766725094 -3.74647026888755e-05)
(-0.00261506197851815 0.000856559087130347 -3.73981774010782e-05)
(-0.00258006761292889 0.00085503533246452 -3.73316488356067e-05)
(-0.00254507324733963 0.000853511499561034 -3.72651168542053e-05)
(-0.00251007888175037 0.000851987597842549 -3.71985818682761e-05)
(-0.00247508451616111 0.000850463635334588 -3.71320442282212e-05)
(-0.00244009015057185 0.000848939608437557 -3.70655037768787e-05)
(-0.00240509578498259 0.000847415510709869 -3.69989602330029e-05)
(-0.00237010141939333 0.000845891343964492 -3.69324136757497e-05)
(-0.00233510705380407 0.000844367114288504 -3.68658643708867e-05)
(-0.00230011268821481 0.000842842821002848 -3.67993122887657e-05)
(-0.00226511832262555 0.000841318455143529 -3.67327570380101e-05)
(-0.00223012395703629 0.000839794010583575 -3.66661983511105e-05)
(-0.00219512959144703 0.000838269491075911 -3.65996363919233e-05)
(-0.00216013522585777 0.000836744898411587 -3.65330712386473e-05)
(-0.00212514086026851 0.000835220220388456 -3.64665023585253e-05)
(-0.00209014649467925 0.000833695441320408 -3.6399929066687e-05)
(-0.00205515212908999 0.000832170560568155 -3.63333513352203e-05)
(-0.00202015776350073 0.000830645580793766 -3.62667692803539e-05)
(-0.00198516339791147 0.000829120489883564 -3.62001823731931e-05)
(-0.00195016903232221 0.000827595263767541 -3.61335895628187e-05)
(-0.00191517466673296 0.000826069887074418 -3.6066990178106e-05)
(-0.0018801803011437 0.000824544357911006 -3.60003841363968e-05)
(-0.00184518593555444 0.00082301866631694 -3.59337710028121e-05)
(-0.00181019156996518 0.000821492770854968 -3.58671489681624e-05)
(-0.00177519720437592 0.00081996662529369 -3.58005160139411e-05)
(-0.00174020283878666 0.000818440219522014 -3.57338716986886e-05)
(-0.0017052084731974 0.00081691354493224 -3.56672156465844e-05)
(-0.00167021410760814 0.000815386538425977 -3.56005451026933e-05)
(-0.00163521974201888 0.000813859107741695 -3.553385603879e-05)
(-0.00160022537642962 0.00081233120992166 -3.54671465792992e-05)
(-0.00156523101084036 0.000810802828436316 -3.5400416002525e-05)
(-0.0015302366452511 0.000809273888771156 -3.53336610550936e-05)
(-0.00149524227966184 0.000807744235269445 -3.52668749408854e-05)
(-0.00146024791407258 0.000806213738754931 -3.52000520199434e-05)
(-0.00142525354848332 0.000804682359591118 -3.51331905617006e-05)
(-0.00139025918289406 0.000803150035103808 -3.50662878297426e-05)
(-0.0013552648173048 0.000801616500418106 -3.49993322593818e-05)
(-0.00132027045171554 0.000800081441510994 -3.4932310140077e-05)
(-0.00128527608612628 0.000798544784442692 -3.48652182435477e-05)
(-0.00125028172053702 0.000797006480676033 -3.47980544506154e-05)
(-0.00121528735494776 0.000795466141261735 -3.47308017793878e-05)
(-0.0011802929893585 0.000793923194355983 -3.46634352626247e-05)
(-0.00114529862376925 0.000792377382136583 -3.4595943643566e-05)
(-0.00111030425817999 0.00079082861483921 -3.45283230030166e-05)
(-0.00107530989259073 0.000789276406026162 -3.44605521026479e-05)
(-0.00104031552700147 0.000787718996625023 -3.43925541396993e-05)
(-0.00100532116141221 0.000786153615963837 -3.4324208144021e-05)
(-0.000970326795822948 0.000784577924101576 -3.42554119515812e-05)
(-0.000935332430233688 0.00078298934748548 -3.41860531986398e-05)
(-0.000900338064644429 0.000781382702497034 -3.41159055635248e-05)
(-0.000865343699055169 0.000779753554358212 -3.4044775419646e-05)
(-0.00083034933346591 0.000778102568471096 -3.39726918190857e-05)
(-0.00079535496787665 0.000776431053474069 -3.38997118982295e-05)
(-0.000760360602287391 0.000774736239306077 -3.38257147136001e-05)
(-0.000725366236698131 0.000773015949550258 -3.37506052407849e-05)
(-0.000690371871108871 0.000771273610810094 -3.36745330885231e-05)
(-0.000655377505519612 0.000769512510263908 -3.35976417781197e-05)
(-0.000620383139930353 0.000767732074992466 -3.35199062953807e-05)
(-0.000585388774341093 0.000765933411799386 -3.34413749643958e-05)
(-0.000550394408751834 0.000764121713443827 -3.3362274505926e-05)
(-0.000515400043162574 0.000762301183663463 -3.32827884591221e-05)
(-0.000480405677573315 0.000760474428758881 -3.3203030617525e-05)
(-0.000445411311984055 0.000758645736968421 -3.31231882096643e-05)
(-0.000410416946394795 0.000756819459031739 -3.30434511929355e-05)
(-0.000375422580805536 0.000754999381327368 -3.29639848841956e-05)
(-0.000340428215216276 0.000753190254180326 -3.28849966871142e-05)
(-0.000305433849627017 0.000751396158682033 -3.28066647859905e-05)
(-0.000270439484037757 0.00074961899107329 -3.27290719724861e-05)
(-0.000235445118448498 0.000747862451695112 -3.26523798069787e-05)
(-0.000200450752859238 0.000746131370974757 -3.2576799190477e-05)
(-0.000165456387269979 0.000744426389010636 -3.25023580702813e-05)
(-0.000130462021680719 0.00074274732770481 -3.24290486704675e-05)
(-9.54676560914602e-05 0.000741097020352318 -3.23569946953686e-05)
(-6.04732905022003e-05 0.000739476503781773 -3.22862414138995e-05)
(-2.54789249129408e-05 0.000737881625011981 -3.22166075029854e-05)
(9.52047701133491e-06 0.000736499646482066 -3.21562690172898e-05)
(4.45547286533823e-05 0.000736477098830065 -3.21552845655431e-05)
(7.95889802954299e-05 0.000736465661268551 -3.21547851908228e-05)
(0.000114623231937477 0.000736465665107834 -3.21547853584496e-05)
(0.000149657483579525 0.000736475205440243 -3.21552018983582e-05)
(0.000184691735221573 0.00073649175810054 -3.21559246031144e-05)
(0.00021972598686362 0.000736512748646659 -3.21568410701501e-05)
(0.000254760238505668 0.000736536530748799 -3.21578794191539e-05)
(0.000289794490147715 0.000736562049918225 -3.21589936101533e-05)
(0.000324828741789762 0.000736588360679057 -3.21601423627799e-05)
(0.00035986299343181 0.000736614729956582 -3.21612936703004e-05)
(0.000394897245073857 0.000736640469793533 -3.2162417495852e-05)
(0.000429931496715905 0.000736664686760012 -3.21634748314429e-05)
(0.000464965748357953 0.000736685977684072 -3.21644044132627e-05)
(0.0005 0.000736702515401771 -3.2165126465611e-05)
(-0.003 0.000898367476483066 -3.92235711017096e-05)
(-0.00296500676129289 0.000896538353175732 -3.91437098534152e-05)
(-0.00293001352258578 0.000894709228671614 -3.90638485528681e-05)
(-0.00289502028387867 0.000892880104774555 -3.89839872788258e-05)
(-0.00286002704517156 0.000891050981361947 -3.8904126025935e-05)
(-0.00282503380646444 0.000889221857255513 -3.88242647427512e-05)
(-0.00279004056775733 0.000887392733244935 -3.87444034637525e-05)
(-0.00275504732905022 0.000885563609237334 -3.86645421848838e-05)
(-0.00272005409034311 0.000883734485225396 -3.85846809058258e-05)
(-0.002685060851636 0.000881905361545266 -3.85048196412548e-05)
(-0.00265006761292889 0.000880076237571298 -3.84249583638545e-05)
(-0.00261507437422177 0.000878247113515472 -3.83450970828803e-05)
(-0.00258008113551466 0.000876417989596561 -3.82652358078839e-05)
(-0.00254508789680755 0.000874588865880096 -3.81853745417264e-05)
(-0.00251009465810044 0.000872759742094693 -3.81055132725591e-05)
(-0.00247510141939333 0.000870930617874934 -3.80256519844274e-05)
(-0.00244010818068622 0.000869101494005647 -3.79457907115976e-05)
(-0.00240511494197911 0.000867272370060517 -3.78659294354565e-05)
(-0.00237012170327199 0.000865443246420633 -3.77860681726426e-05)
(-0.00233512846456488 0.000863614122246099 -3.77062068864855e-05)
(-0.00230013522585777 0.000861784998503333 -3.76263456191797e-05)
(-0.00226514198715066 0.00085995587448687 -3.75464843399241e-05)
(-0.00223014874844355 0.000858126750615595 -3.74666230670075e-05)
(-0.00219515550973644 0.000856297626836947 -3.73867617981352e-05)
(-0.00216016227102933 0.000854468503449886 -3.73069005463598e-05)
(-0.00212516903232221 0.000852639379036921 -3.72270392497925e-05)
(-0.0020901757936151 0.000850810255175256 -3.71471779772955e-05)
(-0.00205518255490799 0.000848981130988429 -3.70673166906017e-05)
(-0.00202018931620088 0.000847152007081221 -3.69874554161162e-05)
(-0.00198519607749377 0.0008453228832142 -3.69075941433854e-05)
(-0.00195020283878666 0.000843493759282888 -3.68277328678475e-05)
(-0.00191520960007955 0.000841664635359594 -3.67478715926598e-05)
(-0.00188021636137243 0.000839835511452385 -3.66680103181743e-05)
(-0.00184522312266532 0.000838006387698707 -3.65881490503921e-05)
(-0.00181022988395821 0.000836177263637968 -3.65082877692034e-05)
(-0.0017752366452511 0.000834348139905065 -3.64284265023282e-05)
(-0.00174024340654399 0.000832519015858048 -3.63485652217386e-05)
(-0.00170525016783688 0.000830689891965973 -3.62687039479139e-05)
(-0.00167025692912977 0.0008288607683292 -3.61888426852359e-05)
(-0.00163526369042265 0.000827031644321704 -3.61089814063718e-05)
(-0.00160027045171554 0.000825202520389722 -3.60291201308047e-05)
(-0.00156527721300843 0.000823373396437511 -3.59492588543543e-05)
(-0.00153028397430132 0.000821544272723345 -3.58693975882973e-05)
(-0.00149529073559421 0.000819715148650847 -3.57895363065951e-05)
(-0.0014602974968871 0.000817886024773378 -3.57096750334081e-05)
(-0.00142530425817999 0.000816056901207356 -3.56298137738192e-05)
(-0.00139031101947287 0.000814227777149308 -3.55499524927479e-05)
(-0.00135531778076576 0.000812398652998313 -3.54700912076185e-05)
(-0.00132032454205865 0.000810569529132999 -3.53902299349622e-05)
(-0.00128533130335154 0.000808740405106995 -3.531036865529e-05)
(-0.00125033806464443 0.000806911281327657 -3.52305073863875e-05)
(-0.00121534482593732 0.000805082157215419 -3.51506461029502e-05)
(-0.00118035158723021 0.000803253033392668 -3.50707848321523e-05)
(-0.00114535834852309 0.000801423909638632 -3.49909235643545e-05)
(-0.00111036510981598 0.000799594785493793 -3.49110622794938e-05)
(-0.00107537187110887 0.000797765661925736 -3.4831201019816e-05)
(-0.00104037863240176 0.000795936537866391 -3.47513397386882e-05)
(-0.00100538539369465 0.000794107414126215 -3.46714784714955e-05)
(-0.000970392154987537 0.000792278290681661 -3.45916172172099e-05)
(-0.000935398916280426 0.000790449165984831 -3.45117559082489e-05)
(-0.000900405677573315 0.00078862004210993 -3.4431894635174e-05)
(-0.000865412438866203 0.000786790918359137 -3.43520333675177e-05)
(-0.000830419200159092 0.000784961794236123 -3.427217208361e-05)
(-0.00079542596145198 0.000783132670637962 -3.41923108226179e-05)
(-0.000760432722744869 0.000781303546790161 -3.41124495507261e-05)
(-0.000725439484037757 0.000779474422725538 -3.40325882693678e-05)
(-0.000690446245330646 0.000777645298607288 -3.39527269856681e-05)
(-0.000655453006623534 0.000775816174700079 -3.38728657111826e-05)
(-0.000620459767916423 0.000773987051312197 -3.37930044593714e-05)
(-0.000585466529209312 0.000772157927014264 -3.37131431678266e-05)
(-0.000550473290502201 0.000770328803532585 -3.36332819119201e-05)
(-0.000515480051795089 0.00076849967970994 -3.35534206411268e-05)
(-0.000480486813087977 0.000766670555657545 -3.34735593603023e-05)
(-0.000445493574380866 0.000764841431325173 -3.33936980672538e-05)
(-0.000410500335673754 0.000763012307520978 -3.3313836797266e-05)
(-0.000375507096966643 0.000761183183775408 -3.32339755298379e-05)
(-0.000340513858259532 0.000759354059725341 -3.31541142491151e-05)
(-0.00030552061955242 0.000757524936232831 -3.30742529927357e-05)
(-0.000270527380845309 0.000755695811805848 -3.29943916955564e-05)
(-0.000235534142138197 0.000753866688163136 -3.29145304326191e-05)
(-0.000200540903431086 0.000752037563906365 -3.28346691428714e-05)
(-0.000165547664723975 0.000750208440136806 -3.27548078743959e-05)
(-0.000130554426016863 0.000748379316196628 -3.26749465984709e-05)
(-9.55611873097521e-05 0.0007465501930707 -3.25950853580969e-05)
(-6.05679486026403e-05 0.000744721068510956 -3.25152240551211e-05)
(-2.55747098955289e-05 0.000742891944550039 -3.24353627782907e-05)
(9.42457241360191e-06 0.000741293780413736 -3.23655854251769e-05)
(4.44656743840589e-05 0.000741293780836608 -3.23655854436399e-05)
(7.95067763545159e-05 0.000741293780596687 -3.23655854331647e-05)
(0.000114547878324973 0.000741293780413736 -3.23655854251769e-05)
(0.00014958898029543 0.000741293780567951 -3.23655854319101e-05)
(0.000184630082265887 0.000741293781189847 -3.23655854590626e-05)
(0.000219671184236344 0.00074129378068596 -3.23655854370624e-05)
(0.000254712286206801 0.000741293780511012 -3.23655854294241e-05)
(0.000289753388177258 0.000741293780413736 -3.23655854251769e-05)
(0.000324794490147715 0.000741293780456052 -3.23655854270245e-05)
(0.000359835592118172 0.000741293780678707 -3.23655854367458e-05)
(0.000394876694088629 0.0007412937806755 -3.23655854366058e-05)
(0.000429917796059086 0.00074129378096867 -3.23655854494058e-05)
(0.000464958898029543 0.000741293780547972 -3.23655854310378e-05)
(0.0005 0.000741293780528191 -3.23655854301741e-05)
(-0.003 0.000749177449383276 3.27097938459666e-05)
(-0.002965 0.000749174700855013 3.2709673842631e-05)
(-0.00293 0.000749169707996504 3.27094558497207e-05)
(-0.002895 0.000749163473599874 3.27091836500854e-05)
(-0.00286 0.000749156080945648 3.27088608798313e-05)
(-0.002825 0.00074914794858809 3.27085058134323e-05)
(-0.00279 0.000749139160137852 3.27081221014081e-05)
(-0.002755 0.000749129755459102 3.27077114842662e-05)
(-0.00272 0.000749119672107931 3.27072712356463e-05)
(-0.002685 0.00074910896759771 3.27068038666368e-05)
(-0.00265 0.000749097783256907 3.27063155477715e-05)
(-0.002615 0.000749086136183746 3.27058070255752e-05)
(-0.00258 0.000749074029915609 3.27052784544932e-05)
(-0.002545 0.000749061340593892 3.27047244267422e-05)
(-0.00251 0.00074904824681086 3.27041527398287e-05)
(-0.002475 0.000749034755490922 3.27035636960791e-05)
(-0.00244 0.000749020872408224 3.27029575475981e-05)
(-0.002405 0.000749006493333145 3.2702329743622e-05)
(-0.00237 0.000748991671001548 3.27016825866484e-05)
(-0.002335 0.000748976457244348 3.27010183396638e-05)
(-0.0023 0.000748960847205723 3.27003367906586e-05)
(-0.002265 0.000748944782532361 3.26996353918721e-05)
(-0.00223 0.000748928170662275 3.26989101019607e-05)
(-0.002195 0.00074891111587427 3.26981654738353e-05)
(-0.00216 0.000748893597482325 3.26974006043247e-05)
(-0.002125 0.000748875593601199 3.26966145378987e-05)
(-0.00209 0.000748856873789379 3.26957972132636e-05)
(-0.002055 0.000748837552928181 3.26949536462459e-05)
(-0.00202 0.000748817621701773 3.26940834301076e-05)
(-0.001985 0.000748797044323693 3.2693185002378e-05)
(-0.00195 0.000748775606182567 3.26922489929222e-05)
(-0.001915 0.000748753199847709 3.26912707112152e-05)
(-0.00188 0.000748729895316435 3.26902532134058e-05)
(-0.001845 0.000748705611936528 3.2689192978142e-05)
(-0.00181 0.000748680183175726 3.26880827344684e-05)
(-0.001775 0.000748653026312004 3.26868970401918e-05)
(-0.00174 0.000748624390592178 3.26856467776634e-05)
(-0.001705 0.000748594112946033 3.26843248270836e-05)
(-0.00167 0.000748562022845913 3.26829237430544e-05)
(-0.001635 0.000748527098632845 3.26813989189815e-05)
(-0.0016 0.000748489387383174 3.26797524102625e-05)
(-0.001565 0.000748448791968255 3.26779799761694e-05)
(-0.00153 0.000748405006073829 3.26760682427327e-05)
(-0.001495 0.00074835690135257 3.26739679452442e-05)
(-0.00146 0.00074830336337181 3.26716304265227e-05)
(-0.001425 0.000748244727739184 3.26690703395143e-05)
(-0.00139 0.000748180427886919 3.26662629473355e-05)
(-0.001355 0.000748109564570236 3.26631689881115e-05)
(-0.00132 0.000748028212573896 3.26596170832438e-05)
(-0.001285 0.00074793789788054 3.26556738585734e-05)
(-0.00125 0.000747837602873587 3.26512948840008e-05)
(-0.001215 0.000747726273661011 3.26464341456064e-05)
(-0.00118 0.000747597749201382 3.26408226465122e-05)
(-0.001145 0.000747452240610381 3.26344696042277e-05)
(-0.00111 0.000747289280559711 3.26273546147591e-05)
(-0.001075 0.000747106808196327 3.2619387699319e-05)
(-0.00104 0.000746896323670168 3.26101977464392e-05)
(-0.001005 0.000746634241511649 3.25987549922787e-05)
(-0.00097 0.000746311057869484 3.25846444897291e-05)
(-0.000935 0.000745912050640038 3.25672234578642e-05)
(-0.0009 0.000745410179318038 3.25453112827268e-05)
(-0.000865 0.000744752602715636 3.25166008682313e-05)
(-0.00083 0.000743971950627844 3.24825168619947e-05)
(-0.000795 0.000743066918418516 3.24430023023728e-05)
(-0.00076 0.000742031304684556 3.23977864302589e-05)
(-0.000725 0.000740814971494583 3.23446801762936e-05)
(-0.00069 0.000739478163741266 3.22863138892962e-05)
(-0.000655 0.000738026880566068 3.22229494974396e-05)
(-0.00062 0.000736460347478381 3.21545531857336e-05)
(-0.000585 0.000734761136830571 3.20803640466498e-05)
(-0.00055 0.000732992576252509 3.20031470242206e-05)
(-0.000515 0.000731167028359241 3.19234418818756e-05)
(-0.00048 0.000729292722364326 3.18416079148383e-05)
(-0.000445 0.000727402826849993 3.17590932946837e-05)
(-0.00041 0.00072552624987335 3.16771601744428e-05)
(-0.000375 0.00072367545668836 3.15963527988572e-05)
(-0.00034 0.000721886942560089 3.15182645856115e-05)
(-0.000305 0.000720195679654171 3.14444224524327e-05)
(-0.00027 0.000718597254538815 3.13746337047274e-05)
(-0.000235 0.000717101083380506 3.13093094612029e-05)
(-0.0002 0.000715792711509453 3.12521847116376e-05)
(-0.000165 0.000714632042002067 3.12015087865398e-05)
(-0.00013 0.000713612967179005 3.11570150188705e-05)
(-9.50000000000001e-05 0.000712765333393518 3.11200065285549e-05)
(-6.00000000000001e-05 0.000712135191871281 3.10924939555281e-05)
(-2.5e-05 0.000711648279489485 3.1071234901825e-05)
(9.9999999999999e-06 0.000711298680754794 3.10559710914287e-05)
(4.5e-05 0.000711128063103926 3.1048521763915e-05)
(8e-05 0.000711062887170067 3.10456761211878e-05)
(0.000115 0.000711070991390407 3.10460299590893e-05)
(0.00015 0.000711148597873637 3.1049418331323e-05)
(0.000185 0.000711275509557713 3.10549594151159e-05)
(0.00022 0.000711422844263274 3.10613921872838e-05)
(0.000255 0.000711586737446898 3.10685479182172e-05)
(0.00029 0.000711763541030598 3.10762673293911e-05)
(0.000325 0.000711942333826786 3.10840735914579e-05)
(0.00036 0.000712121915020389 3.10919142756993e-05)
(0.000395 0.000712297966215194 3.10996008368647e-05)
(0.00043 0.000712465401467081 3.11069112178382e-05)
(0.000465 0.000712620667585343 3.11136902829633e-05)
(0.0005 0.000712752637187665 3.1119452200236e-05)
(-0.003 0.000773825389470247 3.37859461509196e-05)
(-0.00296500112688215 0.000773523102620664 3.37727480220379e-05)
(-0.0029300022537643 0.000773217249596339 3.37593941906044e-05)
(-0.00289500338064644 0.000772910053765507 3.37459817309727e-05)
(-0.00286000450752859 0.000772601978416515 3.37325308707488e-05)
(-0.00282500563441074 0.00077229322565125 3.37190504338916e-05)
(-0.00279000676129289 0.00077198392458975 3.37055460579039e-05)
(-0.00275500788817504 0.00077167409411056 3.36920185670406e-05)
(-0.00272000901505718 0.000771363727611563 3.36784676730472e-05)
(-0.00268501014193933 0.000771052865132969 3.36648951241168e-05)
(-0.00265001126882148 0.000770741580736599 3.36513041538586e-05)
(-0.00261501239570363 0.00077042991147489 3.36376963800167e-05)
(-0.00258001352258578 0.000770117835042175 3.36240708287048e-05)
(-0.00254501464946793 0.000769805337806603 3.36104269047434e-05)
(-0.00251001577635007 0.000769492469502252 3.35967667795692e-05)
(-0.00247501690323222 0.000769179271916356 3.35830922776522e-05)
(-0.00244001803011437 0.000768865725864397 3.35694025613784e-05)
(-0.00240501915699652 0.000768551799781218 3.35556962525832e-05)
(-0.00237002028387867 0.000768237504615346 3.35419738292896e-05)
(-0.00233502141076081 0.000767922872354013 3.35282366880903e-05)
(-0.00230002253764296 0.000767607899422872 3.3514484672926e-05)
(-0.00226502366452511 0.0007672925400825 3.35007157867703e-05)
(-0.00223002479140726 0.000766976765359107 3.34869287646003e-05)
(-0.00219502591828941 0.000766660595253124 3.34731244796535e-05)
(-0.00216002704517155 0.00076634403954759 3.34593033590668e-05)
(-0.0021250281720537 0.00076602703487342 3.34454626360861e-05)
(-0.00209002929893585 0.000765709504376413 3.34315989551846e-05)
(-0.002055030425818 0.000765391445997951 3.34177122264809e-05)
(-0.00202003155270015 0.000765072874320059 3.34038030866401e-05)
(-0.00198503267958229 0.000764753726727254 3.33898688018113e-05)
(-0.00195003380646444 0.000764433882429194 3.3375904098174e-05)
(-0.00191503493334659 0.000764113266501434 3.33619057044564e-05)
(-0.00188003606022874 0.000763791870458957 3.33478732501948e-05)
(-0.00184503718711089 0.000763469643696263 3.33338045259052e-05)
(-0.00181003831399304 0.000763146373588931 3.33196902482049e-05)
(-0.00177503944087518 0.000762821834099506 3.33055205480855e-05)
(-0.00174004056775733 0.000762495974484959 3.32912932100585e-05)
(-0.00170504169463948 0.000762168752559209 3.32770063922399e-05)
(-0.00167004282152163 0.000761839842851014 3.32626458842483e-05)
(-0.00163504394840378 0.000761508790242021 3.32481918151873e-05)
(-0.00160004507528592 0.000761175381121337 3.32336348586039e-05)
(-0.00156504620216807 0.000760839534097564 3.32189714608729e-05)
(-0.00153004732905022 0.00076050086696672 3.32041849346081e-05)
(-0.00149504845593237 0.000760158598529319 3.31892411719033e-05)
(-0.00146004958281452 0.000759812096645215 3.31741125729237e-05)
(-0.00142505070969666 0.000759461160715665 3.3158790379339e-05)
(-0.00139005183657881 0.000759105473191255 3.31432607266424e-05)
(-0.00135505296346096 0.000758743677806888 3.3127464399021e-05)
(-0.00132005409034311 0.000758374259244258 3.31113352362486e-05)
(-0.00128505521722526 0.000757996827597364 3.30948562146617e-05)
(-0.0012500563441074 0.000757611144614551 3.30780169319682e-05)
(-0.00121505747098955 0.00075721520937913 3.3060730026259e-05)
(-0.0011800585978717 0.0007568062387013 3.30428739808429e-05)
(-0.00114505972475385 0.000756382936165318 3.30243921929864e-05)
(-0.001110060851636 0.000755944845608949 3.30052647462159e-05)
(-0.00107506197851815 0.000755489421646812 3.29853805066058e-05)
(-0.00104006310540029 0.000755007660309246 3.29643463523507e-05)
(-0.00100506423228244 0.000754485845153636 3.29415634106328e-05)
(-0.00097006535916459 0.000753912108229615 3.29165135155485e-05)
(-0.000935066486046738 0.000753273261482304 3.28886208641868e-05)
(-0.000900067612928886 0.000752543043078098 3.28567388401299e-05)
(-0.000865068739811034 0.000751700318890414 3.28199447074837e-05)
(-0.000830069866693182 0.000750747739360525 3.27783541870133e-05)
(-0.00079507099357533 0.000749691637234971 3.27322437724038e-05)
(-0.000760072120457478 0.00074851750332044 3.26809799785943e-05)
(-0.000725073247339626 0.000747215539442175 3.26241350080363e-05)
(-0.000690074374221774 0.000745801937410276 3.2562415810426e-05)
(-0.000655075501103922 0.000744292787842587 3.24965249173106e-05)
(-0.00062007662798607 0.000742684651960672 3.24263121883809e-05)
(-0.000585077754868219 0.000740983311945869 3.23520300791264e-05)
(-0.000550078881750367 0.000739214322963222 3.2274794352149e-05)
(-0.000515080008632515 0.000737398383738613 3.21955087333378e-05)
(-0.000480081135514663 0.000735548226849448 3.21147291390279e-05)
(-0.000445082262396811 0.00073368537335117 3.20333951987925e-05)
(-0.000410083389278959 0.000731831639031441 3.1952459410491e-05)
(-0.000375084516161107 0.000730005954653237 3.1872748309085e-05)
(-0.000340085643043255 0.00072823275808619 3.17953288750054e-05)
(-0.000305086769925403 0.000726533104215625 3.17211203843982e-05)
(-0.000270087896807551 0.000724915939259412 3.16505134375711e-05)
(-0.000235089023689699 0.000723400432643001 3.15843449897143e-05)
(-0.000200090150571847 0.000722014162589991 3.15238191320739e-05)
(-0.000165091277453996 0.000720758194159624 3.14689823661406e-05)
(-0.000130092404336144 0.000719630452739271 3.14197441123708e-05)
(-9.50935312182922e-05 0.000718647500778529 3.13768275029309e-05)
(-6.00946581004401e-05 0.000717817881870253 3.13406055591408e-05)
(-2.50957849825882e-05 0.00071712208320961 3.13102263335425e-05)
(9.9040954022669e-06 0.000716586017340342 3.12868211922292e-05)
(4.49109457306765e-05 0.000716433409380082 3.12801581847888e-05)
(7.9917796059086e-05 0.000716369050089478 3.12773481974761e-05)
(0.000114924646387496 0.000716371163461668 3.12774404692987e-05)
(0.000149931496715905 0.000716426415129973 3.12798528092341e-05)
(0.000184938347044315 0.000716520016390003 3.12839395285045e-05)
(0.000219945197372724 0.000716636558751465 3.12890278778947e-05)
(0.000254952047701134 0.000716767568113464 3.12947478701694e-05)
(0.000289958898029543 0.000716907807262367 3.13008708436432e-05)
(0.000324965748357952 0.000717051892934881 3.13071617599648e-05)
(0.000359972598686362 0.00071719615787727 3.13134605033782e-05)
(0.000394979449014771 0.000717337102398457 3.1319614274071e-05)
(0.000429986299343181 0.000717470041045144 3.13254185007344e-05)
(0.000464993149671591 0.000717585690527395 3.13304678661764e-05)
(0.0005 0.00071765065168272 3.13333041314703e-05)
(-0.003 0.000798572720334245 3.48664379509139e-05)
(-0.0029650022537643 0.000797969494018713 3.48401005211904e-05)
(-0.00293000450752859 0.000797361153885869 3.48135398173813e-05)
(-0.00289500676129289 0.000796751627969663 3.47869273411525e-05)
(-0.00286000901505718 0.000796141408577833 3.4760284587124e-05)
(-0.00282501126882148 0.000795530654962634 3.47336185083996e-05)
(-0.00279001352258578 0.000794919468864408 3.47069335470584e-05)
(-0.00275501577635007 0.000794307865060498 3.46802303482932e-05)
(-0.00272001803011437 0.00079369583765869 3.46535086548443e-05)
(-0.00268502028387867 0.000793083418196011 3.46267698436482e-05)
(-0.00265002253764296 0.000792470665608869 3.46000164879238e-05)
(-0.00261502479140726 0.000791857608970141 3.45732498570206e-05)
(-0.00258002704517155 0.000791244230549037 3.45464691767953e-05)
(-0.00254502929893585 0.000790630518454294 3.45196739280644e-05)
(-0.00251003155270015 0.000790016512879115 3.44928658657009e-05)
(-0.00247503380646444 0.000789402246626285 3.44660464219054e-05)
(-0.00244003606022874 0.000788787704459639 3.44392149314525e-05)
(-0.00240503831399304 0.00078817286051475 3.4412370265077e-05)
(-0.00237004056775733 0.000787557723597561 3.43855128072546e-05)
(-0.00233504282152163 0.000786942319163247 3.43586436693823e-05)
(-0.00230004507528592 0.000786326644244495 3.43317627219044e-05)
(-0.00226504732905022 0.000785710662172488 3.43048683638257e-05)
(-0.00223004958281452 0.000785094349088518 3.42779595534527e-05)
(-0.00219505183657881 0.000784477721505457 3.42510370117527e-05)
(-0.00216005409034311 0.000783860786910538 3.42241010656256e-05)
(-0.0021250563441074 0.000783243495103045 3.41971495232607e-05)
(-0.0020900585978717 0.000782625783112058 3.41701796352882e-05)
(-0.002055060851636 0.000782007650255509 3.41431913719285e-05)
(-0.00202006310540029 0.000781389107943447 3.4116185231355e-05)
(-0.00198506535916459 0.000780770106506385 3.4089159044951e-05)
(-0.00195006761292889 0.000780150548455456 3.40621085562609e-05)
(-0.00191506986669318 0.000779530373430384 3.40350311298978e-05)
(-0.00188007212045748 0.000778909575527689 3.40079265081105e-05)
(-0.00184507437422177 0.000778288114427733 3.39807929305053e-05)
(-0.00181007662798607 0.000777665821045 3.39536230146494e-05)
(-0.00177507888175037 0.000777042510216958 3.39264086761719e-05)
(-0.00174008113551466 0.000776418145158581 3.3899148309004e-05)
(-0.00170508338927896 0.000775792691742269 3.38718404231023e-05)
(-0.00167008564304326 0.000775165892558741 3.38444737797351e-05)
(-0.00163508789680755 0.000774537376048506 3.38170321562646e-05)
(-0.00160009015057185 0.000773906975132984 3.37895082578825e-05)
(-0.00156509240433614 0.00077327462619206 3.37618993068744e-05)
(-0.00153009465810044 0.000772640026799638 3.3734192099032e-05)
(-0.00149509691186474 0.000772002547589837 3.37063591556475e-05)
(-0.00146009916562903 0.00077136167517806 3.36783780618652e-05)
(-0.00142510141939333 0.000770717259325589 3.3650242258121e-05)
(-0.00139010367315762 0.000770069048333837 3.36219407550173e-05)
(-0.00135510592692192 0.000769415967261196 3.359342661959e-05)
(-0.00132010818068622 0.000768756759437708 3.35646449844438e-05)
(-0.00128511043445051 0.000768091149563224 3.35355838297145e-05)
(-0.00125011268821481 0.000767418945696791 3.35062347750792e-05)
(-0.00121511494197911 0.000766738570506102 3.34765289527221e-05)
(-0.0011801171957434 0.000766047728140766 3.34463661236503e-05)
(-0.0011451194495077 0.000765345414305661 3.34157024393918e-05)
(-0.00111012170327199 0.000764631282564712 3.3384522774221e-05)
(-0.00107512395703629 0.000763903357152988 3.3352740864378e-05)
(-0.00104012621080059 0.000763154500285352 3.33200450674334e-05)
(-0.00100512846456488 0.000762373547664087 3.3285947939622e-05)
(-0.000970130718329179 0.000761551136430295 3.3250040689696e-05)
(-0.000935132972093475 0.00076067687215108 3.32118694869141e-05)
(-0.000900135225857771 0.000759729771822247 3.31705181935281e-05)
(-0.000865137479622068 0.000758692108572512 3.3125212837623e-05)
(-0.000830139733386364 0.000757566804114872 3.30760809839432e-05)
(-0.00079514198715066 0.000756358954742809 3.30233451414673e-05)
(-0.000760144240914956 0.000755057083731999 3.29665042255899e-05)
(-0.000725146494679252 0.000753652448230029 3.2905176515131e-05)
(-0.000690148748443549 0.00075215897285068 3.28399699718578e-05)
(-0.000655151002207845 0.000750589490402474 3.27714448882905e-05)
(-0.000620153255972141 0.000748941254834438 3.26994813692545e-05)
(-0.000585155509736437 0.000747218689592567 3.26242725465727e-05)
(-0.000550157763500734 0.000745442663900928 3.25467295902458e-05)
(-0.00051516001726503 0.000743629728234623 3.24675751096222e-05)
(-0.000480162271029326 0.000741790163137007 3.23872579629185e-05)
(-0.000445164524793622 0.000739941222297262 3.23065314624729e-05)
(-0.000410166778557918 0.000738100352295674 3.22261573424313e-05)
(-0.000375169032322215 0.000736282852418699 3.21468035840663e-05)
(-0.00034017128608651 0.00073450807050871 3.2069314932419e-05)
(-0.000305173539850807 0.000732792524214704 3.19944125636192e-05)
(-0.000270175793615103 0.000731143956728769 3.19224345527347e-05)
(-0.000235178047379399 0.000729577827147874 3.18540558585157e-05)
(-0.000200180301143695 0.000728114063381314 3.17901465522722e-05)
(-0.000165182554907991 0.000726755014992926 3.17308092181767e-05)
(-0.000130184808672288 0.000725499948858368 3.16760118473292e-05)
(-9.51870624365842e-05 0.00072436076527049 3.16262740177364e-05)
(-6.01893162008801e-05 0.000723342203125135 3.15818026340592e-05)
(-2.51915699651763e-05 0.000722431184075105 3.15420266833271e-05)
(9.8081908045339e-06 0.000721692097030591 3.15097574460721e-05)
(4.48218914613529e-05 0.000721574513087127 3.15046236202295e-05)
(7.9835592118172e-05 0.000721522501505691 3.15023527455419e-05)
(0.000114849292774991 0.000721522555005237 3.15023550813825e-05)
(0.00014986299343181 0.000721563823857378 3.15041569183797e-05)
(0.000184876694088629 0.000721634981912412 3.15072637461581e-05)
(0.000219890394745448 0.000721724841590281 3.15111871044233e-05)
(0.000254904095402267 0.00072182639303485 3.15156209362469e-05)
(0.000289917796059086 0.000721935201058319 3.15203715971476e-05)
(0.000324931496715905 0.000722047255111695 3.15252639827747e-05)
(0.000359945197372724 0.000722159478135969 3.15301637458306e-05)
(0.000394958898029543 0.000722268964627484 3.15349440292859e-05)
(0.000429972598686362 0.000722371652227446 3.15394274667252e-05)
(0.000464986299343181 0.000722459174509279 3.15432487720756e-05)
(0.0005 0.000722507984700113 3.1545379871031e-05)
(-0.003 0.000823403741366302 3.59505837425578e-05)
(-0.00296500338064644 0.000822498905191185 3.59110777419744e-05)
(-0.00293000676129289 0.000821586892972795 3.58712584285753e-05)
(-0.00289501014193933 0.000820673912926039 3.58313968588771e-05)
(-0.00286001352258578 0.000819760420264636 3.57915129079401e-05)
(-0.00282501690323222 0.0008188465330738 3.57516117314761e-05)
(-0.00279002028387867 0.000817932326926056 3.57116966290527e-05)
(-0.00275502366452511 0.000817017812908313 3.56717680847349e-05)
(-0.00272002704517155 0.000816102986555293 3.56318259035644e-05)
(-0.002685030425818 0.000815187871019696 3.55918710964099e-05)
(-0.00265003380646444 0.000814272509866635 3.55519055653653e-05)
(-0.00261503718711089 0.00081335692466454 3.55119302521286e-05)
(-0.00258004056775733 0.000812441102255623 3.54719445822184e-05)
(-0.00254504394840378 0.000811525033647008 3.54319481629973e-05)
(-0.00251004732905022 0.000810608748422721 3.53919422861316e-05)
(-0.00247505070969666 0.000809692270889044 3.53519280128567e-05)
(-0.00244005409034311 0.00080877558973431 3.53119048492945e-05)
(-0.00240505747098955 0.000807858685621199 3.52718719511592e-05)
(-0.002370060851636 0.000806941564856102 3.5231829593794e-05)
(-0.00233506423228244 0.000806024246207195 3.5191778596635e-05)
(-0.00230006761292889 0.000805106727417329 3.51517188611331e-05)
(-0.00226507099357533 0.00080418898114205 3.51116491934035e-05)
(-0.00223007437422177 0.000803270989424312 3.50715688094248e-05)
(-0.00219507775486822 0.000802352764293587 3.50314782344148e-05)
(-0.00216008113551466 0.00080143431119085 3.4991377705932e-05)
(-0.00212508451616111 0.000800515592693165 3.49512655900555e-05)
(-0.00209008789680755 0.00079959656173114 3.49111398316912e-05)
(-0.002055091277454 0.000798677217408392 3.48710003917023e-05)
(-0.00202009465810044 0.000797757568002138 3.48308476314799e-05)
(-0.00198509803874688 0.000796837576411889 3.47906799311816e-05)
(-0.00195010141939333 0.000795917169816853 3.4750494111383e-05)
(-0.00191510480003977 0.000794996302810381 3.4710288189587e-05)
(-0.00188010818068622 0.00079407497054063 3.46700619539575e-05)
(-0.00184511156133266 0.000793153142686285 3.46298140806373e-05)
(-0.00181011494197911 0.000792230693037266 3.45895390591754e-05)
(-0.00177511832262555 0.000791307483041502 3.45492308402577e-05)
(-0.00174012170327199 0.00079038348433409 3.45088881854457e-05)
(-0.00170512508391844 0.000789458670950817 3.44685099611175e-05)
(-0.00167012846456488 0.000788532850640627 3.44280877734106e-05)
(-0.00163513184521133 0.000787605745590542 3.43876094927485e-05)
(-0.00160013522585777 0.000786677229652391 3.43470696113831e-05)
(-0.00156513860650422 0.000785747254227888 3.43064660074675e-05)
(-0.00153014198715066 0.000784815592960408 3.42657887980578e-05)
(-0.0014951453677971 0.000783881775312549 3.42250174390476e-05)
(-0.00146014874844355 0.000782945416120985 3.41841351138427e-05)
(-0.00142515212908999 0.000782006400670836 3.41431368138834e-05)
(-0.00139015550973644 0.000781064539512426 3.41020142676182e-05)
(-0.00135515889038288 0.000780119029041581 3.40607323889311e-05)
(-0.00132016227102933 0.000779168928549001 3.40192501055671e-05)
(-0.00128516565167577 0.000778214026847257 3.39775581968839e-05)
(-0.00125016903232221 0.000777254177991883 3.39356502908085e-05)
(-0.00121517241296866 0.000776288202189116 3.38934748764327e-05)
(-0.0011801757936151 0.000775314381531375 3.38509569482919e-05)
(-0.00114517917426155 0.00077433195721601 3.38080633763466e-05)
(-0.00111018255490799 0.00077334066439232 3.37647825969658e-05)
(-0.00107518593555444 0.000772339022896684 3.37210499848099e-05)
(-0.00104018931620088 0.000771321696808395 3.36766325685496e-05)
(-0.00100519269684732 0.000770280336790896 3.36311658082783e-05)
(-0.000970196077493769 0.000769207919689839 3.35843430664548e-05)
(-0.000935199458140213 0.000768096664261399 3.35358246066367e-05)
(-0.000900202838786658 0.00076693089200864 3.34849258908645e-05)
(-0.000865206219433102 0.000765697336140721 3.34310676785407e-05)
(-0.000830209600079546 0.000764398111505457 3.33743423059149e-05)
(-0.00079521298072599 0.000763037063323553 3.33149176589489e-05)
(-0.000760216361372434 0.000761605680786439 3.32524221477156e-05)
(-0.000725219742018879 0.000760097439396626 3.31865709065025e-05)
(-0.000690223122665323 0.000758522713863743 3.31178169049145e-05)
(-0.000655226503311767 0.00075689120484904 3.30465836829686e-05)
(-0.000620229883958212 0.000755200972301998 3.29727865362299e-05)
(-0.000585233264604656 0.000753455341206371 3.28965706366241e-05)
(-0.000550236645251101 0.00075166994317351 3.28186184750422e-05)
(-0.000515240025897544 0.000749857265415586 3.27394752549417e-05)
(-0.000480243406543989 0.000748025069046561 3.26594798338763e-05)
(-0.000445246787190433 0.000746186284502972 3.25791967668973e-05)
(-0.000410250167836877 0.00074435400280095 3.24991976201128e-05)
(-0.000375253548483322 0.00074253968156803 3.24199826443444e-05)
(-0.000340256929129766 0.000740757764457076 3.2342182463095e-05)
(-0.00030526030977621 0.00073902060672827 3.22663365186743e-05)
(-0.000270263690422654 0.000737334012805356 3.21926982376959e-05)
(-0.000235267071069098 0.000735709435893778 3.21217676779088e-05)
(-0.000200270451715543 0.0007341616238159 3.20541887431432e-05)
(-0.000165273832361987 0.00073269244900028 3.19900431853957e-05)
(-0.000130277213008432 0.000731301441023465 3.19293104655345e-05)
(-9.52805936548761e-05 0.000729997329159909 3.18723717119133e-05)
(-6.02839743013202e-05 0.000728783475165502 3.1819373701964e-05)
(-2.52873549477645e-05 0.000727649786540036 3.17698757876114e-05)
(9.71228620680091e-06 0.000726700802332337 3.17284422422978e-05)
(4.47328371920294e-05 0.000726617506345111 3.1724805460955e-05)
(7.97533881772579e-05 0.000726579683885762 3.17231540967167e-05)
(0.000114773939162486 0.000726579449205031 3.17231438503348e-05)
(0.000149794490147715 0.000726609295665991 3.17244469749628e-05)
(0.000184815041132944 0.000726661052156874 3.17267067121564e-05)
(0.000219835592118172 0.000726726625791316 3.1729569718866e-05)
(0.000254856143103401 0.000726800862967818 3.1732810983991e-05)
(0.000289876694088629 0.000726880471624973 3.17362867730261e-05)
(0.000324897245073857 0.00072696250849423 3.17398685800911e-05)
(0.000359917796059086 0.000727044690307279 3.17434567155388e-05)
(0.000394938347044314 0.000727124846871517 3.17469564267137e-05)
(0.000429958898029543 0.000727199961409021 3.17502359982473e-05)
(0.000464979449014772 0.000727264124461214 3.17530374176059e-05)
(0.0005 0.000727301631218172 3.17546749979802e-05)
(-0.003 0.000848314570074549 3.70382140125956e-05)
(-0.00296500450752859 0.000847107455315703 3.69855102440255e-05)
(-0.00293000901505719 0.00084589066675267 3.6932384108043e-05)
(-0.00289501352258578 0.000844673214201634 3.68792289817182e-05)
(-0.00286001803011437 0.000843455424219895 3.68260591228508e-05)
(-0.00282502253764296 0.000842237375750422 3.67728779781652e-05)
(-0.00279002704517155 0.000841019118838809 3.67196877326992e-05)
(-0.00275503155270015 0.000839800660973375 3.66664887133999e-05)
(-0.00272003606022874 0.000838581999120248 3.66132807878055e-05)
(-0.00268504056775733 0.000837363148321562 3.656006461267e-05)
(-0.00265004507528592 0.000836144137223049 3.65068414386928e-05)
(-0.00261504958281452 0.000834924980128556 3.64536118903935e-05)
(-0.00258005409034311 0.000833705668398947 3.64003755905792e-05)
(-0.0025450585978717 0.000832486195918592 3.63471322722357e-05)
(-0.00251006310540029 0.000831266582011902 3.62938827790852e-05)
(-0.00247506761292889 0.000830046842754174 3.62406278129901e-05)
(-0.00244007212045748 0.000828826970732816 3.61873670503097e-05)
(-0.00240507662798607 0.000827606953065736 3.61340999285998e-05)
(-0.00237008113551466 0.000826386793715561 3.60808266208723e-05)
(-0.00233508564304326 0.000825166505004759 3.60275476651379e-05)
(-0.00230009015057185 0.000823946085464883 3.59742629972828e-05)
(-0.00226509465810044 0.000822725516982464 3.59209718264559e-05)
(-0.00223009916562903 0.000821504787487255 3.58676736256586e-05)
(-0.00219510367315763 0.000820283904756634 3.58143687344588e-05)
(-0.00216010818068622 0.000819062872359844 3.5761057308693e-05)
(-0.00212511268821481 0.000817841665548944 3.57077382678426e-05)
(-0.0020901171957434 0.000816620252986667 3.56544102436932e-05)
(-0.00205512170327199 0.000815398633776744 3.56010731971126e-05)
(-0.00202012621080059 0.000814176813306664 3.55477273633238e-05)
(-0.00198513071832918 0.000812954767021964 3.54943716702558e-05)
(-0.00195013522585777 0.000811732446553958 3.54410040060862e-05)
(-0.00191513973338636 0.000810509821458312 3.53876230415865e-05)
(-0.00188014424091496 0.000809286888231134 3.53342286237736e-05)
(-0.00184514874844355 0.00080806362672426 3.52808198729596e-05)
(-0.00181015325597214 0.000806839953291727 3.52273931370829e-05)
(-0.00177515776350073 0.000805615775601737 3.51739443848502e-05)
(-0.00174016227102933 0.000804391074180393 3.51204727660128e-05)
(-0.00170516677855792 0.000803165831653472 3.50669775219957e-05)
(-0.00167017128608651 0.000801939920609021 3.50134530898728e-05)
(-0.0016351757936151 0.000800713156191454 3.49598913986751e-05)
(-0.0016001803011437 0.000799485453591558 3.49062887455522e-05)
(-0.00156518480867229 0.000798256780000558 3.48526436980422e-05)
(-0.00153018931620088 0.00079702698517625 3.47989496964288e-05)
(-0.00149519382372947 0.000795795756389607 3.47451930866677e-05)
(-0.00146019833125807 0.000794562836334705 3.46913626345397e-05)
(-0.00142520283878666 0.000793328147279396 3.46374549461859e-05)
(-0.00139020734631525 0.000792091563079924 3.4583464514051e-05)
(-0.00135521185384384 0.000790852550268082 3.45293680464101e-05)
(-0.00132021636137243 0.00078961048158111 3.44751381563796e-05)
(-0.00128522086890103 0.000788365213268722 3.44207685676865e-05)
(-0.00125022537642962 0.000787116647692984 3.43662550173665e-05)
(-0.00121522988395821 0.00078586400155578 3.43115633058853e-05)
(-0.0011802343914868 0.000784606130380749 3.42566434643258e-05)
(-0.0011452388990154 0.000783342524373158 3.42014732345694e-05)
(-0.00111024340654399 0.000782073005226682 3.41460448315937e-05)
(-0.00107524791407258 0.000780796591533271 3.40903154061979e-05)
(-0.00104025242160117 0.000779509741481321 3.40341303195477e-05)
(-0.00100525692912977 0.000778206899875456 3.3977247026575e-05)
(-0.000970261436658358 0.000776883386379157 3.39194611793743e-05)
(-0.000935265944186951 0.000775534030656648 3.38605470362103e-05)
(-0.000900270451715543 0.000774148416254362 3.38000498048987e-05)
(-0.000865274959244135 0.0007727176912891 3.37375830038725e-05)
(-0.000830279466772728 0.000771243233396963 3.36732067820227e-05)
(-0.00079528397430132 0.000769727630016529 3.36070341093574e-05)
(-0.000760288481829912 0.000768165268413607 3.35388199286096e-05)
(-0.000725292989358505 0.000766551802190414 3.34683744719537e-05)
(-0.000690297496887097 0.000764894123916158 3.33959986754605e-05)
(-0.000655302004415689 0.000763198752373906 3.33219771553453e-05)
(-0.000620306511944282 0.000761464468402193 3.3246256681869e-05)
(-0.000585311019472875 0.000759693493611143 3.31689342526243e-05)
(-0.000550315527001467 0.000757896238390995 3.30904643950651e-05)
(-0.000515320034530059 0.000756081071140205 3.30112124813588e-05)
(-0.000480324542058652 0.000754253192376479 3.29314055710118e-05)
(-0.000445329049587244 0.00075242120778858 3.285141939651e-05)
(-0.000410333557115836 0.000750593837552293 3.27716346889506e-05)
(-0.000375338064644429 0.000748778694165932 3.26923838171876e-05)
(-0.000340342572173021 0.000746985350163336 3.26140847270748e-05)
(-0.000305347079701613 0.000745222009847277 3.25370956262068e-05)
(-0.000270351587230206 0.000743492508785073 3.24615839790695e-05)
(-0.000235356094758798 0.000741804372018717 3.23878783360916e-05)
(-0.00020036060228739 0.000740167345492259 3.231640421438e-05)
(-0.000165365109815983 0.000738582695932795 3.2247216920434e-05)
(-0.000130369617344575 0.000737050098609219 3.21803022761874e-05)
(-9.53741248731682e-05 0.000735575298539548 3.21159111145439e-05)
(-6.03786324017602e-05 0.000734160465543244 3.2054138171867e-05)
(-2.53831399303526e-05 0.000732798360627205 3.19946673868922e-05)
(9.61638160906787e-06 0.000731634624060261 3.19438575510821e-05)
(4.46437829227059e-05 0.00073158308862071 3.19416074651982e-05)
(7.9671184236344e-05 0.000731558986412132 3.19405551400455e-05)
(0.000114698585549982 0.000731558883205119 3.19405506339299e-05)
(0.00014972598686362 0.000731578306421182 3.19413986698576e-05)
(0.000184753388177258 0.000731612018722051 3.19428705807011e-05)
(0.000219780789490896 0.000731654763042455 3.1944736838034e-05)
(0.000254808190804534 0.000731703182075689 3.19468508586797e-05)
(0.000289835592118172 0.000731755126256683 3.19491187906005e-05)
(0.00032486299343181 0.000731808671509539 3.19514566268285e-05)
(0.000359890394745448 0.000731862324409924 3.19537991630491e-05)
(0.000394917796059086 0.000731914671801515 3.19560846995247e-05)
(0.000429945197372724 0.00073196380376979 3.19582298475866e-05)
(0.000464972598686362 0.000732006229801562 3.19600822081376e-05)
(0.0005 0.00073203329485762 3.1961263894005e-05)
(-0.003 0.000873301380766621 3.81291617276913e-05)
(-0.00296500563441074 0.000871791469934668 3.80632375970602e-05)
(-0.00293001126882148 0.000870268923421882 3.79967617806897e-05)
(-0.00289501690323222 0.000868746077346547 3.79302728851359e-05)
(-0.00286002253764296 0.000867223064545765 3.78637767101918e-05)
(-0.0028250281720537 0.000865699925042804 3.77972750033111e-05)
(-0.00279003380646444 0.000864176683803662 3.77307688545328e-05)
(-0.00275503944087518 0.000862653344692053 3.76642584325504e-05)
(-0.00272004507528592 0.000861129906155399 3.75977436695767e-05)
(-0.00268505070969666 0.000859606375455879 3.75312248826854e-05)
(-0.0026500563441074 0.000858082766725094 3.74647026888755e-05)
(-0.00261506197851815 0.000856559087130347 3.73981774010782e-05)
(-0.00258006761292889 0.00085503533246452 3.73316488356067e-05)
(-0.00254507324733963 0.000853511499561034 3.72651168542053e-05)
(-0.00251007888175037 0.000851987597842549 3.71985818682761e-05)
(-0.00247508451616111 0.000850463635334588 3.71320442282212e-05)
(-0.00244009015057185 0.000848939608437557 3.70655037768787e-05)
(-0.00240509578498259 0.000847415510709869 3.69989602330029e-05)
(-0.00237010141939333 0.000845891343964492 3.69324136757497e-05)
(-0.00233510705380407 0.000844367114288504 3.68658643708867e-05)
(-0.00230011268821481 0.000842842821002848 3.67993122887657e-05)
(-0.00226511832262555 0.000841318455143529 3.67327570380101e-05)
(-0.00223012395703629 0.000839794010583575 3.66661983511105e-05)
(-0.00219512959144703 0.000838269491075911 3.65996363919233e-05)
(-0.00216013522585777 0.000836744898411587 3.65330712386473e-05)
(-0.00212514086026851 0.000835220220388456 3.64665023585253e-05)
(-0.00209014649467925 0.000833695441320408 3.6399929066687e-05)
(-0.00205515212908999 0.000832170560568155 3.63333513352203e-05)
(-0.00202015776350073 0.000830645580793766 3.62667692803539e-05)
(-0.00198516339791147 0.000829120489883564 3.62001823731931e-05)
(-0.00195016903232221 0.000827595263767541 3.61335895628187e-05)
(-0.00191517466673296 0.000826069887074418 3.6066990178106e-05)
(-0.0018801803011437 0.000824544357911006 3.60003841363968e-05)
(-0.00184518593555444 0.00082301866631694 3.59337710028121e-05)
(-0.00181019156996518 0.000821492770854968 3.58671489681624e-05)
(-0.00177519720437592 0.00081996662529369 3.58005160139411e-05)
(-0.00174020283878666 0.000818440219522014 3.57338716986886e-05)
(-0.0017052084731974 0.00081691354493224 3.56672156465844e-05)
(-0.00167021410760814 0.000815386538425977 3.56005451026933e-05)
(-0.00163521974201888 0.000813859107741695 3.553385603879e-05)
(-0.00160022537642962 0.00081233120992166 3.54671465792992e-05)
(-0.00156523101084036 0.000810802828436316 3.5400416002525e-05)
(-0.0015302366452511 0.000809273888771156 3.53336610550936e-05)
(-0.00149524227966184 0.000807744235269445 3.52668749408854e-05)
(-0.00146024791407258 0.000806213738754931 3.52000520199434e-05)
(-0.00142525354848332 0.000804682359591118 3.51331905617006e-05)
(-0.00139025918289406 0.000803150035103808 3.50662878297426e-05)
(-0.0013552648173048 0.000801616500418106 3.49993322593818e-05)
(-0.00132027045171554 0.000800081441510994 3.4932310140077e-05)
(-0.00128527608612628 0.000798544784442692 3.48652182435477e-05)
(-0.00125028172053702 0.000797006480676033 3.47980544506154e-05)
(-0.00121528735494776 0.000795466141261735 3.47308017793878e-05)
(-0.0011802929893585 0.000793923194355983 3.46634352626247e-05)
(-0.00114529862376925 0.000792377382136583 3.4595943643566e-05)
(-0.00111030425817999 0.00079082861483921 3.45283230030166e-05)
(-0.00107530989259073 0.000789276406026162 3.44605521026479e-05)
(-0.00104031552700147 0.000787718996625023 3.43925541396993e-05)
(-0.00100532116141221 0.000786153615963837 3.4324208144021e-05)
(-0.000970326795822948 0.000784577924101576 3.42554119515812e-05)
(-0.000935332430233688 0.00078298934748548 3.41860531986398e-05)
(-0.000900338064644429 0.000781382702497034 3.41159055635248e-05)
(-0.000865343699055169 0.000779753554358212 3.4044775419646e-05)
(-0.00083034933346591 0.000778102568471096 3.39726918190857e-05)
(-0.00079535496787665 0.000776431053474069 3.38997118982295e-05)
(-0.000760360602287391 0.000774736239306077 3.38257147136001e-05)
(-0.000725366236698131 0.000773015949550258 3.37506052407849e-05)
(-0.000690371871108871 0.000771273610810094 3.36745330885231e-05)
(-0.000655377505519612 0.000769512510263908 3.35976417781197e-05)
(-0.000620383139930353 0.000767732074992466 3.35199062953807e-05)
(-0.000585388774341093 0.000765933411799386 3.34413749643958e-05)
(-0.000550394408751834 0.000764121713443827 3.3362274505926e-05)
(-0.000515400043162574 0.000762301183663463 3.32827884591221e-05)
(-0.000480405677573315 0.000760474428758881 3.3203030617525e-05)
(-0.000445411311984055 0.000758645736968421 3.31231882096643e-05)
(-0.000410416946394795 0.000756819459031739 3.30434511929355e-05)
(-0.000375422580805536 0.000754999381327368 3.29639848841956e-05)
(-0.000340428215216276 0.000753190254180326 3.28849966871142e-05)
(-0.000305433849627017 0.000751396158682033 3.28066647859905e-05)
(-0.000270439484037757 0.00074961899107329 3.27290719724861e-05)
(-0.000235445118448498 0.000747862451695112 3.26523798069787e-05)
(-0.000200450752859238 0.000746131370974757 3.2576799190477e-05)
(-0.000165456387269979 0.000744426389010636 3.25023580702813e-05)
(-0.000130462021680719 0.00074274732770481 3.24290486704675e-05)
(-9.54676560914602e-05 0.000741097020352318 3.23569946953686e-05)
(-6.04732905022003e-05 0.000739476503781773 3.22862414138995e-05)
(-2.54789249129408e-05 0.000737881625011981 3.22166075029854e-05)
(9.52047701133491e-06 0.000736499646482066 3.21562690172898e-05)
(4.45547286533823e-05 0.000736477098830065 3.21552845655431e-05)
(7.95889802954299e-05 0.000736465661268551 3.21547851908228e-05)
(0.000114623231937477 0.000736465665107834 3.21547853584496e-05)
(0.000149657483579525 0.000736475205440243 3.21552018983582e-05)
(0.000184691735221573 0.00073649175810054 3.21559246031144e-05)
(0.00021972598686362 0.000736512748646659 3.21568410701501e-05)
(0.000254760238505668 0.000736536530748799 3.21578794191539e-05)
(0.000289794490147715 0.000736562049918225 3.21589936101533e-05)
(0.000324828741789762 0.000736588360679057 3.21601423627799e-05)
(0.00035986299343181 0.000736614729956582 3.21612936703004e-05)
(0.000394897245073857 0.000736640469793533 3.2162417495852e-05)
(0.000429931496715905 0.000736664686760012 3.21634748314429e-05)
(0.000464965748357953 0.000736685977684072 3.21644044132627e-05)
(0.0005 0.000736702515401771 3.2165126465611e-05)
(-0.003 0.000898367476483066 3.92235711017096e-05)
(-0.00296500676129289 0.000896538353175732 3.91437098534152e-05)
(-0.00293001352258578 0.000894709228671614 3.90638485528681e-05)
(-0.00289502028387867 0.000892880104774555 3.89839872788258e-05)
(-0.00286002704517156 0.000891050981361947 3.8904126025935e-05)
(-0.00282503380646444 0.000889221857255513 3.88242647427512e-05)
(-0.00279004056775733 0.000887392733244935 3.87444034637525e-05)
(-0.00275504732905022 0.000885563609237334 3.86645421848838e-05)
(-0.00272005409034311 0.000883734485225396 3.85846809058258e-05)
(-0.002685060851636 0.000881905361545266 3.85048196412548e-05)
(-0.00265006761292889 0.000880076237571298 3.84249583638545e-05)
(-0.00261507437422177 0.000878247113515472 3.83450970828803e-05)
(-0.00258008113551466 0.000876417989596561 3.82652358078839e-05)
(-0.00254508789680755 0.000874588865880096 3.81853745417264e-05)
(-0.00251009465810044 0.000872759742094693 3.81055132725591e-05)
(-0.00247510141939333 0.000870930617874934 3.80256519844274e-05)
(-0.00244010818068622 0.000869101494005647 3.79457907115976e-05)
(-0.00240511494197911 0.000867272370060517 3.78659294354565e-05)
(-0.00237012170327199 0.000865443246420633 3.77860681726426e-05)
(-0.00233512846456488 0.000863614122246099 3.77062068864855e-05)
(-0.00230013522585777 0.000861784998503333 3.76263456191797e-05)
(-0.00226514198715066 0.00085995587448687 3.75464843399241e-05)
(-0.00223014874844355 0.000858126750615595 3.74666230670075e-05)
(-0.00219515550973644 0.000856297626836947 3.73867617981352e-05)
(-0.00216016227102933 0.000854468503449886 3.73069005463598e-05)
(-0.00212516903232221 0.000852639379036921 3.72270392497925e-05)
(-0.0020901757936151 0.000850810255175256 3.71471779772955e-05)
(-0.00205518255490799 0.000848981130988429 3.70673166906017e-05)
(-0.00202018931620088 0.000847152007081221 3.69874554161162e-05)
(-0.00198519607749377 0.0008453228832142 3.69075941433854e-05)
(-0.00195020283878666 0.000843493759282888 3.68277328678475e-05)
(-0.00191520960007955 0.000841664635359594 3.67478715926598e-05)
(-0.00188021636137243 0.000839835511452385 3.66680103181743e-05)
(-0.00184522312266532 0.000838006387698707 3.65881490503921e-05)
(-0.00181022988395821 0.000836177263637968 3.65082877692034e-05)
(-0.0017752366452511 0.000834348139905065 3.64284265023282e-05)
(-0.00174024340654399 0.000832519015858048 3.63485652217386e-05)
(-0.00170525016783688 0.000830689891965973 3.62687039479139e-05)
(-0.00167025692912977 0.0008288607683292 3.61888426852359e-05)
(-0.00163526369042265 0.000827031644321704 3.61089814063718e-05)
(-0.00160027045171554 0.000825202520389722 3.60291201308047e-05)
(-0.00156527721300843 0.000823373396437511 3.59492588543543e-05)
(-0.00153028397430132 0.000821544272723345 3.58693975882973e-05)
(-0.00149529073559421 0.000819715148650847 3.57895363065951e-05)
(-0.0014602974968871 0.000817886024773378 3.57096750334081e-05)
(-0.00142530425817999 0.000816056901207356 3.56298137738192e-05)
(-0.00139031101947287 0.000814227777149308 3.55499524927479e-05)
(-0.00135531778076576 0.000812398652998313 3.54700912076185e-05)
(-0.00132032454205865 0.000810569529132999 3.53902299349622e-05)
(-0.00128533130335154 0.000808740405106995 3.531036865529e-05)
(-0.00125033806464443 0.000806911281327657 3.52305073863875e-05)
(-0.00121534482593732 0.000805082157215419 3.51506461029502e-05)
(-0.00118035158723021 0.000803253033392668 3.50707848321523e-05)
(-0.00114535834852309 0.000801423909638632 3.49909235643545e-05)
(-0.00111036510981598 0.000799594785493793 3.49110622794938e-05)
(-0.00107537187110887 0.000797765661925736 3.4831201019816e-05)
(-0.00104037863240176 0.000795936537866391 3.47513397386882e-05)
(-0.00100538539369465 0.000794107414126215 3.46714784714955e-05)
(-0.000970392154987537 0.000792278290681661 3.45916172172099e-05)
(-0.000935398916280426 0.000790449165984831 3.45117559082489e-05)
(-0.000900405677573315 0.00078862004210993 3.4431894635174e-05)
(-0.000865412438866203 0.000786790918359137 3.43520333675177e-05)
(-0.000830419200159092 0.000784961794236123 3.427217208361e-05)
(-0.00079542596145198 0.000783132670637962 3.41923108226179e-05)
(-0.000760432722744869 0.000781303546790161 3.41124495507261e-05)
(-0.000725439484037757 0.000779474422725538 3.40325882693678e-05)
(-0.000690446245330646 0.000777645298607288 3.39527269856681e-05)
(-0.000655453006623534 0.000775816174700079 3.38728657111826e-05)
(-0.000620459767916423 0.000773987051312197 3.37930044593714e-05)
(-0.000585466529209312 0.000772157927014264 3.37131431678266e-05)
(-0.000550473290502201 0.000770328803532585 3.36332819119201e-05)
(-0.000515480051795089 0.00076849967970994 3.35534206411268e-05)
(-0.000480486813087977 0.000766670555657545 3.34735593603023e-05)
(-0.000445493574380866 0.000764841431325173 3.33936980672538e-05)
(-0.000410500335673754 0.000763012307520978 3.3313836797266e-05)
(-0.000375507096966643 0.000761183183775408 3.32339755298379e-05)
(-0.000340513858259532 0.000759354059725341 3.31541142491151e-05)
(-0.00030552061955242 0.000757524936232831 3.30742529927357e-05)
(-0.000270527380845309 0.000755695811805848 3.29943916955564e-05)
(-0.000235534142138197 0.000753866688163136 3.29145304326191e-05)
(-0.000200540903431086 0.000752037563906365 3.28346691428714e-05)
(-0.000165547664723975 0.000750208440136806 3.27548078743959e-05)
(-0.000130554426016863 0.000748379316196628 3.26749465984709e-05)
(-9.55611873097521e-05 0.0007465501930707 3.25950853580969e-05)
(-6.05679486026403e-05 0.000744721068510956 3.25152240551211e-05)
(-2.55747098955289e-05 0.000742891944550039 3.24353627782907e-05)
(9.42457241360191e-06 0.000741293780413736 3.23655854251769e-05)
(4.44656743840589e-05 0.000741293780836608 3.23655854436399e-05)
(7.95067763545159e-05 0.000741293780596687 3.23655854331647e-05)
(0.000114547878324973 0.000741293780413736 3.23655854251769e-05)
(0.00014958898029543 0.000741293780567951 3.23655854319101e-05)
(0.000184630082265887 0.000741293781189847 3.23655854590626e-05)
(0.000219671184236344 0.00074129378068596 3.23655854370624e-05)
(0.000254712286206801 0.000741293780511012 3.23655854294241e-05)
(0.000289753388177258 0.000741293780413736 3.23655854251769e-05)
(0.000324794490147715 0.000741293780456052 3.23655854270245e-05)
(0.000359835592118172 0.000741293780678707 3.23655854367458e-05)
(0.000394876694088629 0.0007412937806755 3.23655854366058e-05)
(0.000429917796059086 0.00074129378096867 3.23655854494058e-05)
(0.000464958898029543 0.000741293780547972 3.23655854310378e-05)
(0.0005 0.000741293780528191 3.23655854301741e-05)
)


// ************************************************************************* //
