
                    FoamFile
                    {
                         version   2.0;
                         format    ascii;
                         class     vectorField;
                         object    values;
                    }
                    //***********************************************************************// //

                    244
(
(-7844046.0836292 30919.5509479866 -2.37994953690401e-10)
(-7844046.0836292 30919.5509479866 -2.37994953690401e-10)
(-7857043.5669081 29217.051542223344 -3.2171142443192953e-10)
(-7954825.6293287985 23313.376115910978 -3.319495851942104e-10)
(-8068697.69910348 25122.502728154315 -2.893658347922787e-11)
(-8192292.067660686 27017.843722015103 -8.53862096785825e-11)
(-8322004.019859566 27960.009117504123 -1.545237680779058e-10)
(-8457051.397564288 28607.08453730454 -3.9959232251530565e-10)
(-8595919.92629129 29260.661299564425 -4.791017253207811e-10)
(-8739252.475904923 29765.794434490614 -6.976869209931961e-10)
(-8887572.068468235 30186.819430838917 -1.315368908943591e-09)
(-9040749.789845308 30669.394462511136 -7.418408540846467e-10)
(-9199678.30465795 31317.107495185996 6.531119662257451e-10)
(-9363384.460024057 31931.96912302109 -1.035683499522709e-10)
(-9533628.75754872 32490.915302093592 -4.912004534952559e-10)
(-9709634.586256526 33131.566951339155 7.263872310600509e-10)
(-9892176.013236344 33738.98588740437 7.134435484971399e-10)
(-10081777.738028657 34377.48693651006 -7.34779223756878e-10)
(-10278102.378063688 35038.009729812744 3.677025639807842e-10)
(-10482841.872041749 35730.599084001704 1.2521390317704717e-09)
(-10694809.056420172 36447.69977394494 2.9225078053346344e-09)
(-10916133.95762315 37209.784009430965 4.3272908328147674e-09)
(-11145891.277148478 37924.45252936955 8.423083859192082e-09)
(-11385643.849089887 38678.9470160309 5.001374810541923e-09)
(-11635611.424495595 39611.49218600021 3.895895042038096e-09)
(-11895576.554265343 40457.445616975405 2.695961974302399e-10)
(-12168265.422515798 41322.401903238344 -3.5489788171387884e-10)
(-12451912.731692992 42228.83539535514 5.074864383982896e-10)
(-12749888.191231813 43182.363816860365 -1.5109623128964086e-09)
(-13060835.529490314 44259.62759470748 -1.5543682427262652e-09)
(-13386672.715500357 45318.94895096131 -1.4673179656588144e-09)
(-13728636.22297417 46395.60550009349 1.0242739497454637e-09)
(-14086386.400693806 47508.40394483654 -4.595530545650308e-10)
(-14463892.01023135 48722.90416140655 -1.1767488848363392e-09)
(-14858625.701699786 50093.46378687603 -6.683073192089783e-10)
(-15275520.602511436 51500.06060436956 -1.2473492274897857e-09)
(-15713025.275904214 52893.561938982064 -2.428346873009068e-09)
(-16174439.316972949 54238.55699768041 -3.49057950485512e-10)
(-16661539.057460407 55978.614850292055 5.98700423878818e-10)
(-17172870.68130173 57721.86893213395 4.1474184784037635e-09)
(-17715655.8347601 59351.8773128336 6.9244372700787895e-09)
(-18285543.292058956 61134.97469134649 1.3423513721718306e-08)
(-18890585.784080967 62958.89161804892 5.5210525010185146e-09)
(-19527396.1235436 64910.49227092521 -3.2582013947723507e-09)
(-20200377.12007967 66707.2956776628 8.850605375495298e-09)
(-20911397.62926577 68788.05238488941 3.6040748844045992e-09)
(-21657660.140573025 70550.13144853721 -6.982281185840845e-09)
(-22447576.2098454 71861.97556435646 -8.174874832018766e-10)
(-23273550.572157845 72482.96025311926 -5.434426106972373e-09)
(-24142519.811814338 73810.04358856022 -9.995188291649157e-09)
(-25039887.98833453 74391.98856879606 -7.255052477204335e-09)
(-25967843.03079634 72195.93873230506 7.309164537070057e-09)
(-26916095.490857333 68813.89163954856 5.3470246467869925e-09)
(-27865729.809294526 62984.13341454492 7.241395962151475e-09)
(-28786271.501905598 53123.36461146865 6.778284164276206e-10)
(-29642711.66365243 38619.60214928839 -7.035705651628257e-09)
(-30330221.22181858 16512.242682059546 1.5823340790893004e-09)
(-30748502.434476078 -18842.5145209485 -1.1319958577911018e-08)
(-30665605.600255586 -62153.25667929287 1.9297623836349526e-09)
(-29596925.516670704 -124378.92181273337 4.0060718141215755e-09)
(-26370016.34713908 -228405.41597941268 -7.533934258485106e-09)
(-18656561.35201733 -311179.7310079057 -1.8251411346796176e-09)
(-10256022.333726702 107433.83112549043 -2.680331019124227e-09)
(-13505872.205942951 44908.943633412564 3.553809332630785e-10)
(-15094907.330038063 33617.15841935735 -5.896435796372706e-09)
(-17160728.25639027 10569.103688591014 2.893218821330878e-11)
(-19550216.400719635 -10035.350682387338 -1.9711138167859433e-09)
(-21970522.723609764 -28331.716326711034 -1.7550774085316978e-10)
(-24386437.6494812 -38320.76154000195 -2.065793383033901e-10)
(-26717866.477353644 -48280.58980731192 1.6555203359179134e-10)
(-28822518.344212458 -48899.02672006817 2.855865725947539e-10)
(-30758868.06102792 -8525.575409031628 1.4930737915762576e-11)
(-31037674.8535777 2195.02996714084 3.7018459237316e-11)
(-31037674.8535777 2195.02996714084 3.7018459237316e-11)
(-31037674.8535777 2195.02996714084 3.7018459237316e-11)
(-31037674.8535777 2195.02996714084 3.7018459237316e-11)
(-31037674.8535777 2195.02996714084 3.7018459237316e-11)
(-31037674.8535777 2195.02996714084 3.7018459237316e-11)
(-31037674.8535777 2195.02996714084 3.7018459237316e-11)
(-31037674.8535777 2195.02996714084 3.7018459237316e-11)
(-31037674.8535777 2195.02996714084 3.7018459237316e-11)
(-31037674.8535777 2195.02996714084 3.7018459237316e-11)
(-31037674.8535777 2195.02996714084 3.7018459237316e-11)
(-31037674.8535777 2195.02996714084 3.7018459237316e-11)
(-31037674.8535777 2195.02996714084 3.7018459237316e-11)
(-31037674.8535777 2195.02996714084 3.7018459237316e-11)
(-31037674.8535777 2195.02996714084 3.7018459237316e-11)
(-31037674.8535777 2195.02996714084 3.7018459237316e-11)
(-31037674.8535777 2195.02996714084 3.7018459237316e-11)
(-31037674.8535777 2195.02996714084 3.7018459237316e-11)
(-31037674.8535777 2195.02996714084 3.7018459237316e-11)
(-31037674.8535777 2195.02996714084 3.7018459237316e-11)
(-31037674.8535777 2195.02996714084 3.7018459237316e-11)
(-31037674.8535777 2195.02996714084 3.7018459237316e-11)
(-31037674.8535777 2195.02996714084 3.7018459237316e-11)
(-31037674.8535777 2195.02996714084 3.7018459237316e-11)
(-31037674.8535777 2195.02996714084 3.7018459237316e-11)
(-31037674.8535777 2195.02996714084 3.7018459237316e-11)
(-31037674.8535777 2195.02996714084 3.7018459237316e-11)
(-31037674.8535777 2195.02996714084 3.7018459237316e-11)
(-31037674.8535777 2195.02996714084 3.7018459237316e-11)
(-31037674.8535777 2195.02996714084 3.7018459237316e-11)
(-31037674.8535777 2195.02996714084 3.7018459237316e-11)
(-31037674.8535777 2195.02996714084 3.7018459237316e-11)
(-31037674.8535777 2195.02996714084 3.7018459237316e-11)
(-31037674.8535777 2195.02996714084 3.7018459237316e-11)
(-31037674.8535777 2195.02996714084 3.7018459237316e-11)
(-31037674.8535777 2195.02996714084 3.7018459237316e-11)
(-31037674.8535777 2195.02996714084 3.7018459237316e-11)
(-31037674.8535777 2195.02996714084 3.7018459237316e-11)
(-31037674.8535777 2195.02996714084 3.7018459237316e-11)
(-31037674.8535777 2195.02996714084 3.7018459237316e-11)
(-31037674.8535777 2195.02996714084 3.7018459237316e-11)
(-31037674.8535777 2195.02996714084 3.7018459237316e-11)
(-31037674.8535777 2195.02996714084 3.7018459237316e-11)
(-31037674.8535777 2195.02996714084 3.7018459237316e-11)
(-31037674.8535777 2195.02996714084 3.7018459237316e-11)
(-31037674.8535777 2195.02996714084 3.7018459237316e-11)
(-31037674.8535777 2195.02996714084 3.7018459237316e-11)
(-31037674.8535777 2195.02996714084 3.7018459237316e-11)
(-31037674.8535777 2195.02996714084 3.7018459237316e-11)
(-31037674.8535777 2195.02996714084 3.7018459237316e-11)
(-7844046.0836292 30919.5509479866 -2.37994953690401e-10)
(-7844046.0836292 30919.5509479866 -2.37994953690401e-10)
(-7857043.5669081 29217.051542223344 -3.2171142443192953e-10)
(-7954825.6293287985 23313.376115910978 -3.319495851942104e-10)
(-8068697.69910348 25122.502728154315 -2.893658347922787e-11)
(-8192292.067660686 27017.843722015103 -8.53862096785825e-11)
(-8322004.019859566 27960.009117504123 -1.545237680779058e-10)
(-8457051.397564288 28607.08453730454 -3.9959232251530565e-10)
(-8595919.92629129 29260.661299564425 -4.791017253207811e-10)
(-8739252.475904923 29765.794434490614 -6.976869209931961e-10)
(-8887572.068468235 30186.819430838917 -1.315368908943591e-09)
(-9040749.789845308 30669.394462511136 -7.418408540846467e-10)
(-9199678.30465795 31317.107495185996 6.531119662257451e-10)
(-9363384.460024057 31931.96912302109 -1.035683499522709e-10)
(-9533628.75754872 32490.915302093592 -4.912004534952559e-10)
(-9709634.586256526 33131.566951339155 7.263872310600509e-10)
(-9892176.013236344 33738.98588740437 7.134435484971399e-10)
(-10081777.738028657 34377.48693651006 -7.34779223756878e-10)
(-10278102.378063688 35038.009729812744 3.677025639807842e-10)
(-10482841.872041749 35730.599084001704 1.2521390317704717e-09)
(-10694809.056420172 36447.69977394494 2.9225078053346344e-09)
(-10916133.95762315 37209.784009430965 4.3272908328147674e-09)
(-11145891.277148478 37924.45252936955 8.423083859192082e-09)
(-11385643.849089887 38678.9470160309 5.001374810541923e-09)
(-11635611.424495595 39611.49218600021 3.895895042038096e-09)
(-11895576.554265343 40457.445616975405 2.695961974302399e-10)
(-12168265.422515798 41322.401903238344 -3.5489788171387884e-10)
(-12451912.731692992 42228.83539535514 5.074864383982896e-10)
(-12749888.191231813 43182.363816860365 -1.5109623128964086e-09)
(-13060835.529490314 44259.62759470748 -1.5543682427262652e-09)
(-13386672.715500357 45318.94895096131 -1.4673179656588144e-09)
(-13728636.22297417 46395.60550009349 1.0242739497454637e-09)
(-14086386.400693806 47508.40394483654 -4.595530545650308e-10)
(-14463892.01023135 48722.90416140655 -1.1767488848363392e-09)
(-14858625.701699786 50093.46378687603 -6.683073192089783e-10)
(-15275520.602511436 51500.06060436956 -1.2473492274897857e-09)
(-15713025.275904214 52893.561938982064 -2.428346873009068e-09)
(-16174439.316972949 54238.55699768041 -3.49057950485512e-10)
(-16661539.057460407 55978.614850292055 5.98700423878818e-10)
(-17172870.68130173 57721.86893213395 4.1474184784037635e-09)
(-17715655.8347601 59351.8773128336 6.9244372700787895e-09)
(-18285543.292058956 61134.97469134649 1.3423513721718306e-08)
(-18890585.784080967 62958.89161804892 5.5210525010185146e-09)
(-19527396.1235436 64910.49227092521 -3.2582013947723507e-09)
(-20200377.12007967 66707.2956776628 8.850605375495298e-09)
(-20911397.62926577 68788.05238488941 3.6040748844045992e-09)
(-21657660.140573025 70550.13144853721 -6.982281185840845e-09)
(-22447576.2098454 71861.97556435646 -8.174874832018766e-10)
(-23273550.572157845 72482.96025311926 -5.434426106972373e-09)
(-24142519.811814338 73810.04358856022 -9.995188291649157e-09)
(-25039887.98833453 74391.98856879606 -7.255052477204335e-09)
(-25967843.03079634 72195.93873230506 7.309164537070057e-09)
(-26916095.490857333 68813.89163954856 5.3470246467869925e-09)
(-27865729.809294526 62984.13341454492 7.241395962151475e-09)
(-28786271.501905598 53123.36461146865 6.778284164276206e-10)
(-29642711.66365243 38619.60214928839 -7.035705651628257e-09)
(-30330221.22181858 16512.242682059546 1.5823340790893004e-09)
(-30748502.434476078 -18842.5145209485 -1.1319958577911018e-08)
(-30665605.600255586 -62153.25667929287 1.9297623836349526e-09)
(-29596925.516670704 -124378.92181273337 4.0060718141215755e-09)
(-26370016.34713908 -228405.41597941268 -7.533934258485106e-09)
(-18656561.35201733 -311179.7310079057 -1.8251411346796176e-09)
(-10256022.333726702 107433.83112549043 -2.680331019124227e-09)
(-13505872.205942951 44908.943633412564 3.553809332630785e-10)
(-15094907.330038063 33617.15841935735 -5.896435796372706e-09)
(-17160728.25639027 10569.103688591014 2.893218821330878e-11)
(-19550216.400719635 -10035.350682387338 -1.9711138167859433e-09)
(-21970522.723609764 -28331.716326711034 -1.7550774085316978e-10)
(-24386437.6494812 -38320.76154000195 -2.065793383033901e-10)
(-26717866.477353644 -48280.58980731192 1.6555203359179134e-10)
(-28822518.344212458 -48899.02672006817 2.855865725947539e-10)
(-30758868.06102792 -8525.575409031628 1.4930737915762576e-11)
(-31037674.8535777 2195.02996714084 3.7018459237316e-11)
(-31037674.8535777 2195.02996714084 3.7018459237316e-11)
(-31037674.8535777 2195.02996714084 3.7018459237316e-11)
(-31037674.8535777 2195.02996714084 3.7018459237316e-11)
(-31037674.8535777 2195.02996714084 3.7018459237316e-11)
(-31037674.8535777 2195.02996714084 3.7018459237316e-11)
(-31037674.8535777 2195.02996714084 3.7018459237316e-11)
(-31037674.8535777 2195.02996714084 3.7018459237316e-11)
(-31037674.8535777 2195.02996714084 3.7018459237316e-11)
(-31037674.8535777 2195.02996714084 3.7018459237316e-11)
(-31037674.8535777 2195.02996714084 3.7018459237316e-11)
(-31037674.8535777 2195.02996714084 3.7018459237316e-11)
(-31037674.8535777 2195.02996714084 3.7018459237316e-11)
(-31037674.8535777 2195.02996714084 3.7018459237316e-11)
(-31037674.8535777 2195.02996714084 3.7018459237316e-11)
(-31037674.8535777 2195.02996714084 3.7018459237316e-11)
(-31037674.8535777 2195.02996714084 3.7018459237316e-11)
(-31037674.8535777 2195.02996714084 3.7018459237316e-11)
(-31037674.8535777 2195.02996714084 3.7018459237316e-11)
(-31037674.8535777 2195.02996714084 3.7018459237316e-11)
(-31037674.8535777 2195.02996714084 3.7018459237316e-11)
(-31037674.8535777 2195.02996714084 3.7018459237316e-11)
(-31037674.8535777 2195.02996714084 3.7018459237316e-11)
(-31037674.8535777 2195.02996714084 3.7018459237316e-11)
(-31037674.8535777 2195.02996714084 3.7018459237316e-11)
(-31037674.8535777 2195.02996714084 3.7018459237316e-11)
(-31037674.8535777 2195.02996714084 3.7018459237316e-11)
(-31037674.8535777 2195.02996714084 3.7018459237316e-11)
(-31037674.8535777 2195.02996714084 3.7018459237316e-11)
(-31037674.8535777 2195.02996714084 3.7018459237316e-11)
(-31037674.8535777 2195.02996714084 3.7018459237316e-11)
(-31037674.8535777 2195.02996714084 3.7018459237316e-11)
(-31037674.8535777 2195.02996714084 3.7018459237316e-11)
(-31037674.8535777 2195.02996714084 3.7018459237316e-11)
(-31037674.8535777 2195.02996714084 3.7018459237316e-11)
(-31037674.8535777 2195.02996714084 3.7018459237316e-11)
(-31037674.8535777 2195.02996714084 3.7018459237316e-11)
(-31037674.8535777 2195.02996714084 3.7018459237316e-11)
(-31037674.8535777 2195.02996714084 3.7018459237316e-11)
(-31037674.8535777 2195.02996714084 3.7018459237316e-11)
(-31037674.8535777 2195.02996714084 3.7018459237316e-11)
(-31037674.8535777 2195.02996714084 3.7018459237316e-11)
(-31037674.8535777 2195.02996714084 3.7018459237316e-11)
(-31037674.8535777 2195.02996714084 3.7018459237316e-11)
(-31037674.8535777 2195.02996714084 3.7018459237316e-11)
(-31037674.8535777 2195.02996714084 3.7018459237316e-11)
(-31037674.8535777 2195.02996714084 3.7018459237316e-11)
(-31037674.8535777 2195.02996714084 3.7018459237316e-11)
(-31037674.8535777 2195.02996714084 3.7018459237316e-11)
(-31037674.8535777 2195.02996714084 3.7018459237316e-11)
)