
                    FoamFile
                    {
                         version   2.0;
                         format    ascii;
                         class     scalarField;
                         object    values;
                    }
                    //***********************************************************************// //

                    244
(
1469576.23348126
1469576.23348126
2114800.384263659
6486141.560508657
11033962.0534295
15774674.57786702
20692112.040143818
25832837.44172492
31179569.86000572
36761292.32280427
42592940.48061898
48672388.608101256
55055566.28124157
61711058.45311549
68714102.80341533
76041657.61281037
83743373.96180472
91847038.93454997
100353564.31898895
109359502.12441745
118818217.58270845
128861935.12625885
139458864.11072448
150701743.76695395
162647903.83003402
175309150.1685304
188869726.25929597
203257826.4789959
218732880.06349945
235252213.78942803
253010494.59446746
272141694.4979209
292691698.2762614
315055295.70061994
339118718.3478119
365449967.24679065
393988946.0890023
425190597.5748471
459373982.61159927
496651106.9588296
537915525.9886625
582904865.85636
632685417.6147176
686867541.1410205
745456945.2312362
807421807.5078332
871342618.09045
935191327.2116721
996829411.9848801
1053594499.5917658
1103961257.166865
1146030220.092043
1178908938.1378257
1202816120.300948
1216454381.4696898
1221620279.293467
1216829413.7811272
1203160727.6249878
1179303677.0599523
1143774916.1147485
1095105762.0460913
1026171557.5840174
932213539.4625498
837958108.0532427
742983725.622404
647952960.4200407
552142494.4228745
455161355.4398824
356615232.324738
256682030.39006835
155080984.08418205
52072591.80496164
36547269.9606235
36547269.9606235
36547269.9606235
36547269.9606235
36547269.9606235
36547269.9606235
36547269.9606235
36547269.9606235
36547269.9606235
36547269.9606235
36547269.9606235
36547269.9606235
36547269.9606235
36547269.9606235
36547269.9606235
36547269.9606235
36547269.9606235
36547269.9606235
36547269.9606235
36547269.9606235
36547269.9606235
36547269.9606235
36547269.9606235
36547269.9606235
36547269.9606235
36547269.9606235
36547269.9606235
36547269.9606235
36547269.9606235
36547269.9606235
36547269.9606235
36547269.9606235
36547269.9606235
36547269.9606235
36547269.9606235
36547269.9606235
36547269.9606235
36547269.9606235
36547269.9606235
36547269.9606235
36547269.9606235
36547269.9606235
36547269.9606235
36547269.9606235
36547269.9606235
36547269.9606235
36547269.9606235
36547269.9606235
36547269.9606235
36547269.9606235
1469576.23348126
1469576.23348126
2114800.384263659
6486141.560508657
11033962.0534295
15774674.57786702
20692112.040143818
25832837.44172492
31179569.86000572
36761292.32280427
42592940.48061898
48672388.608101256
55055566.28124157
61711058.45311549
68714102.80341533
76041657.61281037
83743373.96180472
91847038.93454997
100353564.31898895
109359502.12441745
118818217.58270845
128861935.12625885
139458864.11072448
150701743.76695395
162647903.83003402
175309150.1685304
188869726.25929597
203257826.4789959
218732880.06349945
235252213.78942803
253010494.59446746
272141694.4979209
292691698.2762614
315055295.70061994
339118718.3478119
365449967.24679065
393988946.0890023
425190597.5748471
459373982.61159927
496651106.9588296
537915525.9886625
582904865.85636
632685417.6147176
686867541.1410205
745456945.2312362
807421807.5078332
871342618.09045
935191327.2116721
996829411.9848801
1053594499.5917658
1103961257.166865
1146030220.092043
1178908938.1378257
1202816120.300948
1216454381.4696898
1221620279.293467
1216829413.7811272
1203160727.6249878
1179303677.0599523
1143774916.1147485
1095105762.0460913
1026171557.5840174
932213539.4625498
837958108.0532427
742983725.622404
647952960.4200407
552142494.4228745
455161355.4398824
356615232.324738
256682030.39006835
155080984.08418205
52072591.80496164
36547269.9606235
36547269.9606235
36547269.9606235
36547269.9606235
36547269.9606235
36547269.9606235
36547269.9606235
36547269.9606235
36547269.9606235
36547269.9606235
36547269.9606235
36547269.9606235
36547269.9606235
36547269.9606235
36547269.9606235
36547269.9606235
36547269.9606235
36547269.9606235
36547269.9606235
36547269.9606235
36547269.9606235
36547269.9606235
36547269.9606235
36547269.9606235
36547269.9606235
36547269.9606235
36547269.9606235
36547269.9606235
36547269.9606235
36547269.9606235
36547269.9606235
36547269.9606235
36547269.9606235
36547269.9606235
36547269.9606235
36547269.9606235
36547269.9606235
36547269.9606235
36547269.9606235
36547269.9606235
36547269.9606235
36547269.9606235
36547269.9606235
36547269.9606235
36547269.9606235
36547269.9606235
36547269.9606235
36547269.9606235
36547269.9606235
36547269.9606235
)