/*--------------------------------*- C++ -*----------------------------------*\
  =========                 |
  \\      /  F ield         | OpenFOAM: The Open Source CFD Toolbox
   \\    /   O peration     | Website:  https://openfoam.org
    \\  /    A nd           | Version:  8
     \\/     M anipulation  |
\*---------------------------------------------------------------------------*/
FoamFile
{
    version     2.0;
    format      ascii;
    class       volVectorField;
    location    "0.0145000";
    object      cellDisplacement;
}
// * * * * * * * * * * * * * * * * * * * * * * * * * * * * * * * * * * * * * //

dimensions      [0 1 0 0 0 0 0];

internalField   nonuniform List<vector> 
900
(
(0 -2.54163970769831e-07 -1.20257418544641e-14)
(0 -2.56464791706789e-07 -1.12572473204013e-14)
(0 -2.60686680502631e-07 -1.38946143814924e-15)
(0 -2.65749748048424e-07 -1.40419870063166e-14)
(0 -2.71343806487938e-07 1.89658779132735e-14)
(0 -2.77558380741041e-07 5.08183696128839e-14)
(0 -2.84348306421684e-07 2.93960395669602e-14)
(0 -2.91536169865433e-07 1.04453730114612e-14)
(0 -2.99165138442001e-07 2.26162587776897e-14)
(0 -3.07253319847031e-07 1.93999661076209e-14)
(0 -3.15703356296744e-07 -3.58581234909729e-15)
(0 -3.24477730047105e-07 -3.22908272436075e-16)
(0 -3.33643271226226e-07 1.79665347835216e-14)
(0 -3.4316457719266e-07 -1.33410972927392e-14)
(0 -3.52957381655704e-07 -2.97863357121792e-14)
(0 -3.63100378278624e-07 4.43246174671125e-15)
(0 -3.73603463536939e-07 2.59032324576795e-15)
(0 -3.84383785992958e-07 -2.67769498052885e-14)
(0 -3.9547775572092e-07 -2.462309064304e-14)
(0 -4.06939391467422e-07 1.67421306792621e-14)
(0 -4.18726038880286e-07 1.0303062290229e-14)
(0 -4.30807227976099e-07 3.19950781518652e-15)
(0 -4.43280142268074e-07 -1.13944985620854e-15)
(0 -4.56142829545452e-07 -7.33382369102053e-15)
(0 -4.69315068943041e-07 2.56366902127149e-14)
(0 -4.82897992985746e-07 4.96303404848363e-14)
(0 -4.96936097526331e-07 2.58053704504169e-14)
(0 -5.11351782453213e-07 -6.51074575300435e-16)
(0 -5.26185191589146e-07 -3.91088159568352e-15)
(0 -5.41541254541442e-07 -2.18347437187042e-15)
(0 -5.57383946002752e-07 1.57559428888489e-15)
(0 -5.73650401952898e-07 -4.66742407014178e-16)
(0 -5.90520970798254e-07 -1.50661252562469e-14)
(0 -6.08023665098095e-07 -1.48377991346562e-14)
(0 -6.26024983453571e-07 -1.68736423692638e-14)
(0 -6.44682201271189e-07 -1.9534131036085e-14)
(0 -6.64096858844858e-07 1.10354651496995e-15)
(0 -6.84168523537882e-07 -2.61357952420463e-14)
(0 -7.04948085599384e-07 -1.53302809163109e-14)
(0 -7.26636009192297e-07 3.00744315466708e-14)
(0 -7.49197559683737e-07 2.46978685907199e-14)
(0 -7.72513456480222e-07 -2.35905407324956e-14)
(0 -7.96928782267645e-07 -4.65621001658469e-14)
(0 -8.2251760780437e-07 4.91901477890884e-15)
(0 -8.49036011544811e-07 4.87599141860759e-15)
(0 -8.76777569881234e-07 -1.22461329429694e-14)
(0 -9.05962941708575e-07 -1.27634320141628e-14)
(0 -9.36423099811254e-07 4.38985609158379e-15)
(0 -9.68227774505905e-07 1.13862278247757e-14)
(0 -1.00180521602283e-06 1.22380804492227e-14)
(0 -1.03712413753264e-06 1.89242833577821e-14)
(0 -1.07391973724539e-06 -8.82263047270587e-15)
(0 -1.11288459351144e-06 -3.05145931645677e-14)
(0 -1.15419210417259e-06 -2.12259248702293e-14)
(0 -1.19735308515132e-06 3.29876749685458e-14)
(0 -1.24291437914813e-06 4.96850657717194e-14)
(0 -1.29134245206328e-06 5.01932987697818e-14)
(0 -1.34231963156289e-06 1.7372699091603e-14)
(0 -1.39590409467646e-06 -1.76154148899719e-14)
(0 -1.45294267051256e-06 -8.24444842313357e-15)
(0 -1.51337007398688e-06 -2.58413530775391e-14)
(0 -1.57660952239988e-06 -2.02009185055221e-14)
(0 -1.64387728561295e-06 -2.90289258944092e-14)
(0 -1.71544828699511e-06 -3.71689507715344e-14)
(0 -1.79037301982259e-06 1.13506684026715e-14)
(0 -1.86944678637028e-06 1.94423980908832e-14)
(0 -1.95335886391543e-06 -3.28454992164182e-16)
(0 -2.0414545442747e-06 -7.16828540025547e-15)
(0 -2.13362276595736e-06 5.09683677726158e-15)
(0 -2.23089146144002e-06 2.84536347708515e-14)
(0 -2.3328117031209e-06 5.51224604656774e-15)
(0 -2.43828493024513e-06 -5.61501198209803e-14)
(0 -2.54832987718519e-06 -4.60732812705585e-14)
(0 -2.66258810425185e-06 1.47502437699292e-14)
(0 -2.77947764897108e-06 -1.51261807289737e-14)
(0 -2.89887933470488e-06 -1.30051080300932e-14)
(0 -3.01969259328915e-06 7.71065571491534e-17)
(0 -3.14012721129604e-06 -9.25028222863076e-15)
(0 -3.25879512573604e-06 4.02202357032155e-14)
(0 -3.3713488600301e-06 3.16238853789186e-14)
(0 -3.47326122243558e-06 -1.29131933549345e-14)
(0 -3.56258679867985e-06 -5.68564132011923e-15)
(0 -3.62506149266283e-06 1.3680008585173e-14)
(0 -3.64452522442667e-06 -1.47294300617957e-14)
(0 -3.61596659533464e-06 -2.40780089099916e-14)
(0 -3.51720276707922e-06 -2.23769501275716e-15)
(0 -3.35565660994125e-06 3.89572756968867e-14)
(0 -3.16551179574368e-06 5.53291488786504e-14)
(0 -2.95488303146894e-06 1.65051367106686e-14)
(0 -2.73024303778202e-06 -1.41039195282256e-14)
(0 -2.50261982183481e-06 -8.85947453803276e-15)
(0 -2.27875942131223e-06 2.17649149458035e-14)
(0 -2.06564983945056e-06 2.53950771904361e-14)
(0 -1.86777212271705e-06 8.77171669514307e-15)
(0 -1.68379998181805e-06 3.78594311605092e-15)
(0 -1.51867863297981e-06 -2.01003752567135e-14)
(0 -1.37660052028014e-06 -2.51203864242126e-16)
(0 -1.25405417837175e-06 2.53491106891137e-14)
(0 -1.15000129554333e-06 1.38127038616691e-14)
(0 -1.06634989935754e-06 1.76003585329171e-15)
(0 -5.45890590230302e-07 -3.54219635535838e-14)
(0 -5.47619992769951e-07 -3.32024402530893e-14)
(0 -5.51064074905342e-07 -4.06662680178962e-15)
(0 -5.55241409958262e-07 -4.14813100686391e-14)
(0 -5.59882915473861e-07 5.57090967991733e-14)
(0 -5.65067161891866e-07 1.49834711710481e-13)
(0 -5.7075466150317e-07 8.68041888188782e-14)
(0 -5.76790688815203e-07 3.08053737203363e-14)
(0 -5.83213311731699e-07 6.67029823851642e-14)
(0 -5.90038394881349e-07 5.73346809246004e-14)
(0 -5.97180927385407e-07 -1.05415825283844e-14)
(0 -6.04608369813216e-07 -1.0275375329124e-15)
(0 -6.12379264122467e-07 5.31159459833727e-14)
(0 -6.20462675141821e-07 -3.92644539779667e-14)
(0 -6.28785104843673e-07 -8.80615434301664e-14)
(0 -6.37415624885231e-07 1.30207510343345e-14)
(0 -6.46362875451503e-07 7.76169201030356e-15)
(0 -6.55554344249506e-07 -7.90753862428554e-14)
(0 -6.65022192602476e-07 -7.29351276095378e-14)
(0 -6.74813847429345e-07 4.94242159876449e-14)
(0 -6.84891938634653e-07 3.05079525730983e-14)
(0 -6.9522976717187e-07 9.49523710540748e-15)
(0 -7.05912887051074e-07 -3.33961133760909e-15)
(0 -7.16939623133552e-07 -2.17964521975825e-14)
(0 -7.28239455024793e-07 7.57159630367453e-14)
(0 -7.39901437127342e-07 1.46937648407389e-13)
(0 -7.5196474485372e-07 7.65491645168735e-14)
(0 -7.64361278232352e-07 -1.85356788989904e-15)
(0 -7.77126353974746e-07 -1.15817572996511e-14)
(0 -7.90352229243324e-07 -6.48506143606792e-15)
(0 -8.04007365618745e-07 4.66617702224585e-15)
(0 -8.18036587578214e-07 -1.3321835955851e-15)
(0 -8.32598590390927e-07 -4.46275046822158e-14)
(0 -8.47718038246178e-07 -4.39885485182589e-14)
(0 -8.63277464203395e-07 -5.00275977346348e-14)
(0 -8.79415557759921e-07 -5.79997492184789e-14)
(0 -8.9622165752472e-07 3.30679231846512e-15)
(0 -9.13607283736437e-07 -7.75218167275158e-14)
(0 -9.31617494563248e-07 -4.56643449501863e-14)
(0 -9.50428834664562e-07 8.91837593077193e-14)
(0 -9.70010821771268e-07 7.34905300671125e-14)
(0 -9.90258364747689e-07 -6.98723424902626e-14)
(0 -1.01147544641036e-06 -1.38404001708145e-13)
(0 -1.03372757486511e-06 1.44869701416866e-14)
(0 -1.05679976094601e-06 1.45394376183371e-14)
(0 -1.08095073577429e-06 -3.63541175009449e-14)
(0 -1.1063751886268e-06 -3.79913675194253e-14)
(0 -1.13292418592575e-06 1.29900633345799e-14)
(0 -1.16065898839397e-06 3.38429357523858e-14)
(0 -1.18995765925143e-06 3.63823491214122e-14)
(0 -1.22079298917084e-06 5.63647281317285e-14)
(0 -1.2529294465897e-06 -2.6124334171645e-14)
(0 -1.28698018551523e-06 -9.07950604012319e-14)
(0 -1.32309927285391e-06 -6.33628736161196e-14)
(0 -1.36085112301315e-06 9.80410315752147e-14)
(0 -1.40072096012396e-06 1.47927901368328e-13)
(0 -1.4431214291459e-06 1.49602487714254e-13)
(0 -1.48777090150365e-06 5.19378903417064e-14)
(0 -1.53472041833141e-06 -5.24299272356624e-14)
(0 -1.58471817585422e-06 -2.45489798113459e-14)
(0 -1.63770818575157e-06 -7.70058827683216e-14)
(0 -1.69317963307304e-06 -6.02240492712661e-14)
(0 -1.75220569186925e-06 -8.65287111315986e-14)
(0 -1.81503229179496e-06 -1.10977816836947e-13)
(0 -1.88082087535484e-06 3.37185360153812e-14)
(0 -1.95027282862202e-06 5.80481468890058e-14)
(0 -2.02399811417066e-06 -9.11466930758911e-16)
(0 -2.10142037388219e-06 -2.14127134402044e-14)
(0 -2.18244150497704e-06 1.51255401117637e-14)
(0 -2.26796891185914e-06 8.49692021635137e-14)
(0 -2.35761066008974e-06 1.66812780304025e-14)
(0 -2.45039837646123e-06 -1.67607846343625e-13)
(0 -2.54722722440628e-06 -1.3784082793491e-13)
(0 -2.64778881604905e-06 4.39984546050521e-14)
(0 -2.75068796519147e-06 -4.5138298504973e-14)
(0 -2.855817913948e-06 -3.89122666863995e-14)
(0 -2.96221250221972e-06 2.20761850303201e-16)
(0 -3.06829414549054e-06 -2.77536051951924e-14)
(0 -3.17282524529622e-06 1.20149246413586e-13)
(0 -3.27199478760228e-06 9.46726175897471e-14)
(0 -3.36181324582573e-06 -3.85180164452221e-14)
(0 -3.44045476717261e-06 -1.70580985415731e-14)
(0 -3.49543927590278e-06 4.08632297355537e-14)
(0 -3.51259989627554e-06 -4.3870168248439e-14)
(0 -3.48730508143133e-06 -7.17687814935903e-14)
(0 -3.4002902142698e-06 -6.73714225603985e-15)
(0 -3.25855159410444e-06 1.16240601694247e-13)
(0 -3.09119262228028e-06 1.6535597932794e-13)
(0 -2.90562345554591e-06 4.94203772376038e-14)
(0 -2.70768977242181e-06 -4.21816401724189e-14)
(0 -2.50708151855318e-06 -2.6564520250992e-14)
(0 -2.3096656195012e-06 6.51926854768693e-14)
(0 -2.12176212105713e-06 7.61430916454602e-14)
(0 -1.94724544097395e-06 2.63127653441203e-14)
(0 -1.78489949749801e-06 1.13667684657523e-14)
(0 -1.6392176046609e-06 -6.03191685834305e-14)
(0 -1.51392900477566e-06 -7.74652550810374e-16)
(0 -1.40580676884948e-06 7.6055843630426e-14)
(0 -1.31399984229179e-06 4.14549569800295e-14)
(0 -1.2389158294641e-06 5.2777967349389e-15)
(0 -8.30980840780904e-07 -5.82946101567423e-14)
(0 -8.32223466918291e-07 -5.47712966433774e-14)
(0 -8.34974205078719e-07 -6.60358688242589e-15)
(0 -8.38354746828744e-07 -6.86021699360922e-14)
(0 -8.42134467215664e-07 9.10957264665288e-14)
(0 -8.46380159064129e-07 2.46752203811804e-13)
(0 -8.51058081955703e-07 1.43328137454937e-13)
(0 -8.56036152092597e-07 5.07268753056857e-14)
(0 -8.61346822238098e-07 1.09831253667406e-13)
(0 -8.6700369307346e-07 9.474788955333e-14)
(0 -8.72934150554976e-07 -1.7247066344043e-14)
(0 -8.79110432374858e-07 -1.92319430762324e-15)
(0 -8.85582624412329e-07 8.77688998536563e-14)
(0 -8.92324320682398e-07 -6.43273168843012e-14)
(0 -8.99272794237054e-07 -1.45443950791895e-13)
(0 -9.06487152280048e-07 2.12553434030442e-14)
(0 -9.13974884834828e-07 1.31247395462674e-14)
(0 -9.21674037456696e-07 -1.30245611081801e-13)
(0 -9.29612212190276e-07 -1.20756719962752e-13)
(0 -9.37830131454378e-07 8.13281838843044e-14)
(0 -9.46295886009278e-07 5.04539320788816e-14)
(0 -9.54986736023645e-07 1.57605675363728e-14)
(0 -9.6397608924851e-07 -5.42109595354012e-15)
(0 -9.73262639226482e-07 -3.62602478702671e-14)
(0 -9.82786096281682e-07 1.24555878910446e-13)
(0 -9.92622895144206e-07 2.42691628803959e-13)
(0 -1.00280680821869e-06 1.26819130466678e-13)
(0 -1.01327960174309e-06 -2.85899879686473e-15)
(0 -1.02407168652084e-06 -1.91261107994089e-14)
(0 -1.0352623940255e-06 -1.07591536337791e-14)
(0 -1.04682483349084e-06 7.7039899756644e-15)
(0 -1.05871185895023e-06 -2.06040357985091e-15)
(0 -1.0710598570523e-06 -7.36708656166216e-14)
(0 -1.08389024384329e-06 -7.26992225943076e-14)
(0 -1.09710239105116e-06 -8.26742928736737e-14)
(0 -1.11081557298499e-06 -9.60590127886146e-14)
(0 -1.12510682597194e-06 5.56445418687702e-15)
(0 -1.13990039512095e-06 -1.28138797006308e-13)
(0 -1.15523524383724e-06 -7.59661292412187e-14)
(0 -1.17126339129084e-06 1.4731513056001e-13)
(0 -1.18795897623134e-06 1.22008277777709e-13)
(0 -1.20523196332268e-06 -1.15166655658954e-13)
(0 -1.22334402944935e-06 -2.29328035884368e-13)
(0 -1.24235199232715e-06 2.36772636105717e-14)
(0 -1.26207131916216e-06 2.41962880973553e-14)
(0 -1.28272487403321e-06 -6.00926299349366e-14)
(0 -1.30448074503624e-06 -6.30345138001986e-14)
(0 -1.32721124620706e-06 2.13679323801647e-14)
(0 -1.35096948645019e-06 5.60159505573325e-14)
(0 -1.37608152132423e-06 6.0226115688815e-14)
(0 -1.40252466011811e-06 9.35428325384276e-14)
(0 -1.43009631688436e-06 -4.29963637325219e-14)
(0 -1.45932529646894e-06 -1.50427982620454e-13)
(0 -1.49034552141979e-06 -1.05431192775221e-13)
(0 -1.52278202028533e-06 1.62143062575858e-13)
(0 -1.55705335440925e-06 2.45191565166759e-13)
(0 -1.59351641038859e-06 2.48291662918811e-13)
(0 -1.6319293747362e-06 8.65274865493482e-14)
(0 -1.67233664082424e-06 -8.68433865644337e-14)
(0 -1.7153843932303e-06 -4.06741703116946e-14)
(0 -1.76102576310629e-06 -1.27714445560902e-13)
(0 -1.80882069287234e-06 -9.99210115970367e-14)
(0 -1.85969577125534e-06 -1.43524279913083e-13)
(0 -1.91386483918169e-06 -1.84439153024984e-13)
(0 -1.97060537698134e-06 5.56938536297973e-14)
(0 -2.0305233041779e-06 9.64464667647196e-14)
(0 -2.09414668733428e-06 -1.38213586837444e-15)
(0 -2.1609791678509e-06 -3.5591507240856e-14)
(0 -2.23093665411433e-06 2.49490502381445e-14)
(0 -2.30480402600965e-06 1.4115631364991e-13)
(0 -2.38224456560797e-06 2.81173564654736e-14)
(0 -2.46242213680979e-06 -2.78269864426888e-13)
(0 -2.5461106499622e-06 -2.29394622555432e-13)
(0 -2.63304563771846e-06 7.2989925325123e-14)
(0 -2.72202173835518e-06 -7.4906694419577e-14)
(0 -2.81294670781845e-06 -6.47499998959241e-14)
(0 -2.90498616892366e-06 3.51550896737714e-16)
(0 -2.99677602982494e-06 -4.63060767710934e-14)
(0 -3.08724651241367e-06 1.9958522902249e-13)
(0 -3.17310151245651e-06 1.57591154613164e-13)
(0 -3.25088691700586e-06 -6.38898943680029e-14)
(0 -3.31902274622548e-06 -2.84357612873896e-14)
(0 -3.36671214221418e-06 6.78811078019971e-14)
(0 -3.38168491505823e-06 -7.2692448834541e-14)
(0 -3.35992071113458e-06 -1.18988336490228e-13)
(0 -3.28473411536515e-06 -1.13744628267925e-14)
(0 -3.16215590077605e-06 1.92867163289855e-13)
(0 -3.01728307712528e-06 2.74777293340679e-13)
(0 -2.8566232721856e-06 8.22805100356306e-14)
(0 -2.68523967008608e-06 -7.01240456636154e-14)
(0 -2.51152267637767e-06 -4.42671729102255e-14)
(0 -2.34055525624543e-06 1.0851304522389e-13)
(0 -2.17781309986134e-06 1.26863961472059e-13)
(0 -2.02665562736825e-06 4.38582160702372e-14)
(0 -1.88603366017178e-06 1.89727809061886e-14)
(0 -1.7598392342092e-06 -1.00566460090366e-13)
(0 -1.65130414988223e-06 -1.31118134230951e-15)
(0 -1.55763814587418e-06 1.26781346461783e-13)
(0 -1.47811150472367e-06 6.91203196117777e-14)
(0 -1.41311134345935e-06 8.86269382724975e-15)
(0 -1.10971828477785e-06 -8.06707137958114e-14)
(0 -1.1105569826877e-06 -7.60590233373319e-14)
(0 -1.11269494849273e-06 -8.95077956903433e-15)
(0 -1.11536183093591e-06 -9.56037737624955e-14)
(0 -1.11836387220679e-06 1.24810374257642e-13)
(0 -1.12175645372547e-06 3.41672867949431e-13)
(0 -1.12551158074284e-06 1.99225690560201e-13)
(0 -1.12951902835491e-06 7.02217284122825e-14)
(0 -1.13380573131519e-06 1.52009878852197e-13)
(0 -1.13838317120558e-06 1.31827464727676e-13)
(0 -1.14319078629801e-06 -2.36394284327108e-14)
(0 -1.1482053525972e-06 -3.13672394447414e-15)
(0 -1.15346873885414e-06 1.22071625474325e-13)
(0 -1.15895899687887e-06 -8.833300360385e-14)
(0 -1.16462375304575e-06 -2.0211463824834e-13)
(0 -1.1705123921574e-06 2.90272057001584e-14)
(0 -1.17663135358833e-06 1.88556365616278e-14)
(0 -1.18292889853684e-06 -1.80226429928258e-13)
(0 -1.18942808827284e-06 -1.68353931586129e-13)
(0 -1.1961631276043e-06 1.12364305294318e-13)
(0 -1.20310745795402e-06 7.02116412682112e-14)
(0 -1.21024206514876e-06 2.20461398710142e-14)
(0 -1.2176284480969e-06 -7.3360679567693e-15)
(0 -1.2252657373644e-06 -5.08783324819639e-14)
(0 -1.23310352482687e-06 1.71953095217911e-13)
(0 -1.24120580732805e-06 3.36978822680915e-13)
(0 -1.24960110581381e-06 1.76845076332378e-13)
(0 -1.25824079608391e-06 -3.56672774667446e-15)
(0 -1.26715037840899e-06 -2.6544235626816e-14)
(0 -1.27639649951001e-06 -1.50303265468346e-14)
(0 -1.28595682721015e-06 1.0687131842526e-14)
(0 -1.29579191572672e-06 -2.58149194288087e-15)
(0 -1.30601621624548e-06 -1.02165661120916e-13)
(0 -1.31664801585979e-06 -1.00973580953981e-13)
(0 -1.32760304968049e-06 -1.14808925610341e-13)
(0 -1.33898141232695e-06 -1.33803859265565e-13)
(0 -1.35084808635226e-06 7.92720203714214e-15)
(0 -1.36313972616684e-06 -1.77969197375508e-13)
(0 -1.37588911250496e-06 -1.06448495191543e-13)
(0 -1.38922412505519e-06 2.04382028622017e-13)
(0 -1.40312344273332e-06 1.70455306987775e-13)
(0 -1.41751159542534e-06 -1.59276166083964e-13)
(0 -1.4326085058208e-06 -3.19479738490436e-13)
(0 -1.44846246701756e-06 3.23610796955439e-14)
(0 -1.46491872854773e-06 3.39048755126323e-14)
(0 -1.48216462621841e-06 -8.34235242820193e-14)
(0 -1.50034199095711e-06 -8.79516573469161e-14)
(0 -1.51934395668993e-06 2.94633239240749e-14)
(0 -1.53921530464467e-06 7.78914393775777e-14)
(0 -1.56023067751549e-06 8.37523879518005e-14)
(0 -1.58237182171898e-06 1.30530169412817e-13)
(0 -1.60546827960451e-06 -5.93216970327341e-14)
(0 -1.62996527550598e-06 -2.09401310213353e-13)
(0 -1.65597693924814e-06 -1.47598976748805e-13)
(0 -1.68318786905928e-06 2.25152542099361e-13)
(0 -1.71195029664125e-06 3.41455664854063e-13)
(0 -1.74256593079763e-06 3.46353071184926e-13)
(0 -1.77483212115281e-06 1.21289469650638e-13)
(0 -1.80878626682588e-06 -1.20816890637931e-13)
(0 -1.8449733345531e-06 -5.66005503515286e-14)
(0 -1.88335534005157e-06 -1.77955797847262e-13)
(0 -1.92356186924104e-06 -1.39288356961591e-13)
(0 -1.96637390072222e-06 -1.999908560795e-13)
(0 -2.0119733394954e-06 -2.57638296155444e-13)
(0 -2.05975228371761e-06 7.71906181344763e-14)
(0 -2.11022161857198e-06 1.34661894921405e-13)
(0 -2.16382790948719e-06 -1.70109515727095e-15)
(0 -2.22015385916098e-06 -4.97153458516657e-14)
(0 -2.27912885639233e-06 3.4517319529163e-14)
(0 -2.34141587272085e-06 1.97022885231447e-13)
(0 -2.40673272247209e-06 3.99327322945812e-14)
(0 -2.47437430277322e-06 -3.88090241626068e-13)
(0 -2.54499385349083e-06 -3.20833045308839e-13)
(0 -2.6183702261218e-06 1.01700693804721e-13)
(0 -2.69348664734379e-06 -1.04411141617525e-13)
(0 -2.77026524762694e-06 -9.0541283767295e-14)
(0 -2.8480026349253e-06 4.67020568297127e-16)
(0 -2.92554727749819e-06 -6.49540285729505e-14)
(0 -3.00199663183389e-06 2.78554073721359e-13)
(0 -3.07456757877294e-06 2.20490158988815e-13)
(0 -3.14034023077064e-06 -8.90349823085096e-14)
(0 -3.19798128557745e-06 -3.98713642012631e-14)
(0 -3.23837171931459e-06 9.48459792550565e-14)
(0 -3.25113434187379e-06 -1.01312329589889e-13)
(0 -3.23286288782936e-06 -1.66118680575946e-13)
(0 -3.16944061269515e-06 -1.61691391223221e-14)
(0 -3.06592592155517e-06 2.6924240679498e-13)
(0 -2.94348308660593e-06 3.84026584206466e-13)
(0 -2.80768148177792e-06 1.15179314837585e-13)
(0 -2.66280022772834e-06 -9.79871786056791e-14)
(0 -2.51593219525184e-06 -6.19827998383437e-14)
(0 -2.37137629015328e-06 1.51732313685886e-13)
(0 -2.23376419829405e-06 1.77521966550957e-13)
(0 -2.10593942068257e-06 6.13953199653733e-14)
(0 -1.98701726462712e-06 2.65871051720636e-14)
(0 -1.88029054562963e-06 -1.40757778779978e-13)
(0 -1.78849473419037e-06 -1.86574601935306e-15)
(0 -1.70927254599298e-06 1.77438459091873e-13)
(0 -1.6420068048976e-06 9.67525587212013e-14)
(0 -1.58703979961807e-06 1.24410089928003e-14)
(0 -1.38237642278288e-06 -1.02575097751896e-13)
(0 -1.38289152161379e-06 -9.71588182673025e-14)
(0 -1.38449175196039e-06 -1.10581524608783e-14)
(0 -1.38652219028638e-06 -1.22672115646445e-13)
(0 -1.38882473996888e-06 1.56542901685173e-13)
(0 -1.39144374896508e-06 4.34685761501304e-13)
(0 -1.39435688351976e-06 2.54747276125293e-13)
(0 -1.39747509262991e-06 8.93046397516468e-14)
(0 -1.40081992673582e-06 1.93243992858995e-13)
(0 -1.40440083636863e-06 1.68754294311918e-13)
(0 -1.4081689801484e-06 -2.96530671777277e-14)
(0 -1.41210549316306e-06 -4.79271086185798e-15)
(0 -1.41624424201939e-06 1.56160908358974e-13)
(0 -1.42056763423622e-06 -1.11085568786397e-13)
(0 -1.42503330388315e-06 -2.58244859639653e-13)
(0 -1.42968114501804e-06 3.62252515113912e-14)
(0 -1.4345165906951e-06 2.51233109947923e-14)
(0 -1.43949781597268e-06 -2.2895180711591e-13)
(0 -1.44464339499147e-06 -2.15983197866824e-13)
(0 -1.44998116229436e-06 1.42440708233393e-13)
(0 -1.45548977940742e-06 8.98479880101406e-14)
(0 -1.46115378675959e-06 2.84014138078719e-14)
(0 -1.46702300482453e-06 -9.03521883514878e-15)
(0 -1.47309700697734e-06 -6.57964304962484e-14)
(0 -1.47933497153984e-06 2.17706116882613e-13)
(0 -1.48578866244932e-06 4.29877733443612e-13)
(0 -1.49248144824538e-06 2.26850592875274e-13)
(0 -1.49937406821698e-06 -3.87594101390137e-15)
(0 -1.50648714083916e-06 -3.38349818653572e-14)
(0 -1.51387484174616e-06 -1.93225393479269e-14)
(0 -1.52151928262114e-06 1.36125880409564e-14)
(0 -1.52938845827329e-06 -2.82750990155762e-15)
(0 -1.53757524320324e-06 -1.30081066727462e-13)
(0 -1.54609484128019e-06 -1.28814830860382e-13)
(0 -1.5548789426966e-06 -1.46425555978852e-13)
(0 -1.56400872150033e-06 -1.71324549911866e-13)
(0 -1.57353728207456e-06 1.04434597839585e-14)
(0 -1.58341339167259e-06 -2.26992494719695e-13)
(0 -1.59366362554538e-06 -1.37318722272196e-13)
(0 -1.60439205790647e-06 2.60294907879673e-13)
(0 -1.61558178021153e-06 2.19028439472463e-13)
(0 -1.62717149507092e-06 -2.02003426604523e-13)
(0 -1.63933991157836e-06 -4.08998044464881e-13)
(0 -1.65212686403954e-06 4.0409883727025e-14)
(0 -1.66540678712882e-06 4.37208857134186e-14)
(0 -1.67933186625331e-06 -1.06308031394818e-13)
(0 -1.69401793522832e-06 -1.12799353832381e-13)
(0 -1.70937852504672e-06 3.72166059845872e-14)
(0 -1.72545000908586e-06 9.94552566232053e-14)
(0 -1.74245614689653e-06 1.06943438804268e-13)
(0 -1.76038294299399e-06 1.6739527826798e-13)
(0 -1.7790914304984e-06 -7.4984291183151e-14)
(0 -1.79894404214653e-06 -2.67700525824305e-13)
(0 -1.82003520977833e-06 -1.90029609050012e-13)
(0 -1.84210819860861e-06 2.86928121739994e-13)
(0 -1.86544939185039e-06 4.36697874528321e-13)
(0 -1.89030569870676e-06 4.43874713499802e-13)
(0 -1.91651297171149e-06 1.56369665660538e-13)
(0 -1.94410142684081e-06 -1.54310837278945e-13)
(0 -1.97351554025579e-06 -7.23085911239287e-14)
(0 -2.00472583361835e-06 -2.2771737889787e-13)
(0 -2.03743059643358e-06 -1.783224097731e-13)
(0 -2.07226621958968e-06 -2.55903255293151e-13)
(0 -2.10938259808387e-06 -3.30656964651664e-13)
(0 -2.14828513166426e-06 9.81224181557836e-14)
(0 -2.18939018697055e-06 1.72717440741223e-13)
(0 -2.23306308268081e-06 -1.829283053387e-15)
(0 -2.27896463079947e-06 -6.37937163103544e-14)
(0 -2.3270373263222e-06 4.37803882017593e-14)
(0 -2.37782274500157e-06 2.52573352230949e-13)
(0 -2.43109243105462e-06 5.2237269423706e-14)
(0 -2.48627126218328e-06 -4.97014555550285e-13)
(0 -2.54389236191337e-06 -4.12243458984103e-13)
(0 -2.60377717363938e-06 1.3010177266661e-13)
(0 -2.66509630533842e-06 -1.33625938173981e-13)
(0 -2.72778613546494e-06 -1.16301839214517e-13)
(0 -2.79127340161581e-06 5.64854437199014e-16)
(0 -2.85461814487743e-06 -8.37340005351547e-14)
(0 -2.91708425555956e-06 3.57025423220078e-13)
(0 -2.97639958180985e-06 2.83411646013712e-13)
(0 -3.0301772056135e-06 -1.1392784480397e-13)
(0 -3.07732974110768e-06 -5.13828746221141e-14)
(0 -3.11041060934899e-06 1.21765213504326e-13)
(0 -3.12093303147998e-06 -1.29711609187146e-13)
(0 -3.10610648153382e-06 -2.13173745585091e-13)
(0 -3.05438021859324e-06 -2.11457381387521e-14)
(0 -2.96984706352575e-06 3.45375297410533e-13)
(0 -2.86978537418365e-06 4.93113129156238e-13)
(0 -2.75879395493013e-06 1.48120577107767e-13)
(0 -2.64036920680025e-06 -1.25770819752679e-13)
(0 -2.52030872535561e-06 -7.97132876506338e-14)
(0 -2.40212804150967e-06 1.9484944800174e-13)
(0 -2.28961533991085e-06 2.28118442674098e-13)
(0 -2.18509787526064e-06 7.89252091939942e-14)
(0 -2.08785435754722e-06 3.42114121645797e-14)
(0 -2.00057843293985e-06 -1.80895624280048e-13)
(0 -1.92550886604929e-06 -2.43944773396064e-15)
(0 -1.86072014289472e-06 2.28030398248152e-13)
(0 -1.80570763695741e-06 1.24356500316595e-13)
(0 -1.76076767247392e-06 1.6015751268427e-14)
(0 -1.64921107764593e-06 -1.24029287354604e-13)
(0 -1.64948058879534e-06 -1.1816198810848e-13)
(0 -1.65061319319459e-06 -1.28742704435596e-14)
(0 -1.65207904124614e-06 -1.49977672566038e-13)
(0 -1.65375491285051e-06 1.85986302714324e-13)
(0 -1.65567451490595e-06 5.25862815959966e-13)
(0 -1.65782101347238e-06 3.10135727454195e-13)
(0 -1.6601259366856e-06 1.07994021727697e-13)
(0 -1.66260562062652e-06 2.33533580151372e-13)
(0 -1.66526751904374e-06 2.05701639095216e-13)
(0 -1.6680741908443e-06 -3.52180017265578e-14)
(0 -1.67101100628334e-06 -7.01403727808382e-15)
(0 -1.67410402289555e-06 1.90162221109441e-13)
(0 -1.67733987904755e-06 -1.32387947040445e-13)
(0 -1.68068592735656e-06 -3.13994127017331e-13)
(0 -1.68417280300524e-06 4.27346326464479e-14)
(0 -1.68780492030293e-06 3.20886507453378e-14)
(0 -1.69155010618668e-06 -2.76348381191039e-13)
(0 -1.69542253567972e-06 -2.63890269607833e-13)
(0 -1.6994437793684e-06 1.71461767344094e-13)
(0 -1.70359757269736e-06 1.09425373865616e-13)
(0 -1.70787190122762e-06 3.48746310686109e-14)
(0 -1.71230512662865e-06 -1.04668227750486e-14)
(0 -1.71689720947715e-06 -8.11516970691657e-14)
(0 -1.72161667561944e-06 2.61614049984276e-13)
(0 -1.72650328757727e-06 5.21456446498579e-13)
(0 -1.73157530181179e-06 2.77052656307466e-13)
(0 -1.73680258442894e-06 -3.68482957753187e-15)
(0 -1.74220094236274e-06 -4.09952308319446e-14)
(0 -1.7478122609044e-06 -2.36590984346712e-14)
(0 -1.75362295837488e-06 1.64758524374268e-14)
(0 -1.75960827741149e-06 -2.73262177759345e-15)
(0 -1.76583986113749e-06 -1.57385645362743e-13)
(0 -1.77232980650072e-06 -1.56225528834627e-13)
(0 -1.77902541241642e-06 -1.77516704518198e-13)
(0 -1.78598921580937e-06 -2.08709803593341e-13)
(0 -1.7932625492154e-06 1.31590636159838e-14)
(0 -1.80080601673091e-06 -2.75184353803005e-13)
(0 -1.80864002024698e-06 -1.68778095600701e-13)
(0 -1.81684512356561e-06 3.14959961748005e-13)
(0 -1.825408651603e-06 2.67916367300631e-13)
(0 -1.83428317729582e-06 -2.43149998435819e-13)
(0 -1.84360673606206e-06 -4.98014507977796e-13)
(0 -1.85341067392403e-06 4.76949451583496e-14)
(0 -1.86359807438549e-06 5.36968920931916e-14)
(0 -1.87428639833108e-06 -1.2870652556468e-13)
(0 -1.8855656626665e-06 -1.37631836192172e-13)
(0 -1.89736937512234e-06 4.45686503324137e-14)
(0 -1.90972550900877e-06 1.20692947862386e-13)
(0 -1.92280741538684e-06 1.29780742529359e-13)
(0 -1.93660506230385e-06 2.0420388047709e-13)
(0 -1.95101057250578e-06 -8.98692811499706e-14)
(0 -1.96630433338421e-06 -3.25308037200439e-13)
(0 -1.98256090695161e-06 -2.32882169306028e-13)
(0 -1.99958152705712e-06 3.47328915677764e-13)
(0 -2.01758732214152e-06 5.30893575508514e-13)
(0 -2.03677059029687e-06 5.40941377376121e-13)
(0 -2.05700499247133e-06 1.91912276270805e-13)
(0 -2.07831355335227e-06 -1.87284905752995e-13)
(0 -2.10104092414655e-06 -8.77787517711379e-14)
(0 -2.12516559961177e-06 -2.76986557771541e-13)
(0 -2.15045380340449e-06 -2.17019593750898e-13)
(0 -2.17739839067552e-06 -3.11235723682406e-13)
(0 -2.20611703362357e-06 -4.03574843653262e-13)
(0 -2.23622711728421e-06 1.18402921221782e-13)
(0 -2.26805109567827e-06 2.10634791103088e-13)
(0 -2.30187321268957e-06 -1.72779320154594e-15)
(0 -2.33743143716016e-06 -7.78352951862274e-14)
(0 -2.37468106434909e-06 5.26886854853373e-14)
(0 -2.41404275262483e-06 3.07810867793921e-13)
(0 -2.45534084887664e-06 6.51394021546711e-14)
(0 -2.49812925866319e-06 -6.04987444691178e-13)
(0 -2.54282159377167e-06 -5.03711804214032e-13)
(0 -2.58928097331682e-06 1.58163674968947e-13)
(0 -2.63686424929269e-06 -1.62525662481053e-13)
(0 -2.6855219625364e-06 -1.42047041645442e-13)
(0 -2.73481003148349e-06 6.42884323756617e-16)
(0 -2.78399910960636e-06 -1.02681988826934e-13)
(0 -2.83251858443258e-06 4.34968279048276e-13)
(0 -2.87860522404423e-06 3.46396257729799e-13)
(0 -2.92040394178957e-06 -1.3854261003467e-13)
(0 -2.95707210227251e-06 -6.29873916972285e-14)
(0 -2.98282983494683e-06 1.48644166130151e-13)
(0 -2.99107874290849e-06 -1.57869814346391e-13)
(0 -2.97964563914251e-06 -2.60159598234411e-13)
(0 -2.93954496686698e-06 -2.63288713418392e-14)
(0 -2.8739174033421e-06 4.21264805394342e-13)
(0 -2.79618827199302e-06 6.02039275113226e-13)
(0 -2.7099591369396e-06 1.81107516851429e-13)
(0 -2.61794522457018e-06 -1.53474253300008e-13)
(0 -2.52465107885108e-06 -9.74605454345293e-14)
(0 -2.4328095533865e-06 2.37863396215183e-13)
(0 -2.34536580613818e-06 2.78654257655599e-13)
(0 -2.26413049083435e-06 9.64486430843641e-14)
(0 -2.1885445657416e-06 4.18467741867358e-14)
(0 -2.12070257428813e-06 -2.20980198017134e-13)
(0 -2.06234632286202e-06 -3.03339518243533e-15)
(0 -2.01198066552676e-06 2.78557078995076e-13)
(0 -1.96921318888993e-06 1.51932373520519e-13)
(0 -1.93429294341697e-06 1.95868512793574e-14)
(0 -1.91046185719047e-06 -1.4505113685827e-13)
(0 -1.91056164482645e-06 -1.39158644709749e-13)
(0 -1.91129236105533e-06 -1.43456142783563e-14)
(0 -1.91226060942081e-06 -1.7767358344695e-13)
(0 -1.91337772903715e-06 2.12835466563608e-13)
(0 -1.91466719884042e-06 6.15256493573187e-13)
(0 -1.91611744641161e-06 3.65626843365444e-13)
(0 -1.91768007100797e-06 1.26313166040751e-13)
(0 -1.91936640067995e-06 2.72872777752675e-13)
(0 -1.92118187559744e-06 2.42834979063696e-13)
(0 -1.92310014388336e-06 -4.02584133937999e-14)
(0 -1.92511074269455e-06 -9.92233264747123e-15)
(0 -1.92723209357474e-06 2.24188332710302e-13)
(0 -1.92945490898483e-06 -1.52040585984103e-13)
(0 -1.9317560412424e-06 -3.69509033876996e-13)
(0 -1.93415708787049e-06 4.84352792430357e-14)
(0 -1.93666138239615e-06 3.99036970985097e-14)
(0 -1.93924617604156e-06 -3.22333698756536e-13)
(0 -1.94192136726238e-06 -3.12309650152896e-13)
(0 -1.94470233539193e-06 1.99326935636665e-13)
(0 -1.94757772118739e-06 1.29001108374276e-13)
(0 -1.95053890249572e-06 4.15127999996782e-14)
(0 -1.95361300095261e-06 -1.15758857325198e-14)
(0 -1.95680025026065e-06 -9.70716495737139e-14)
(0 -1.96007833025365e-06 3.03475855048351e-13)
(0 -1.96347525743429e-06 6.11771102238314e-13)
(0 -1.96700417219306e-06 3.27661512310914e-13)
(0 -1.97064383794964e-06 -2.88982290276274e-15)
(0 -1.9744053487587e-06 -4.80194232837376e-14)
(0 -1.97831846021825e-06 -2.80626216617952e-14)
(0 -1.98237373329967e-06 1.92705779800629e-14)
(0 -1.98655352986245e-06 -2.23323093549533e-15)
(0 -1.99090859859061e-06 -1.84047159134321e-13)
(0 -1.99544783528271e-06 -1.83207536432845e-13)
(0 -2.0001338606264e-06 -2.08073037346223e-13)
(0 -2.00501088499058e-06 -2.46046999431412e-13)
(0 -2.01010850772142e-06 1.61169077785952e-14)
(0 -2.01539890592323e-06 -3.22515817444345e-13)
(0 -2.02089640714915e-06 -2.01021503743986e-13)
(0 -2.02665831119222e-06 3.68277935792263e-13)
(0 -2.03267595208049e-06 3.17298697129296e-13)
(0 -2.03891556131033e-06 -2.82515528840243e-13)
(0 -2.04547503491122e-06 -5.86652361581335e-13)
(0 -2.05237710561582e-06 5.4086858488503e-14)
(0 -2.05955303921513e-06 6.38818681140469e-14)
(0 -2.06708603789116e-06 -1.50578249102641e-13)
(0 -2.07504040589045e-06 -1.62500734661305e-13)
(0 -2.08336920491215e-06 5.14607548021239e-14)
(0 -2.09209210948458e-06 1.41589665666536e-13)
(0 -2.10133248355594e-06 1.5224476615075e-13)
(0 -2.11108387160764e-06 2.41018525037385e-13)
(0 -2.12126921635257e-06 -1.03862911609683e-13)
(0 -2.13208768090031e-06 -3.82202527096389e-13)
(0 -2.14359354537557e-06 -2.76311011774904e-13)
(0 -2.15564538790824e-06 4.06214267455852e-13)
(0 -2.16839985650585e-06 6.24015378501401e-13)
(0 -2.18199464281402e-06 6.37634242631451e-13)
(0 -2.19634050133068e-06 2.28059920359645e-13)
(0 -2.21145339623366e-06 -2.19697834448257e-13)
(0 -2.2275787752463e-06 -1.02991427059872e-13)
(0 -2.24470243467796e-06 -3.25750609057555e-13)
(0 -2.26265790933699e-06 -2.55376461714039e-13)
(0 -2.28179564440471e-06 -3.65961796408717e-13)
(0 -2.30220063180192e-06 -4.76469362161603e-13)
(0 -2.32360104560838e-06 1.37945738702548e-13)
(0 -2.34622611804965e-06 2.48434105295509e-13)
(0 -2.37027904064285e-06 -1.35784577090868e-15)
(0 -2.39557395735557e-06 -9.18478144941402e-14)
(0 -2.4220788445844e-06 6.11930301634913e-14)
(0 -2.45009380182054e-06 3.62737086615723e-13)
(0 -2.47949493749222e-06 7.874602955397e-14)
(0 -2.50996439511933e-06 -7.11952387087478e-13)
(0 -2.54179682631933e-06 -5.95322478245844e-13)
(0 -2.57489601696996e-06 1.85856311295515e-13)
(0 -2.60880394095093e-06 -1.91085208336882e-13)
(0 -2.6434852357156e-06 -1.67791915986493e-13)
(0 -2.67862402979409e-06 6.99110222458622e-16)
(0 -2.71370059919247e-06 -1.21833489433695e-13)
(0 -2.74830881365462e-06 5.12351375064912e-13)
(0 -2.78119218673322e-06 4.09483927328609e-13)
(0 -2.81102653346045e-06 -1.62853261637555e-13)
(0 -2.83721247269301e-06 -7.47017507449042e-14)
(0 -2.85563066358473e-06 1.75487910278634e-13)
(0 -2.86156955327972e-06 -1.85766518908417e-13)
(0 -2.85347502900671e-06 -3.07081856373295e-13)
(0 -2.82492743187462e-06 -3.17429648474798e-14)
(0 -2.77813530675954e-06 4.96909613114314e-13)
(0 -2.7226902734434e-06 7.10807195342717e-13)
(0 -2.66117553352225e-06 2.14143323415312e-13)
(0 -2.59552687226565e-06 -1.81096754380681e-13)
(0 -2.52895805473508e-06 -1.15226469238815e-13)
(0 -2.46341986661998e-06 2.80773103450702e-13)
(0 -2.40101488620637e-06 3.2913027293851e-13)
(0 -2.34303672403385e-06 1.13966382044404e-13)
(0 -2.289087509885e-06 4.94942834292047e-14)
(0 -2.24066278666391e-06 -2.61011723817346e-13)
(0 -2.19900697851192e-06 -3.64871734644953e-15)
(0 -2.16305405081171e-06 3.29018460273842e-13)
(0 -2.13252341345589e-06 1.79480612699443e-13)
(0 -2.10761570239165e-06 2.31543500404074e-14)
(0 -2.1663534764716e-06 -1.65654418762363e-13)
(0 -2.16635741043378e-06 -1.60238378128312e-13)
(0 -2.16674812093946e-06 -1.54160401866908e-14)
(0 -2.16728134805588e-06 -2.05893766996294e-13)
(0 -2.16790319298615e-06 2.36786240659626e-13)
(0 -2.16862734613332e-06 7.02897418885722e-13)
(0 -2.16944718618588e-06 4.21449726021796e-13)
(0 -2.17033395577716e-06 1.4429144346739e-13)
(0 -2.17129421772102e-06 3.1124926554768e-13)
(0 -2.17233133318401e-06 2.80311743648084e-13)
(0 -2.17342973655351e-06 -4.46912283552901e-14)
(0 -2.17458311585899e-06 -1.36382686939068e-14)
(0 -2.17580241147133e-06 2.58337864637767e-13)
(0 -2.17708222774944e-06 -1.69840255558893e-13)
(0 -2.17840875496058e-06 -4.24921972625183e-13)
(0 -2.17979477274356e-06 5.3200574666892e-14)
(0 -2.18124242031157e-06 4.87107015797327e-14)
(0 -2.18273817974207e-06 -3.66814566744417e-13)
(0 -2.18428782938262e-06 -3.61463905665363e-13)
(0 -2.18590059482649e-06 2.25929665136079e-13)
(0 -2.18756983499057e-06 1.48626785884023e-13)
(0 -2.18929032365445e-06 4.83616276329515e-14)
(0 -2.19107815654025e-06 -1.23033657593702e-14)
(0 -2.19293366843095e-06 -1.13673061786309e-13)
(0 -2.1948435478326e-06 3.430897497015e-13)
(0 -2.19682434692141e-06 7.00864404194269e-13)
(0 -2.19888403569497e-06 3.788804749251e-13)
(0 -2.20101005211026e-06 -1.38486660510947e-15)
(0 -2.20320891167025e-06 -5.48990740725959e-14)
(0 -2.20549837516832e-06 -3.25549774925755e-14)
(0 -2.20787295829809e-06 2.19882432535486e-14)
(0 -2.21032207622365e-06 -1.26813461318638e-15)
(0 -2.21287591118714e-06 -2.10032404541896e-13)
(0 -2.21553999614969e-06 -2.09761990653456e-13)
(0 -2.21829204367167e-06 -2.38083066181002e-13)
(0 -2.22115827445049e-06 -2.83422365067284e-13)
(0 -2.22415652782603e-06 1.93565641605805e-14)
(0 -2.22727030525124e-06 -3.68952565443916e-13)
(0 -2.23050801686454e-06 -2.34236984901823e-13)
(0 -2.23390390569855e-06 4.20143040054798e-13)
(0 -2.23745304177759e-06 3.67344966233095e-13)
(0 -2.24113518972655e-06 -3.19896935699626e-13)
(0 -2.24500864076475e-06 -6.75025596786932e-13)
(0 -2.24908729689162e-06 5.94551239300225e-14)
(0 -2.25333019966321e-06 7.4320687634298e-14)
(0 -2.25778680393398e-06 -1.71881075658863e-13)
(0 -2.26249573059746e-06 -1.87454806570995e-13)
(0 -2.26742917138309e-06 5.78345828354919e-14)
(0 -2.2725986912266e-06 1.62130106771854e-13)
(0 -2.27807803805395e-06 1.74314788482692e-13)
(0 -2.28386383908805e-06 2.77898258939536e-13)
(0 -2.28990977891879e-06 -1.16852510551606e-13)
(0 -2.29633462277991e-06 -4.38358372459547e-13)
(0 -2.30317170514557e-06 -3.20465360975413e-13)
(0 -2.31033647257674e-06 4.63443605610781e-13)
(0 -2.31792200488573e-06 7.16032740210866e-13)
(0 -2.32601121102648e-06 7.34030570220907e-13)
(0 -2.33455119184683e-06 2.64953692612482e-13)
(0 -2.34355114390849e-06 -2.51507235889556e-13)
(0 -2.35315788224517e-06 -1.17926907170183e-13)
(0 -2.3633636859352e-06 -3.73996740913618e-13)
(0 -2.37406893417647e-06 -2.93389764970197e-13)
(0 -2.38548283626369e-06 -4.20054216815454e-13)
(0 -2.39765707302268e-06 -5.49415545908873e-13)
(0 -2.41042945148525e-06 1.5666432743277e-13)
(0 -2.42393676107726e-06 2.86133844270437e-13)
(0 -2.43830105988112e-06 -6.8076491347896e-16)
(0 -2.45341167278277e-06 -1.05837941468271e-13)
(0 -2.46924924889729e-06 6.92446448203479e-14)
(0 -2.4859936258876e-06 4.1735199081134e-13)
(0 -2.50357151310592e-06 9.31624184068606e-14)
(0 -2.52179262335893e-06 -8.17851513421128e-13)
(0 -2.54083321669197e-06 -6.87158221933072e-13)
(0 -2.56063658722225e-06 2.13148866025844e-13)
(0 -2.5809287599313e-06 -2.19279780773913e-13)
(0 -2.60168844148159e-06 -1.93551085089008e-13)
(0 -2.62272694009613e-06 7.31717159380129e-16)
(0 -2.64373317931189e-06 -1.41223448276512e-13)
(0 -2.66446439426659e-06 5.8914280807955e-13)
(0 -2.68416861531782e-06 4.72713608250305e-13)
(0 -2.70205179662426e-06 -1.86833384862262e-13)
(0 -2.71775597076401e-06 -8.65424797934083e-14)
(0 -2.72881576443628e-06 2.02300979474048e-13)
(0 -2.73240542462353e-06 -2.13380872049452e-13)
(0 -2.7275915987086e-06 -3.5394507432022e-13)
(0 -2.71052263433967e-06 -3.74123195256531e-14)
(0 -2.68250110117736e-06 5.72307032452956e-13)
(0 -2.64929103753466e-06 8.19417150990948e-13)
(0 -2.61244215496157e-06 2.47230371032708e-13)
(0 -2.57311284231767e-06 -2.0863762912243e-13)
(0 -2.5332284170043e-06 -1.33012691051361e-13)
(0 -2.49395820385302e-06 3.23578119168149e-13)
(0 -2.4565626044003e-06 3.79547960945893e-13)
(0 -2.42181765470926e-06 1.31479374446212e-13)
(0 -2.38948552933258e-06 5.71550087600184e-14)
(0 -2.36046279601738e-06 -3.00991783685747e-13)
(0 -2.33549595952646e-06 -4.28625806259124e-15)
(0 -2.31394675032458e-06 3.79416772263256e-13)
(0 -2.29564620148741e-06 2.07002784707898e-13)
(0 -2.28074592621904e-06 2.67183329894858e-14)
(0 -2.41708648041719e-06 -1.85847535578595e-13)
(0 -2.41706305713998e-06 -1.81489899811433e-13)
(0 -2.41717207330402e-06 -1.60263283246602e-14)
(0 -2.41732867966343e-06 -2.34749587902608e-13)
(0 -2.41751449709978e-06 2.57532559524826e-13)
(0 -2.41773390395557e-06 7.88786681983399e-13)
(0 -2.41798484957477e-06 4.77824132809707e-13)
(0 -2.41825786591185e-06 1.61964582620684e-13)
(0 -2.41855503085483e-06 3.48641274427028e-13)
(0 -2.41887751543904e-06 3.1827891628468e-13)
(0 -2.41922024212704e-06 -4.84241724588546e-14)
(0 -2.41958108454953e-06 -1.82817097093531e-14)
(0 -2.41996364128085e-06 2.92691686701453e-13)
(0 -2.4203661982055e-06 -1.85577262681193e-13)
(0 -2.42078417917953e-06 -4.80346210960085e-13)
(0 -2.42122176374347e-06 5.68954158649933e-14)
(0 -2.42167973503385e-06 5.86407832159818e-14)
(0 -2.42215364242251e-06 -4.09682043746378e-13)
(0 -2.42264533436716e-06 -4.11559830409273e-13)
(0 -2.42315788925036e-06 2.51154032654926e-13)
(0 -2.42368917582304e-06 1.68346334443864e-13)
(0 -2.42423742027741e-06 5.54650102047976e-14)
(0 -2.42480790705824e-06 -1.25852792658798e-14)
(0 -2.42540084396399e-06 -1.31059789876706e-13)
(0 -2.42601182433892e-06 3.80248956169981e-13)
(0 -2.42664624472628e-06 7.88756928126454e-13)
(0 -2.42730680638712e-06 4.30902007947582e-13)
(0 -2.42798940306304e-06 9.39489743715047e-16)
(0 -2.42869613810954e-06 -6.16216612678488e-14)
(0 -2.42943289216212e-06 -3.71568635168228e-14)
(0 -2.43019792215177e-06 2.46175655561256e-14)
(0 -2.43098769006411e-06 2.21388384403594e-16)
(0 -2.43181213553891e-06 -2.35304502365764e-13)
(0 -2.43267320073387e-06 -2.35886773833699e-13)
(0 -2.433563512808e-06 -2.67529921366799e-13)
(0 -2.43449166884979e-06 -3.20917670067637e-13)
(0 -2.43546365945907e-06 2.29135852876567e-14)
(0 -2.43647407267899e-06 -4.14449264017971e-13)
(0 -2.43752561841469e-06 -2.68602335841636e-13)
(0 -2.4386296530775e-06 4.70435910868879e-13)
(0 -2.43978466283522e-06 4.18208695287145e-13)
(0 -2.44098390269746e-06 -3.55082684538161e-13)
(0 -2.44224659861329e-06 -7.63228173021331e-13)
(0 -2.44357751566541e-06 6.3666541402324e-14)
(0 -2.44496312219378e-06 8.50525291116706e-14)
(0 -2.44641968446575e-06 -1.92568470119391e-13)
(0 -2.44796010175022e-06 -2.1253668426285e-13)
(0 -2.44957526764313e-06 6.3631008986988e-14)
(0 -2.45126891627333e-06 1.82295629051605e-13)
(0 -2.45306551165671e-06 1.95965629954119e-13)
(0 -2.45496417189605e-06 3.14893339528408e-13)
(0 -2.45694940219456e-06 -1.2872402277246e-13)
(0 -2.45906044935683e-06 -4.93736551393686e-13)
(0 -2.46130880492282e-06 -3.65482879115034e-13)
(0 -2.46366641196615e-06 5.18866384168889e-13)
(0 -2.46616386261667e-06 8.06896390004051e-13)
(0 -2.46882894731673e-06 8.30187608752536e-13)
(0 -2.47164433675685e-06 3.02727728256281e-13)
(0 -2.47461290706831e-06 -2.8266332698101e-13)
(0 -2.47778339466697e-06 -1.32562466630054e-13)
(0 -2.48115361216556e-06 -4.21702682204177e-13)
(0 -2.48469045936067e-06 -3.31048937385286e-13)
(0 -2.488463185265e-06 -4.73473439439594e-13)
(0 -2.49248935634615e-06 -6.224708614119e-13)
(0 -2.49671532095805e-06 1.74466728000418e-13)
(0 -2.5011863314908e-06 3.2374204332863e-13)
(0 -2.50594315886454e-06 3.42386218697454e-16)
(0 -2.51094930726283e-06 -1.19807716059839e-13)
(0 -2.51619826054965e-06 7.67923260305691e-14)
(0 -2.52174988330101e-06 4.71638627803658e-13)
(0 -2.52758024653808e-06 1.08489875926208e-13)
(0 -2.53362611822339e-06 -9.22592024270325e-13)
(0 -2.53994602808882e-06 -7.79272646295168e-13)
(0 -2.54652156628213e-06 2.39999525386011e-13)
(0 -2.55326180501693e-06 -2.47074037529155e-13)
(0 -2.56015962824115e-06 -2.19329575915215e-13)
(0 -2.56715253477169e-06 7.38917075074742e-16)
(0 -2.57413718952835e-06 -1.60879559065348e-13)
(0 -2.58103309928784e-06 6.65272974797083e-13)
(0 -2.58759047764957e-06 5.36094992627648e-13)
(0 -2.59354481553462e-06 -2.10440960639154e-13)
(0 -2.59877752535308e-06 -9.85208148206649e-14)
(0 -2.60246953596789e-06 2.29070899372008e-13)
(0 -2.60367925156652e-06 -2.40667822736463e-13)
(0 -2.60209502490814e-06 -4.0071679925869e-13)
(0 -2.59643225862053e-06 -4.33659336849952e-14)
(0 -2.58711202720754e-06 6.47374630189653e-13)
(0 -2.5760664103031e-06 9.27757887403793e-13)
(0 -2.5638094941856e-06 2.80339342993105e-13)
(0 -2.55072605629491e-06 -2.36065540956627e-13)
(0 -2.53745658407312e-06 -1.50803195557616e-13)
(0 -2.5243903193051e-06 3.66229033137488e-13)
(0 -2.51194682826645e-06 4.29852715840843e-13)
(0 -2.50038466228793e-06 1.48969526683386e-13)
(0 -2.48962488074335e-06 6.48223264464186e-14)
(0 -2.4799659224456e-06 -3.40874879595303e-13)
(0 -2.47165648497489e-06 -4.94757148759511e-15)
(0 -2.46448437225917e-06 4.29693413460635e-13)
(0 -2.45839304261616e-06 2.34467685320228e-13)
(0 -2.45344623389408e-06 3.02814249152343e-14)
)
;

boundaryField
{
    dieWall
    {
        type            cellMotion;
        value           nonuniform List<vector> 
100
(
(0 -2.53954836981312e-06 -1.95683390975549e-13)
(0 -2.53954836981312e-06 -1.9101205730525e-13)
(0 -2.53954836981312e-06 -1.64376050782533e-14)
(0 -2.53954836981312e-06 -2.47662242576195e-13)
(0 -2.53954836981312e-06 2.73129423590201e-13)
(0 -2.53954836981312e-06 8.32274508194581e-13)
(0 -2.53954836981312e-06 5.02111703126493e-13)
(0 -2.53954836981312e-06 1.69751163293387e-13)
(0 -2.53954836981312e-06 3.67816134984031e-13)
(0 -2.53954836981312e-06 3.34969074329393e-13)
(0 -2.53954836981312e-06 -5.20743821470599e-14)
(0 -2.53954836981312e-06 -1.89677163975178e-14)
(0 -2.53954836981312e-06 3.08959860313139e-13)
(0 -2.53954836981312e-06 -1.97086729746698e-13)
(0 -2.53954836981312e-06 -5.06605953839133e-13)
(0 -2.53954836981312e-06 6.14229981132741e-14)
(0 -2.53954836981312e-06 6.14653510061186e-14)
(0 -2.53954836981312e-06 -4.33002482046541e-13)
(0 -2.53954836981312e-06 -4.33302289835857e-13)
(0 -2.53954836981312e-06 2.66355104102883e-13)
(0 -2.53954836981312e-06 1.77149921280456e-13)
(0 -2.53954836981312e-06 5.81420162226169e-14)
(0 -2.53954836981312e-06 -1.35109939294078e-14)
(0 -2.53954836981312e-06 -1.38069142967718e-13)
(0 -2.53954836981312e-06 4.02409547841702e-13)
(0 -2.53954836981312e-06 8.3231846097172e-13)
(0 -2.53954836981312e-06 4.5323008387442e-13)
(0 -2.53954836981312e-06 0)
(0 -2.53954836981312e-06 -6.50936572043825e-14)
(0 -2.53954836981312e-06 -3.90868368056433e-14)
(0 -2.53954836981312e-06 2.60714446780549e-14)
(0 -2.53954836981312e-06 0)
(0 -2.53954836981312e-06 -2.48678795365822e-13)
(0 -2.53954836981312e-06 -2.48856516127523e-13)
(0 -2.53954836981312e-06 -2.82329632146358e-13)
(0 -2.53954836981312e-06 -3.38407333039477e-13)
(0 -2.53954836981312e-06 2.44731409992946e-14)
(0 -2.53954836981312e-06 -4.37977776190813e-13)
(0 -2.53954836981312e-06 -2.82584328641061e-13)
(0 -2.53954836981312e-06 4.97669684164197e-13)
(0 -2.53954836981312e-06 4.40637418115538e-13)
(0 -2.53954836981312e-06 -3.76350792646731e-13)
(0 -2.53954836981312e-06 -8.05558813539007e-13)
(0 -2.53954836981312e-06 6.85415126795516e-14)
(0 -2.53954836981312e-06 8.95878964155968e-14)
(0 -2.53954836981312e-06 -2.03719841109039e-13)
(0 -2.53954836981312e-06 -2.24187840216743e-13)
(0 -2.53954836981312e-06 6.76736712768973e-14)
(0 -2.53954836981312e-06 1.92650073163604e-13)
(0 -2.53954836981312e-06 2.07023033694144e-13)
(0 -2.53954836981312e-06 3.32336269279142e-13)
(0 -2.53954836981312e-06 -1.36797427160427e-13)
(0 -2.53954836981312e-06 -5.2179290490131e-13)
(0 -2.53954836981312e-06 -3.85180953756116e-13)
(0 -2.53954836981312e-06 5.49329885123254e-13)
(0 -2.53954836981312e-06 8.52654402381235e-13)
(0 -2.53954836981312e-06 8.76597061536469e-13)
(0 -2.53954836981312e-06 3.1878220962853e-13)
(0 -2.53954836981312e-06 -2.99164293080763e-13)
(0 -2.53954836981312e-06 -1.4009213785936e-13)
(0 -2.53954836981312e-06 -4.45808970906084e-13)
(0 -2.53954836981312e-06 -3.49807769817971e-13)
(0 -2.53954836981312e-06 -5.00566471680001e-13)
(0 -2.53954836981312e-06 -6.57425893294577e-13)
(0 -2.53954836981312e-06 1.85228117170637e-13)
(0 -2.53954836981312e-06 3.42087285747888e-13)
(0 -2.53954836981312e-06 0)
(0 -2.53954836981312e-06 -1.26617429630051e-13)
(0 -2.53954836981312e-06 8.15821366172116e-14)
(0 -2.53954836981312e-06 4.98688846563508e-13)
(0 -2.53954836981312e-06 1.13802698675387e-13)
(0 -2.53954836981312e-06 -9.76123632523597e-13)
(0 -2.53954836981312e-06 -8.23268990468272e-13)
(0 -2.53954836981312e-06 2.5421933027924e-13)
(0 -2.53954836981312e-06 -2.61587040750105e-13)
(0 -2.53954836981312e-06 -2.31809235692175e-13)
(0 -2.53954836981312e-06 8.38307790858863e-16)
(0 -2.53954836981312e-06 -1.69838118082311e-13)
(0 -2.53954836981312e-06 7.04064702984119e-13)
(0 -2.53954836981312e-06 5.66627474801349e-13)
(0 -2.53954836981312e-06 -2.22948641255417e-13)
(0 -2.53954836981312e-06 -1.04020416582981e-13)
(0 -2.53954836981312e-06 2.42292829582399e-13)
(0 -2.53954836981312e-06 -2.54882165430336e-13)
(0 -2.53954836981312e-06 -4.23868539161062e-13)
(0 -2.53954836981312e-06 -4.55268719873775e-14)
(0 -2.53954836981312e-06 6.85188084797817e-13)
(0 -2.53954836981312e-06 9.81627611424591e-13)
(0 -2.53954836981312e-06 2.96439526628874e-13)
(0 -2.53954836981312e-06 -2.49877611899227e-13)
(0 -2.53954836981312e-06 -1.59502294521919e-13)
(0 -2.53954836981312e-06 3.87642772393661e-13)
(0 -2.53954836981312e-06 4.54885658245818e-13)
(0 -2.53954836981312e-06 1.57618203209745e-13)
(0 -2.53954836981312e-06 6.85654916379915e-14)
(0 -2.53954836981312e-06 -3.6077280991808e-13)
(0 -2.53954836981312e-06 -5.19689809577384e-15)
(0 -2.53954836981312e-06 4.54782884399545e-13)
(0 -2.53954836981312e-06 2.48146056783655e-13)
(0 -2.53954836981312e-06 3.20511094935342e-14)
)
;
    }
    outlet
    {
        type            slip;
    }
    Wire
    {
        type            cellMotion;
        value           nonuniform List<vector> 
100
(
(0 -1.04193947222905e-07 -1.72329433813778e-26)
(0 -1.06832142273553e-07 0)
(0 -1.11496877118643e-07 -1.7232989965136e-26)
(0 -1.17059495714442e-07 1.72329968103276e-26)
(0 -1.23187568873595e-07 0)
(0 -1.2997559564689e-07 -2.41541489537991e-25)
(0 -1.37375682188895e-07 9.49223299453847e-26)
(0 -1.45198977635797e-07 1.7233021688068e-26)
(0 -1.53490868779361e-07 0)
(0 -1.62270616771239e-07 -2.41551178005711e-25)
(0 -1.71434715030564e-07 1.72330367320356e-26)
(0 -1.80942993887985e-07 3.44660817930017e-26)
(0 -1.90866340390928e-07 -3.446609206406e-26)
(0 -2.01167187391077e-07 -4.1419346773399e-25)
(0 -2.11755833066362e-07 0)
(0 -2.22715572094736e-07 0)
(0 -2.34057061383169e-07 4.14213137176521e-25)
(0 -2.45692361966298e-07 2.24343114833405e-25)
(0 -2.57659789578634e-07 3.44661387108034e-26)
(0 -2.70016636650532e-07 1.89884254639477e-25)
(0 -2.82717738200262e-07 3.4466154593008e-26)
(0 -2.95730773467648e-07 3.44661613154258e-26)
(0 -3.09158433555379e-07 0)
(0 -3.22998789575614e-07 4.48732547464614e-25)
(0 -3.37166991078501e-07 0)
(0 -3.51769849434393e-07 -4.48749764522013e-25)
(0 -3.66854568634087e-07 -5.17691223209027e-25)
(0 -3.82338996644572e-07 -6.8932440057817e-26)
(0 -3.98265579834659e-07 6.8932462745743e-26)
(0 -4.14745474835057e-07 0)
(0 -4.31740565011422e-07 5.17730201455577e-25)
(0 -4.49184228102427e-07 -8.97616279990346e-25)
(0 -4.67267239311491e-07 0)
(0 -4.86019523957509e-07 -6.89325926782518e-26)
(0 -5.05299888963547e-07 6.89326169657648e-26)
(0 -5.25274348525759e-07 6.89326575815529e-26)
(0 -5.46050662107598e-07 -4.48866177820317e-25)
(0 -5.67522816052501e-07 6.89327202519981e-26)
(0 -5.8974432523178e-07 0)
(0 -6.12927341511319e-07 0)
(0 -6.37035376539825e-07 0)
(0 -6.6194232944587e-07 0)
(0 -6.88013030844424e-07 1.03576838121617e-24)
(0 -7.15326159670006e-07 1.37865996318704e-25)
(0 -7.43623965568047e-07 1.37866090373438e-25)
(0 -7.73216658698284e-07 -1.37866231478537e-25)
(0 -8.04337817270652e-07 1.37866367688159e-25)
(0 -8.3680905935949e-07 -1.37866482560957e-25)
(0 -8.70704165033798e-07 1.37866631637554e-25)
(0 -9.06475515570905e-07 -8.98164344064277e-25)
(0 -9.44090655803201e-07 1.9342857797609e-24)
(0 -9.83271506127169e-07 1.37867097438037e-25)
(0 -1.02474683768738e-06 0)
(0 -1.06870142652357e-06 1.37867574936901e-25)
(0 -1.1146218869813e-06 0)
(0 -1.16308216056615e-06 -1.37868052820861e-25)
(0 -1.21457594008854e-06 0)
(0 -1.26876969929173e-06 -1.93506607703528e-24)
(0 -1.32572442504151e-06 1.3786882665094e-25)
(0 -1.38633413451307e-06 1.65961019883059e-24)
(0 -1.45053074453349e-06 -1.79763336016209e-24)
(0 -1.51770588230426e-06 1.79779451000514e-24)
(0 -1.589143513381e-06 1.79796533557193e-24)
(0 -1.66513472225714e-06 0)
(0 -1.7446762716882e-06 0)
(0 -1.82860779946992e-06 1.79854009159324e-24)
(0 -1.91765856765276e-06 -3.59750714348348e-24)
(0 -2.01113655206557e-06 0)
(0 -2.10892220092792e-06 0)
(0 -2.21210249443198e-06 2.75746445302478e-25)
(0 -2.32020347035809e-06 -3.59943923742155e-24)
(0 -2.43205970496902e-06 0)
(0 -2.54874878211278e-06 3.60053865377852e-24)
(0 -2.6698931734471e-06 0)
(0 -2.79381387771855e-06 0)
(0 -2.92038545987918e-06 0)
(0 -3.04844328496695e-06 4.15444727486119e-24)
(0 -3.17608885763305e-06 3.603562842596e-24)
(0 -3.30186479987945e-06 -5.51499718091697e-25)
(0 -3.42116124637364e-06 -3.60475081352056e-24)
(0 -3.52916365215626e-06 4.15676771409273e-24)
(0 -3.62392114445927e-06 -4.15722535605324e-24)
(0 -3.69029147074367e-06 3.60606860778618e-24)
(0 -3.71101211775755e-06 -3.60617076710344e-24)
(0 -3.6810526632087e-06 0)
(0 -3.5763716850055e-06 5.51397133857573e-25)
(0 -3.40466424726407e-06 -5.51383450047351e-25)
(0 -3.20302864113702e-06 -3.60364921313589e-24)
(0 -2.97975330019052e-06 -5.51367423586181e-25)
(0 -2.74166190342085e-06 0)
(0 -2.50048727452635e-06 -3.60023974994271e-24)
(0 -2.26334896355667e-06 0)
(0 -2.03764454705858e-06 0)
(0 -1.82805756042606e-06 2.07420171311227e-24)
(0 -1.63326947554011e-06 -2.75692390265042e-25)
(0 -1.45847371815946e-06 -1.52193819166517e-24)
(0 -1.30797889972855e-06 2.75701326154774e-25)
(0 -1.17820157655253e-06 -1.79697094841691e-24)
(0 -1.0680483893476e-06 1.65885566031551e-24)
(0 -9.80772532782992e-07 0)
)
;
    }
    inlet
    {
        type            slip;
    }
    back
    {
        type            wedge;
    }
    front
    {
        type            wedge;
    }
}


// ************************************************************************* //
