202
(
(0 -1.1376043812731701e-05 4.966887994324107e-07)
(0 -1.1376043812731701e-05 4.966887994324107e-07)
(0 -1.1376043812731701e-05 4.966887994324107e-07)
(0 -1.1376043812731701e-05 4.966887994324107e-07)
(0 -1.1376043812731701e-05 4.966887994324107e-07)
(0 -1.1376043812731701e-05 4.966887994324107e-07)
(0 -1.1376043812731701e-05 4.966887994324107e-07)
(0 -1.1376043812731701e-05 4.966887994324107e-07)
(0 -1.1376043812731701e-05 4.966887994324107e-07)
(0 -1.1376043812731701e-05 4.966887994324107e-07)
(0 -1.1376043812731701e-05 4.966887994324107e-07)
(0 -1.1376043812731701e-05 4.966887994324107e-07)
(0 -1.1376043812731701e-05 4.966887994324107e-07)
(0 -1.1376043812731701e-05 4.966887994324107e-07)
(0 -1.1376043812731701e-05 4.966887994324107e-07)
(0 -1.1376043812731701e-05 4.966887994324107e-07)
(0 -1.1376043812731701e-05 4.966887994324107e-07)
(0 -1.1376043812731701e-05 4.966887994324107e-07)
(0 -1.1376043812731701e-05 4.966887994324107e-07)
(0 -1.1376043812731701e-05 4.966887994324107e-07)
(0 -1.1376043812731701e-05 4.966887994324107e-07)
(0 -1.1376043812731701e-05 4.966887994324107e-07)
(0 -1.1376043812731701e-05 4.966887994324107e-07)
(0 -1.1376043812731701e-05 4.966887994324107e-07)
(0 -1.1376043812731701e-05 4.966887994324107e-07)
(0 -1.1376043812731701e-05 4.966887994324107e-07)
(0 -1.1376043812731701e-05 4.966887994324107e-07)
(0 -1.1376043812731701e-05 4.966887994324107e-07)
(0 -1.1376043812731701e-05 4.966887994324107e-07)
(0 -1.1376043812731701e-05 4.966887994324107e-07)
(0 -1.1376043812731701e-05 4.966887994324107e-07)
(0 -1.1376043812731701e-05 4.966887994324107e-07)
(0 -1.1376043812731701e-05 4.966887994324107e-07)
(0 -1.1376043812731701e-05 4.966887994324107e-07)
(0 -1.1376043812731701e-05 4.966887994324107e-07)
(0 -1.1376043812731701e-05 4.966887994324107e-07)
(0 -1.1376043812731701e-05 4.966887994324107e-07)
(0 -1.1376043812731701e-05 4.966887994324107e-07)
(0 -1.1376043812731701e-05 4.966887994324107e-07)
(0 -1.1376043812731701e-05 4.966887994324107e-07)
(0 -1.1376043812731701e-05 4.966887994324107e-07)
(0 -1.1376043812731701e-05 4.966887994324107e-07)
(0 -1.1376043812731701e-05 4.966887994324107e-07)
(0 -1.1376043812731701e-05 4.966887994324107e-07)
(0 -1.1376043812731701e-05 4.966887994324107e-07)
(0 -1.1376043812731701e-05 4.966887994324107e-07)
(0 -1.1376043812731701e-05 4.966887994324107e-07)
(0 -1.1376043812731701e-05 4.966887994324107e-07)
(0 -1.1376043812731701e-05 4.966887994324107e-07)
(0 -1.1376043812731701e-05 4.966887994324107e-07)
(0 -1.1376043812731701e-05 4.966887994324107e-07)
(0 -1.1376043812731701e-05 4.966887994324107e-07)
(0 -1.1376043812731701e-05 4.966887994324107e-07)
(0 -1.1376043812731701e-05 4.966887994324107e-07)
(0 -1.1376043812731701e-05 4.966887994324107e-07)
(0 -1.1376043812731701e-05 4.966887994324107e-07)
(0 -1.1376043812731701e-05 4.966887994324107e-07)
(0 -1.1376043812731701e-05 4.966887994324107e-07)
(0 -1.1376043812731701e-05 4.966887994324107e-07)
(0 -1.1376043812731701e-05 4.966887994324107e-07)
(0 -1.1376043812731701e-05 4.966887994324107e-07)
(0 -1.1376043812731701e-05 4.966887994324107e-07)
(0 -1.1376043812731701e-05 4.966887994324107e-07)
(0 -1.1376043812731701e-05 4.966887994324107e-07)
(0 -1.1376043812731701e-05 4.966887994324107e-07)
(0 -1.1376043812731701e-05 4.966887994324107e-07)
(0 -1.1376043812731701e-05 4.966887994324107e-07)
(0 -1.1376043812731701e-05 4.966887994324107e-07)
(0 -1.1376043812731701e-05 4.966887994324107e-07)
(0 -1.1376043812731701e-05 4.966887994324107e-07)
(0 -1.1376043812731701e-05 4.966887994324107e-07)
(0 -1.1376043812731701e-05 4.966887994324107e-07)
(0 -1.1376043812731701e-05 4.966887994324107e-07)
(0 -1.1376043812731701e-05 4.966887994324107e-07)
(0 -1.1376043812731701e-05 4.966887994324107e-07)
(0 -1.1376043812731701e-05 4.966887994324107e-07)
(0 -1.1376043812731701e-05 4.966887994324107e-07)
(0 -1.1376043812731701e-05 4.966887994324107e-07)
(0 -1.1376043812731701e-05 4.966887994324107e-07)
(0 -1.1376043812731701e-05 4.966887994324107e-07)
(0 -1.1376043812731701e-05 4.966887994324107e-07)
(0 -1.1376043812731701e-05 4.966887994324107e-07)
(0 -1.1376043812731701e-05 4.966887994324107e-07)
(0 -1.1376043812731701e-05 4.966887994324107e-07)
(0 -1.1376043812731701e-05 4.966887994324107e-07)
(0 -1.1376043812731701e-05 4.966887994324107e-07)
(0 -1.1376043812731701e-05 4.966887994324107e-07)
(0 -1.1376043812731701e-05 4.966887994324107e-07)
(0 -1.1376043812731701e-05 4.966887994324107e-07)
(0 -1.1376043812731701e-05 4.966887994324107e-07)
(0 -1.1376043812731701e-05 4.966887994324107e-07)
(0 -1.1376043812731701e-05 4.966887994324107e-07)
(0 -1.1376043812731701e-05 4.966887994324107e-07)
(0 -1.1376043812731701e-05 4.966887994324107e-07)
(0 -1.1376043812731701e-05 4.966887994324107e-07)
(0 -1.1376043812731701e-05 4.966887994324107e-07)
(0 -1.1376043812731701e-05 4.966887994324107e-07)
(0 -1.1376043812731701e-05 4.966887994324107e-07)
(0 -1.1376043812731701e-05 4.966887994324107e-07)
(0 -1.1376043812731701e-05 4.966887994324107e-07)
(0 -1.1376043812731701e-05 4.966887994324107e-07)
(0 -1.1376043812731701e-05 -4.966887994324107e-07)
(0 -1.1376043812731701e-05 -4.966887994324107e-07)
(0 -1.1376043812731701e-05 -4.966887994324107e-07)
(0 -1.1376043812731701e-05 -4.966887994324107e-07)
(0 -1.1376043812731701e-05 -4.966887994324107e-07)
(0 -1.1376043812731701e-05 -4.966887994324107e-07)
(0 -1.1376043812731701e-05 -4.966887994324107e-07)
(0 -1.1376043812731701e-05 -4.966887994324107e-07)
(0 -1.1376043812731701e-05 -4.966887994324107e-07)
(0 -1.1376043812731701e-05 -4.966887994324107e-07)
(0 -1.1376043812731701e-05 -4.966887994324107e-07)
(0 -1.1376043812731701e-05 -4.966887994324107e-07)
(0 -1.1376043812731701e-05 -4.966887994324107e-07)
(0 -1.1376043812731701e-05 -4.966887994324107e-07)
(0 -1.1376043812731701e-05 -4.966887994324107e-07)
(0 -1.1376043812731701e-05 -4.966887994324107e-07)
(0 -1.1376043812731701e-05 -4.966887994324107e-07)
(0 -1.1376043812731701e-05 -4.966887994324107e-07)
(0 -1.1376043812731701e-05 -4.966887994324107e-07)
(0 -1.1376043812731701e-05 -4.966887994324107e-07)
(0 -1.1376043812731701e-05 -4.966887994324107e-07)
(0 -1.1376043812731701e-05 -4.966887994324107e-07)
(0 -1.1376043812731701e-05 -4.966887994324107e-07)
(0 -1.1376043812731701e-05 -4.966887994324107e-07)
(0 -1.1376043812731701e-05 -4.966887994324107e-07)
(0 -1.1376043812731701e-05 -4.966887994324107e-07)
(0 -1.1376043812731701e-05 -4.966887994324107e-07)
(0 -1.1376043812731701e-05 -4.966887994324107e-07)
(0 -1.1376043812731701e-05 -4.966887994324107e-07)
(0 -1.1376043812731701e-05 -4.966887994324107e-07)
(0 -1.1376043812731701e-05 -4.966887994324107e-07)
(0 -1.1376043812731701e-05 -4.966887994324107e-07)
(0 -1.1376043812731701e-05 -4.966887994324107e-07)
(0 -1.1376043812731701e-05 -4.966887994324107e-07)
(0 -1.1376043812731701e-05 -4.966887994324107e-07)
(0 -1.1376043812731701e-05 -4.966887994324107e-07)
(0 -1.1376043812731701e-05 -4.966887994324107e-07)
(0 -1.1376043812731701e-05 -4.966887994324107e-07)
(0 -1.1376043812731701e-05 -4.966887994324107e-07)
(0 -1.1376043812731701e-05 -4.966887994324107e-07)
(0 -1.1376043812731701e-05 -4.966887994324107e-07)
(0 -1.1376043812731701e-05 -4.966887994324107e-07)
(0 -1.1376043812731701e-05 -4.966887994324107e-07)
(0 -1.1376043812731701e-05 -4.966887994324107e-07)
(0 -1.1376043812731701e-05 -4.966887994324107e-07)
(0 -1.1376043812731701e-05 -4.966887994324107e-07)
(0 -1.1376043812731701e-05 -4.966887994324107e-07)
(0 -1.1376043812731701e-05 -4.966887994324107e-07)
(0 -1.1376043812731701e-05 -4.966887994324107e-07)
(0 -1.1376043812731701e-05 -4.966887994324107e-07)
(0 -1.1376043812731701e-05 -4.966887994324107e-07)
(0 -1.1376043812731701e-05 -4.966887994324107e-07)
(0 -1.1376043812731701e-05 -4.966887994324107e-07)
(0 -1.1376043812731701e-05 -4.966887994324107e-07)
(0 -1.1376043812731701e-05 -4.966887994324107e-07)
(0 -1.1376043812731701e-05 -4.966887994324107e-07)
(0 -1.1376043812731701e-05 -4.966887994324107e-07)
(0 -1.1376043812731701e-05 -4.966887994324107e-07)
(0 -1.1376043812731701e-05 -4.966887994324107e-07)
(0 -1.1376043812731701e-05 -4.966887994324107e-07)
(0 -1.1376043812731701e-05 -4.966887994324107e-07)
(0 -1.1376043812731701e-05 -4.966887994324107e-07)
(0 -1.1376043812731701e-05 -4.966887994324107e-07)
(0 -1.1376043812731701e-05 -4.966887994324107e-07)
(0 -1.1376043812731701e-05 -4.966887994324107e-07)
(0 -1.1376043812731701e-05 -4.966887994324107e-07)
(0 -1.1376043812731701e-05 -4.966887994324107e-07)
(0 -1.1376043812731701e-05 -4.966887994324107e-07)
(0 -1.1376043812731701e-05 -4.966887994324107e-07)
(0 -1.1376043812731701e-05 -4.966887994324107e-07)
(0 -1.1376043812731701e-05 -4.966887994324107e-07)
(0 -1.1376043812731701e-05 -4.966887994324107e-07)
(0 -1.1376043812731701e-05 -4.966887994324107e-07)
(0 -1.1376043812731701e-05 -4.966887994324107e-07)
(0 -1.1376043812731701e-05 -4.966887994324107e-07)
(0 -1.1376043812731701e-05 -4.966887994324107e-07)
(0 -1.1376043812731701e-05 -4.966887994324107e-07)
(0 -1.1376043812731701e-05 -4.966887994324107e-07)
(0 -1.1376043812731701e-05 -4.966887994324107e-07)
(0 -1.1376043812731701e-05 -4.966887994324107e-07)
(0 -1.1376043812731701e-05 -4.966887994324107e-07)
(0 -1.1376043812731701e-05 -4.966887994324107e-07)
(0 -1.1376043812731701e-05 -4.966887994324107e-07)
(0 -1.1376043812731701e-05 -4.966887994324107e-07)
(0 -1.1376043812731701e-05 -4.966887994324107e-07)
(0 -1.1376043812731701e-05 -4.966887994324107e-07)
(0 -1.1376043812731701e-05 -4.966887994324107e-07)
(0 -1.1376043812731701e-05 -4.966887994324107e-07)
(0 -1.1376043812731701e-05 -4.966887994324107e-07)
(0 -1.1376043812731701e-05 -4.966887994324107e-07)
(0 -1.1376043812731701e-05 -4.966887994324107e-07)
(0 -1.1376043812731701e-05 -4.966887994324107e-07)
(0 -1.1376043812731701e-05 -4.966887994324107e-07)
(0 -1.1376043812731701e-05 -4.966887994324107e-07)
(0 -1.1376043812731701e-05 -4.966887994324107e-07)
(0 -1.1376043812731701e-05 -4.966887994324107e-07)
(0 -1.1376043812731701e-05 -4.966887994324107e-07)
(0 -1.1376043812731701e-05 -4.966887994324107e-07)
(0 -1.1376043812731701e-05 -4.966887994324107e-07)
(0 -1.1376043812731701e-05 -4.966887994324107e-07)
(0 -1.1376043812731701e-05 -4.966887994324107e-07)
)