
                    FoamFile
                    {
                         version   2.0;
                         format    ascii;
                         class     scalarField;
                         object    values;
                    }
                    //***********************************************************************// //

                    244
(
1397928.57044743
1397928.57044743
2014273.357994704
6195670.05929572
10540041.815642286
15060795.01114267
19741770.245719243
24624596.77379214
29692978.35842579
34972414.16335362
40475470.381255224
46199559.25129509
52193710.511496425
58428956.57749678
64970876.9485052
71798052.28847168
78952599.24049099
86457479.74460255
94311974.66964528
102597634.07322086
111272484.76035279
120447580.07873678
130093031.9793289
140285009.69656307
151068503.64310282
162449669.64861983
174578260.3483125
187390039.40710145
201092996.7150865
215646671.360745
231202488.75359422
247861023.43461233
265651255.66093412
284877946.207809
305442642.9839403
327777723.4031116
351828860.6059526
377941152.8113621
406342261.933231
437125804.99321836
470980268.16551
507688162.4123801
548208207.1266236
592416546.280513
640907803.7544521
693988125.4213216
751149323.5831805
812289744.563861
875874444.7032061
940297582.6113596
1003874588.5969508
1064343145.4227765
1119616528.1556888
1168496827.4620557
1208269696.26412
1239383232.2336164
1259090020.9074693
1267988404.987255
1263311242.7837172
1243122076.8484292
1206326323.7336135
1139660988.8931298
1032368521.4311999
931025870.8570817
824570368.7056099
717940729.1663108
611746001.1759425
504135193.8741856
394679413.527882
283918678.5268455
171436213.06554446
57524349.81907437
40366633.3405658
40366633.3405658
40366633.3405658
40366633.3405658
40366633.3405658
40366633.3405658
40366633.3405658
40366633.3405658
40366633.3405658
40366633.3405658
40366633.3405658
40366633.3405658
40366633.3405658
40366633.3405658
40366633.3405658
40366633.3405658
40366633.3405658
40366633.3405658
40366633.3405658
40366633.3405658
40366633.3405658
40366633.3405658
40366633.3405658
40366633.3405658
40366633.3405658
40366633.3405658
40366633.3405658
40366633.3405658
40366633.3405658
40366633.3405658
40366633.3405658
40366633.3405658
40366633.3405658
40366633.3405658
40366633.3405658
40366633.3405658
40366633.3405658
40366633.3405658
40366633.3405658
40366633.3405658
40366633.3405658
40366633.3405658
40366633.3405658
40366633.3405658
40366633.3405658
40366633.3405658
40366633.3405658
40366633.3405658
40366633.3405658
40366633.3405658
1397928.57044743
1397928.57044743
2014273.357994704
6195670.05929572
10540041.815642286
15060795.01114267
19741770.245719243
24624596.77379214
29692978.35842579
34972414.16335362
40475470.381255224
46199559.25129509
52193710.511496425
58428956.57749678
64970876.9485052
71798052.28847168
78952599.24049099
86457479.74460255
94311974.66964528
102597634.07322086
111272484.76035279
120447580.07873678
130093031.9793289
140285009.69656307
151068503.64310282
162449669.64861983
174578260.3483125
187390039.40710145
201092996.7150865
215646671.360745
231202488.75359422
247861023.43461233
265651255.66093412
284877946.207809
305442642.9839403
327777723.4031116
351828860.6059526
377941152.8113621
406342261.933231
437125804.99321836
470980268.16551
507688162.4123801
548208207.1266236
592416546.280513
640907803.7544521
693988125.4213216
751149323.5831805
812289744.563861
875874444.7032061
940297582.6113596
1003874588.5969508
1064343145.4227765
1119616528.1556888
1168496827.4620557
1208269696.26412
1239383232.2336164
1259090020.9074693
1267988404.987255
1263311242.7837172
1243122076.8484292
1206326323.7336135
1139660988.8931298
1032368521.4311999
931025870.8570817
824570368.7056099
717940729.1663108
611746001.1759425
504135193.8741856
394679413.527882
283918678.5268455
171436213.06554446
57524349.81907437
40366633.3405658
40366633.3405658
40366633.3405658
40366633.3405658
40366633.3405658
40366633.3405658
40366633.3405658
40366633.3405658
40366633.3405658
40366633.3405658
40366633.3405658
40366633.3405658
40366633.3405658
40366633.3405658
40366633.3405658
40366633.3405658
40366633.3405658
40366633.3405658
40366633.3405658
40366633.3405658
40366633.3405658
40366633.3405658
40366633.3405658
40366633.3405658
40366633.3405658
40366633.3405658
40366633.3405658
40366633.3405658
40366633.3405658
40366633.3405658
40366633.3405658
40366633.3405658
40366633.3405658
40366633.3405658
40366633.3405658
40366633.3405658
40366633.3405658
40366633.3405658
40366633.3405658
40366633.3405658
40366633.3405658
40366633.3405658
40366633.3405658
40366633.3405658
40366633.3405658
40366633.3405658
40366633.3405658
40366633.3405658
40366633.3405658
40366633.3405658
)