/*--------------------------------*- C++ -*----------------------------------*\
  =========                 |
  \\      /  F ield         | OpenFOAM: The Open Source CFD Toolbox
   \\    /   O peration     | Website:  https://openfoam.org
    \\  /    A nd           | Version:  8
     \\/     M anipulation  |
\*---------------------------------------------------------------------------*/
FoamFile
{
    version     2.0;
    format      ascii;
    class       vectorField;
    location    "0.0685000/polyMesh";
    object      points;
}
// * * * * * * * * * * * * * * * * * * * * * * * * * * * * * * * * * * * * * //


1414
(
(-0.003 0.000749177612382981 -3.27098009626874e-05)
(-0.002965 0.000749174921887352 -3.27096834931114e-05)
(-0.00293 0.000749169972437691 -3.27094673954723e-05)
(-0.002895 0.000749163789180766 -3.27091974286447e-05)
(-0.00286 0.000749156430718172 -3.27088761512295e-05)
(-0.002825 0.00074914836425308 -3.27085239617576e-05)
(-0.00279 0.000749139647509287 -3.27081433805046e-05)
(-0.002755 0.000749130319061514 -3.27077360916789e-05)
(-0.00272 0.000749120288651478 -3.2707298154519e-05)
(-0.002685 0.000749109669032044 -3.27068344919212e-05)
(-0.00265 0.000749098573804365 -3.27063500638189e-05)
(-0.002615 0.000749087021065739 -3.27058456603573e-05)
(-0.00258 0.000749074983463079 -3.27053200872748e-05)
(-0.002545 0.000749062399473248 -3.27047706584132e-05)
(-0.00251 0.000749049413467555 -3.27042036771601e-05)
(-0.002475 0.000749036033436107 -3.27036194923709e-05)
(-0.00244 0.0007490222667678 -3.27030184266519e-05)
(-0.002405 0.00074900796494912 -3.2702393995763e-05)
(-0.00237 0.00074899326626059 -3.27017522371623e-05)
(-0.002335 0.000748978182702511 -3.27010936747941e-05)
(-0.0023 0.000748962710007746 -3.27004181223514e-05)
(-0.002265 0.00074894673907752 -3.26997208164786e-05)
(-0.00223 0.000748930274727238 -3.26990019674209e-05)
(-0.002195 0.00074891337962768 -3.26982643114437e-05)
(-0.00216 0.000748896036482672 -3.26975070933796e-05)
(-0.002125 0.000748878169325471 -3.26967269964491e-05)
(-0.00209 0.000748859632271277 -3.26959176511843e-05)
(-0.002055 0.000748840534372742 -3.26950838189267e-05)
(-0.00202 0.000748820845761729 -3.26942241956052e-05)
(-0.001985 0.000748800536729367 -3.26933374841028e-05)
(-0.00195 0.000748779265247781 -3.26924087511596e-05)
(-0.001915 0.000748757178820847 -3.26914444369342e-05)
(-0.00188 0.000748734240023653 -3.26904429074195e-05)
(-0.001845 0.000748710379568424 -3.2689401137446e-05)
(-0.00181 0.000748685197972275 -3.26883016852142e-05)
(-0.001775 0.000748658572707641 -3.26871392010551e-05)
(-0.00174 0.000748630563073825 -3.26859162740321e-05)
(-0.001705 0.000748601028275842 -3.26846267569036e-05)
(-0.00167 0.000748569557458998 -3.26832527113661e-05)
(-0.001635 0.000748535404375702 -3.26817615555462e-05)
(-0.0016 0.000748498848179694 -3.26801654775593e-05)
(-0.001565 0.000748459610900932 -3.26784523409714e-05)
(-0.00153 0.000748417398351875 -3.2676609301277e-05)
(-0.001495 0.000748370154013998 -3.26745465689382e-05)
(-0.00146 0.000748318630475488 -3.26722970026648e-05)
(-0.001425 0.000748262379728902 -3.26698410420296e-05)
(-0.00139 0.000748200910662018 -3.26671572446097e-05)
(-0.001355 0.000748131488041235 -3.26641261875271e-05)
(-0.00132 0.000748053766067791 -3.26607327728818e-05)
(-0.001285 0.000747967722243951 -3.26569760184015e-05)
(-0.00125 0.000747872484167964 -3.26528178342031e-05)
(-0.001215 0.000747764807664382 -3.26481165765276e-05)
(-0.00118 0.000747641467397965 -3.26427314241972e-05)
(-0.001145 0.000747503641969107 -3.26367138360165e-05)
(-0.00111 0.000747349807634642 -3.26299972839221e-05)
(-0.001075 0.000747176764737346 -3.26224420678625e-05)
(-0.00104 0.000746973323317149 -3.261355962363e-05)
(-0.001005 0.00074673230471454 -3.26030365241816e-05)
(-0.00097 0.000746441758453827 -3.25903510004803e-05)
(-0.000935 0.000746089343235947 -3.25749642197723e-05)
(-0.0009 0.000745610008756638 -3.2554036024437e-05)
(-0.000865 0.000745016922852926 -3.25281413346551e-05)
(-0.00083 0.000744307728417995 -3.24971772369205e-05)
(-0.000795 0.000743478581105155 -3.24609758834317e-05)
(-0.00076 0.000742478510497433 -3.24173118577234e-05)
(-0.000725 0.000741345949395769 -3.2367863172123e-05)
(-0.00069 0.000740094933099116 -3.23132426210171e-05)
(-0.000655 0.000738728899811383 -3.22536003196301e-05)
(-0.00062 0.000737210130126605 -3.21872894031316e-05)
(-0.000585 0.000735595787635566 -3.21168056877953e-05)
(-0.00055 0.000733905292299234 -3.20429970674284e-05)
(-0.000515 0.000732148865080712 -3.19663097989173e-05)
(-0.00048 0.000730328414414842 -3.18868272063268e-05)
(-0.000445 0.000728497602908631 -3.18068922496776e-05)
(-0.00041 0.000726668019453729 -3.17270109109065e-05)
(-0.000375 0.000724858413694895 -3.1648001817183e-05)
(-0.00034 0.0007231180004152 -3.15720137323408e-05)
(-0.000305 0.000721448555591614 -3.1499124197209e-05)
(-0.00027 0.000719860223476034 -3.14297761193907e-05)
(-0.000235 0.000718408382627441 -3.13663873789879e-05)
(-0.0002 0.000717107165617158 -3.13095750173901e-05)
(-0.000165 0.000715936335393028 -3.12584554658187e-05)
(-0.00013 0.000714901168812733 -3.12132591168555e-05)
(-9.50000000000001e-05 0.000714101376796177 -3.11783394432818e-05)
(-6.00000000000001e-05 0.000713449624087854 -3.11498833054932e-05)
(-2.5e-05 0.000712941542637539 -3.1127699990298e-05)
(9.9999999999999e-06 0.000712612145502854 -3.11133182008063e-05)
(4.5e-05 0.000712439827849401 -3.11057946495767e-05)
(8e-05 0.000712359805389792 -3.11023007935364e-05)
(0.000115 0.000712361446093679 -3.11023724282151e-05)
(0.00015 0.000712452471473034 -3.11063466821064e-05)
(0.000185 0.000712572931742811 -3.11116060910678e-05)
(0.00022 0.000712718772577504 -3.11179736394251e-05)
(0.000255 0.000712886778125563 -3.11253089200672e-05)
(0.00029 0.000713063216151332 -3.11330123706373e-05)
(0.000325 0.000713243407340125 -3.11408796878438e-05)
(0.00036 0.000713424960708847 -3.11488064791104e-05)
(0.000395 0.000713602018907937 -3.11565370070324e-05)
(0.00043 0.000713772467963839 -3.1163978973531e-05)
(0.000465 0.000713934729340917 -3.11710634582519e-05)
(0.0005 0.00071406016335718 -3.11765400256747e-05)
(-0.003 0.000773938700818402 -3.37908934312222e-05)
(-0.00296500112688215 0.000773636284705905 -3.37776896585999e-05)
(-0.0029300022537643 0.000773330372680295 -3.37643332511146e-05)
(-0.00289500338064644 0.000773023116795734 -3.37509181694804e-05)
(-0.00286000450752859 0.000772714982659046 -3.37374647425303e-05)
(-0.00282500563441074 0.000772406182037458 -3.3723982216221e-05)
(-0.00279000676129289 0.000772096843161243 -3.37104761892072e-05)
(-0.00275500788817504 0.000771786972979873 -3.36969469649093e-05)
(-0.00272000901505718 0.000771476564867665 -3.36833942540438e-05)
(-0.00268501014193933 0.000771165670206021 -3.36698202999711e-05)
(-0.00265001126882148 0.000770854363319108 -3.36562283477546e-05)
(-0.00261501239570363 0.000770542669024815 -3.36426194809665e-05)
(-0.00258001352258578 0.000770230565760982 -3.36289927581827e-05)
(-0.00254501464946793 0.000769918052239774 -3.3615348123175e-05)
(-0.00251001577635007 0.000769605177190169 -3.36016877034967e-05)
(-0.00247501690323222 0.000769291975922709 -3.35880130408392e-05)
(-0.00244001803011437 0.000768978420755995 -3.35743229266066e-05)
(-0.00240501915699652 0.000768664480161718 -3.35606159842432e-05)
(-0.00237002028387867 0.000768350183132983 -3.35468934796152e-05)
(-0.00233502141076081 0.000768035563299344 -3.35331568810208e-05)
(-0.00230002253764296 0.000767720597628436 -3.35194051828451e-05)
(-0.00226502366452511 0.000767405240232768 -3.3505636381597e-05)
(-0.00223002479140726 0.000767089483444465 -3.34918501424899e-05)
(-0.00219502591828941 0.000766773351350591 -3.34780475171877e-05)
(-0.00216002704517155 0.000766456834183227 -3.34642280792138e-05)
(-0.0021250281720537 0.000766139864815931 -3.34503888977645e-05)
(-0.00209002929893585 0.000765822389377451 -3.34365276207701e-05)
(-0.002055030425818 0.00076550441692722 -3.34226446437741e-05)
(-0.00202003155270015 0.000765185953637893 -3.34087402362802e-05)
(-0.00198503267958229 0.000764866907027466 -3.33948103604372e-05)
(-0.00195003380646444 0.000764547158819008 -3.33808498521626e-05)
(-0.00191503493334659 0.000764226691497118 -3.33668579467175e-05)
(-0.00188003606022874 0.000763905509319177 -3.33528348299831e-05)
(-0.00184503718711089 0.000763583490412228 -3.33387751808713e-05)
(-0.00181003831399304 0.000763260426161491 -3.3324669891064e-05)
(-0.00177503944087518 0.000762936194611836 -3.33105136358854e-05)
(-0.00174004056775733 0.000762610769473331 -3.32963052674921e-05)
(-0.00170504169463948 0.00076228402211528 -3.32820391697466e-05)
(-0.00167004282152163 0.000761955589118658 -3.32676994754318e-05)
(-0.00163504394840378 0.000761625131337758 -3.32532713771262e-05)
(-0.00160004507528592 0.000761292553872902 -3.32387507314204e-05)
(-0.00156504620216807 0.000760957755405712 -3.32241331146585e-05)
(-0.00153004732905022 0.000760620107916149 -3.32093911068935e-05)
(-0.00149504845593237 0.000760278846176607 -3.31944912975665e-05)
(-0.00146004958281452 0.00075993376274027 -3.31794246293538e-05)
(-0.00142505070969666 0.000759584759275859 -3.31641868090192e-05)
(-0.00139005183657881 0.000759230946571525 -3.3148739012735e-05)
(-0.00135505296346096 0.000758870992982419 -3.31330230996312e-05)
(-0.00132005409034311 0.00075850417716516 -3.31170075751759e-05)
(-0.00128505521722526 0.000758130279439524 -3.31006828479233e-05)
(-0.0012500563441074 0.000757748264100864 -3.30840036980318e-05)
(-0.00121505747098955 0.000757355868536304 -3.30668713376899e-05)
(-0.0011800585978717 0.000756951306801779 -3.30492077908958e-05)
(-0.00114505972475385 0.000756534122345985 -3.3030993124189e-05)
(-0.001110060851636 0.000756103374606309 -3.3012186271719e-05)
(-0.00107506197851815 0.000755655041282542 -3.2992611616066e-05)
(-0.00104006310540029 0.000755182287551168 -3.29719707423906e-05)
(-0.00100506423228244 0.000754677245731896 -3.29499201403529e-05)
(-0.00097006535916459 0.000754131515172028 -3.2926093029535e-05)
(-0.000935066486046738 0.00075352329473633 -3.28995375518161e-05)
(-0.000900067612928886 0.000752825235095231 -3.28690596096792e-05)
(-0.000865068739811034 0.000752028664979996 -3.28342806073553e-05)
(-0.000830069866693182 0.000751135907920417 -3.27953019923457e-05)
(-0.00079507099357533 0.00075013341983756 -3.27515324173935e-05)
(-0.000760072120457478 0.000749006842503326 -3.27023449887213e-05)
(-0.000725073247339626 0.000747764582166493 -3.26481067310772e-05)
(-0.000690074374221774 0.000746422489002554 -3.25895096780683e-05)
(-0.000655075501103922 0.000744976444609868 -3.25263740163959e-05)
(-0.00062007662798607 0.0007434231627907 -3.24585562675682e-05)
(-0.000585077754868219 0.000741782766630289 -3.23869350244609e-05)
(-0.000550078881750367 0.000740078180801569 -3.23125111999103e-05)
(-0.000515080008632515 0.00073831802796568 -3.22356612674321e-05)
(-0.000480081135514663 0.000736516357679957 -3.21569986439469e-05)
(-0.000445082262396811 0.000734698373737631 -3.20776237508322e-05)
(-0.000410083389278959 0.000732884443411552 -3.1998425842425e-05)
(-0.000375084516161107 0.000731094636455848 -3.19202811831145e-05)
(-0.000340085643043255 0.000729353466156721 -3.18442600460901e-05)
(-0.000305086769925403 0.000727674771541886 -3.17709666563507e-05)
(-0.000270087896807551 0.000726074474118091 -3.17010961618936e-05)
(-0.000235089023689699 0.000724579078424099 -3.16358057758723e-05)
(-0.000200090150571847 0.000723201719344577 -3.15756689797366e-05)
(-0.000165091277453996 0.000721941175960679 -3.15206324670184e-05)
(-0.000130092404336144 0.000720813007255924 -3.14713755576088e-05)
(-9.50935312182922e-05 0.000719839284896352 -3.14288619212587e-05)
(-6.00946581004401e-05 0.00071900602304556 -3.13924809231633e-05)
(-2.50957849825882e-05 0.000718302259113955 -3.13617539263243e-05)
(9.9040954022669e-06 0.000717767668914132 -3.13384132141303e-05)
(4.49109457306765e-05 0.000717614115313026 -3.1331708919119e-05)
(7.9917796059086e-05 0.000717543757877958 -3.13286370471633e-05)
(0.000114924646387496 0.000717543186363418 -3.13286120942996e-05)
(0.000149931496715905 0.000717600552810344 -3.13311167674637e-05)
(0.000184938347044315 0.00071769400517787 -3.13351969859469e-05)
(0.000219945197372724 0.000717810159204495 -3.1340268380272e-05)
(0.000254952047701134 0.000717942428134913 -3.13460433664916e-05)
(0.000289958898029543 0.00071808373574683 -3.13522129900681e-05)
(0.000324965748357952 0.000718228989561223 -3.13585549085655e-05)
(0.000359972598686362 0.000718374741325061 -3.13649185680053e-05)
(0.000394979449014771 0.000718517407962222 -3.13711475279053e-05)
(0.000429986299343181 0.000718653039843982 -3.13770693437514e-05)
(0.000464993149671591 0.000718771005840837 -3.13822198504053e-05)
(0.0005 0.000718835682943722 -3.13850437137018e-05)
(-0.003 0.000798796423708332 -3.48762050511583e-05)
(-0.0029650022537643 0.000798192945155183 -3.48498566085027e-05)
(-0.00293000450752859 0.000797584483764213 -3.48232906104495e-05)
(-0.00289500676129289 0.000796974837705426 -3.47966728886823e-05)
(-0.00286000901505718 0.000796364499111754 -3.4770024930189e-05)
(-0.00282501126882148 0.00079575363507208 -3.47433540302279e-05)
(-0.00279001352258578 0.000795142346483268 -3.4716664594051e-05)
(-0.00275501577635007 0.000794530638735047 -3.46899568569792e-05)
(-0.00272001803011437 0.000793918505772935 -3.46632305546679e-05)
(-0.00268502028387867 0.000793305988394762 -3.4636487468389e-05)
(-0.00265002253764296 0.000792693145546736 -3.46097301717894e-05)
(-0.00261502479140726 0.000792079996668179 -3.45829595136082e-05)
(-0.00258002704517155 0.00079146652439891 -3.45561747358836e-05)
(-0.00254502929893585 0.000790852727065296 -3.45293757655432e-05)
(-0.00251003155270015 0.000790238643769927 -3.45025643098429e-05)
(-0.00247503380646444 0.000789624302232028 -3.44757415790303e-05)
(-0.00244003606022874 0.000789009680555502 -3.44489066171011e-05)
(-0.00240503831399304 0.000788394752577826 -3.44220582817749e-05)
(-0.00237004056775733 0.000787779541963152 -3.43951976062508e-05)
(-0.00233504282152163 0.000787164075171545 -3.43683257458002e-05)
(-0.00230004507528592 0.000786548333889864 -3.43414419008543e-05)
(-0.00226504732905022 0.000785932280921108 -3.43145444473567e-05)
(-0.00223004958281452 0.000785315910033088 -3.42876331132044e-05)
(-0.00219505183657881 0.000784699240623218 -3.42607087453065e-05)
(-0.00216005409034311 0.000784082264785314 -3.42337709984717e-05)
(-0.0021250563441074 0.00078346492882272 -3.42068175282535e-05)
(-0.0020900585978717 0.00078284718875382 -3.41798464143728e-05)
(-0.002055060851636 0.000782229052570565 -3.4152858005766e-05)
(-0.00202006310540029 0.000781610524917289 -3.41258525052089e-05)
(-0.00198506535916459 0.000780991532631506 -3.40988267183584e-05)
(-0.00195006761292889 0.000780371978845423 -3.40717764158754e-05)
(-0.00191506986669318 0.000779751851136083 -3.40447010553619e-05)
(-0.00188007212045748 0.000779131152676536 -3.40176007753561e-05)
(-0.00184507437422177 0.000778509786930082 -3.39904713609748e-05)
(-0.00181007662798607 0.00077788758515272 -3.39633054446957e-05)
(-0.00177507888175037 0.000777264449742599 -3.39360987651301e-05)
(-0.00174008113551466 0.00077664036104615 -3.39088504641845e-05)
(-0.00170508338927896 0.000776015217032264 -3.38815560870845e-05)
(-0.00167008564304326 0.000775388727038524 -3.3854202943235e-05)
(-0.00163508789680755 0.000774760614503716 -3.38267789577125e-05)
(-0.00160009015057185 0.000774130808824169 -3.37992810478943e-05)
(-0.00156509240433614 0.00077349922912815 -3.37717056828442e-05)
(-0.00153009465810044 0.000772865379092711 -3.37440311926342e-05)
(-0.00149509691186474 0.000772228627474754 -3.37162300165956e-05)
(-0.00146009916562903 0.00077158882312953 -3.36882955556061e-05)
(-0.00142510141939333 0.000770945886709159 -3.36602243452624e-05)
(-0.00139010367315762 0.000770299115778378 -3.36319857165786e-05)
(-0.00135510592692192 0.000769647422459232 -3.36035321717774e-05)
(-0.00132010818068622 0.000768990236068824 -3.35748387943055e-05)
(-0.00128511043445051 0.000768327390720355 -3.35458983413887e-05)
(-0.00125011268821481 0.000767658068820352 -3.35166751161252e-05)
(-0.00121511494197911 0.000766980443350198 -3.34870893491593e-05)
(-0.0011801171957434 0.000766293057015709 -3.3457077413653e-05)
(-0.0011451194495077 0.000765595583478798 -3.34266250613777e-05)
(-0.00111012170327199 0.000764887281682047 -3.33956999370676e-05)
(-0.00107512395703629 0.000764164974930196 -3.33641633432126e-05)
(-0.00104012621080059 0.00076342313253191 -3.33317738046138e-05)
(-0.00100512846456488 0.000762655506552203 -3.32982585305386e-05)
(-0.000970130718329179 0.000761855452694249 -3.32633274247226e-05)
(-0.000935132972093475 0.000761005849915593 -3.32262329663087e-05)
(-0.000900135225857771 0.000760083926997406 -3.31859809424115e-05)
(-0.000865137479622068 0.000759083287484912 -3.31422920777844e-05)
(-0.000830139733386364 0.000758005896565746 -3.30952521743724e-05)
(-0.00079514198715066 0.000756841141830742 -3.30443978843849e-05)
(-0.000760144240914956 0.000755576670428146 -3.29891898706665e-05)
(-0.000725146494679252 0.000754219879498926 -3.29299510993668e-05)
(-0.000690148748443549 0.00075278358720314 -3.28672412234404e-05)
(-0.000655151002207845 0.000751264599842214 -3.28009208029961e-05)
(-0.000620153255972141 0.000749659790076427 -3.27308532954328e-05)
(-0.000585155509736437 0.000747985803373292 -3.26577654575574e-05)
(-0.000550157763500734 0.000746261013150498 -3.25824594901106e-05)
(-0.00051516001726503 0.000744492375295641 -3.25052390937036e-05)
(-0.000480162271029326 0.000742691203382395 -3.24265982296308e-05)
(-0.000445164524793622 0.000740877659256466 -3.23474171830862e-05)
(-0.000410166778557918 0.000739068124502891 -3.22684111895192e-05)
(-0.000375169032322215 0.000737278748319693 -3.21902853381425e-05)
(-0.00034017128608651 0.000735528757871904 -3.21138791051109e-05)
(-0.000305173539850807 0.000733829541883776 -3.20396897328638e-05)
(-0.000270175793615103 0.000732194073737984 -3.19682836515215e-05)
(-0.000235178047379399 0.000730642525797505 -3.19005416054722e-05)
(-0.000200180301143695 0.000729185281961558 -3.18369169655469e-05)
(-0.000165182554907991 0.00072782267947977 -3.17774244563824e-05)
(-0.000130184808672288 0.000726567085806746 -3.17226040527081e-05)
(-9.51870624365842e-05 0.000725432532183844 -3.16730683717518e-05)
(-6.01893162008801e-05 0.000724411247673811 -3.16284781270657e-05)
(-2.51915699651763e-05 0.000723494290518719 -3.15884429130676e-05)
(9.8081908045339e-06 0.000722754549503318 -3.1556145122827e-05)
(4.48218914613529e-05 0.000722635618235851 -3.1550952471548e-05)
(7.9835592118172e-05 0.00072257965948305 -3.15485092596367e-05)
(0.000114849292774991 0.000722577868153667 -3.15484310485068e-05)
(0.00014986299343181 0.000722620106019397 -3.1550275193551e-05)
(0.000184876694088629 0.000722691532550856 -3.15533937432632e-05)
(0.000219890394745448 0.000722781388764628 -3.15573169502827e-05)
(0.000254904095402267 0.000722883882643187 -3.1561791929663e-05)
(0.000289917796059086 0.000722993717401973 -3.15665874187957e-05)
(0.000324931496715905 0.000723106841904956 -3.1571526541262e-05)
(0.000359945197372724 0.000723220361438086 -3.1576482911117e-05)
(0.000394958898029543 0.000723331403174802 -3.15813310980443e-05)
(0.000429972598686362 0.000723436251463699 -3.15859088731999e-05)
(0.000464986299343181 0.000723525480582003 -3.15898047006399e-05)
(0.0005 0.000723574324590103 -3.1591937276089e-05)
(-0.003 0.000823735548777555 -3.59650707669972e-05)
(-0.00296500338064644 0.000822830358124054 -3.59255492895533e-05)
(-0.00293000676129289 0.000821918203421269 -3.58857237551511e-05)
(-0.00289501014193933 0.000821005081829588 -3.58458560054681e-05)
(-0.00286001352258578 0.000820091448325037 -3.58059659051865e-05)
(-0.00282501690323222 0.000819177426759223 -3.57660588617842e-05)
(-0.00279002028387867 0.000818263092096021 -3.57261381482548e-05)
(-0.00275502366452511 0.000817348448478714 -3.56862039454977e-05)
(-0.00272002704517155 0.000816433491294658 -3.56462560521208e-05)
(-0.002685030425818 0.000815518250542733 -3.56062957779034e-05)
(-0.00265003380646444 0.00081460276982233 -3.55663250264359e-05)
(-0.00261503718711089 0.000813687063569763 -3.55263444280215e-05)
(-0.00258004056775733 0.000812771118874873 -3.54863534189904e-05)
(-0.00254504394840378 0.000811854934314202 -3.54463519371932e-05)
(-0.00251004732905022 0.000810938538699643 -3.54063412405842e-05)
(-0.00247505070969666 0.000810021952560596 -3.53663222254964e-05)
(-0.00244005409034311 0.000809105159645946 -3.53262941823908e-05)
(-0.00240505747098955 0.000808188140380954 -3.52862562566158e-05)
(-0.002370060851636 0.000807270912082345 -3.52462092042361e-05)
(-0.00233506423228244 0.000806353494315623 -3.52061538794999e-05)
(-0.00230006761292889 0.000805435873451118 -3.51660896873229e-05)
(-0.00226507099357533 0.0008045180217159 -3.5126015415113e-05)
(-0.00223007437422177 0.000803599934229113 -3.50859308497673e-05)
(-0.00219507775486822 0.000802681625223646 -3.50458366127071e-05)
(-0.00216008113551466 0.000801763088729571 -3.50057324432797e-05)
(-0.00212508451616111 0.000800844284700495 -3.4965616593022e-05)
(-0.00209008789680755 0.000799925180162797 -3.49254876222745e-05)
(-0.002055091277454 0.000799005780734196 -3.48853457763121e-05)
(-0.00202009465810044 0.000798086089694444 -3.48451911983319e-05)
(-0.00198509803874688 0.000797166052495761 -3.48050215067264e-05)
(-0.00195010141939333 0.000796245596736848 -3.47648335403865e-05)
(-0.00191510480003977 0.0007953247126382 -3.472462687233e-05)
(-0.00188010818068622 0.00079440340226468 -3.46844015927106e-05)
(-0.00184511156133266 0.000793481593543721 -3.46441545547721e-05)
(-0.00181011494197911 0.000792559160422858 -3.46038802549451e-05)
(-0.00177511832262555 0.000791636029468964 -3.45635754870699e-05)
(-0.00174012170327199 0.0007907121853745 -3.45232395828051e-05)
(-0.00170512508391844 0.000789787551714533 -3.44828692053658e-05)
(-0.00167012846456488 0.000788861911418993 -3.44424548772683e-05)
(-0.00163513184521133 0.000787935057323204 -3.44019875535074e-05)
(-0.00160013522585777 0.000787006935410275 -3.43614648756548e-05)
(-0.00156513860650422 0.000786077484562426 -3.43208841752504e-05)
(-0.00153014198715066 0.000785146334086615 -3.42802292674867e-05)
(-0.0014951453677971 0.000784213011801472 -3.42394795364797e-05)
(-0.00146014874844355 0.000783277402179631 -3.41986299381957e-05)
(-0.00142515212908999 0.000782339444589301 -3.41576778253936e-05)
(-0.00139015550973644 0.000781398613886637 -3.41166002697979e-05)
(-0.00135515889038288 0.000780454096330123 -3.40753617426867e-05)
(-0.00132016227102933 0.000779505461889851 -3.40339434685488e-05)
(-0.00128516565167577 0.000778552583420672 -3.39923398961071e-05)
(-0.00125016903232221 0.00077759484861572 -3.39505242914665e-05)
(-0.00121517241296866 0.000776630890940354 -3.3908436990436e-05)
(-0.0011801757936151 0.000775659616710238 -3.38660302417263e-05)
(-0.00114517917426155 0.000774680775204254 -3.38232930986169e-05)
(-0.00111018255490799 0.000773693809477298 -3.37802012443595e-05)
(-0.00107518593555444 0.00077269634344697 -3.3736650936956e-05)
(-0.00104018931620088 0.000771684240164517 -3.36924615533232e-05)
(-0.00100519269684732 0.000770652817517173 -3.36474286680028e-05)
(-0.000970196077493769 0.00076959709834779 -3.36013349736208e-05)
(-0.000935199458140213 0.000768504286286848 -3.35536217686182e-05)
(-0.000900202838786658 0.00076735736294931 -3.35035460142573e-05)
(-0.000865206219433102 0.00076615147932159 -3.3450895998033e-05)
(-0.000830209600079546 0.000764888099942959 -3.33957356631106e-05)
(-0.00079521298072599 0.000763559333557377 -3.33377204698108e-05)
(-0.000760216361372434 0.000762155962173024 -3.32764479519189e-05)
(-0.000725219742018879 0.000760683468914866 -3.32121575078411e-05)
(-0.000690223122665323 0.0007591514970042 -3.31452701697119e-05)
(-0.000655226503311767 0.000757557768249212 -3.30756864695285e-05)
(-0.000620229883958212 0.000755899976003659 -3.3003305696941e-05)
(-0.000585233264604656 0.000754190559721392 -3.29286709702338e-05)
(-0.000550236645251101 0.000752443356775167 -3.28523864421489e-05)
(-0.000515240025897544 0.000750663674110875 -3.27746838189478e-05)
(-0.000480243406543989 0.000748860000849935 -3.2695933743676e-05)
(-0.000445246787190433 0.000747047444876155 -3.26167958407861e-05)
(-0.000410250167836877 0.000745238311854168 -3.25378073871989e-05)
(-0.000375253548483322 0.000743444688667596 -3.24594961076504e-05)
(-0.000340256929129766 0.000741680954245875 -3.23824897997576e-05)
(-0.00030526030977621 0.000739955651100507 -3.23071614376276e-05)
(-0.000270263690422654 0.000738278429631405 -3.223393236682e-05)
(-0.000235267071069098 0.00073666426381805 -3.2163456365398e-05)
(-0.000200270451715543 0.000735120926197318 -3.20960727896505e-05)
(-0.000165273832361987 0.000733648750883422 -3.2031796227319e-05)
(-0.000130277213008432 0.000732256871231313 -3.19710254492925e-05)
(-9.52805936548761e-05 0.000730955558268669 -3.19142088983242e-05)
(-6.02839743013202e-05 0.000729739242399371 -3.18611034005959e-05)
(-2.52873549477645e-05 0.000728600752392313 -3.18113958533957e-05)
(9.71228620680091e-06 0.000727650797280137 -3.17699199174772e-05)
(4.47328371920294e-05 0.000727566130866708 -3.17662233020342e-05)
(7.97533881772579e-05 0.000727525396650797 -3.17644448077589e-05)
(0.000114773939162486 0.000727523833980377 -3.17643765800949e-05)
(0.000149794490147715 0.00072755437101699 -3.17657098559071e-05)
(0.000184815041132944 0.000727606400456467 -3.17679815102936e-05)
(0.000219835592118172 0.000727672072788462 -3.17708488262315e-05)
(0.000254856143103401 0.000727747080518438 -3.17741237344477e-05)
(0.000289876694088629 0.000727827536001667 -3.17776364967077e-05)
(0.000324897245073857 0.000727910456276084 -3.1781256874075e-05)
(0.000359917796059086 0.000727993686292781 -3.17848907750823e-05)
(0.000394938347044314 0.000728075079098386 -3.1788444461721e-05)
(0.000429958898029543 0.000728151851620692 -3.17917964224343e-05)
(0.000464979449014772 0.000728217304394353 -3.17946541522484e-05)
(0.0005 0.000728254801311207 -3.17962913029944e-05)
(-0.003 0.000848752245523141 -3.70573233353691e-05)
(-0.00296500450752859 0.000847544696408348 -3.70046006024088e-05)
(-0.00293000901505719 0.000846327783135029 -3.69514690214576e-05)
(-0.00289501352258578 0.000845110203522879 -3.68983083475248e-05)
(-0.00286001803011437 0.000843892286957665 -3.68451329619035e-05)
(-0.00282502253764296 0.000842674116105135 -3.67919464738582e-05)
(-0.00279002704517155 0.00084145574064211 -3.67387510523258e-05)
(-0.00275503155270015 0.000840237163486846 -3.668554682472e-05)
(-0.00272003606022874 0.000839018381468802 -3.66323336526121e-05)
(-0.00268504056775733 0.000837799414134896 -3.6579112389439e-05)
(-0.00265004507528592 0.000836580290192032 -3.6525884288571e-05)
(-0.00261504958281452 0.000835361019246718 -3.64726497694375e-05)
(-0.00258005409034311 0.000834141592781714 -3.64194084601677e-05)
(-0.0025450585978717 0.000832922009674131 -3.63661603117351e-05)
(-0.00251006310540029 0.000831702288778954 -3.63129061473663e-05)
(-0.00247506761292889 0.000830482443678492 -3.62596465600777e-05)
(-0.00244007212045748 0.000829262463702524 -3.62063810839972e-05)
(-0.00240507662798607 0.000828042335774896 -3.61531091482078e-05)
(-0.00237008113551466 0.000826822071118166 -3.60998312426969e-05)
(-0.00233508564304326 0.000825601682643256 -3.60465479311675e-05)
(-0.00230009015057185 0.00082438116138709 -3.59932588222833e-05)
(-0.00226509465810044 0.000823160488895406 -3.59399631103137e-05)
(-0.00223009916562903 0.000821939661728247 -3.5886660645067e-05)
(-0.00219510367315763 0.000820718689185816 -3.58333518325989e-05)
(-0.00216010818068622 0.000819497567320293 -3.57800365005438e-05)
(-0.00212511268821481 0.000818276269600663 -3.57267134905326e-05)
(-0.0020901171957434 0.000817054773989105 -3.56733818403732e-05)
(-0.00205512170327199 0.000815833083961372 -3.56200417018203e-05)
(-0.00202012621080059 0.000814611201642597 -3.55666931676592e-05)
(-0.00198513071832918 0.000813389090960741 -3.55133346629506e-05)
(-0.00195013522585777 0.000812166703721727 -3.54599640834958e-05)
(-0.00191513973338636 0.000810944033042727 -3.54065811287839e-05)
(-0.00188014424091496 0.000809721080176196 -3.53531858534983e-05)
(-0.00184514874844355 0.000808497797410339 -3.52997761744971e-05)
(-0.00181015325597214 0.000807274100999423 -3.52463484353626e-05)
(-0.00177515776350073 0.000806049941717377 -3.51929004868381e-05)
(-0.00174016227102933 0.000804825309025098 -3.51394318687765e-05)
(-0.00170516677855792 0.00080360015223095 -3.5085940367933e-05)
(-0.00167017128608651 0.000802374327317106 -3.50324196963536e-05)
(-0.0016351757936151 0.000801147696087401 -3.49788638202635e-05)
(-0.0016001803011437 0.000799920221793842 -3.49252711352106e-05)
(-0.00156518480867229 0.000798691863692228 -3.48716398622647e-05)
(-0.00153018931620088 0.000797462376036438 -3.48179592719184e-05)
(-0.00149519382372947 0.00079623144430107 -3.4764215631696e-05)
(-0.00146019833125807 0.000794998989938112 -3.47104055121174e-05)
(-0.00142520283878666 0.000793764972230663 -3.46565271354443e-05)
(-0.00139020734631525 0.000792529042761145 -3.46025652894365e-05)
(-0.00135521185384384 0.000791290659912773 -3.45484963265947e-05)
(-0.00132021636137243 0.000790049535259732 -3.44943076539758e-05)
(-0.00128522086890103 0.00078880558274761 -3.44399955143629e-05)
(-0.00125022537642962 0.000787558395725199 -3.4385542152981e-05)
(-0.00121522988395821 0.000786307065377928 -3.4330907890129e-05)
(-0.0011802343914868 0.000785050860779628 -3.4276060812881e-05)
(-0.0011452388990154 0.000783789611554508 -3.42209934824695e-05)
(-0.00111024340654399 0.000782522947482301 -3.41656897347284e-05)
(-0.00107524791407258 0.000781249291181509 -3.41100806996943e-05)
(-0.00104025242160117 0.000779965891406078 -3.40540462553703e-05)
(-0.00100525692912977 0.000778669630559002 -3.39974502845314e-05)
(-0.000970261436658358 0.000777357200769137 -3.39401483624045e-05)
(-0.000935265944186951 0.000776020108621307 -3.38817696584745e-05)
(-0.000900270451715543 0.000774647022219027 -3.38218194114559e-05)
(-0.000865274959244135 0.000773234680603726 -3.37601552448228e-05)
(-0.000830279466772728 0.000771784063783764 -3.36968199466641e-05)
(-0.00079528397430132 0.000770289958355111 -3.36315858948441e-05)
(-0.000760288481829912 0.000768746229139679 -3.35641852217027e-05)
(-0.000725292989358505 0.000767156503613453 -3.34947763062618e-05)
(-0.000690297496887097 0.000765527237545774 -3.34236410134979e-05)
(-0.000655302004415689 0.000763856987013022 -3.33507163003443e-05)
(-0.000620306511944282 0.000762144234199452 -3.32759358975343e-05)
(-0.000585311019472875 0.000760397250924979 -3.31996609605252e-05)
(-0.000550315527001467 0.000758625297933834 -3.3122295822142e-05)
(-0.000515320034530059 0.000756831967784859 -3.30439973368913e-05)
(-0.000480324542058652 0.000755022918612769 -3.29650125442698e-05)
(-0.000445329049587244 0.000753208205775595 -3.28857804706903e-05)
(-0.000410333557115836 0.000751396035444165 -3.2806659405309e-05)
(-0.000375338064644429 0.000749594435515592 -3.27279998536834e-05)
(-0.000340342572173021 0.000747812955039175 -3.26502187363096e-05)
(-0.000305347079701613 0.000746057269088276 -3.2573563832242e-05)
(-0.000270351587230206 0.000744333736556661 -3.24983127767779e-05)
(-0.000235356094758798 0.000742652248034677 -3.2424897402418e-05)
(-0.00020036060228739 0.000741017964833805 -3.23535430568882e-05)
(-0.000165365109815983 0.000739431096814958 -3.22842589029138e-05)
(-0.000130369617344575 0.000737897640726745 -3.22173067641934e-05)
(-9.53741248731682e-05 0.000736424398882661 -3.21529836361482e-05)
(-6.03786324017602e-05 0.000735007676789182 -3.20911282137074e-05)
(-2.53831399303526e-05 0.000733642160400207 -3.20315084806076e-05)
(9.61638160906787e-06 0.000732477612237029 -3.19806632097407e-05)
(4.46437829227059e-05 0.000732424917058047 -3.19783624885396e-05)
(7.9671184236344e-05 0.00073239883645053 -3.19772237846238e-05)
(0.000114698585549982 0.000732397856670701 -3.19771810065126e-05)
(0.00014972598686362 0.00073241774780236 -3.19780494720764e-05)
(0.000184753388177258 0.000732451671888378 -3.19795306296592e-05)
(0.000219780789490896 0.000732494524253259 -3.19814016043158e-05)
(0.000254808190804534 0.00073254349544802 -3.19835397328544e-05)
(0.000289835592118172 0.000732596044067974 -3.19858340551501e-05)
(0.00032486299343181 0.000732650219158496 -3.19881993906845e-05)
(0.000359890394745448 0.000732704609647794 -3.19905741307325e-05)
(0.000394917796059086 0.000732757814604035 -3.19928971092894e-05)
(0.000429945197372724 0.000732808071162468 -3.19950913580179e-05)
(0.000464972598686362 0.000732851349673324 -3.19969809386096e-05)
(0.0005 0.000732878325331044 -3.19981587212612e-05)
(-0.003 0.000873842757246355 -3.8152798735265e-05)
(-0.00296500563441074 0.000872332344640058 -3.8086852696693e-05)
(-0.00293001126882148 0.000870809724743844 -3.80203736763328e-05)
(-0.00289501690323222 0.000869286799187123 -3.79538813105467e-05)
(-0.00286002253764296 0.000867763707137773 -3.78873816755354e-05)
(-0.0028250281720537 0.000866240490405298 -3.78208765967414e-05)
(-0.00279003380646444 0.000864717173806319 -3.77543671576816e-05)
(-0.00275503944087518 0.000863193758948425 -3.76878534285449e-05)
(-0.00272004507528592 0.000861670244173829 -3.76213353369508e-05)
(-0.00268505070969666 0.000860146638967768 -3.75548132970336e-05)
(-0.0026500563441074 0.000858622957528658 -3.74882879287097e-05)
(-0.00261506197851815 0.000857099204704262 -3.74217594436368e-05)
(-0.00258006761292889 0.000855575376307793 -3.7355227659016e-05)
(-0.00254507324733963 0.000854051471643167 -3.72886925444556e-05)
(-0.00251007888175037 0.000852527499937339 -3.7222154502813e-05)
(-0.00247508451616111 0.000851003467978286 -3.71556138304578e-05)
(-0.00244009015057185 0.0008494793705615 -3.70890703001564e-05)
(-0.00240509578498259 0.000847955201107335 -3.7022523624635e-05)
(-0.00237010141939333 0.000846430965017243 -3.69559740397261e-05)
(-0.00233510705380407 0.000844906668725213 -3.6889421826344e-05)
(-0.00230011268821481 0.000843382307851891 -3.68228667932817e-05)
(-0.00226511832262555 0.000841857873207504 -3.67563085393051e-05)
(-0.00223012395703629 0.000840333362932682 -3.66897469832325e-05)
(-0.00219512959144703 0.00083880878159413 -3.66231823244504e-05)
(-0.00216013522585777 0.000837284127275604 -3.65566144792938e-05)
(-0.00212514086026851 0.000835759386841745 -3.64900428742606e-05)
(-0.00209014649467925 0.000834234549194351 -3.64234670247928e-05)
(-0.00205515212908999 0.000832709615917238 -3.63568870000412e-05)
(-0.00202015776350073 0.000831184588085494 -3.62903028469454e-05)
(-0.00198516339791147 0.000829659447900944 -3.62237137884201e-05)
(-0.00195016903232221 0.000828134171267631 -3.61571187724131e-05)
(-0.00191517466673296 0.000826608754489755 -3.60905176375624e-05)
(-0.0018801803011437 0.000825083198190611 -3.60239104110815e-05)
(-0.00184518593555444 0.000823557478791412 -3.59572960634985e-05)
(-0.00181019156996518 0.000822031554595757 -3.58906727743091e-05)
(-0.00177519720437592 0.000820505400751087 -3.58240394584272e-05)
(-0.00174020283878666 0.000818979011830817 -3.57573958789228e-05)
(-0.0017052084731974 0.000817452362758787 -3.56907409409474e-05)
(-0.00167021410760814 0.00081592538203441 -3.56240715227178e-05)
(-0.00163521974201888 0.000814398000393759 -3.55573846001056e-05)
(-0.00160022537642962 0.00081287019897596 -3.54906793496273e-05)
(-0.00156523101084036 0.000811341957585617 -3.5423954889533e-05)
(-0.0015302366452511 0.000809813154452533 -3.53572059032208e-05)
(-0.00149524227966184 0.000808283632296004 -3.52904255236671e-05)
(-0.00146024791407258 0.000806753350733913 -3.52236119877505e-05)
(-0.00142525354848332 0.000805222289512793 -3.51567644111855e-05)
(-0.00139025918289406 0.00080369027581182 -3.50898752484521e-05)
(-0.0013552648173048 0.000802157039324483 -3.5022932697713e-05)
(-0.00132027045171554 0.000800622434474164 -3.49559304029559e-05)
(-0.00128527608612628 0.000799086417658681 -3.48888664604684e-05)
(-0.00125028172053702 0.000797548787012847 -3.4821732056626e-05)
(-0.00121528735494776 0.000796009089813137 -3.47545074250929e-05)
(-0.0011802929893585 0.000794466959028248 -3.46871765409362e-05)
(-0.00114529862376925 0.000792922307464054 -3.46197355971782e-05)
(-0.00111030425817999 0.000791374951350905 -3.45521765702626e-05)
(-0.00107530989259073 0.000789824107215462 -3.44844652530049e-05)
(-0.00104031552700147 0.0007882684040736 -3.44165417869452e-05)
(-0.00100532116141221 0.000786706285594378 -3.43483382212074e-05)
(-0.000970326795822948 0.000785136104426503 -3.42797826308806e-05)
(-0.000935332430233688 0.000783553641202673 -3.42106907944099e-05)
(-0.000900338064644429 0.000781953235982656 -3.41408155934681e-05)
(-0.000865343699055169 0.000780333236060222 -3.40700848693427e-05)
(-0.00083034933346591 0.00077869413427605 -3.39985201399225e-05)
(-0.00079535496787665 0.000777033353628016 -3.39260088908649e-05)
(-0.000760360602287391 0.000775347829029765 -3.38524172976095e-05)
(-0.000725366236698131 0.000773639352449646 -3.37778235991842e-05)
(-0.000690371871108871 0.000771911165895336 -3.3702369344701e-05)
(-0.000655377505519612 0.000770162587794625 -3.36260247760745e-05)
(-0.000620383139930353 0.000768392864477022 -3.35487569873406e-05)
(-0.000585388774341093 0.000766606113513389 -3.34707457555254e-05)
(-0.000550394408751834 0.000764806981552215 -3.33921939576835e-05)
(-0.000515400043162574 0.000762997288361352 -3.3313181046595e-05)
(-0.000480405677573315 0.000761179855261329 -3.32338302037747e-05)
(-0.000445411311984055 0.000759359694862343 -3.315436028451e-05)
(-0.000410416946394795 0.00075754090707613 -3.30749502948132e-05)
(-0.000375422580805536 0.00075572748239962 -3.2995774463543e-05)
(-0.000340428215216276 0.000753924171053685 -3.29170401898216e-05)
(-0.000305433849627017 0.000752133796452454 -3.28388707465721e-05)
(-0.000270439484037757 0.000750359493601526 -3.27614030110951e-05)
(-0.000235445118448498 0.000748606158230048 -3.26848507355413e-05)
(-0.000200450752859238 0.000746876359439061 -3.26093260892846e-05)
(-0.000165456387269979 0.000745170189597703 -3.25348331052486e-05)
(-0.000130462021680719 0.000743490595223422 -3.24615004311634e-05)
(-9.54676560914602e-05 0.000741840960579681 -3.23894758271629e-05)
(-6.04732905022003e-05 0.000740219423777753 -3.23186780014297e-05)
(-2.54789249129408e-05 0.00073862279434067 -3.2248967654731e-05)
(9.52047701133491e-06 0.000737240434561701 -3.21886125233422e-05)
(4.45547286533823e-05 0.000737217132291881 -3.218759512427e-05)
(7.95889802954299e-05 0.000737204679801371 -3.21870514367927e-05)
(0.000114623231937477 0.000737204245661777 -3.21870324818487e-05)
(0.000149657483579525 0.000737214022991478 -3.21874593692826e-05)
(0.000184691735221573 0.000737230691703282 -3.2188187140957e-05)
(0.00021972598686362 0.000737251750346684 -3.21891065811843e-05)
(0.000254760238505668 0.000737275821850578 -3.21901575657415e-05)
(0.000289794490147715 0.000737301657075505 -3.21912855560221e-05)
(0.000324828741789762 0.000737328296802287 -3.21924486716123e-05)
(0.00035986299343181 0.000737355048041533 -3.21936166559417e-05)
(0.000394897245073857 0.000737381227617607 -3.21947596809181e-05)
(0.000429931496715905 0.000737406011514214 -3.21958417692129e-05)
(0.000464965748357953 0.000737427714417476 -3.21967893384331e-05)
(0.0005 0.000737444095084032 -3.21975045337805e-05)
(-0.003 0.000899010180842912 -3.92516321800719e-05)
(-0.00296500676129289 0.000897181057514138 -3.91717709308415e-05)
(-0.00293001352258578 0.000895351933031354 -3.90919096312258e-05)
(-0.00289502028387867 0.000893522809133932 -3.90120483571677e-05)
(-0.00286002704517156 0.000891693685703647 -3.89321871035051e-05)
(-0.00282503380646444 0.000889864561604333 -3.88523258206322e-05)
(-0.00279004056775733 0.000888035437597449 -3.87724645417948e-05)
(-0.00275504732905022 0.000886206313593436 -3.86926032630827e-05)
(-0.00272005409034311 0.000884377189585242 -3.86127419841881e-05)
(-0.002685060851636 0.000882548065896996 -3.85328807192628e-05)
(-0.00265006761292889 0.000880718941925413 -3.84530194419667e-05)
(-0.00261507437422177 0.000878889817874899 -3.83731581612244e-05)
(-0.00258008113551466 0.000877060693956407 -3.82932968862462e-05)
(-0.00254508789680755 0.000875231570233124 -3.82134356197911e-05)
(-0.00251009465810044 0.000873402446443368 -3.81335743504338e-05)
(-0.00247510141939333 0.00087157332223478 -3.80537130627898e-05)
(-0.00244010818068622 0.000869744198364137 -3.79738517899008e-05)
(-0.00240511494197911 0.000867915074420363 -3.78939905138188e-05)
(-0.00237012170327199 0.000866085950770924 -3.78141292505878e-05)
(-0.00233512846456488 0.000864256826605945 -3.77342679648478e-05)
(-0.00230013522585777 0.000862427702857301 -3.76544066972855e-05)
(-0.00226514198715066 0.000860598578844743 -3.75745454182003e-05)
(-0.00223014874844355 0.000858769454972184 -3.74946841452277e-05)
(-0.00219515550973644 0.000856940331188941 -3.74148228761547e-05)
(-0.00216016227102933 0.00085511120778329 -3.73349616235677e-05)
(-0.00212516903232221 0.0008532820833884 -3.72551003277896e-05)
(-0.0020901757936151 0.000851452959525108 -3.71752390552216e-05)
(-0.00205518255490799 0.000849623835348275 -3.7095377768964e-05)
(-0.00202018931620088 0.000847794711441067 -3.70155164944786e-05)
(-0.00198519607749377 0.000845965587572609 -3.6935655221685e-05)
(-0.00195020283878666 0.000844136463642159 -3.68557939461848e-05)
(-0.00191520960007955 0.00084230733971944 -3.67759326710221e-05)
(-0.00188021636137243 0.000840478215812231 -3.66960713965366e-05)
(-0.00184522312266532 0.000838649092053065 -3.66162101285149e-05)
(-0.00181022988395821 0.000836819967997814 -3.65363488475657e-05)
(-0.0017752366452511 0.00083499084425868 -3.64564875804186e-05)
(-0.00174024340654399 0.00083316172021666 -3.63766263000471e-05)
(-0.00170525016783688 0.000831332596324044 -3.62967650261988e-05)
(-0.00167025692912977 0.000829503472677606 -3.62169037630988e-05)
(-0.00163526369042265 0.000827674348673695 -3.61370424843912e-05)
(-0.00160027045171554 0.000825845224742598 -3.60571812088627e-05)
(-0.00156527721300843 0.000824016100791995 -3.59773199324826e-05)
(-0.00153028397430132 0.00082218697707093 -3.58974586661243e-05)
(-0.00149529073559421 0.000820357853004339 -3.58175973846801e-05)
(-0.0014602974968871 0.000818528729125808 -3.57377361114467e-05)
(-0.00142530425817999 0.000816699605547591 -3.56578748513253e-05)
(-0.00139031101947287 0.000814870481494934 -3.55780135704894e-05)
(-0.00135531778076576 0.000813041357352652 -3.54981522857404e-05)
(-0.00132032454205865 0.00081121223348584 -3.54182910130187e-05)
(-0.00128533130335154 0.000809383109464083 -3.53384297335319e-05)
(-0.00125033806464443 0.000807553985680175 -3.52585684644299e-05)
(-0.00121534482593732 0.000805724861575265 -3.51787071813126e-05)
(-0.00118035158723021 0.000803895737749495 -3.50988459103828e-05)
(-0.00114535834852309 0.000802066613989985 -3.5018984642346e-05)
(-0.00111036510981598 0.000800237489853639 -3.49391233578562e-05)
(-0.00107537187110887 0.000798408366273461 -3.48592620976492e-05)
(-0.00104037863240176 0.000796579242219553 -3.47794008167587e-05)
(-0.00100538539369465 0.000794750118473407 -3.46995395493053e-05)
(-0.000970392154987537 0.000792920995012317 -3.46196782942979e-05)
(-0.000935398916280426 0.000791091870343709 -3.45398169865689e-05)
(-0.000900405677573315 0.000789262746467653 -3.44599557134436e-05)
(-0.000865412438866203 0.00078743362271127 -3.43800944455433e-05)
(-0.000830419200159092 0.000785604498595969 -3.43002331619724e-05)
(-0.00079542596145198 0.000783775374986762 -3.42203719004979e-05)
(-0.000760432722744869 0.000781946251136837 -3.41405106285135e-05)
(-0.000725439484037757 0.000780117127077841 -3.40606493474009e-05)
(-0.000690446245330646 0.000778288002967134 -3.39807880640305e-05)
(-0.000655453006623534 0.000776458879059925 -3.3900926789545e-05)
(-0.000620459767916423 0.000774629755653481 -3.38210655369234e-05)
(-0.000585466529209312 0.000772800631369513 -3.37412042459882e-05)
(-0.000550473290502201 0.000770971507872626 -3.36613429894178e-05)
(-0.000515480051795089 0.000769142384046958 -3.35814817184924e-05)
(-0.000480486813087977 0.000767313259999752 -3.35016204378946e-05)
(-0.000445493574380866 0.000765484135682575 -3.34217591455095e-05)
(-0.000410500335673754 0.000763655011874699 -3.3341897875361e-05)
(-0.000375507096966643 0.000761825888123352 -3.32620366076806e-05)
(-0.000340513858259532 0.000759996764078391 -3.31821753271807e-05)
(-0.00030552061955242 0.00075816764057106 -3.31023140701542e-05)
(-0.000270527380845309 0.000756338516162653 -3.3022452773786e-05)
(-0.000235534142138197 0.000754509392510488 -3.2942591510436e-05)
(-0.000200540903431086 0.000752680268266211 -3.28627302212338e-05)
(-0.000165547664723975 0.000750851144491732 -3.27828689525434e-05)
(-0.000130554426016863 0.000749022020552732 -3.27030076766699e-05)
(-9.55611873097521e-05 0.000747192897398881 -3.26231464350767e-05)
(-6.05679486026403e-05 0.000745363772862458 -3.25432851331192e-05)
(-2.55747098955289e-05 0.000743534648903461 -3.24634238563726e-05)
(9.42457241360191e-06 0.000741936484773582 -3.23936465035393e-05)
(4.44656743840589e-05 0.00074193648518134 -3.23936465213424e-05)
(7.95067763545159e-05 0.000741936484949994 -3.23936465112416e-05)
(0.000114547878324973 0.000741936484773582 -3.23936465035393e-05)
(0.00014958898029543 0.000741936484922285 -3.23936465100318e-05)
(0.000184630082265887 0.000741936485521954 -3.23936465362139e-05)
(0.000219671184236344 0.000741936485036076 -3.2393646515e-05)
(0.000254712286206801 0.000741936484867381 -3.23936465076346e-05)
(0.000289753388177258 0.000741936484773582 -3.23936465035393e-05)
(0.000324794490147715 0.000741936484814385 -3.23936465053208e-05)
(0.000359835592118172 0.000741936485029083 -3.23936465146947e-05)
(0.000394876694088629 0.00074193648502599 -3.23936465145596e-05)
(0.000429917796059086 0.000741936485308682 -3.23936465269022e-05)
(0.000464958898029543 0.00074193648490302 -3.23936465091906e-05)
(0.0005 0.000741936484883946 -3.23936465083579e-05)
(-0.003 0.000749177612382981 3.27098009626874e-05)
(-0.002965 0.000749174921887352 3.27096834931114e-05)
(-0.00293 0.000749169972437691 3.27094673954723e-05)
(-0.002895 0.000749163789180766 3.27091974286447e-05)
(-0.00286 0.000749156430718172 3.27088761512295e-05)
(-0.002825 0.00074914836425308 3.27085239617576e-05)
(-0.00279 0.000749139647509287 3.27081433805046e-05)
(-0.002755 0.000749130319061514 3.27077360916789e-05)
(-0.00272 0.000749120288651478 3.2707298154519e-05)
(-0.002685 0.000749109669032044 3.27068344919212e-05)
(-0.00265 0.000749098573804365 3.27063500638189e-05)
(-0.002615 0.000749087021065739 3.27058456603573e-05)
(-0.00258 0.000749074983463079 3.27053200872748e-05)
(-0.002545 0.000749062399473248 3.27047706584132e-05)
(-0.00251 0.000749049413467555 3.27042036771601e-05)
(-0.002475 0.000749036033436107 3.27036194923709e-05)
(-0.00244 0.0007490222667678 3.27030184266519e-05)
(-0.002405 0.00074900796494912 3.2702393995763e-05)
(-0.00237 0.00074899326626059 3.27017522371623e-05)
(-0.002335 0.000748978182702511 3.27010936747941e-05)
(-0.0023 0.000748962710007746 3.27004181223514e-05)
(-0.002265 0.00074894673907752 3.26997208164786e-05)
(-0.00223 0.000748930274727238 3.26990019674209e-05)
(-0.002195 0.00074891337962768 3.26982643114437e-05)
(-0.00216 0.000748896036482672 3.26975070933796e-05)
(-0.002125 0.000748878169325471 3.26967269964491e-05)
(-0.00209 0.000748859632271277 3.26959176511843e-05)
(-0.002055 0.000748840534372742 3.26950838189267e-05)
(-0.00202 0.000748820845761729 3.26942241956052e-05)
(-0.001985 0.000748800536729367 3.26933374841028e-05)
(-0.00195 0.000748779265247781 3.26924087511596e-05)
(-0.001915 0.000748757178820847 3.26914444369342e-05)
(-0.00188 0.000748734240023653 3.26904429074195e-05)
(-0.001845 0.000748710379568424 3.2689401137446e-05)
(-0.00181 0.000748685197972275 3.26883016852142e-05)
(-0.001775 0.000748658572707641 3.26871392010551e-05)
(-0.00174 0.000748630563073825 3.26859162740321e-05)
(-0.001705 0.000748601028275842 3.26846267569036e-05)
(-0.00167 0.000748569557458998 3.26832527113661e-05)
(-0.001635 0.000748535404375702 3.26817615555462e-05)
(-0.0016 0.000748498848179694 3.26801654775593e-05)
(-0.001565 0.000748459610900932 3.26784523409714e-05)
(-0.00153 0.000748417398351875 3.2676609301277e-05)
(-0.001495 0.000748370154013998 3.26745465689382e-05)
(-0.00146 0.000748318630475488 3.26722970026648e-05)
(-0.001425 0.000748262379728902 3.26698410420296e-05)
(-0.00139 0.000748200910662018 3.26671572446097e-05)
(-0.001355 0.000748131488041235 3.26641261875271e-05)
(-0.00132 0.000748053766067791 3.26607327728818e-05)
(-0.001285 0.000747967722243951 3.26569760184015e-05)
(-0.00125 0.000747872484167964 3.26528178342031e-05)
(-0.001215 0.000747764807664382 3.26481165765276e-05)
(-0.00118 0.000747641467397965 3.26427314241972e-05)
(-0.001145 0.000747503641969107 3.26367138360165e-05)
(-0.00111 0.000747349807634642 3.26299972839221e-05)
(-0.001075 0.000747176764737346 3.26224420678625e-05)
(-0.00104 0.000746973323317149 3.261355962363e-05)
(-0.001005 0.00074673230471454 3.26030365241816e-05)
(-0.00097 0.000746441758453827 3.25903510004803e-05)
(-0.000935 0.000746089343235947 3.25749642197723e-05)
(-0.0009 0.000745610008756638 3.2554036024437e-05)
(-0.000865 0.000745016922852926 3.25281413346551e-05)
(-0.00083 0.000744307728417995 3.24971772369205e-05)
(-0.000795 0.000743478581105155 3.24609758834317e-05)
(-0.00076 0.000742478510497433 3.24173118577234e-05)
(-0.000725 0.000741345949395769 3.2367863172123e-05)
(-0.00069 0.000740094933099116 3.23132426210171e-05)
(-0.000655 0.000738728899811383 3.22536003196301e-05)
(-0.00062 0.000737210130126605 3.21872894031316e-05)
(-0.000585 0.000735595787635566 3.21168056877953e-05)
(-0.00055 0.000733905292299234 3.20429970674284e-05)
(-0.000515 0.000732148865080712 3.19663097989173e-05)
(-0.00048 0.000730328414414842 3.18868272063268e-05)
(-0.000445 0.000728497602908631 3.18068922496776e-05)
(-0.00041 0.000726668019453729 3.17270109109065e-05)
(-0.000375 0.000724858413694895 3.1648001817183e-05)
(-0.00034 0.0007231180004152 3.15720137323408e-05)
(-0.000305 0.000721448555591614 3.1499124197209e-05)
(-0.00027 0.000719860223476034 3.14297761193907e-05)
(-0.000235 0.000718408382627441 3.13663873789879e-05)
(-0.0002 0.000717107165617158 3.13095750173901e-05)
(-0.000165 0.000715936335393028 3.12584554658187e-05)
(-0.00013 0.000714901168812733 3.12132591168555e-05)
(-9.50000000000001e-05 0.000714101376796177 3.11783394432818e-05)
(-6.00000000000001e-05 0.000713449624087854 3.11498833054932e-05)
(-2.5e-05 0.000712941542637539 3.1127699990298e-05)
(9.9999999999999e-06 0.000712612145502854 3.11133182008063e-05)
(4.5e-05 0.000712439827849401 3.11057946495767e-05)
(8e-05 0.000712359805389792 3.11023007935364e-05)
(0.000115 0.000712361446093679 3.11023724282151e-05)
(0.00015 0.000712452471473034 3.11063466821064e-05)
(0.000185 0.000712572931742811 3.11116060910678e-05)
(0.00022 0.000712718772577504 3.11179736394251e-05)
(0.000255 0.000712886778125563 3.11253089200672e-05)
(0.00029 0.000713063216151332 3.11330123706373e-05)
(0.000325 0.000713243407340125 3.11408796878438e-05)
(0.00036 0.000713424960708847 3.11488064791104e-05)
(0.000395 0.000713602018907937 3.11565370070324e-05)
(0.00043 0.000713772467963839 3.1163978973531e-05)
(0.000465 0.000713934729340917 3.11710634582519e-05)
(0.0005 0.00071406016335718 3.11765400256747e-05)
(-0.003 0.000773938700818402 3.37908934312222e-05)
(-0.00296500112688215 0.000773636284705905 3.37776896585999e-05)
(-0.0029300022537643 0.000773330372680295 3.37643332511146e-05)
(-0.00289500338064644 0.000773023116795734 3.37509181694804e-05)
(-0.00286000450752859 0.000772714982659046 3.37374647425303e-05)
(-0.00282500563441074 0.000772406182037458 3.3723982216221e-05)
(-0.00279000676129289 0.000772096843161243 3.37104761892072e-05)
(-0.00275500788817504 0.000771786972979873 3.36969469649093e-05)
(-0.00272000901505718 0.000771476564867665 3.36833942540438e-05)
(-0.00268501014193933 0.000771165670206021 3.36698202999711e-05)
(-0.00265001126882148 0.000770854363319108 3.36562283477546e-05)
(-0.00261501239570363 0.000770542669024815 3.36426194809665e-05)
(-0.00258001352258578 0.000770230565760982 3.36289927581827e-05)
(-0.00254501464946793 0.000769918052239774 3.3615348123175e-05)
(-0.00251001577635007 0.000769605177190169 3.36016877034967e-05)
(-0.00247501690323222 0.000769291975922709 3.35880130408392e-05)
(-0.00244001803011437 0.000768978420755995 3.35743229266066e-05)
(-0.00240501915699652 0.000768664480161718 3.35606159842432e-05)
(-0.00237002028387867 0.000768350183132983 3.35468934796152e-05)
(-0.00233502141076081 0.000768035563299344 3.35331568810208e-05)
(-0.00230002253764296 0.000767720597628436 3.35194051828451e-05)
(-0.00226502366452511 0.000767405240232768 3.3505636381597e-05)
(-0.00223002479140726 0.000767089483444465 3.34918501424899e-05)
(-0.00219502591828941 0.000766773351350591 3.34780475171877e-05)
(-0.00216002704517155 0.000766456834183227 3.34642280792138e-05)
(-0.0021250281720537 0.000766139864815931 3.34503888977645e-05)
(-0.00209002929893585 0.000765822389377451 3.34365276207701e-05)
(-0.002055030425818 0.00076550441692722 3.34226446437741e-05)
(-0.00202003155270015 0.000765185953637893 3.34087402362802e-05)
(-0.00198503267958229 0.000764866907027466 3.33948103604372e-05)
(-0.00195003380646444 0.000764547158819008 3.33808498521626e-05)
(-0.00191503493334659 0.000764226691497118 3.33668579467175e-05)
(-0.00188003606022874 0.000763905509319177 3.33528348299831e-05)
(-0.00184503718711089 0.000763583490412228 3.33387751808713e-05)
(-0.00181003831399304 0.000763260426161491 3.3324669891064e-05)
(-0.00177503944087518 0.000762936194611836 3.33105136358854e-05)
(-0.00174004056775733 0.000762610769473331 3.32963052674921e-05)
(-0.00170504169463948 0.00076228402211528 3.32820391697466e-05)
(-0.00167004282152163 0.000761955589118658 3.32676994754318e-05)
(-0.00163504394840378 0.000761625131337758 3.32532713771262e-05)
(-0.00160004507528592 0.000761292553872902 3.32387507314204e-05)
(-0.00156504620216807 0.000760957755405712 3.32241331146585e-05)
(-0.00153004732905022 0.000760620107916149 3.32093911068935e-05)
(-0.00149504845593237 0.000760278846176607 3.31944912975665e-05)
(-0.00146004958281452 0.00075993376274027 3.31794246293538e-05)
(-0.00142505070969666 0.000759584759275859 3.31641868090192e-05)
(-0.00139005183657881 0.000759230946571525 3.3148739012735e-05)
(-0.00135505296346096 0.000758870992982419 3.31330230996312e-05)
(-0.00132005409034311 0.00075850417716516 3.31170075751759e-05)
(-0.00128505521722526 0.000758130279439524 3.31006828479233e-05)
(-0.0012500563441074 0.000757748264100864 3.30840036980318e-05)
(-0.00121505747098955 0.000757355868536304 3.30668713376899e-05)
(-0.0011800585978717 0.000756951306801779 3.30492077908958e-05)
(-0.00114505972475385 0.000756534122345985 3.3030993124189e-05)
(-0.001110060851636 0.000756103374606309 3.3012186271719e-05)
(-0.00107506197851815 0.000755655041282542 3.2992611616066e-05)
(-0.00104006310540029 0.000755182287551168 3.29719707423906e-05)
(-0.00100506423228244 0.000754677245731896 3.29499201403529e-05)
(-0.00097006535916459 0.000754131515172028 3.2926093029535e-05)
(-0.000935066486046738 0.00075352329473633 3.28995375518161e-05)
(-0.000900067612928886 0.000752825235095231 3.28690596096792e-05)
(-0.000865068739811034 0.000752028664979996 3.28342806073553e-05)
(-0.000830069866693182 0.000751135907920417 3.27953019923457e-05)
(-0.00079507099357533 0.00075013341983756 3.27515324173935e-05)
(-0.000760072120457478 0.000749006842503326 3.27023449887213e-05)
(-0.000725073247339626 0.000747764582166493 3.26481067310772e-05)
(-0.000690074374221774 0.000746422489002554 3.25895096780683e-05)
(-0.000655075501103922 0.000744976444609868 3.25263740163959e-05)
(-0.00062007662798607 0.0007434231627907 3.24585562675682e-05)
(-0.000585077754868219 0.000741782766630289 3.23869350244609e-05)
(-0.000550078881750367 0.000740078180801569 3.23125111999103e-05)
(-0.000515080008632515 0.00073831802796568 3.22356612674321e-05)
(-0.000480081135514663 0.000736516357679957 3.21569986439469e-05)
(-0.000445082262396811 0.000734698373737631 3.20776237508322e-05)
(-0.000410083389278959 0.000732884443411552 3.1998425842425e-05)
(-0.000375084516161107 0.000731094636455848 3.19202811831145e-05)
(-0.000340085643043255 0.000729353466156721 3.18442600460901e-05)
(-0.000305086769925403 0.000727674771541886 3.17709666563507e-05)
(-0.000270087896807551 0.000726074474118091 3.17010961618936e-05)
(-0.000235089023689699 0.000724579078424099 3.16358057758723e-05)
(-0.000200090150571847 0.000723201719344577 3.15756689797366e-05)
(-0.000165091277453996 0.000721941175960679 3.15206324670184e-05)
(-0.000130092404336144 0.000720813007255924 3.14713755576088e-05)
(-9.50935312182922e-05 0.000719839284896352 3.14288619212587e-05)
(-6.00946581004401e-05 0.00071900602304556 3.13924809231633e-05)
(-2.50957849825882e-05 0.000718302259113955 3.13617539263243e-05)
(9.9040954022669e-06 0.000717767668914132 3.13384132141303e-05)
(4.49109457306765e-05 0.000717614115313026 3.1331708919119e-05)
(7.9917796059086e-05 0.000717543757877958 3.13286370471633e-05)
(0.000114924646387496 0.000717543186363418 3.13286120942996e-05)
(0.000149931496715905 0.000717600552810344 3.13311167674637e-05)
(0.000184938347044315 0.00071769400517787 3.13351969859469e-05)
(0.000219945197372724 0.000717810159204495 3.1340268380272e-05)
(0.000254952047701134 0.000717942428134913 3.13460433664916e-05)
(0.000289958898029543 0.00071808373574683 3.13522129900681e-05)
(0.000324965748357952 0.000718228989561223 3.13585549085655e-05)
(0.000359972598686362 0.000718374741325061 3.13649185680053e-05)
(0.000394979449014771 0.000718517407962222 3.13711475279053e-05)
(0.000429986299343181 0.000718653039843982 3.13770693437514e-05)
(0.000464993149671591 0.000718771005840837 3.13822198504053e-05)
(0.0005 0.000718835682943722 3.13850437137018e-05)
(-0.003 0.000798796423708332 3.48762050511583e-05)
(-0.0029650022537643 0.000798192945155183 3.48498566085027e-05)
(-0.00293000450752859 0.000797584483764213 3.48232906104495e-05)
(-0.00289500676129289 0.000796974837705426 3.47966728886823e-05)
(-0.00286000901505718 0.000796364499111754 3.4770024930189e-05)
(-0.00282501126882148 0.00079575363507208 3.47433540302279e-05)
(-0.00279001352258578 0.000795142346483268 3.4716664594051e-05)
(-0.00275501577635007 0.000794530638735047 3.46899568569792e-05)
(-0.00272001803011437 0.000793918505772935 3.46632305546679e-05)
(-0.00268502028387867 0.000793305988394762 3.4636487468389e-05)
(-0.00265002253764296 0.000792693145546736 3.46097301717894e-05)
(-0.00261502479140726 0.000792079996668179 3.45829595136082e-05)
(-0.00258002704517155 0.00079146652439891 3.45561747358836e-05)
(-0.00254502929893585 0.000790852727065296 3.45293757655432e-05)
(-0.00251003155270015 0.000790238643769927 3.45025643098429e-05)
(-0.00247503380646444 0.000789624302232028 3.44757415790303e-05)
(-0.00244003606022874 0.000789009680555502 3.44489066171011e-05)
(-0.00240503831399304 0.000788394752577826 3.44220582817749e-05)
(-0.00237004056775733 0.000787779541963152 3.43951976062508e-05)
(-0.00233504282152163 0.000787164075171545 3.43683257458002e-05)
(-0.00230004507528592 0.000786548333889864 3.43414419008543e-05)
(-0.00226504732905022 0.000785932280921108 3.43145444473567e-05)
(-0.00223004958281452 0.000785315910033088 3.42876331132044e-05)
(-0.00219505183657881 0.000784699240623218 3.42607087453065e-05)
(-0.00216005409034311 0.000784082264785314 3.42337709984717e-05)
(-0.0021250563441074 0.00078346492882272 3.42068175282535e-05)
(-0.0020900585978717 0.00078284718875382 3.41798464143728e-05)
(-0.002055060851636 0.000782229052570565 3.4152858005766e-05)
(-0.00202006310540029 0.000781610524917289 3.41258525052089e-05)
(-0.00198506535916459 0.000780991532631506 3.40988267183584e-05)
(-0.00195006761292889 0.000780371978845423 3.40717764158754e-05)
(-0.00191506986669318 0.000779751851136083 3.40447010553619e-05)
(-0.00188007212045748 0.000779131152676536 3.40176007753561e-05)
(-0.00184507437422177 0.000778509786930082 3.39904713609748e-05)
(-0.00181007662798607 0.00077788758515272 3.39633054446957e-05)
(-0.00177507888175037 0.000777264449742599 3.39360987651301e-05)
(-0.00174008113551466 0.00077664036104615 3.39088504641845e-05)
(-0.00170508338927896 0.000776015217032264 3.38815560870845e-05)
(-0.00167008564304326 0.000775388727038524 3.3854202943235e-05)
(-0.00163508789680755 0.000774760614503716 3.38267789577125e-05)
(-0.00160009015057185 0.000774130808824169 3.37992810478943e-05)
(-0.00156509240433614 0.00077349922912815 3.37717056828442e-05)
(-0.00153009465810044 0.000772865379092711 3.37440311926342e-05)
(-0.00149509691186474 0.000772228627474754 3.37162300165956e-05)
(-0.00146009916562903 0.00077158882312953 3.36882955556061e-05)
(-0.00142510141939333 0.000770945886709159 3.36602243452624e-05)
(-0.00139010367315762 0.000770299115778378 3.36319857165786e-05)
(-0.00135510592692192 0.000769647422459232 3.36035321717774e-05)
(-0.00132010818068622 0.000768990236068824 3.35748387943055e-05)
(-0.00128511043445051 0.000768327390720355 3.35458983413887e-05)
(-0.00125011268821481 0.000767658068820352 3.35166751161252e-05)
(-0.00121511494197911 0.000766980443350198 3.34870893491593e-05)
(-0.0011801171957434 0.000766293057015709 3.3457077413653e-05)
(-0.0011451194495077 0.000765595583478798 3.34266250613777e-05)
(-0.00111012170327199 0.000764887281682047 3.33956999370676e-05)
(-0.00107512395703629 0.000764164974930196 3.33641633432126e-05)
(-0.00104012621080059 0.00076342313253191 3.33317738046138e-05)
(-0.00100512846456488 0.000762655506552203 3.32982585305386e-05)
(-0.000970130718329179 0.000761855452694249 3.32633274247226e-05)
(-0.000935132972093475 0.000761005849915593 3.32262329663087e-05)
(-0.000900135225857771 0.000760083926997406 3.31859809424115e-05)
(-0.000865137479622068 0.000759083287484912 3.31422920777844e-05)
(-0.000830139733386364 0.000758005896565746 3.30952521743724e-05)
(-0.00079514198715066 0.000756841141830742 3.30443978843849e-05)
(-0.000760144240914956 0.000755576670428146 3.29891898706665e-05)
(-0.000725146494679252 0.000754219879498926 3.29299510993668e-05)
(-0.000690148748443549 0.00075278358720314 3.28672412234404e-05)
(-0.000655151002207845 0.000751264599842214 3.28009208029961e-05)
(-0.000620153255972141 0.000749659790076427 3.27308532954328e-05)
(-0.000585155509736437 0.000747985803373292 3.26577654575574e-05)
(-0.000550157763500734 0.000746261013150498 3.25824594901106e-05)
(-0.00051516001726503 0.000744492375295641 3.25052390937036e-05)
(-0.000480162271029326 0.000742691203382395 3.24265982296308e-05)
(-0.000445164524793622 0.000740877659256466 3.23474171830862e-05)
(-0.000410166778557918 0.000739068124502891 3.22684111895192e-05)
(-0.000375169032322215 0.000737278748319693 3.21902853381425e-05)
(-0.00034017128608651 0.000735528757871904 3.21138791051109e-05)
(-0.000305173539850807 0.000733829541883776 3.20396897328638e-05)
(-0.000270175793615103 0.000732194073737984 3.19682836515215e-05)
(-0.000235178047379399 0.000730642525797505 3.19005416054722e-05)
(-0.000200180301143695 0.000729185281961558 3.18369169655469e-05)
(-0.000165182554907991 0.00072782267947977 3.17774244563824e-05)
(-0.000130184808672288 0.000726567085806746 3.17226040527081e-05)
(-9.51870624365842e-05 0.000725432532183844 3.16730683717518e-05)
(-6.01893162008801e-05 0.000724411247673811 3.16284781270657e-05)
(-2.51915699651763e-05 0.000723494290518719 3.15884429130676e-05)
(9.8081908045339e-06 0.000722754549503318 3.1556145122827e-05)
(4.48218914613529e-05 0.000722635618235851 3.1550952471548e-05)
(7.9835592118172e-05 0.00072257965948305 3.15485092596367e-05)
(0.000114849292774991 0.000722577868153667 3.15484310485068e-05)
(0.00014986299343181 0.000722620106019397 3.1550275193551e-05)
(0.000184876694088629 0.000722691532550856 3.15533937432632e-05)
(0.000219890394745448 0.000722781388764628 3.15573169502827e-05)
(0.000254904095402267 0.000722883882643187 3.1561791929663e-05)
(0.000289917796059086 0.000722993717401973 3.15665874187957e-05)
(0.000324931496715905 0.000723106841904956 3.1571526541262e-05)
(0.000359945197372724 0.000723220361438086 3.1576482911117e-05)
(0.000394958898029543 0.000723331403174802 3.15813310980443e-05)
(0.000429972598686362 0.000723436251463699 3.15859088731999e-05)
(0.000464986299343181 0.000723525480582003 3.15898047006399e-05)
(0.0005 0.000723574324590103 3.1591937276089e-05)
(-0.003 0.000823735548777555 3.59650707669972e-05)
(-0.00296500338064644 0.000822830358124054 3.59255492895533e-05)
(-0.00293000676129289 0.000821918203421269 3.58857237551511e-05)
(-0.00289501014193933 0.000821005081829588 3.58458560054681e-05)
(-0.00286001352258578 0.000820091448325037 3.58059659051865e-05)
(-0.00282501690323222 0.000819177426759223 3.57660588617842e-05)
(-0.00279002028387867 0.000818263092096021 3.57261381482548e-05)
(-0.00275502366452511 0.000817348448478714 3.56862039454977e-05)
(-0.00272002704517155 0.000816433491294658 3.56462560521208e-05)
(-0.002685030425818 0.000815518250542733 3.56062957779034e-05)
(-0.00265003380646444 0.00081460276982233 3.55663250264359e-05)
(-0.00261503718711089 0.000813687063569763 3.55263444280215e-05)
(-0.00258004056775733 0.000812771118874873 3.54863534189904e-05)
(-0.00254504394840378 0.000811854934314202 3.54463519371932e-05)
(-0.00251004732905022 0.000810938538699643 3.54063412405842e-05)
(-0.00247505070969666 0.000810021952560596 3.53663222254964e-05)
(-0.00244005409034311 0.000809105159645946 3.53262941823908e-05)
(-0.00240505747098955 0.000808188140380954 3.52862562566158e-05)
(-0.002370060851636 0.000807270912082345 3.52462092042361e-05)
(-0.00233506423228244 0.000806353494315623 3.52061538794999e-05)
(-0.00230006761292889 0.000805435873451118 3.51660896873229e-05)
(-0.00226507099357533 0.0008045180217159 3.5126015415113e-05)
(-0.00223007437422177 0.000803599934229113 3.50859308497673e-05)
(-0.00219507775486822 0.000802681625223646 3.50458366127071e-05)
(-0.00216008113551466 0.000801763088729571 3.50057324432797e-05)
(-0.00212508451616111 0.000800844284700495 3.4965616593022e-05)
(-0.00209008789680755 0.000799925180162797 3.49254876222745e-05)
(-0.002055091277454 0.000799005780734196 3.48853457763121e-05)
(-0.00202009465810044 0.000798086089694444 3.48451911983319e-05)
(-0.00198509803874688 0.000797166052495761 3.48050215067264e-05)
(-0.00195010141939333 0.000796245596736848 3.47648335403865e-05)
(-0.00191510480003977 0.0007953247126382 3.472462687233e-05)
(-0.00188010818068622 0.00079440340226468 3.46844015927106e-05)
(-0.00184511156133266 0.000793481593543721 3.46441545547721e-05)
(-0.00181011494197911 0.000792559160422858 3.46038802549451e-05)
(-0.00177511832262555 0.000791636029468964 3.45635754870699e-05)
(-0.00174012170327199 0.0007907121853745 3.45232395828051e-05)
(-0.00170512508391844 0.000789787551714533 3.44828692053658e-05)
(-0.00167012846456488 0.000788861911418993 3.44424548772683e-05)
(-0.00163513184521133 0.000787935057323204 3.44019875535074e-05)
(-0.00160013522585777 0.000787006935410275 3.43614648756548e-05)
(-0.00156513860650422 0.000786077484562426 3.43208841752504e-05)
(-0.00153014198715066 0.000785146334086615 3.42802292674867e-05)
(-0.0014951453677971 0.000784213011801472 3.42394795364797e-05)
(-0.00146014874844355 0.000783277402179631 3.41986299381957e-05)
(-0.00142515212908999 0.000782339444589301 3.41576778253936e-05)
(-0.00139015550973644 0.000781398613886637 3.41166002697979e-05)
(-0.00135515889038288 0.000780454096330123 3.40753617426867e-05)
(-0.00132016227102933 0.000779505461889851 3.40339434685488e-05)
(-0.00128516565167577 0.000778552583420672 3.39923398961071e-05)
(-0.00125016903232221 0.00077759484861572 3.39505242914665e-05)
(-0.00121517241296866 0.000776630890940354 3.3908436990436e-05)
(-0.0011801757936151 0.000775659616710238 3.38660302417263e-05)
(-0.00114517917426155 0.000774680775204254 3.38232930986169e-05)
(-0.00111018255490799 0.000773693809477298 3.37802012443595e-05)
(-0.00107518593555444 0.00077269634344697 3.3736650936956e-05)
(-0.00104018931620088 0.000771684240164517 3.36924615533232e-05)
(-0.00100519269684732 0.000770652817517173 3.36474286680028e-05)
(-0.000970196077493769 0.00076959709834779 3.36013349736208e-05)
(-0.000935199458140213 0.000768504286286848 3.35536217686182e-05)
(-0.000900202838786658 0.00076735736294931 3.35035460142573e-05)
(-0.000865206219433102 0.00076615147932159 3.3450895998033e-05)
(-0.000830209600079546 0.000764888099942959 3.33957356631106e-05)
(-0.00079521298072599 0.000763559333557377 3.33377204698108e-05)
(-0.000760216361372434 0.000762155962173024 3.32764479519189e-05)
(-0.000725219742018879 0.000760683468914866 3.32121575078411e-05)
(-0.000690223122665323 0.0007591514970042 3.31452701697119e-05)
(-0.000655226503311767 0.000757557768249212 3.30756864695285e-05)
(-0.000620229883958212 0.000755899976003659 3.3003305696941e-05)
(-0.000585233264604656 0.000754190559721392 3.29286709702338e-05)
(-0.000550236645251101 0.000752443356775167 3.28523864421489e-05)
(-0.000515240025897544 0.000750663674110875 3.27746838189478e-05)
(-0.000480243406543989 0.000748860000849935 3.2695933743676e-05)
(-0.000445246787190433 0.000747047444876155 3.26167958407861e-05)
(-0.000410250167836877 0.000745238311854168 3.25378073871989e-05)
(-0.000375253548483322 0.000743444688667596 3.24594961076504e-05)
(-0.000340256929129766 0.000741680954245875 3.23824897997576e-05)
(-0.00030526030977621 0.000739955651100507 3.23071614376276e-05)
(-0.000270263690422654 0.000738278429631405 3.223393236682e-05)
(-0.000235267071069098 0.00073666426381805 3.2163456365398e-05)
(-0.000200270451715543 0.000735120926197318 3.20960727896505e-05)
(-0.000165273832361987 0.000733648750883422 3.2031796227319e-05)
(-0.000130277213008432 0.000732256871231313 3.19710254492925e-05)
(-9.52805936548761e-05 0.000730955558268669 3.19142088983242e-05)
(-6.02839743013202e-05 0.000729739242399371 3.18611034005959e-05)
(-2.52873549477645e-05 0.000728600752392313 3.18113958533957e-05)
(9.71228620680091e-06 0.000727650797280137 3.17699199174772e-05)
(4.47328371920294e-05 0.000727566130866708 3.17662233020342e-05)
(7.97533881772579e-05 0.000727525396650797 3.17644448077589e-05)
(0.000114773939162486 0.000727523833980377 3.17643765800949e-05)
(0.000149794490147715 0.00072755437101699 3.17657098559071e-05)
(0.000184815041132944 0.000727606400456467 3.17679815102936e-05)
(0.000219835592118172 0.000727672072788462 3.17708488262315e-05)
(0.000254856143103401 0.000727747080518438 3.17741237344477e-05)
(0.000289876694088629 0.000727827536001667 3.17776364967077e-05)
(0.000324897245073857 0.000727910456276084 3.1781256874075e-05)
(0.000359917796059086 0.000727993686292781 3.17848907750823e-05)
(0.000394938347044314 0.000728075079098386 3.1788444461721e-05)
(0.000429958898029543 0.000728151851620692 3.17917964224343e-05)
(0.000464979449014772 0.000728217304394353 3.17946541522484e-05)
(0.0005 0.000728254801311207 3.17962913029944e-05)
(-0.003 0.000848752245523141 3.70573233353691e-05)
(-0.00296500450752859 0.000847544696408348 3.70046006024088e-05)
(-0.00293000901505719 0.000846327783135029 3.69514690214576e-05)
(-0.00289501352258578 0.000845110203522879 3.68983083475248e-05)
(-0.00286001803011437 0.000843892286957665 3.68451329619035e-05)
(-0.00282502253764296 0.000842674116105135 3.67919464738582e-05)
(-0.00279002704517155 0.00084145574064211 3.67387510523258e-05)
(-0.00275503155270015 0.000840237163486846 3.668554682472e-05)
(-0.00272003606022874 0.000839018381468802 3.66323336526121e-05)
(-0.00268504056775733 0.000837799414134896 3.6579112389439e-05)
(-0.00265004507528592 0.000836580290192032 3.6525884288571e-05)
(-0.00261504958281452 0.000835361019246718 3.64726497694375e-05)
(-0.00258005409034311 0.000834141592781714 3.64194084601677e-05)
(-0.0025450585978717 0.000832922009674131 3.63661603117351e-05)
(-0.00251006310540029 0.000831702288778954 3.63129061473663e-05)
(-0.00247506761292889 0.000830482443678492 3.62596465600777e-05)
(-0.00244007212045748 0.000829262463702524 3.62063810839972e-05)
(-0.00240507662798607 0.000828042335774896 3.61531091482078e-05)
(-0.00237008113551466 0.000826822071118166 3.60998312426969e-05)
(-0.00233508564304326 0.000825601682643256 3.60465479311675e-05)
(-0.00230009015057185 0.00082438116138709 3.59932588222833e-05)
(-0.00226509465810044 0.000823160488895406 3.59399631103137e-05)
(-0.00223009916562903 0.000821939661728247 3.5886660645067e-05)
(-0.00219510367315763 0.000820718689185816 3.58333518325989e-05)
(-0.00216010818068622 0.000819497567320293 3.57800365005438e-05)
(-0.00212511268821481 0.000818276269600663 3.57267134905326e-05)
(-0.0020901171957434 0.000817054773989105 3.56733818403732e-05)
(-0.00205512170327199 0.000815833083961372 3.56200417018203e-05)
(-0.00202012621080059 0.000814611201642597 3.55666931676592e-05)
(-0.00198513071832918 0.000813389090960741 3.55133346629506e-05)
(-0.00195013522585777 0.000812166703721727 3.54599640834958e-05)
(-0.00191513973338636 0.000810944033042727 3.54065811287839e-05)
(-0.00188014424091496 0.000809721080176196 3.53531858534983e-05)
(-0.00184514874844355 0.000808497797410339 3.52997761744971e-05)
(-0.00181015325597214 0.000807274100999423 3.52463484353626e-05)
(-0.00177515776350073 0.000806049941717377 3.51929004868381e-05)
(-0.00174016227102933 0.000804825309025098 3.51394318687765e-05)
(-0.00170516677855792 0.00080360015223095 3.5085940367933e-05)
(-0.00167017128608651 0.000802374327317106 3.50324196963536e-05)
(-0.0016351757936151 0.000801147696087401 3.49788638202635e-05)
(-0.0016001803011437 0.000799920221793842 3.49252711352106e-05)
(-0.00156518480867229 0.000798691863692228 3.48716398622647e-05)
(-0.00153018931620088 0.000797462376036438 3.48179592719184e-05)
(-0.00149519382372947 0.00079623144430107 3.4764215631696e-05)
(-0.00146019833125807 0.000794998989938112 3.47104055121174e-05)
(-0.00142520283878666 0.000793764972230663 3.46565271354443e-05)
(-0.00139020734631525 0.000792529042761145 3.46025652894365e-05)
(-0.00135521185384384 0.000791290659912773 3.45484963265947e-05)
(-0.00132021636137243 0.000790049535259732 3.44943076539758e-05)
(-0.00128522086890103 0.00078880558274761 3.44399955143629e-05)
(-0.00125022537642962 0.000787558395725199 3.4385542152981e-05)
(-0.00121522988395821 0.000786307065377928 3.4330907890129e-05)
(-0.0011802343914868 0.000785050860779628 3.4276060812881e-05)
(-0.0011452388990154 0.000783789611554508 3.42209934824695e-05)
(-0.00111024340654399 0.000782522947482301 3.41656897347284e-05)
(-0.00107524791407258 0.000781249291181509 3.41100806996943e-05)
(-0.00104025242160117 0.000779965891406078 3.40540462553703e-05)
(-0.00100525692912977 0.000778669630559002 3.39974502845314e-05)
(-0.000970261436658358 0.000777357200769137 3.39401483624045e-05)
(-0.000935265944186951 0.000776020108621307 3.38817696584745e-05)
(-0.000900270451715543 0.000774647022219027 3.38218194114559e-05)
(-0.000865274959244135 0.000773234680603726 3.37601552448228e-05)
(-0.000830279466772728 0.000771784063783764 3.36968199466641e-05)
(-0.00079528397430132 0.000770289958355111 3.36315858948441e-05)
(-0.000760288481829912 0.000768746229139679 3.35641852217027e-05)
(-0.000725292989358505 0.000767156503613453 3.34947763062618e-05)
(-0.000690297496887097 0.000765527237545774 3.34236410134979e-05)
(-0.000655302004415689 0.000763856987013022 3.33507163003443e-05)
(-0.000620306511944282 0.000762144234199452 3.32759358975343e-05)
(-0.000585311019472875 0.000760397250924979 3.31996609605252e-05)
(-0.000550315527001467 0.000758625297933834 3.3122295822142e-05)
(-0.000515320034530059 0.000756831967784859 3.30439973368913e-05)
(-0.000480324542058652 0.000755022918612769 3.29650125442698e-05)
(-0.000445329049587244 0.000753208205775595 3.28857804706903e-05)
(-0.000410333557115836 0.000751396035444165 3.2806659405309e-05)
(-0.000375338064644429 0.000749594435515592 3.27279998536834e-05)
(-0.000340342572173021 0.000747812955039175 3.26502187363096e-05)
(-0.000305347079701613 0.000746057269088276 3.2573563832242e-05)
(-0.000270351587230206 0.000744333736556661 3.24983127767779e-05)
(-0.000235356094758798 0.000742652248034677 3.2424897402418e-05)
(-0.00020036060228739 0.000741017964833805 3.23535430568882e-05)
(-0.000165365109815983 0.000739431096814958 3.22842589029138e-05)
(-0.000130369617344575 0.000737897640726745 3.22173067641934e-05)
(-9.53741248731682e-05 0.000736424398882661 3.21529836361482e-05)
(-6.03786324017602e-05 0.000735007676789182 3.20911282137074e-05)
(-2.53831399303526e-05 0.000733642160400207 3.20315084806076e-05)
(9.61638160906787e-06 0.000732477612237029 3.19806632097407e-05)
(4.46437829227059e-05 0.000732424917058047 3.19783624885396e-05)
(7.9671184236344e-05 0.00073239883645053 3.19772237846238e-05)
(0.000114698585549982 0.000732397856670701 3.19771810065126e-05)
(0.00014972598686362 0.00073241774780236 3.19780494720764e-05)
(0.000184753388177258 0.000732451671888378 3.19795306296592e-05)
(0.000219780789490896 0.000732494524253259 3.19814016043158e-05)
(0.000254808190804534 0.00073254349544802 3.19835397328544e-05)
(0.000289835592118172 0.000732596044067974 3.19858340551501e-05)
(0.00032486299343181 0.000732650219158496 3.19881993906845e-05)
(0.000359890394745448 0.000732704609647794 3.19905741307325e-05)
(0.000394917796059086 0.000732757814604035 3.19928971092894e-05)
(0.000429945197372724 0.000732808071162468 3.19950913580179e-05)
(0.000464972598686362 0.000732851349673324 3.19969809386096e-05)
(0.0005 0.000732878325331044 3.19981587212612e-05)
(-0.003 0.000873842757246355 3.8152798735265e-05)
(-0.00296500563441074 0.000872332344640058 3.8086852696693e-05)
(-0.00293001126882148 0.000870809724743844 3.80203736763328e-05)
(-0.00289501690323222 0.000869286799187123 3.79538813105467e-05)
(-0.00286002253764296 0.000867763707137773 3.78873816755354e-05)
(-0.0028250281720537 0.000866240490405298 3.78208765967414e-05)
(-0.00279003380646444 0.000864717173806319 3.77543671576816e-05)
(-0.00275503944087518 0.000863193758948425 3.76878534285449e-05)
(-0.00272004507528592 0.000861670244173829 3.76213353369508e-05)
(-0.00268505070969666 0.000860146638967768 3.75548132970336e-05)
(-0.0026500563441074 0.000858622957528658 3.74882879287097e-05)
(-0.00261506197851815 0.000857099204704262 3.74217594436368e-05)
(-0.00258006761292889 0.000855575376307793 3.7355227659016e-05)
(-0.00254507324733963 0.000854051471643167 3.72886925444556e-05)
(-0.00251007888175037 0.000852527499937339 3.7222154502813e-05)
(-0.00247508451616111 0.000851003467978286 3.71556138304578e-05)
(-0.00244009015057185 0.0008494793705615 3.70890703001564e-05)
(-0.00240509578498259 0.000847955201107335 3.7022523624635e-05)
(-0.00237010141939333 0.000846430965017243 3.69559740397261e-05)
(-0.00233510705380407 0.000844906668725213 3.6889421826344e-05)
(-0.00230011268821481 0.000843382307851891 3.68228667932817e-05)
(-0.00226511832262555 0.000841857873207504 3.67563085393051e-05)
(-0.00223012395703629 0.000840333362932682 3.66897469832325e-05)
(-0.00219512959144703 0.00083880878159413 3.66231823244504e-05)
(-0.00216013522585777 0.000837284127275604 3.65566144792938e-05)
(-0.00212514086026851 0.000835759386841745 3.64900428742606e-05)
(-0.00209014649467925 0.000834234549194351 3.64234670247928e-05)
(-0.00205515212908999 0.000832709615917238 3.63568870000412e-05)
(-0.00202015776350073 0.000831184588085494 3.62903028469454e-05)
(-0.00198516339791147 0.000829659447900944 3.62237137884201e-05)
(-0.00195016903232221 0.000828134171267631 3.61571187724131e-05)
(-0.00191517466673296 0.000826608754489755 3.60905176375624e-05)
(-0.0018801803011437 0.000825083198190611 3.60239104110815e-05)
(-0.00184518593555444 0.000823557478791412 3.59572960634985e-05)
(-0.00181019156996518 0.000822031554595757 3.58906727743091e-05)
(-0.00177519720437592 0.000820505400751087 3.58240394584272e-05)
(-0.00174020283878666 0.000818979011830817 3.57573958789228e-05)
(-0.0017052084731974 0.000817452362758787 3.56907409409474e-05)
(-0.00167021410760814 0.00081592538203441 3.56240715227178e-05)
(-0.00163521974201888 0.000814398000393759 3.55573846001056e-05)
(-0.00160022537642962 0.00081287019897596 3.54906793496273e-05)
(-0.00156523101084036 0.000811341957585617 3.5423954889533e-05)
(-0.0015302366452511 0.000809813154452533 3.53572059032208e-05)
(-0.00149524227966184 0.000808283632296004 3.52904255236671e-05)
(-0.00146024791407258 0.000806753350733913 3.52236119877505e-05)
(-0.00142525354848332 0.000805222289512793 3.51567644111855e-05)
(-0.00139025918289406 0.00080369027581182 3.50898752484521e-05)
(-0.0013552648173048 0.000802157039324483 3.5022932697713e-05)
(-0.00132027045171554 0.000800622434474164 3.49559304029559e-05)
(-0.00128527608612628 0.000799086417658681 3.48888664604684e-05)
(-0.00125028172053702 0.000797548787012847 3.4821732056626e-05)
(-0.00121528735494776 0.000796009089813137 3.47545074250929e-05)
(-0.0011802929893585 0.000794466959028248 3.46871765409362e-05)
(-0.00114529862376925 0.000792922307464054 3.46197355971782e-05)
(-0.00111030425817999 0.000791374951350905 3.45521765702626e-05)
(-0.00107530989259073 0.000789824107215462 3.44844652530049e-05)
(-0.00104031552700147 0.0007882684040736 3.44165417869452e-05)
(-0.00100532116141221 0.000786706285594378 3.43483382212074e-05)
(-0.000970326795822948 0.000785136104426503 3.42797826308806e-05)
(-0.000935332430233688 0.000783553641202673 3.42106907944099e-05)
(-0.000900338064644429 0.000781953235982656 3.41408155934681e-05)
(-0.000865343699055169 0.000780333236060222 3.40700848693427e-05)
(-0.00083034933346591 0.00077869413427605 3.39985201399225e-05)
(-0.00079535496787665 0.000777033353628016 3.39260088908649e-05)
(-0.000760360602287391 0.000775347829029765 3.38524172976095e-05)
(-0.000725366236698131 0.000773639352449646 3.37778235991842e-05)
(-0.000690371871108871 0.000771911165895336 3.3702369344701e-05)
(-0.000655377505519612 0.000770162587794625 3.36260247760745e-05)
(-0.000620383139930353 0.000768392864477022 3.35487569873406e-05)
(-0.000585388774341093 0.000766606113513389 3.34707457555254e-05)
(-0.000550394408751834 0.000764806981552215 3.33921939576835e-05)
(-0.000515400043162574 0.000762997288361352 3.3313181046595e-05)
(-0.000480405677573315 0.000761179855261329 3.32338302037747e-05)
(-0.000445411311984055 0.000759359694862343 3.315436028451e-05)
(-0.000410416946394795 0.00075754090707613 3.30749502948132e-05)
(-0.000375422580805536 0.00075572748239962 3.2995774463543e-05)
(-0.000340428215216276 0.000753924171053685 3.29170401898216e-05)
(-0.000305433849627017 0.000752133796452454 3.28388707465721e-05)
(-0.000270439484037757 0.000750359493601526 3.27614030110951e-05)
(-0.000235445118448498 0.000748606158230048 3.26848507355413e-05)
(-0.000200450752859238 0.000746876359439061 3.26093260892846e-05)
(-0.000165456387269979 0.000745170189597703 3.25348331052486e-05)
(-0.000130462021680719 0.000743490595223422 3.24615004311634e-05)
(-9.54676560914602e-05 0.000741840960579681 3.23894758271629e-05)
(-6.04732905022003e-05 0.000740219423777753 3.23186780014297e-05)
(-2.54789249129408e-05 0.00073862279434067 3.2248967654731e-05)
(9.52047701133491e-06 0.000737240434561701 3.21886125233422e-05)
(4.45547286533823e-05 0.000737217132291881 3.218759512427e-05)
(7.95889802954299e-05 0.000737204679801371 3.21870514367927e-05)
(0.000114623231937477 0.000737204245661777 3.21870324818487e-05)
(0.000149657483579525 0.000737214022991478 3.21874593692826e-05)
(0.000184691735221573 0.000737230691703282 3.2188187140957e-05)
(0.00021972598686362 0.000737251750346684 3.21891065811843e-05)
(0.000254760238505668 0.000737275821850578 3.21901575657415e-05)
(0.000289794490147715 0.000737301657075505 3.21912855560221e-05)
(0.000324828741789762 0.000737328296802287 3.21924486716123e-05)
(0.00035986299343181 0.000737355048041533 3.21936166559417e-05)
(0.000394897245073857 0.000737381227617607 3.21947596809181e-05)
(0.000429931496715905 0.000737406011514214 3.21958417692129e-05)
(0.000464965748357953 0.000737427714417476 3.21967893384331e-05)
(0.0005 0.000737444095084032 3.21975045337805e-05)
(-0.003 0.000899010180842912 3.92516321800719e-05)
(-0.00296500676129289 0.000897181057514138 3.91717709308415e-05)
(-0.00293001352258578 0.000895351933031354 3.90919096312258e-05)
(-0.00289502028387867 0.000893522809133932 3.90120483571677e-05)
(-0.00286002704517156 0.000891693685703647 3.89321871035051e-05)
(-0.00282503380646444 0.000889864561604333 3.88523258206322e-05)
(-0.00279004056775733 0.000888035437597449 3.87724645417948e-05)
(-0.00275504732905022 0.000886206313593436 3.86926032630827e-05)
(-0.00272005409034311 0.000884377189585242 3.86127419841881e-05)
(-0.002685060851636 0.000882548065896996 3.85328807192628e-05)
(-0.00265006761292889 0.000880718941925413 3.84530194419667e-05)
(-0.00261507437422177 0.000878889817874899 3.83731581612244e-05)
(-0.00258008113551466 0.000877060693956407 3.82932968862462e-05)
(-0.00254508789680755 0.000875231570233124 3.82134356197911e-05)
(-0.00251009465810044 0.000873402446443368 3.81335743504338e-05)
(-0.00247510141939333 0.00087157332223478 3.80537130627898e-05)
(-0.00244010818068622 0.000869744198364137 3.79738517899008e-05)
(-0.00240511494197911 0.000867915074420363 3.78939905138188e-05)
(-0.00237012170327199 0.000866085950770924 3.78141292505878e-05)
(-0.00233512846456488 0.000864256826605945 3.77342679648478e-05)
(-0.00230013522585777 0.000862427702857301 3.76544066972855e-05)
(-0.00226514198715066 0.000860598578844743 3.75745454182003e-05)
(-0.00223014874844355 0.000858769454972184 3.74946841452277e-05)
(-0.00219515550973644 0.000856940331188941 3.74148228761547e-05)
(-0.00216016227102933 0.00085511120778329 3.73349616235677e-05)
(-0.00212516903232221 0.0008532820833884 3.72551003277896e-05)
(-0.0020901757936151 0.000851452959525108 3.71752390552216e-05)
(-0.00205518255490799 0.000849623835348275 3.7095377768964e-05)
(-0.00202018931620088 0.000847794711441067 3.70155164944786e-05)
(-0.00198519607749377 0.000845965587572609 3.6935655221685e-05)
(-0.00195020283878666 0.000844136463642159 3.68557939461848e-05)
(-0.00191520960007955 0.00084230733971944 3.67759326710221e-05)
(-0.00188021636137243 0.000840478215812231 3.66960713965366e-05)
(-0.00184522312266532 0.000838649092053065 3.66162101285149e-05)
(-0.00181022988395821 0.000836819967997814 3.65363488475657e-05)
(-0.0017752366452511 0.00083499084425868 3.64564875804186e-05)
(-0.00174024340654399 0.00083316172021666 3.63766263000471e-05)
(-0.00170525016783688 0.000831332596324044 3.62967650261988e-05)
(-0.00167025692912977 0.000829503472677606 3.62169037630988e-05)
(-0.00163526369042265 0.000827674348673695 3.61370424843912e-05)
(-0.00160027045171554 0.000825845224742598 3.60571812088627e-05)
(-0.00156527721300843 0.000824016100791995 3.59773199324826e-05)
(-0.00153028397430132 0.00082218697707093 3.58974586661243e-05)
(-0.00149529073559421 0.000820357853004339 3.58175973846801e-05)
(-0.0014602974968871 0.000818528729125808 3.57377361114467e-05)
(-0.00142530425817999 0.000816699605547591 3.56578748513253e-05)
(-0.00139031101947287 0.000814870481494934 3.55780135704894e-05)
(-0.00135531778076576 0.000813041357352652 3.54981522857404e-05)
(-0.00132032454205865 0.00081121223348584 3.54182910130187e-05)
(-0.00128533130335154 0.000809383109464083 3.53384297335319e-05)
(-0.00125033806464443 0.000807553985680175 3.52585684644299e-05)
(-0.00121534482593732 0.000805724861575265 3.51787071813126e-05)
(-0.00118035158723021 0.000803895737749495 3.50988459103828e-05)
(-0.00114535834852309 0.000802066613989985 3.5018984642346e-05)
(-0.00111036510981598 0.000800237489853639 3.49391233578562e-05)
(-0.00107537187110887 0.000798408366273461 3.48592620976492e-05)
(-0.00104037863240176 0.000796579242219553 3.47794008167587e-05)
(-0.00100538539369465 0.000794750118473407 3.46995395493053e-05)
(-0.000970392154987537 0.000792920995012317 3.46196782942979e-05)
(-0.000935398916280426 0.000791091870343709 3.45398169865689e-05)
(-0.000900405677573315 0.000789262746467653 3.44599557134436e-05)
(-0.000865412438866203 0.00078743362271127 3.43800944455433e-05)
(-0.000830419200159092 0.000785604498595969 3.43002331619724e-05)
(-0.00079542596145198 0.000783775374986762 3.42203719004979e-05)
(-0.000760432722744869 0.000781946251136837 3.41405106285135e-05)
(-0.000725439484037757 0.000780117127077841 3.40606493474009e-05)
(-0.000690446245330646 0.000778288002967134 3.39807880640305e-05)
(-0.000655453006623534 0.000776458879059925 3.3900926789545e-05)
(-0.000620459767916423 0.000774629755653481 3.38210655369234e-05)
(-0.000585466529209312 0.000772800631369513 3.37412042459882e-05)
(-0.000550473290502201 0.000770971507872626 3.36613429894178e-05)
(-0.000515480051795089 0.000769142384046958 3.35814817184924e-05)
(-0.000480486813087977 0.000767313259999752 3.35016204378946e-05)
(-0.000445493574380866 0.000765484135682575 3.34217591455095e-05)
(-0.000410500335673754 0.000763655011874699 3.3341897875361e-05)
(-0.000375507096966643 0.000761825888123352 3.32620366076806e-05)
(-0.000340513858259532 0.000759996764078391 3.31821753271807e-05)
(-0.00030552061955242 0.00075816764057106 3.31023140701542e-05)
(-0.000270527380845309 0.000756338516162653 3.3022452773786e-05)
(-0.000235534142138197 0.000754509392510488 3.2942591510436e-05)
(-0.000200540903431086 0.000752680268266211 3.28627302212338e-05)
(-0.000165547664723975 0.000750851144491732 3.27828689525434e-05)
(-0.000130554426016863 0.000749022020552732 3.27030076766699e-05)
(-9.55611873097521e-05 0.000747192897398881 3.26231464350767e-05)
(-6.05679486026403e-05 0.000745363772862458 3.25432851331192e-05)
(-2.55747098955289e-05 0.000743534648903461 3.24634238563726e-05)
(9.42457241360191e-06 0.000741936484773582 3.23936465035393e-05)
(4.44656743840589e-05 0.00074193648518134 3.23936465213424e-05)
(7.95067763545159e-05 0.000741936484949994 3.23936465112416e-05)
(0.000114547878324973 0.000741936484773582 3.23936465035393e-05)
(0.00014958898029543 0.000741936484922285 3.23936465100318e-05)
(0.000184630082265887 0.000741936485521954 3.23936465362139e-05)
(0.000219671184236344 0.000741936485036076 3.2393646515e-05)
(0.000254712286206801 0.000741936484867381 3.23936465076346e-05)
(0.000289753388177258 0.000741936484773582 3.23936465035393e-05)
(0.000324794490147715 0.000741936484814385 3.23936465053208e-05)
(0.000359835592118172 0.000741936485029083 3.23936465146947e-05)
(0.000394876694088629 0.00074193648502599 3.23936465145596e-05)
(0.000429917796059086 0.000741936485308682 3.23936465269022e-05)
(0.000464958898029543 0.00074193648490302 3.23936465091906e-05)
(0.0005 0.000741936484883946 3.23936465083579e-05)
)


// ************************************************************************* //
