/*--------------------------------*- C++ -*----------------------------------*\
  =========                 |
  \\      /  F ield         | OpenFOAM: The Open Source CFD Toolbox
   \\    /   O peration     | Website:  https://openfoam.org
    \\  /    A nd           | Version:  8
     \\/     M anipulation  |
\*---------------------------------------------------------------------------*/
FoamFile
{
    version     2.0;
    format      ascii;
    class       volVectorField;
    location    "0.0535000";
    object      U;
}
// * * * * * * * * * * * * * * * * * * * * * * * * * * * * * * * * * * * * * //

dimensions      [0 1 -1 0 0 0 0];

internalField   nonuniform List<vector> 
900
(
(0.732121104319931 0.000360629566490417 -6.35396197438204e-19)
(0.732660123534852 0.000207724322000573 1.62832716856721e-18)
(0.732677068197191 0.000165388427275869 -7.87409218606523e-18)
(0.732790588982856 0.000188627217419011 -1.46965368324218e-19)
(0.732765136222869 0.000196043123909276 2.26703046664806e-18)
(0.732699241525267 0.000201978801956238 5.90908649225712e-18)
(0.732617089497054 0.000206358430423748 1.25254185993564e-17)
(0.732531417050067 0.00020942123461264 -3.06635896211575e-17)
(0.732444077799 0.000211884126670989 -2.61553810417473e-17)
(0.732355511699048 0.000214443134056982 -5.53412565511059e-18)
(0.73226640486654 0.000217343434775467 -2.35740582482898e-17)
(0.732176259748336 0.00021955200234779 5.62763260406768e-19)
(0.732083899297527 0.000221562235406128 6.45806465547669e-18)
(0.731989417542394 0.000223800750787903 1.16995586020816e-17)
(0.731893461927678 0.000226181517738696 8.0067839804929e-18)
(0.731795656731499 0.000228072973127536 8.16507644649647e-18)
(0.731695164860023 0.000229883516376476 4.80047728522615e-17)
(0.731592545944114 0.000232024983224325 3.35248506047623e-17)
(0.731488038045645 0.000234186220129633 -4.25914390092553e-17)
(0.731381003976812 0.000235972356935657 2.61248250137082e-17)
(0.73127112949792 0.000237777508511135 8.0009718893664e-18)
(0.731158925713412 0.000240060316492641 -4.96850005984521e-18)
(0.73104458278743 0.0002421839345006 -2.29128804274208e-17)
(0.730927419392871 0.000244039628402204 -4.84207476517474e-17)
(0.730807012776038 0.000246053140474236 -4.40101254389184e-17)
(0.730684258203417 0.000248758050820743 -6.22852708513798e-17)
(0.730559226171627 0.000251058356555399 -2.1880353756767e-17)
(0.730430900229678 0.000253159868892449 1.70895048006076e-17)
(0.73029920458153 0.000255591439078736 -4.25860728177351e-17)
(0.730165238755167 0.000258901325500226 -3.19392976307944e-17)
(0.730029005227821 0.000261573290435112 -1.486509014011e-17)
(0.729889545237178 0.000264223912210638 5.14995841171967e-17)
(0.729747089321823 0.000267648762461331 2.21741790202941e-17)
(0.729602785496597 0.000271952287795371 1.02100720163191e-16)
(0.729456387225463 0.000275587139883696 4.25115061762664e-17)
(0.729307119617061 0.000279438948232647 8.13701423183496e-17)
(0.729156032028898 0.000284844758774798 -4.70765231107638e-18)
(0.729004635588635 0.00029092680410009 2.82407460299742e-17)
(0.728852325965363 0.000296404755528958 -4.07593779846242e-17)
(0.728698581163505 0.00030263031324639 3.23691858118281e-17)
(0.728545744815959 0.000312083594655288 1.04547704710388e-16)
(0.728395597863282 0.000321505113145026 8.46729581093689e-17)
(0.728247105215941 0.000330419972476594 3.09620620884544e-17)
(0.728101020256801 0.000341132396754764 1.82083573099161e-17)
(0.727961820985694 0.000358646753460161 6.18808139793808e-18)
(0.7278313284633 0.000373729118647127 -9.60263731133907e-17)
(0.727709074071756 0.000389222894317352 -4.66107795161966e-17)
(0.727598413218773 0.000409665675664368 -3.70192949199461e-17)
(0.727506008295724 0.000439057163113979 -4.9737694373148e-17)
(0.727434171323748 0.000464690249569267 1.56506108160792e-17)
(0.727385505631104 0.000492242039775437 -3.023386141483e-17)
(0.727367567283731 0.000531507825005631 7.82525114186517e-17)
(0.727389091023198 0.000579919598516853 1.29550439666186e-19)
(0.727454964085196 0.000623231307638165 -1.56899610639273e-17)
(0.727577305473344 0.000671632731108831 -5.24953568112646e-17)
(0.727768311204286 0.000746126158860031 6.73731382106139e-17)
(0.728040094517135 0.000822738458829783 2.42778103021281e-17)
(0.728405745367304 0.000893606815954045 -1.90482659395389e-17)
(0.728892691279472 0.000975121227366178 -7.39797069198474e-17)
(0.729532662513483 0.00111286852825934 5.95070610096098e-17)
(0.730341421370593 0.00123099735928727 1.09660293415984e-16)
(0.731409173378167 0.0013674796045473 -2.02872840123764e-17)
(0.732959290664758 0.00157400043410861 1.32964189743854e-16)
(0.735311288800345 0.00195912708190729 1.33996980924878e-16)
(0.738587519758798 0.00231178221333353 -2.68114850132144e-17)
(0.742869906191683 0.00268973018944654 -1.18265433097925e-16)
(0.748116652850828 0.00323386876386658 -4.82879294669317e-17)
(0.75420274504772 0.00372425277526018 6.80630361863249e-17)
(0.761230017869961 0.00402358601560185 -4.46051424521958e-17)
(0.769359451420187 0.00426721264832074 -4.09569461481019e-17)
(0.778429781108732 0.0046008441896017 6.46528321577652e-17)
(0.788447769978864 0.00465039896955357 1.33398365953097e-16)
(0.799533174282963 0.00459014906049891 9.92520064079755e-17)
(0.811505087265955 0.00448252609538981 1.04265594624543e-17)
(0.824228189102835 0.00424958455941877 1.12219130293931e-16)
(0.837766689136356 0.00388640036847131 -3.05557672084161e-17)
(0.851843753454986 0.00348268880115693 9.85863646445476e-17)
(0.866626301087875 0.00296477012413616 -4.62298091166809e-17)
(0.881721938502287 0.0024368408332192 -6.35858082313038e-18)
(0.89775046683921 0.00189637792288768 -2.7591229598171e-17)
(0.913588929409781 0.00138603953221393 -2.14610533383317e-18)
(0.931248251258216 0.000804403993279682 3.85969438403623e-18)
(0.947798762696532 0.000437345253274931 -3.32444860727191e-17)
(0.968552024023142 -5.55702022922239e-05 -7.02255682691201e-17)
(0.985645670782648 -0.00013461364045998 -2.73931354579133e-17)
(1.0122592378847 -0.000490518961225504 2.64471086554372e-17)
(1.02273783553876 6.85254494750241e-05 3.14688528990957e-18)
(1.01955683736968 -1.68998522618768e-05 2.01335145679016e-17)
(1.02390023419752 0.000170124359913454 -2.73802694128059e-17)
(1.02280272342907 9.84649274230523e-05 6.24358323725477e-18)
(1.02449874896812 0.000159596622524092 -7.85615548566623e-18)
(1.02389254171744 0.000171210851470518 2.74713075594966e-17)
(1.02407184959479 0.000171889267255779 1.30846098586318e-17)
(1.0234354031207 0.000158027464673824 1.17061278895844e-18)
(1.02304258874923 0.000164786949233609 9.07563009454739e-18)
(1.02227660043853 0.000145321879486291 5.72889027477851e-19)
(1.02164151470545 0.00013517068148403 1.22530691518073e-17)
(1.02085243339294 0.000127174974059768 -3.3129476804772e-18)
(1.02018336381953 0.000117754808810535 -2.5228120421316e-18)
(1.01912278155433 0.000274044730969282 5.48632607620155e-20)
(0.375450037251398 0.00188769489617171 -2.264616294426e-18)
(0.377341861736164 0.00201134668275513 -9.93825544914445e-19)
(0.377518281080512 0.00207386473515525 -1.78010078226524e-17)
(0.377715362642297 0.00220499002778263 -5.64288255336757e-18)
(0.37758383148898 0.00228336901712358 2.0201591975074e-19)
(0.377343928624906 0.00232282257573767 1.81940511102075e-17)
(0.377058959553138 0.00234316110613984 2.51385554615224e-17)
(0.376760733293366 0.00235496467701114 -7.01739709510225e-18)
(0.37645645957044 0.00236405134659182 -7.61845639986326e-18)
(0.376147826141243 0.00237300829711197 -1.01311889150938e-17)
(0.375835697313493 0.00238263846035658 -1.21650304475089e-17)
(0.375519170029354 0.00239120553241324 1.42974030569685e-17)
(0.375196554787112 0.00239950552236397 1.97497632626176e-17)
(0.374867773071993 0.00240822716364774 3.84939147402842e-17)
(0.374533443803671 0.00241725671528027 2.35273599241774e-17)
(0.374192863495416 0.00242549976836112 2.12062956832679e-17)
(0.37384491725983 0.00243366841490977 8.94039766850724e-17)
(0.373489933334044 0.00244249218640995 3.23904048183761e-17)
(0.373128209401639 0.0024514425992106 -4.08378032393195e-17)
(0.372758806080419 0.00245983705556677 9.33062070224493e-17)
(0.372380956264989 0.00246837475984615 2.35419920270654e-17)
(0.371995134523283 0.00247789109194266 -1.38696682773465e-17)
(0.371601462608475 0.00248725632175052 -7.03420322714094e-17)
(0.371198789614334 0.00249628695853782 -9.62149496085837e-17)
(0.37078642422588 0.00250576280453185 -1.35585496145365e-16)
(0.370365254500525 0.0025166805670408 -8.73220521583048e-17)
(0.369935185240637 0.00252702768360707 -6.20535241279493e-17)
(0.369494649943421 0.00253718972954644 -4.26724912783332e-17)
(0.369043248731133 0.00254817606529887 -1.28866554201263e-16)
(0.368582240148935 0.00256103306849743 -9.59111788558627e-17)
(0.368111291707334 0.00257293175867429 -4.57484808644078e-17)
(0.367628719082298 0.00258503355159949 6.52312165509902e-17)
(0.367134681377779 0.00259890530806776 5.75447399173829e-17)
(0.366630716405259 0.00261476606946006 1.14452807773631e-16)
(0.366116115738933 0.00262967319231749 1.07740355579427e-16)
(0.365589377736752 0.00264534724806456 2.4195899737565e-16)
(0.365051869584611 0.0026644455630234 1.30884494564747e-16)
(0.364505709009638 0.00268529092808105 9.48715679237995e-17)
(0.363949693317032 0.00270539334848563 2.83523234332844e-17)
(0.363382891549043 0.00272751580619598 9.62064781503982e-17)
(0.36280918191708 0.00275656289071748 1.60171314024184e-16)
(0.362231614782069 0.00278616946730371 9.83952985653662e-17)
(0.361648219129623 0.00281529837172846 7.61396201742264e-17)
(0.36105992220522 0.00284895246072216 5.50161476358464e-17)
(0.360476023087217 0.00289691540297283 2.24293454394874e-17)
(0.359900607080038 0.00294096717977132 -1.51990109570645e-16)
(0.359331830979057 0.00298641649590414 3.77528789675171e-18)
(0.358776107860908 0.00304327988473827 -1.1002190181088e-16)
(0.358249786148166 0.00311920888659916 -1.5076519981712e-16)
(0.357759057819442 0.00318872043620668 4.84220478003324e-17)
(0.357306602230804 0.00326306743135867 1.3023956578591e-16)
(0.356910780078232 0.00336314695237805 9.43922947548845e-17)
(0.356598217378597 0.00348324563813436 -4.41490597180016e-18)
(0.356380263623232 0.00359391130908005 -4.58884733612614e-17)
(0.356273035504606 0.00371704513212804 -9.58986430640685e-18)
(0.356320193381619 0.00389536466297641 2.09541780600672e-16)
(0.356563601574398 0.0040800948649032 7.18543464120562e-17)
(0.35702692748969 0.00425224010085031 -5.63991489798113e-17)
(0.357753750807508 0.00445158258850168 -2.25992488093538e-16)
(0.358850233841858 0.0047660478684643 1.79245947137475e-16)
(0.360389767530936 0.00504665193959128 2.33877669791099e-16)
(0.362498648112865 0.00536537948082053 2.41310120089524e-17)
(0.365486002636769 0.00585270964892758 3.38111628254764e-16)
(0.369888369906101 0.00671087711540683 2.37047386551638e-16)
(0.376053819100484 0.00751533929040589 5.51553818635089e-17)
(0.384252526264049 0.00837560633515256 -2.67815423597914e-16)
(0.394822555785112 0.00956491785014867 -1.35796070895772e-16)
(0.407960986834599 0.0106166838078277 4.45806504819085e-17)
(0.423712960279084 0.0112286088786254 -1.48332131958989e-16)
(0.442154151814521 0.0117008113871163 -9.20795629952526e-17)
(0.463319231200627 0.0122841345188709 2.02665643817363e-16)
(0.487161762863011 0.0122509303848437 2.4575479108365e-16)
(0.5134850785488 0.011926304204544 2.97718681228923e-16)
(0.542095654570667 0.0114542591410984 3.02637440201499e-17)
(0.572677663183509 0.0106773487926069 2.11879792203255e-16)
(0.605209393631522 0.00959408203624276 -2.04654203674406e-16)
(0.639049324669932 0.00838340442999417 2.10422512518182e-16)
(0.674580368042394 0.00691373852244528 -1.35955963880712e-16)
(0.710688610641696 0.00541173896988841 1.3617303760985e-17)
(0.749013765458099 0.00386332721815435 -8.49309090655843e-17)
(0.786795682857509 0.00237444446609547 -8.44868518139836e-18)
(0.828833966141636 0.000723729393806787 1.44395289744547e-17)
(0.867921485631745 -0.000448595929832376 -9.41420447067643e-17)
(0.917168852272009 -0.00191882680941153 -1.07535493642462e-16)
(0.957244500550333 -0.00250786041166476 -1.38513648306476e-16)
(1.02090119719395 -0.00337696739506294 7.70634704493405e-17)
(1.04442712941447 -0.000185882649236994 9.10110220878154e-18)
(1.03382395081675 -0.00029304338603129 6.00316874630777e-17)
(1.04224645625916 0.000108353312049776 -7.48207700886496e-17)
(1.03742630892303 3.43110059884831e-05 1.89690161382694e-17)
(1.03970725971011 0.000186775627167303 1.75269074392094e-17)
(1.03684861709519 0.000229333493939646 6.29977190251911e-17)
(1.03637809124574 0.000265889452534471 3.90636629600841e-17)
(1.03401428511772 0.000259732685652398 -1.73493148747007e-17)
(1.03248475112185 0.000287502227146663 1.10358878492757e-17)
(1.03017736156306 0.000269278233999223 1.65712768291933e-17)
(1.02824669982141 0.000262805566568893 1.6367332185986e-17)
(1.02600410308948 0.000254785944908638 -5.13513105082313e-19)
(1.02415217588889 0.000250291181705684 -2.86086737396506e-18)
(1.02213046416753 0.00041828428058524 1.48005520885891e-18)
(0.0933378659089539 0.00402692630831119 -7.33573462863555e-18)
(0.0964624412906328 0.00455742960426022 -1.31077302806251e-17)
(0.0968120225098976 0.00499517328291202 -3.04620642225976e-17)
(0.09698897187172 0.00534149151611191 -1.38024220095282e-17)
(0.0967214699855472 0.00553374611555884 5.12860376345177e-18)
(0.096311654726384 0.00562287933917321 4.52157644708726e-18)
(0.0958429923446018 0.00566376739548723 6.16321444775863e-18)
(0.0953551214864522 0.00568535431787595 2.06097483682105e-18)
(0.0948577046604305 0.00570094800633672 1.27946522464374e-17)
(0.094353235006346 0.00571581587048896 -1.31796021072753e-17)
(0.0938427500641369 0.00573129673384845 -7.01598124070523e-17)
(0.0933252927782496 0.00574597566996285 2.94636206566635e-17)
(0.0927989859661326 0.00576043941651392 3.16973811383313e-17)
(0.0922636465863038 0.00577540845504544 5.79420412595217e-17)
(0.0917197816326005 0.00579070683201282 3.78654008575549e-17)
(0.0911665279300547 0.00580534969099193 2.75043505806404e-17)
(0.0906025799599242 0.0058199791636045 1.15734000781786e-17)
(0.0900281180402262 0.00583534023979747 3.55626399374548e-17)
(0.089443396914594 0.00585092963747687 -5.52974544801185e-17)
(0.0888473077558461 0.00586608681889085 7.63231142183845e-17)
(0.0882387877491422 0.00588152689105363 3.13888606194375e-17)
(0.087618257168568 0.00589804200912891 -2.01984529234825e-17)
(0.0869857602990308 0.00591458798238585 -8.05406287541677e-17)
(0.0863398701541941 0.00593092454594552 -1.80899867658905e-16)
(0.0856796485767325 0.00594794805825679 -1.33904694038578e-16)
(0.0850059938486693 0.00596652663507834 -1.11492998823388e-16)
(0.084318710158412 0.00598479530379834 -9.69910463350322e-17)
(0.0836158266168331 0.0060029962512306 -6.93761490434116e-17)
(0.0828966647715709 0.00602236398434218 -1.59783169280475e-16)
(0.0821626389473463 0.00604376049471022 -1.63436456812924e-16)
(0.081413244983136 0.00606453077332676 1.16694492279634e-17)
(0.0806461448709289 0.00608569301261801 9.06707372427882e-17)
(0.0798614475563871 0.00610908627851379 8.75603088736263e-17)
(0.079061063293512 0.00613476812825238 1.53745119982715e-17)
(0.0782440333058357 0.00615986381642705 1.88289524912658e-16)
(0.0774080041652159 0.00618612346724844 2.92485538630711e-16)
(0.0765547076923694 0.00621639538412502 2.2670069945336e-16)
(0.0756869257106079 0.00624892844950599 1.60759125846697e-16)
(0.0748030080378754 0.00628109546481106 1.27274546539467e-16)
(0.0739010184762597 0.00631615489043054 1.5856335488472e-16)
(0.0729865170833648 0.00635891336206494 2.24888077474061e-16)
(0.0720638915677802 0.0064030781436 1.11870972047801e-16)
(0.0711300986387094 0.00644699936442381 -1.8063686479118e-17)
(0.0701846727527073 0.00649735114002314 8.95155266440647e-17)
(0.0692423377414306 0.00656296973048481 1.9050317612447e-16)
(0.0683096588110959 0.006625996725335 -8.35264575008708e-17)
(0.0673810912467579 0.0066905966335378 6.83714806893667e-17)
(0.0664645426685301 0.00676973361984094 -1.75641518301653e-16)
(0.0655867771948461 0.00686945466158513 -2.59335649330785e-16)
(0.0647575969861686 0.00696407082541129 8.43155165629858e-17)
(0.0639734070953518 0.00706471754937998 2.59719109529255e-16)
(0.0632619434482749 0.00719545031761627 8.77054191844447e-17)
(0.0626689806519564 0.0073485360711686 -1.0354038528131e-17)
(0.0622092596474633 0.00749238250982079 -7.60388580743488e-17)
(0.0618883688247556 0.00765309403066061 3.75133697441797e-17)
(0.0617829437395836 0.00787374387933262 2.6856384992132e-16)
(0.0619665487149676 0.00810410315911145 1.17036500284644e-16)
(0.0624602021074699 0.00831790271609503 -9.33735223614274e-17)
(0.0632920896954719 0.00857161128222778 -2.95969503892274e-16)
(0.0646583300431498 0.00894223367840002 1.15335580842838e-16)
(0.0666786317837711 0.00928904216178966 2.66424633532937e-16)
(0.0694483512509257 0.00967318437776667 7.38733001358214e-17)
(0.0732873459058618 0.0102807880507514 3.91271847698176e-16)
(0.079007683825289 0.0112765670447807 2.22927493854411e-16)
(0.0871730610039716 0.0122399974427701 1.38113916841605e-16)
(0.0979668792095902 0.0132735564923596 -4.38915376821136e-16)
(0.112151466295386 0.0146311148056138 -2.55141129149995e-16)
(0.130331836793448 0.0158029457679315 -9.11784748686511e-17)
(0.152327367096527 0.016438042821317 -1.94311180568057e-16)
(0.177960161088571 0.0168909540574711 -1.1176967565196e-16)
(0.207748719464641 0.0173371624210913 2.03922341469609e-16)
(0.241595296103217 0.0170980337470367 3.22640933161849e-16)
(0.278772731562749 0.0164425322084874 2.36122716010169e-16)
(0.319276889467357 0.0155552716845438 4.57865132264584e-17)
(0.362697319847362 0.014278226881724 1.93132336125365e-16)
(0.408822339587446 0.0126187851522225 -4.24379724170347e-16)
(0.456815144075611 0.0107551897162285 1.10726755412577e-16)
(0.507186851149534 0.00858276844197462 -1.03937826160261e-16)
(0.558222327308743 0.00635950042259533 4.14190885773117e-17)
(0.612360855463659 0.00405011154072426 -1.05206205486183e-16)
(0.665753644156766 0.00181600265632478 9.93658254429707e-18)
(0.724891099806531 -0.000628185862770738 3.92387840135718e-17)
(0.779720945750455 -0.00248101614825235 -1.14399917842074e-16)
(0.848810438654285 -0.00473336714095279 -1.46937726883061e-16)
(0.904777108179005 -0.00592290331634811 -2.5795965956035e-16)
(0.993955950238707 -0.00709526861168001 8.28975126461455e-17)
(1.02661445500839 -0.000270683773277072 1.4260693009579e-17)
(1.01082517715665 -0.000415375662772415 5.73302912192028e-17)
(1.02202340488811 4.07304903857119e-05 -6.36816567592264e-17)
(1.01467797741003 1.19722032348047e-05 3.27204235057095e-17)
(1.01733831486178 0.000198985183548081 -2.73867307769037e-18)
(1.01294429376716 0.000234081383578399 6.03735764274964e-17)
(1.01204012254839 0.000303429086804986 6.47989107289189e-17)
(1.00849342374415 0.000301872953670715 -3.59003957671014e-17)
(1.00619162460793 0.000327899393459735 1.23608600958654e-17)
(1.00283663199482 0.000315134463684487 4.15964437955516e-17)
(1.00002636024593 0.000305525546234906 1.08580346086789e-17)
(0.996803867300088 0.000284619801828847 1.97813995930089e-18)
(0.994175082641111 0.000269096388485997 1.62660721873478e-18)
(0.991603615486157 0.00020950268218751 3.31875601788202e-18)
(-0.114033628638387 0.00697775594257235 -1.44444880247057e-17)
(-0.110892661898749 0.00727401379025355 -2.20950887395227e-17)
(-0.110672319361877 0.00827445932539523 -4.60516812157078e-17)
(-0.110700514647229 0.00889181594740542 -1.65252843886316e-17)
(-0.111145890253094 0.0092107570694166 -2.11520860718691e-17)
(-0.111714336212987 0.009351597923793 -7.51731003906738e-18)
(-0.112333533886412 0.00941322295500272 -2.72749446370714e-17)
(-0.112970870334837 0.0094446387163139 9.70826043457419e-18)
(-0.113618877762303 0.00946686131190934 3.8192179987346e-17)
(-0.114275621742923 0.00948766271602482 -8.49814329127511e-18)
(-0.114940322110391 0.0095089659077566 -9.3903767756912e-17)
(-0.115613825251651 0.00952985710244929 1.08500180138895e-18)
(-0.116297792181878 0.00955069059282436 3.79115848540937e-17)
(-0.116992514985489 0.00957206266700194 2.28363162539416e-17)
(-0.117697730830959 0.00959378807499087 5.30434968230138e-17)
(-0.118414305359129 0.0096151081461855 3.37224074517167e-17)
(-0.119143491793006 0.00963652043907521 4.64302381359618e-17)
(-0.119885310369079 0.0096586595946928 -6.29940380430473e-17)
(-0.120639678206556 0.00968112611347493 -1.30882329576977e-16)
(-0.121407680064886 0.00970338489851437 8.71844967106747e-17)
(-0.122190424303804 0.00972604640111298 4.22906987748439e-17)
(-0.122987695685786 0.00974975608924835 -3.15633567192075e-17)
(-0.123799595724268 0.00977369282862237 -7.20270739974755e-17)
(-0.124627529557918 0.00979762672463202 -1.09959745266148e-16)
(-0.125472499555879 0.0098223805281112 -1.36330325247064e-16)
(-0.126333845168424 0.00984862098814245 -1.34785652362762e-16)
(-0.12721187791758 0.00987486271520133 -6.44683101459516e-17)
(-0.128108543253355 0.00990123251464231 -8.92987813560844e-17)
(-0.129024653127991 0.00992890545494836 -1.80561084540544e-16)
(-0.129959024167212 0.00995851948232404 -1.55901607403595e-16)
(-0.130912250953601 0.00998792460801163 -1.55600984349297e-17)
(-0.131886722437941 0.0100179091833112 1.22357421040406e-16)
(-0.132882448558046 0.0100501966592081 1.22297156039252e-16)
(-0.13389765127505 0.0100847576877689 -1.58534288080766e-17)
(-0.134933306129759 0.0101191803276346 1.14504946051861e-16)
(-0.135991903939078 0.0101549792551791 2.4055373528208e-16)
(-0.137071756453279 0.0101947060876399 3.14063623681539e-16)
(-0.138170060983688 0.0102368297094205 2.24007170533562e-16)
(-0.139288389393498 0.0102790168308605 2.38999552660415e-16)
(-0.140428873790627 0.0103243445358606 6.14435842458508e-17)
(-0.141585536854136 0.0103769038823576 3.16584269247468e-16)
(-0.142753573316523 0.010431307767526 1.29844329894109e-16)
(-0.143935890447423 0.0104857795927682 -2.52804399817746e-17)
(-0.145133360438784 0.0105470031762187 1.26655077287072e-16)
(-0.146329281857462 0.0106221280976366 2.37330105616731e-16)
(-0.147515770890592 0.0106957931676578 -3.84187076549957e-17)
(-0.148699122979946 0.0107709760042278 1.81545523640889e-17)
(-0.14987061767436 0.0108605302524582 -2.5876229409912e-16)
(-0.150998947128014 0.0109688467670884 -2.54201626783317e-16)
(-0.15207172971932 0.011073222231227 1.39915104024339e-16)
(-0.153094491766853 0.0111832886423125 2.7134694013224e-16)
(-0.154034759739252 0.0113217413142432 8.16821300109634e-17)
(-0.154837169568176 0.0114805761457665 -1.61478179197515e-17)
(-0.155483406836081 0.0116305696144332 -1.10753001809821e-16)
(-0.155972442564388 0.0117967943950542 1.39108966684667e-16)
(-0.156210118342972 0.0120173636396652 2.34797833896808e-16)
(-0.156105363524563 0.0122464786051056 1.60841739828706e-16)
(-0.155635302000701 0.0124567186699032 -1.31730014404134e-16)
(-0.154780336467059 0.0127062929533059 -3.83931950763431e-16)
(-0.153294193977623 0.0130582374078848 -3.73727753372199e-17)
(-0.151028408646876 0.0133888294125902 2.11804936609871e-16)
(-0.147901984190422 0.0137469490883957 1.70970610694469e-16)
(-0.143598244086003 0.0143243725993717 3.91195756567628e-16)
(-0.137156917216953 0.0152502377380839 3.56356818357212e-16)
(-0.127879922188439 0.0161389926971859 2.16010278512257e-16)
(-0.115632312013313 0.0170788407031508 -5.14680590228441e-16)
(-0.099393350667499 0.0182892427071537 -2.0802640876096e-16)
(-0.0782995642799269 0.0192804517532946 -2.35230138137788e-16)
(-0.0526595310186286 0.0197107992191688 -2.65679268514664e-16)
(-0.0228191652870912 0.0199312900266161 -1.3230216676524e-16)
(0.0120425225693942 0.0200688578735312 2.16544634178132e-16)
(0.0518017028453335 0.0195175140965423 2.25384119994317e-16)
(0.0953930583699204 0.0185108645856518 1.75199920073287e-16)
(0.142935188971808 0.0172347461571038 5.88901030209398e-17)
(0.193963049440898 0.015543799874864 1.84119361488823e-16)
(0.248138940332823 0.0134543241591528 -4.77454938679541e-16)
(0.304513377847488 0.0111306090003441 -5.77520963447226e-17)
(0.363667144950256 0.00849157021457833 -8.19073292961515e-17)
(0.423514514746343 0.00578722286306385 1.46038401060162e-16)
(0.486970461720114 0.00297858551850602 -1.07431611321949e-16)
(0.549550772071802 0.000229738627039983 9.38338261437808e-17)
(0.618698732924474 -0.00273464672508463 -2.80356521912043e-17)
(0.682704453644981 -0.0051348830615374 -1.36561130580889e-16)
(0.763320630867997 -0.00796677661181135 -1.8319609848475e-16)
(0.828465446358284 -0.00973958900849195 -2.46613459020901e-16)
(0.932573010877531 -0.0109888474953456 8.92869790391897e-17)
(0.970655435025138 -0.000345505561948158 1.85633017983774e-17)
(0.951632719251414 -0.000385962570729667 5.58106906709906e-17)
(0.964358552616281 -7.96272393048372e-07 -6.65857560848209e-17)
(0.955506948138185 2.37299943991318e-05 4.74086335732619e-17)
(0.958334819887557 0.000182368921269497 3.28279682085878e-18)
(0.953029376847566 0.000228019054886029 8.67294938771699e-17)
(0.951862658458734 0.000291568022961991 9.07023886144797e-17)
(0.947625336559276 0.000296421064994784 -5.46437919858827e-17)
(0.944877249890365 0.000316767050999197 1.55289233354538e-17)
(0.940920922978239 0.000307170553964017 5.7365506899717e-17)
(0.93760692663192 0.000295633041360385 5.34985764449938e-18)
(0.933823425914344 0.000271425603335791 4.26064877551471e-18)
(0.930747267473224 0.000247810017972178 6.01069281751208e-18)
(0.927876123653903 0.000153700273054129 4.69670342601566e-18)
(-0.247656289053957 0.00914883319107647 -2.10988223569792e-17)
(-0.245970248265344 0.00968132815089404 -3.23485571043313e-17)
(-0.246276999574732 0.0112004722117284 -3.84778518659287e-17)
(-0.246699876951608 0.0120351784575676 -1.39363050031598e-17)
(-0.247346914325871 0.0124430338449065 -1.32145670471588e-17)
(-0.24804348423137 0.0126173941567502 -1.48217572775167e-17)
(-0.248762418376529 0.0126925607316541 -1.31492116622081e-17)
(-0.249491699590568 0.0127312240089816 1.45322515043891e-17)
(-0.250230407913535 0.0127590657202987 2.84225705787193e-17)
(-0.250978435300508 0.0127851184530061 1.00284319401255e-17)
(-0.251735533058612 0.0128116297193227 -8.94398340102826e-17)
(-0.252502384214536 0.0128380622858735 -1.71374017463823e-17)
(-0.253280281059038 0.0128646210879366 5.33468423544823e-17)
(-0.254069570323515 0.0128917319037343 2.83439111101316e-17)
(-0.254870215150143 0.0129192407413916 6.09538587010099e-17)
(-0.255683003937992 0.01294658926195 3.85360731465703e-17)
(-0.256509032316393 0.0129741474148953 9.23534146690038e-17)
(-0.25734848899185 0.0130024083229073 -4.21216231168017e-17)
(-0.25820146357153 0.0130310823387345 -1.17305815307576e-16)
(-0.259068925330233 0.013059771281868 1.31544420852543e-16)
(-0.259951903751099 0.0130889495665891 1.55335892483347e-16)
(-0.260850393945911 0.0131191161397237 -4.96723300779013e-17)
(-0.261764626078981 0.0131496632568599 -3.14269035694567e-17)
(-0.262695846468608 0.0131804121791395 -7.35730207669188e-17)
(-0.263645017053536 0.0132120200819763 -1.50785327173524e-16)
(-0.264611759889399 0.0132449974762599 -1.70656509895438e-16)
(-0.265596468186522 0.0132782208106383 -1.12485846888381e-16)
(-0.266600863072845 0.0133117741720221 -1.15444986215576e-16)
(-0.26762578887479 0.0133466110843137 -1.33666333286676e-16)
(-0.268670402501863 0.0133832223151264 -7.04214099705624e-17)
(-0.269735320154894 0.0134199553565863 -4.33681652107691e-17)
(-0.270822694706548 0.0134574164220078 7.50938621990269e-17)
(-0.271932653810287 0.0134970061049525 8.01135123030402e-17)
(-0.273063742751454 0.0135386971463656 -5.72633670843133e-17)
(-0.274216837226577 0.0135805975424751 7.13773111644947e-17)
(-0.275394221158962 0.0136239151699289 8.5321969934541e-17)
(-0.276594435199051 0.0136707075289465 1.95125957726401e-16)
(-0.277814961633753 0.0137197601750929 2.81658338508939e-16)
(-0.279057078766297 0.0137691954025673 2.45097507888662e-16)
(-0.28032274822369 0.0138215313594352 8.98945801753168e-17)
(-0.281606289148945 0.013880029143829 2.90009567613531e-16)
(-0.282903028870088 0.0139403705094401 1.48807343445004e-16)
(-0.284215258322937 0.0140010379018857 -3.87104045170123e-17)
(-0.285543858176031 0.0140675936469541 1.66455089130698e-16)
(-0.286872283186349 0.0141456719337287 1.66187040730813e-16)
(-0.288192250762778 0.0142228185655709 -1.15730402693216e-17)
(-0.289509454735351 0.0143012843634617 -1.61683912050114e-17)
(-0.290815138648172 0.0143917639364782 -1.79830480062439e-16)
(-0.292077436912157 0.0144975362012553 -1.27904765647274e-16)
(-0.293282671142471 0.0145999087434499 1.67328673746915e-16)
(-0.294436314407743 0.0147066472126071 2.8605237505915e-16)
(-0.295504933926477 0.0148364363734111 7.44789892635449e-17)
(-0.296430678403056 0.0149821736781508 -2.07351514736844e-17)
(-0.297192925048215 0.01511931831643 -1.69014207782881e-16)
(-0.297792523519276 0.0152687151610706 1.50277983595692e-16)
(-0.298130001086879 0.0154612027625337 2.17372166047794e-16)
(-0.298108302971128 0.0156580284289363 2.20775773969602e-16)
(-0.29770229630427 0.0158353330714685 -1.72988783150576e-16)
(-0.296898251478481 0.0160424153994945 -3.98629804051571e-16)
(-0.295432106386365 0.0163289913428088 -1.87118433752492e-16)
(-0.293143753812366 0.0165911316137064 1.60366626214114e-16)
(-0.289961453753712 0.0168675086088 1.89771879680114e-16)
(-0.285588879308921 0.0173199357768942 3.89067822011882e-16)
(-0.279024907736306 0.0180464513887683 3.6096667233058e-16)
(-0.269515953116124 0.0187168094115614 2.20372850968941e-16)
(-0.256959423233241 0.0194020087315726 -4.34382586959505e-16)
(-0.240222100159199 0.0202756249459912 -1.86911615854834e-16)
(-0.218314035842431 0.0209131869906484 -2.26836703174731e-16)
(-0.1916008479951 0.021025529105487 -2.7764151963131e-16)
(-0.16052359214055 0.0209165372392562 -1.51390102443572e-16)
(-0.124111535553013 0.0206799875208892 9.62860095488286e-17)
(-0.0824942372925872 0.0198076454005874 1.27478193515656e-16)
(-0.0369040920686394 0.0185058599793666 1.15016559845817e-16)
(0.0128466850622695 0.0169329438163817 -5.60118226422804e-17)
(0.0662791718071225 0.0149677574537017 6.05023774010378e-17)
(0.122990238061878 0.0126338616760768 -4.66228117427137e-16)
(0.181999197533575 0.0100712729588385 -9.35906163100487e-17)
(0.243904759629168 0.00722011931563017 6.84441195196229e-17)
(0.306473927909059 0.00429476013773092 1.04693937977667e-16)
(0.372790822877168 0.001264278734744 -7.6398000903722e-17)
(0.438167615507514 -0.00173890084203958 8.68643568584481e-17)
(0.510310007858405 -0.0049361955574362 -5.73438960834877e-17)
(0.576979717258668 -0.00768192691159065 -1.50102232970405e-16)
(0.660948093045831 -0.0108350154149282 -1.6561341729339e-16)
(0.728646926639122 -0.0130854726536199 -1.59860125857018e-16)
(0.837349072413858 -0.0142517005719983 9.72313447459447e-17)
(0.877149257862895 -0.000417061375522171 2.16851200725647e-17)
(0.85677751437701 -0.000277687010974299 5.51178474243356e-17)
(0.869843294562985 -3.95020644301092e-05 -2.08094300701178e-17)
(0.860456019332486 4.30696197791174e-05 5.33017078167063e-17)
(0.863249445370609 0.000138595664664955 -6.83592231779126e-19)
(0.857627077168754 0.000200378920377906 1.08593571425914e-16)
(0.856360021913799 0.000239891868363091 1.16645428907222e-16)
(0.851901636585877 0.000252156153355123 -5.37658597597063e-17)
(0.84901776992923 0.000264535460507537 1.63508310809622e-17)
(0.844886545057401 0.000258904452277612 6.2016162427834e-17)
(0.841428306224159 0.000247546037706256 9.88541005934561e-18)
(0.837485160695452 0.00022694714704599 1.35670400210201e-18)
(0.834283094717764 0.000205304511382427 1.04307064173292e-17)
(0.831356413975995 0.000139640980896988 5.45489676776152e-18)
(-0.310103772761299 0.010566771667374 -2.00332994892672e-17)
(-0.310495407182604 0.0113831161881059 -2.64234145722641e-17)
(-0.311504217022749 0.0131323115152825 -2.42921627177579e-17)
(-0.312376775414654 0.0140291881700608 -1.24076854218402e-17)
(-0.313189994654986 0.0144462933122037 -2.76567276626165e-17)
(-0.313951901317681 0.0146204760105657 -2.09893099496826e-17)
(-0.314698951927279 0.0146961781405013 -1.39489521665111e-17)
(-0.315445662985641 0.0147370092764013 2.39481675514466e-17)
(-0.316199254599273 0.0147679001115179 2.35144107111283e-17)
(-0.31696180040093 0.0147972230391779 -9.51943711396258e-18)
(-0.317733572394182 0.0148270273728494 -5.45070455797158e-17)
(-0.318515056345455 0.0148570017142945 -3.89779900493562e-17)
(-0.319307147685833 0.014887245125439 2.82378568203907e-17)
(-0.320110181571812 0.0149180267825968 2.72834615418095e-17)
(-0.32092426851657 0.0149492367831239 2.92443081636027e-17)
(-0.321750075374559 0.014980494719398 2.8995336494966e-17)
(-0.322588499521172 0.0150120572642647 6.20376831716824e-17)
(-0.323439827961871 0.0150442738677637 -2.93097455034644e-17)
(-0.324304263456486 0.0150769557573178 -7.46600356158514e-17)
(-0.325182615409554 0.0151098336748679 2.04662735129908e-16)
(-0.326075770050087 0.0151432427806935 1.99205080472545e-16)
(-0.326983869984002 0.0151775400944369 -4.53775283458925e-17)
(-0.327907215094928 0.0152123135837434 3.74348303339122e-18)
(-0.328846834512073 0.0152474442880993 -1.30957206692897e-17)
(-0.329803583049949 0.0152833988164232 -1.69663026726308e-16)
(-0.330777311078165 0.0153205466488988 -2.22048353889312e-16)
(-0.331768433903054 0.0153581076376079 -1.5923446628096e-16)
(-0.332778367682566 0.0153961466201379 -1.58274271796354e-16)
(-0.333807909687421 0.0154353430203188 -1.04832978713879e-16)
(-0.334856527025936 0.0154760605563814 -7.05150891910504e-17)
(-0.335924793540208 0.0155171337035038 1.21711656639174e-17)
(-0.337014505669202 0.0155590011147858 3.86201655562284e-17)
(-0.338125870110334 0.0156026639264863 5.30084262337661e-17)
(-0.339257783619225 0.0156481175629336 -1.11421228726593e-17)
(-0.340410966534405 0.0156940121284728 4.2235224945754e-17)
(-0.341587351325277 0.015741216320922 4.65069155695276e-18)
(-0.342785773217148 0.0157912054824541 1.13331112762994e-16)
(-0.344004125503094 0.0158431125760217 3.47467905620582e-16)
(-0.345243347699469 0.0158955845768314 2.49144126551889e-16)
(-0.346505104444555 0.0159504206180563 9.12070078470591e-17)
(-0.347784425309487 0.016009964917689 1.65895435656943e-16)
(-0.349077118009498 0.0160710688246867 2.5835660908143e-17)
(-0.350384786416801 0.0161326294406705 -8.57101225287058e-17)
(-0.351708237214546 0.0161986067088342 2.22233278429566e-16)
(-0.353032492457095 0.0162730653843569 2.46859424816562e-16)
(-0.354349650603105 0.0163468251593846 4.64669895153815e-18)
(-0.355664366167493 0.0164215372795254 -4.45616556380372e-17)
(-0.356968650220631 0.0165048110201644 -1.24190304893417e-16)
(-0.358233020243672 0.0165989061609638 -1.61286138455344e-17)
(-0.359443926170172 0.0166899409539961 9.98085900909285e-17)
(-0.36060614564353 0.0167835328538581 3.45189195209321e-16)
(-0.361688541814609 0.0168929834205341 6.47155761028448e-17)
(-0.362636511538637 0.0170126681166373 -2.29110283012405e-17)
(-0.363429229669926 0.0171242596692755 -2.40108784062868e-16)
(-0.364068564096594 0.0172427524929911 5.8150650339836e-17)
(-0.364460083302978 0.0173900171701457 2.03637272583033e-16)
(-0.364510795767244 0.0175364868668505 2.87195971467259e-16)
(-0.364195280860801 0.0176643507171232 -1.20180162647621e-16)
(-0.363505050136119 0.0178089290693228 -3.29517692786461e-16)
(-0.3621865144026 0.0180050295635673 -3.39427124567137e-16)
(-0.360084668170932 0.0181734472506794 1.15251677124184e-16)
(-0.357138088968416 0.0183420373363299 8.91264613145795e-17)
(-0.353089170364658 0.0186253881737956 3.85311813176572e-16)
(-0.34699294025248 0.0190877160073715 2.88524722556481e-16)
(-0.33811827307755 0.0194757936013184 2.21984360665462e-16)
(-0.326390879095859 0.0198401886765421 -3.42143660217253e-16)
(-0.310699895922049 0.0202977073923487 -1.51366732727024e-16)
(-0.290052241644582 0.0205232393205658 -2.28322123038252e-16)
(-0.26481495666489 0.0203070392094337 -3.07105294966599e-16)
(-0.2354575053663 0.019878479474086 -1.80050790779499e-16)
(-0.200995240318128 0.0192976382456341 -2.26957138138875e-17)
(-0.161546245561703 0.0181879873154939 2.92552297612296e-17)
(-0.118351481372983 0.0167183897542144 5.66255728093999e-17)
(-0.0711974960890212 0.0150038552725319 -4.43333213798173e-17)
(-0.0205350457320109 0.0129570036090421 -5.51398332281649e-17)
(0.0332248350114224 0.0106057056950285 -3.87980819740537e-16)
(0.0891538294925616 0.00805581677621775 -1.27332453754653e-16)
(0.147819026276468 0.00526997058207804 6.34449092956374e-17)
(0.207060437098661 0.00240900374818302 1.06245941650556e-16)
(0.269834087689129 -0.000547018272050191 -5.26677250205051e-17)
(0.33167438431175 -0.00350966349226969 1.23130433470193e-16)
(0.399869117408569 -0.00663029196263936 -7.82491746248557e-17)
(0.462766860337479 -0.00944865214593608 -7.73398175303915e-17)
(0.542031117851846 -0.0126161329712583 -9.69874773932943e-17)
(0.605754829811713 -0.0151268603547894 -5.10886434526462e-17)
(0.708797735408947 -0.0161216420513265 1.06657444274936e-16)
(0.746571374774454 -0.000453373096565324 2.28398918748182e-17)
(0.726763531873974 -0.000144466199119251 5.53705882773361e-17)
(0.739012331583913 -7.6216645010345e-05 -1.6741291881224e-17)
(0.730036194469637 5.49710825046929e-05 3.55070907387337e-17)
(0.732596289329495 8.00066252444306e-05 -2.05821020389803e-17)
(0.727233134461963 0.000151734443538546 1.10983922425143e-16)
(0.72601904374499 0.000164228395300888 1.1930487823745e-16)
(0.721791967842159 0.000182697430664925 -3.36774454413565e-17)
(0.719069159974729 0.000186415859073698 2.37531294632025e-17)
(0.715173404306936 0.000185576660153738 4.34252101952745e-17)
(0.711916306747716 0.000175966924750221 1.42160951152296e-17)
(0.708201366466106 0.000161703218537984 -2.04660040109707e-18)
(0.705185747744243 0.000145859653872918 1.06098206496316e-17)
(0.702443962033019 0.000110395817893387 4.17475686459139e-18)
(-0.303468957050721 0.0106811133425584 -1.71808134647525e-17)
(-0.306273005845143 0.0117475683459458 -2.2505157073775e-17)
(-0.307899540323123 0.0133486533213024 -1.89484567746128e-17)
(-0.309092959731068 0.0141106772664552 -1.86377604241936e-17)
(-0.309956516884814 0.014444783368532 -1.3793935823885e-17)
(-0.310682597917983 0.0145819841091548 3.91097935192523e-18)
(-0.311364753586044 0.0146438511688499 7.53375801866245e-18)
(-0.312038506579794 0.0146803659193851 3.90018559438289e-17)
(-0.312716755315885 0.0147101173780026 2.86260822279336e-17)
(-0.313402858893632 0.0147390095955427 -2.28618343111657e-17)
(-0.314097288508336 0.0147684132027258 -3.0769054411413e-17)
(-0.314800289140848 0.0147981214552286 -7.45761027474367e-17)
(-0.315512395200192 0.0148281620830053 1.21089663158654e-17)
(-0.316233873803621 0.0148586797975744 2.82955443777118e-17)
(-0.316964887391749 0.0148896109128215 -1.34574193018261e-17)
(-0.317705952509471 0.0149207311541774 1.61297235042013e-17)
(-0.318457753741701 0.0149521989290507 5.65922639431752e-17)
(-0.319220591780877 0.014984229378273 -2.51198838776364e-17)
(-0.319994698860954 0.015016719225583 -7.50836565639677e-17)
(-0.320780698720645 0.01504951281062 2.09931744385712e-16)
(-0.321579295047527 0.0150828163958784 1.36172396002643e-16)
(-0.322390687061848 0.0151168533532611 1.13277251436651e-17)
(-0.323215168307248 0.0151513832664468 6.99246276422806e-17)
(-0.324053525450011 0.0151863434818672 -2.63255296807457e-17)
(-0.32490645547291 0.0152220168806282 -1.44555276885226e-16)
(-0.325773940523663 0.0152586388351108 -2.03388138596029e-16)
(-0.326656348351485 0.0152957428635304 -1.90338144143761e-16)
(-0.327554761213752 0.0153333810072978 -1.77469583755912e-16)
(-0.328469859220927 0.0153719609917757 -1.2523083415933e-16)
(-0.329401328423945 0.0154117222620467 -7.59725941736943e-17)
(-0.330349640035081 0.0154519555166407 -1.51197532570799e-17)
(-0.331316188730295 0.0154929435688789 9.36628004789804e-17)
(-0.332301203324182 0.015535285887333 3.24428598880604e-17)
(-0.333303887467811 0.0155789940885563 1.77919900756071e-17)
(-0.33432478095577 0.0156232427511865 2.54004990852564e-17)
(-0.335365411432533 0.0156685685682108 -5.67880965383683e-19)
(-0.336424917123896 0.0157158592521504 -7.62100558707102e-18)
(-0.337501648417164 0.0157645820640563 2.81562445587033e-16)
(-0.338596243747503 0.0158139121632088 3.04317157834994e-16)
(-0.33971005188782 0.0158649182842105 7.6738394259075e-17)
(-0.340839083429935 0.0159190199195491 5.49240621365801e-17)
(-0.341979886783004 0.0159742374175427 -9.30309547249376e-17)
(-0.343133509174018 0.0160299194464639 -1.572612610119e-16)
(-0.344300734379359 0.016088361885845 1.54543534291765e-16)
(-0.345469216630261 0.0161520434516234 2.0595904850832e-16)
(-0.346632169538561 0.0162151501441808 1.06554542085337e-17)
(-0.347793214264583 0.0162787809658322 -6.73210503770862e-17)
(-0.348945911728346 0.016347312463376 -7.22592180336774e-17)
(-0.350065604141821 0.0164220023573457 9.49718922249676e-17)
(-0.351140405030478 0.0164940485069637 -1.08814481894006e-17)
(-0.35217439011018 0.0165669008998221 2.06078298698906e-16)
(-0.353141666180508 0.0166482247943124 4.99345720748744e-17)
(-0.353995971495887 0.0167340933975235 -1.78770148027713e-17)
(-0.354718876087752 0.0168129460272848 -1.58302559211903e-16)
(-0.355313205299684 0.0168936392404239 -7.69433655510982e-20)
(-0.355698956167797 0.0169887231869961 1.74402171262735e-16)
(-0.355796598774444 0.017078764804164 2.09682711237213e-16)
(-0.355583712171118 0.0171528402504791 -7.6065354370738e-17)
(-0.355057143514894 0.0172312754758459 -1.70881480218922e-16)
(-0.353999997751256 0.0173336135011229 -4.09008186356586e-16)
(-0.352279106066313 0.0174079922117819 8.12339060552219e-17)
(-0.349847496578846 0.0174713790725576 6.01969115060932e-17)
(-0.346504335172916 0.0175876586261163 4.18273410623348e-16)
(-0.341452452629767 0.0177876459612799 2.09943416472128e-16)
(-0.334061867938339 0.0179057542707703 2.60951179603327e-16)
(-0.324287917699522 0.017971978755052 -2.25465695154198e-16)
(-0.311170582789326 0.0180454109096619 -1.11816079717063e-16)
(-0.293834185363637 0.0179150464727519 -2.15012355434248e-16)
(-0.272600632565195 0.0174587902199383 -1.98239514957005e-16)
(-0.24790241045496 0.0168215762661987 -1.94878218475659e-16)
(-0.218867551786753 0.0160306603101761 -8.97014951565706e-18)
(-0.18558938292788 0.0148545614869942 -6.9265206358186e-17)
(-0.149163827867395 0.0134155469482349 1.28037776916259e-16)
(-0.109389388078308 0.0117806025773774 -3.121454114533e-17)
(-0.0666454966939776 0.00989905619820233 -4.14862403193072e-17)
(-0.021295693723147 0.00779847703686504 -2.43940970561957e-16)
(0.0258716982246996 0.00554710927318889 -1.65056404112053e-16)
(0.0753410031173535 0.00312732631685688 6.92950323825545e-17)
(0.125250048240604 0.000642287585263397 8.68541019960582e-17)
(0.17812796531365 -0.00192143996808545 -3.40466700020361e-17)
(0.230166322932824 -0.00451328335384038 1.5690060176012e-16)
(0.287542490248835 -0.00722413077989477 -2.74354451022091e-18)
(0.340329564125463 -0.0097729644563272 -5.9092965093251e-17)
(0.406938759802724 -0.0126034045239324 8.55350279793193e-18)
(0.460285795523771 -0.0150302887405224 -3.92458819361817e-17)
(0.547389140585858 -0.0158216638043201 7.4891602328483e-17)
(0.579339788695763 -0.000418127536700664 2.59818137228795e-17)
(0.562117490499801 -2.81324920576254e-05 5.628434773503e-17)
(0.572396935246407 -9.41914107304218e-05 -1.21271590119872e-17)
(0.564768936565974 5.33611620512569e-05 5.4228826071682e-17)
(0.566890944693289 2.48785715950767e-05 7.15809301488106e-19)
(0.562349834502714 9.32269370153148e-05 1.01315186395904e-16)
(0.56132991830123 8.50836445201099e-05 1.01592303154995e-16)
(0.557771372954213 0.000105476485777705 -1.47039611516846e-17)
(0.5554919082636 0.000102559220111987 5.80575475597004e-18)
(0.552226803395165 0.000105496911447716 4.71264909367626e-17)
(0.549501764468593 9.8681566470954e-05 8.96116980354667e-18)
(0.546389470120275 9.10529913146755e-05 -1.04243580279699e-18)
(0.543861400105998 8.12249553906833e-05 5.76533523576885e-18)
(0.541540120010514 6.61279367127241e-05 3.01949004638807e-18)
(-0.230568370523618 0.00875367369612341 -1.03534294766118e-17)
(-0.235212650850665 0.00982950807633367 -1.25743913694375e-17)
(-0.237004984819925 0.0108937060026829 -1.11562562658508e-17)
(-0.238175833656371 0.0113567285126903 -1.09832692475508e-17)
(-0.23889251299911 0.0115445890307121 -1.09399996054631e-17)
(-0.239447721160142 0.0116214551607813 5.75518429983028e-19)
(-0.239954133549393 0.0116591192642282 2.56761648861317e-17)
(-0.240451077205064 0.0116845975736965 6.2935177796861e-17)
(-0.24095112587877 0.0117072387633273 4.76784997256611e-17)
(-0.241457156313272 0.011729765252272 1.44467152866718e-17)
(-0.241969404876303 0.0117527331263741 -3.23131901209749e-18)
(-0.242487869010892 0.0117759975167102 -6.17442665389965e-17)
(-0.243012795612557 0.0117995534885069 4.38222039995986e-18)
(-0.243544348433727 0.0118234591478598 4.15676921516376e-17)
(-0.244082656311019 0.0118476899723302 -6.35615995404098e-18)
(-0.244628059459789 0.0118721473296214 -5.44535028928378e-19)
(-0.24518101388435 0.0118969097431867 7.42934580005824e-17)
(-0.245741750385353 0.0119220781421956 -2.40990533848759e-17)
(-0.246310446814689 0.0119476127831428 -2.537473479073e-17)
(-0.246887515353249 0.0119734478705737 1.60506201551317e-16)
(-0.247473437898382 0.0119996822924582 8.65389101585097e-17)
(-0.248068378739131 0.0120264230667613 2.02403264092314e-17)
(-0.24867255004669 0.0120535655647152 3.58944326748025e-17)
(-0.249286472298595 0.012081090899478 -1.7628549259245e-17)
(-0.249910631363131 0.012109128366398 -2.77727457646964e-17)
(-0.250545044947105 0.0121377925021498 -1.12229087984608e-16)
(-0.251189966263685 0.0121668749765668 -1.51503667062581e-16)
(-0.251846116601921 0.0121964136643021 -8.90014639381183e-17)
(-0.252513985427252 0.0122265882870528 -6.04708767229412e-17)
(-0.253193386231589 0.0122575206843064 1.02154719780205e-17)
(-0.253884632321475 0.0122888856612642 -4.99404509066613e-17)
(-0.254588673414795 0.0123208300795979 7.74684191731247e-17)
(-0.255305696737385 0.0123536134111488 -2.43247853696619e-18)
(-0.256035169265562 0.0123872486707243 -2.24049755766741e-17)
(-0.256777433983988 0.012421358675949 1.1435726241077e-17)
(-0.257533559149212 0.0124561971830314 -2.15092883075914e-18)
(-0.258302985407879 0.0124921485011049 -1.3041967539844e-17)
(-0.259084571812241 0.0125289612292394 1.87545888384343e-16)
(-0.2598787081832 0.0125662674108367 1.83184020334807e-16)
(-0.260686394274544 0.0126045245288303 5.13005510494842e-17)
(-0.261504882855359 0.0126443496887871 2.45769481110387e-17)
(-0.262331738476648 0.012684792313836 -6.56641386533107e-17)
(-0.263167610473275 0.0127255909072745 -1.0946154803152e-16)
(-0.264013260482236 0.0127676659310488 1.04536115821524e-16)
(-0.264860034885061 0.0128120952895445 9.25322560467098e-17)
(-0.265703047020913 0.0128560884129179 1.02616712068443e-17)
(-0.266544909560607 0.0129002427246886 3.22127373286818e-17)
(-0.267381422028718 0.0129462551649174 -3.53279007636402e-17)
(-0.268195205495095 0.0129945303026892 7.95485666692904e-17)
(-0.268977677521887 0.0130408659485133 4.39830729504745e-19)
(-0.269732163157405 0.0130868511592895 1.17532184080582e-16)
(-0.27044082979126 0.013135435143446 3.14827777628712e-17)
(-0.271070909531762 0.0131843735795442 -1.10781911497646e-17)
(-0.271609169201072 0.0132282453916445 -8.33676273709691e-17)
(-0.272059083838908 0.0132707506074512 8.47447812240971e-19)
(-0.272364354897428 0.01331659419061 1.88371468635081e-16)
(-0.272468483792351 0.0133559041374753 1.36339467962439e-16)
(-0.272355712242726 0.0133838890506956 -4.10079980723093e-17)
(-0.272027498971962 0.0134084634313397 -1.04112830020763e-16)
(-0.271329978615805 0.0134363857821269 -3.08783415384113e-16)
(-0.270168891538314 0.0134416953421575 5.89964797436509e-17)
(-0.268515935562925 0.0134319366972 4.49561752335369e-17)
(-0.26624283873666 0.013429617936339 3.06347131652937e-16)
(-0.262791910635882 0.0134399064793241 1.28302325314517e-16)
(-0.257715581322929 0.0133801873977971 1.37222028974015e-16)
(-0.250998248055466 0.0132634085108796 -1.30390606680783e-16)
(-0.241957969414418 0.0131036692320796 -6.76863389621534e-17)
(-0.229960356450628 0.0127969706262723 -1.05811865594283e-16)
(-0.215238334627994 0.0122962411307086 -9.02155561460557e-17)
(-0.198117834670975 0.0116697439450152 -1.2008174264906e-16)
(-0.177965631910175 0.0109200080727403 1.33887655370195e-17)
(-0.154841114949188 0.00994473488513515 -4.02059866220632e-17)
(-0.129538626756254 0.00881562001422496 7.48912313947341e-17)
(-0.10190475082636 0.00755840830089528 -1.83035420532238e-17)
(-0.0722034130349566 0.00615396771962422 -2.53673060253177e-17)
(-0.0406962280571161 0.00462323446784994 -1.92379895394836e-17)
(-0.00793816723943197 0.00300090829598005 -2.23224875224752e-16)
(0.0264159958987513 0.00128143164185356 7.74898998082233e-17)
(0.0610389383189474 -0.000481211991407943 6.19275065224277e-17)
(0.0977216527305599 -0.002301222667812 -1.90364092545255e-17)
(0.133771828013373 -0.0041482185253179 8.69729319365531e-17)
(0.17353094091587 -0.00607832795734203 3.85859796544036e-18)
(0.209992038360893 -0.00794064931983508 -9.64467953137374e-17)
(0.256097988534234 -0.0100147059088685 1.3197344948454e-17)
(0.292839171313802 -0.0118759526196375 -1.06750419236506e-17)
(0.353612708079236 -0.0124318486840393 4.42867109028962e-17)
(0.375884568077883 -0.000274252871956228 -1.5740260827894e-17)
(0.363458769060019 5.15389728209193e-05 5.76314979351506e-17)
(0.370599098105744 -5.84658864737061e-05 -5.82364133600039e-18)
(0.36525829503173 5.24131546470212e-05 6.00213854817125e-17)
(0.366723705339406 6.62376029230385e-06 2.42183492598939e-17)
(0.363558211844444 5.22760769737693e-05 7.93551263827956e-17)
(0.362858448081909 3.57139808239889e-05 8.16259397350041e-17)
(0.360391932231283 4.95819355140894e-05 3.45290402042561e-18)
(0.358822322375518 4.30326778421599e-05 -6.26239072037435e-18)
(0.356568183215553 4.53261495406767e-05 3.73130032665213e-17)
(0.354690952536201 4.02497948238676e-05 3.57684928871385e-18)
(0.352542580662663 3.62793246630302e-05 -7.99364301848013e-19)
(0.350793533455425 2.97650098171097e-05 1.43414594410072e-18)
(0.349129004984879 1.55870693828096e-05 1.74035008391977e-18)
(-0.0954386106957667 0.00383374150750284 -4.00447260033337e-18)
(-0.0992537661893003 0.00443619217528814 -3.60055925501698e-18)
(-0.100285155054424 0.0046370891590515 -3.54927416667023e-18)
(-0.100901744123472 0.00473822339284186 -4.25830999937923e-18)
(-0.101225899512984 0.00477207995312031 -8.12213171487077e-18)
(-0.101460735553831 0.00478826916994255 -8.45666821933638e-18)
(-0.101671576432676 0.0047989036823697 7.36472166535105e-18)
(-0.101878574897208 0.00480806723611664 1.07015048503415e-17)
(-0.102087369831665 0.00481706059690845 1.35946800137058e-17)
(-0.10229893128259 0.00482617920972389 -1.27253183114838e-17)
(-0.102513154463404 0.0048354587034439 -1.8288879627706e-17)
(-0.102729924501556 0.00484485136222864 -2.29022593212151e-17)
(-0.102949294549118 0.0048543580872157 9.52126991946434e-19)
(-0.103171315214741 0.00486398849908968 1.26740473572372e-17)
(-0.103396029824766 0.00487374171218652 -2.60762033031401e-18)
(-0.103623568032128 0.00488360131070627 -1.81300221251498e-17)
(-0.103854113490726 0.00489358567957045 1.84292136133488e-17)
(-0.10408775826738 0.00490371316216817 -3.74052849002105e-17)
(-0.104324566607257 0.00491397923834573 -7.27932943450838e-18)
(-0.104564697988606 0.00492437458394068 4.87229047035722e-17)
(-0.104808349389116 0.00493491892728292 2.89655369499366e-17)
(-0.105055583515948 0.00494563327745873 3.29470384258721e-17)
(-0.105306476802472 0.00495649935454267 4.28369689134541e-17)
(-0.105561234030364 0.00496752000094091 -3.55830209381648e-17)
(-0.105820055978294 0.00497871580220514 -1.01804376886599e-17)
(-0.106082941740314 0.00499011077056636 -3.47982493023838e-17)
(-0.106349981218606 0.00500166708354453 -4.16229112987126e-17)
(-0.106621464215144 0.00501340153042484 -3.25461494271422e-17)
(-0.106897597353767 0.00502533763732114 8.38472469109973e-18)
(-0.10717829177961 0.00503750418490596 2.95817010763866e-17)
(-0.107463659667726 0.00504983843036757 -1.48137590546058e-17)
(-0.10775409516841 0.00506237852918419 -4.64592248398685e-18)
(-0.108049681581859 0.005075156025408 -2.46521299727489e-17)
(-0.108350183942352 0.00508817643817204 -1.12051650853481e-17)
(-0.108655727180068 0.00510137006941631 3.08209163546831e-18)
(-0.108966772947789 0.00511478574953491 -1.95436283615662e-18)
(-0.109283100923077 0.00512847332208405 -1.1800156727237e-17)
(-0.109604226658579 0.00514237964023784 7.51416890439412e-17)
(-0.109930301667549 0.00515644570627548 7.92676006495605e-17)
(-0.110261802938777 0.00517072521135973 1.90469167092176e-17)
(-0.110597611363894 0.00518530672174632 -1.13033739837557e-17)
(-0.110936711494845 0.00519998582145899 -6.07050158982785e-17)
(-0.111279383775427 0.00521474840874598 -7.81355056932168e-17)
(-0.111626117570663 0.005229652698247 7.51120653040701e-17)
(-0.111973354971853 0.00524486728790276 1.54346388734371e-17)
(-0.112319064097992 0.00525980246854982 3.87902113794207e-18)
(-0.112664473274276 0.00527464067796713 1.1094655515373e-17)
(-0.113008120823275 0.00528945720191589 -9.72245526057315e-18)
(-0.113342903065253 0.00530423894485013 6.83675807100106e-17)
(-0.113665313610431 0.00531812900983834 1.82271432098928e-18)
(-0.113977143376124 0.00533141896404597 3.76740309926746e-17)
(-0.114271466126589 0.00534426178534403 1.08068345497981e-17)
(-0.114534947391268 0.00535600894890681 -3.5205048827682e-18)
(-0.114762308534331 0.00536564952400246 -2.73955846984242e-17)
(-0.114956017656769 0.00537356585574171 2.73514375006465e-18)
(-0.115093502695852 0.00538000500093269 5.66592595631794e-17)
(-0.115151889297459 0.00538262291907954 7.87234387816592e-17)
(-0.115125208505054 0.00538081451252202 -1.20406969458837e-17)
(-0.11501633812962 0.00537491858421127 -3.45153608513994e-17)
(-0.114763080721113 0.00536507017705184 -1.3091591693749e-16)
(-0.114327853451488 0.00534519800971391 4.67499239900107e-17)
(-0.11370233373872 0.00531669266289514 1.5245090401011e-17)
(-0.112842175836995 0.00527896306485665 1.32638587328388e-16)
(-0.11152614463915 0.00522828233798013 4.34843867929214e-17)
(-0.109574662210519 0.00514621034211004 4.77452974356492e-17)
(-0.106991063689877 0.00503461593236779 -4.2298723046766e-17)
(-0.103502113725609 0.0048891792984201 -2.24412555503618e-17)
(-0.0988476497961942 0.00468802669662173 1.52249762673633e-17)
(-0.0931238415638375 0.0044285911639974 1.63033754335288e-17)
(-0.0864704509098805 0.00412349900142731 -3.56568907694838e-17)
(-0.0786267827889169 0.00376851573707455 3.76845529818033e-17)
(-0.069613010342104 0.00334751496392458 -1.29646749944488e-17)
(-0.059754698138025 0.00288236803197719 2.45480645196762e-17)
(-0.0489852461376169 0.00237478061735885 -5.90964160553974e-18)
(-0.0374078982204118 0.00182334776250025 -8.54578798190558e-18)
(-0.0251276866847826 0.00123699952507654 -2.16006988713969e-17)
(-0.0123657715745788 0.000622686369013809 -6.81544073697185e-17)
(0.00101937388423523 -1.75148723165515e-05 -2.46843629031617e-17)
(0.0144911161464159 -0.000673683489887371 2.22112213509139e-17)
(0.0287698003945169 -0.00134784813994601 -6.03120690946633e-18)
(0.0427744606005303 -0.00203861862122523 2.85198938310093e-17)
(0.0582373378473237 -0.00275051778465256 -1.39533439102754e-18)
(0.0723516487212437 -0.0034666076143776 -9.78359755570783e-18)
(0.0902697988749773 -0.00424330980898375 3.72589360551355e-18)
(0.104447173689266 -0.00499822006801574 1.13494011884393e-17)
(0.128385165482773 -0.00510469952741517 1.46116107446316e-17)
(0.137095264692317 -2.64903588399899e-05 -4.37330499342356e-18)
(0.131954029752289 0.000154175944270391 1.89990857822888e-17)
(0.134755983176534 7.15332414191793e-05 -1.66225840862384e-18)
(0.132649718945314 0.000110682315970872 3.26561482766754e-17)
(0.133223769728393 7.31230032768522e-05 7.10451825820656e-18)
(0.131982424028299 8.24696984052756e-05 2.50062147360341e-17)
(0.131714812153332 6.31025364366529e-05 4.55236390958462e-17)
(0.130753879358109 6.05010175882249e-05 1.24274459939672e-18)
(0.130147563567138 4.80483409001535e-05 -1.91483179848201e-18)
(0.129273225024381 4.11861509256572e-05 1.22763412671926e-17)
(0.128547246515197 3.12203474987506e-05 -1.96691120398824e-18)
(0.127714242529683 2.25546129054079e-05 -3.2292739462036e-19)
(0.127034840928349 1.33566289747993e-05 3.79235204011338e-19)
(0.126356024621946 -9.78783856264794e-07 5.75665089005728e-19)
)
;

boundaryField
{
    dieWall
    {
        type            fixedValue;
        value           uniform (0 0 0);
    }
    outlet
    {
        type            pressureInletOutletVelocity;
        value           nonuniform List<vector> 9((1.01912278155433 0.000274044730969282 5.48632607620155e-20) (1.02213046416753 0.00041828428058524 1.48005520885891e-18) (0.991603615486157 0.00020950268218751 3.31875601788202e-18) (0.927876123653903 0.000153700273054129 4.69670342601566e-18) (0.831356413975995 0.000139640980896988 5.45489676776152e-18) (0.702443962033019 0.000110395817893387 4.17475686459139e-18) (0.541540120010514 6.61279367127241e-05 3.01949004638807e-18) (0.349129004984879 1.55870693828096e-05 1.74035008391977e-18) (0.126356024621946 -9.78783856264794e-07 5.75665089005728e-19));
    }
    Wire
    {
        type            timeVaryingMappedCoupledVelocity;
        fieldTable      U;
        value           nonuniform List<vector> 
100
(
(0.949103290564482 0 0)
(0.949116525813628 0 0)
(0.949127878691671 0 0)
(0.949137674001553 0 0)
(0.949148449618194 0 0)
(0.949160198850664 0 0)
(0.949172588822291 0 0)
(0.949185226571328 0 0)
(0.949198153482116 0 0)
(0.949211566396454 0 0)
(0.949225770856136 0 0)
(0.949240830384232 0 0)
(0.949256547346684 0 0)
(0.949272864954557 0 0)
(0.949290104722119 0 0)
(0.94930828574797 0 0)
(0.949327069222943 0 0)
(0.949346957214821 0 0)
(0.949367884704243 0 0)
(0.94938959874156 0 0)
(0.949412355380792 0 0)
(0.949436385817666 0 0)
(0.949461786588245 0 0)
(0.949488437394294 0 0)
(0.949516215076889 0 0)
(0.949545708044029 0 0)
(0.949577043315022 0 0)
(0.949609835898292 0 0)
(0.94964426724909 0 0)
(0.949681014543983 0 0)
(0.949720335837796 0 0)
(0.949762022373124 0 0)
(0.949806251632467 0 0)
(0.949853695729296 0 0)
(0.949904515227755 0 0)
(0.949958555194328 0 0)
(0.950016534704644 0 0)
(0.95007950948822 0 0)
(0.950147368186032 0 0)
(0.950219737765301 0 0)
(0.950298014790807 0 0)
(0.950383304304151 0 0)
(0.950475066258217 0 0)
(0.950573292143503 0 0)
(0.950680239133093 0 0)
(0.950796759907118 0 0)
(0.950921703840637 0 0)
(0.95105593788176 0 0)
(0.951202324622291 0 0)
(0.95136113483062 0 0)
(0.951530302819405 0 0)
(0.951711631610678 0 0)
(0.951907600289431 0 0)
(0.952117464577632 0 0)
(0.952339795091881 0 0)
(0.95257562483727 0 0)
(0.952827236058301 0 0)
(0.953090694168105 0 0)
(0.953359201652936 0 0)
(0.953651036745467 0 0)
(0.953947609260746 0 0)
(0.954259966485414 0 0)
(0.954712043327664 0 0)
(0.955608711419308 0 0)
(0.956975451533041 0 0)
(0.958559858188008 0 0)
(0.960222454064723 0 0)
(0.961801749248254 0 0)
(0.963250642757106 0 0)
(0.964604816573666 0 0)
(0.965894955164313 0 0)
(0.967164313877073 0 0)
(0.96843801536767 0 0)
(0.969724533409605 0 0)
(0.971039253386943 0 0)
(0.972387355511669 0 0)
(0.973771166205495 0 0)
(0.975205512163965 0 0)
(0.976698768433336 0 0)
(0.978243771974656 0 0)
(0.979844065275465 0 0)
(0.981513082613309 0 0)
(0.983250119329672 0 0)
(0.985042788638132 0 0)
(0.986905809682594 0 0)
(0.98881277362595 0 0)
(0.990718013646429 0 0)
(0.99257165327464 0 0)
(0.994309845762212 0 0)
(0.995866749894006 0 0)
(0.997188259562361 0 0)
(0.998164463295313 0 0)
(0.9988459211461 0 0)
(0.999380013811753 0 0)
(0.999775065170856 0 0)
(1.00007253780311 0 0)
(1.00032849001553 0 0)
(1.0005682575932 0 0)
(1.0007952396432 0 0)
(1.00098608856201 0 0)
)
;
    }
    inlet
    {
        type            pressureInletOutletVelocity;
        value           nonuniform List<vector> 9((0.732121104319931 0 0) (0.375450037251398 0 0) (0.0933378659089539 0 0) (-0.114033628638387 0.00697775594257235 -1.44444880247057e-17) (-0.247656289053957 0.00914883319107647 -2.10988223569792e-17) (-0.310103772761299 0.010566771667374 -2.00332994892672e-17) (-0.303468957050721 0.0106811133425584 -1.71808134647525e-17) (-0.230568370523618 0.00875367369612341 -1.03534294766118e-17) (-0.0954386106957667 0.00383374150750284 -4.00447260033337e-18));
    }
    back
    {
        type            wedge;
    }
    front
    {
        type            wedge;
    }
}


// ************************************************************************* //
