202
(
(0.964379628721142 0.0 0.0)
(0.9643842374097438 0.0 0.0)
(0.9643952318888616 0.0 0.0)
(0.964407043940892 0.0 0.0)
(0.9644163467562153 0.0 0.0)
(0.9644251143277552 0.0 0.0)
(0.9644367068952385 0.0 0.0)
(0.9644489699593968 0.0 0.0)
(0.9644626447934777 0.0 0.0)
(0.9644773936713901 0.0 0.0)
(0.9644883980845025 0.0 0.0)
(0.9645020287087473 0.0 0.0)
(0.964516852071978 0.0 0.0)
(0.9645319678743335 0.0 0.0)
(0.9645481802959984 0.0 0.0)
(0.9645666706599934 0.0 0.0)
(0.9645862917173265 0.0 0.0)
(0.9646023228266477 0.0 0.0)
(0.9646210893301552 0.0 0.0)
(0.9646413552146791 0.0 0.0)
(0.9646626729448212 0.0 0.0)
(0.9646871956809149 0.0 0.0)
(0.964709920224575 0.0 0.0)
(0.9647330113099266 0.0 0.0)
(0.9647608347528144 0.0 0.0)
(0.9647861279709097 0.0 0.0)
(0.9648136852221195 0.0 0.0)
(0.9648446866323162 0.0 0.0)
(0.9648759646607881 0.0 0.0)
(0.96490854821062 0.0 0.0)
(0.9649420089141391 0.0 0.0)
(0.964975872406341 0.0 0.0)
(0.9650138098159614 0.0 0.0)
(0.9650555498248992 0.0 0.0)
(0.9651000339908073 0.0 0.0)
(0.9651429907744152 0.0 0.0)
(0.9651939009421244 0.0 0.0)
(0.9652477750625635 0.0 0.0)
(0.9653027066544758 0.0 0.0)
(0.965362383630762 0.0 0.0)
(0.9654264687343196 0.0 0.0)
(0.9654940317407832 0.0 0.0)
(0.965564111786839 0.0 0.0)
(0.9656436770200718 0.0 0.0)
(0.9657305254866896 0.0 0.0)
(0.9658242307183281 0.0 0.0)
(0.9659198841812624 0.0 0.0)
(0.9660282401144489 0.0 0.0)
(0.9661441585415488 0.0 0.0)
(0.9662637105221166 0.0 0.0)
(0.9663974662521937 0.0 0.0)
(0.9665441227654146 0.0 0.0)
(0.9667014531575457 0.0 0.0)
(0.966859794203995 0.0 0.0)
(0.9670373442751145 0.0 0.0)
(0.9672277054564549 0.0 0.0)
(0.9674303685661501 0.0 0.0)
(0.9676431495034092 0.0 0.0)
(0.9678721245950586 0.0 0.0)
(0.9681144953865083 0.0 0.0)
(0.9683616670817289 0.0 0.0)
(0.9686171512354348 0.0 0.0)
(0.9688905859625664 0.0 0.0)
(0.9691664206733445 0.0 0.0)
(0.9694258166821121 0.0 0.0)
(0.9698338425128439 0.0 0.0)
(0.9705220433463241 0.0 0.0)
(0.971536648691724 0.0 0.0)
(0.9728749450849291 0.0 0.0)
(0.9741608579691572 0.0 0.0)
(0.975348475923564 0.0 0.0)
(0.9763719725101444 0.0 0.0)
(0.9772584343491848 0.0 0.0)
(0.9781082358198119 0.0 0.0)
(0.9789412709399749 0.0 0.0)
(0.9797909387893047 0.0 0.0)
(0.9806640489818924 0.0 0.0)
(0.9815636789246367 0.0 0.0)
(0.9824976928987253 0.0 0.0)
(0.9834855902935699 0.0 0.0)
(0.9845170118534324 0.0 0.0)
(0.9855949834140765 0.0 0.0)
(0.9867540730081866 0.0 0.0)
(0.9879740437274631 0.0 0.0)
(0.9892589559842773 0.0 0.0)
(0.9906325793546924 0.0 0.0)
(0.9920622782464527 0.0 0.0)
(0.9934828438369506 0.0 0.0)
(0.9948574242502376 0.0 0.0)
(0.996108327564627 0.0 0.0)
(0.9971736111954138 0.0 0.0)
(0.9980486024823448 0.0 0.0)
(0.9986459372023427 0.0 0.0)
(0.9991175977412063 0.0 0.0)
(0.9995057168873561 0.0 0.0)
(0.9998091786373889 0.0 0.0)
(1.0000709252857403 0.0 0.0)
(1.0003162703068806 0.0 0.0)
(1.0005482383166415 0.0 0.0)
(1.0007682655423378 0.0 0.0)
(1.0009258044042786 0.0 0.0)
(0.9643842374097438 0.0 0.0)
(0.964379628721142 0.0 0.0)
(0.9643952318888616 0.0 0.0)
(0.964407043940892 0.0 0.0)
(0.9644163467562153 0.0 0.0)
(0.9644251143277552 0.0 0.0)
(0.9644367068952385 0.0 0.0)
(0.9644489699593968 0.0 0.0)
(0.9644626447934777 0.0 0.0)
(0.9644773936713901 0.0 0.0)
(0.9644883980845025 0.0 0.0)
(0.9645020287087473 0.0 0.0)
(0.964516852071978 0.0 0.0)
(0.9645319678743335 0.0 0.0)
(0.9645481802959984 0.0 0.0)
(0.9645666706599934 0.0 0.0)
(0.9645862917173265 0.0 0.0)
(0.9646023228266477 0.0 0.0)
(0.9646210893301552 0.0 0.0)
(0.9646413552146791 0.0 0.0)
(0.9646626729448212 0.0 0.0)
(0.9646871956809149 0.0 0.0)
(0.964709920224575 0.0 0.0)
(0.9647330113099266 0.0 0.0)
(0.9647608347528144 0.0 0.0)
(0.9647861279709097 0.0 0.0)
(0.9648136852221195 0.0 0.0)
(0.9648446866323162 0.0 0.0)
(0.9648759646607881 0.0 0.0)
(0.96490854821062 0.0 0.0)
(0.9649420089141391 0.0 0.0)
(0.964975872406341 0.0 0.0)
(0.9650138098159614 0.0 0.0)
(0.9650555498248992 0.0 0.0)
(0.9651000339908073 0.0 0.0)
(0.9651429907744152 0.0 0.0)
(0.9651939009421244 0.0 0.0)
(0.9652477750625635 0.0 0.0)
(0.9653027066544758 0.0 0.0)
(0.965362383630762 0.0 0.0)
(0.9654264687343196 0.0 0.0)
(0.9654940317407832 0.0 0.0)
(0.965564111786839 0.0 0.0)
(0.9656436770200718 0.0 0.0)
(0.9657305254866896 0.0 0.0)
(0.9658242307183281 0.0 0.0)
(0.9659198841812624 0.0 0.0)
(0.9660282401144489 0.0 0.0)
(0.9661441585415488 0.0 0.0)
(0.9662637105221166 0.0 0.0)
(0.9663974662521937 0.0 0.0)
(0.9665441227654146 0.0 0.0)
(0.9667014531575457 0.0 0.0)
(0.966859794203995 0.0 0.0)
(0.9670373442751145 0.0 0.0)
(0.9672277054564549 0.0 0.0)
(0.9674303685661501 0.0 0.0)
(0.9676431495034092 0.0 0.0)
(0.9678721245950586 0.0 0.0)
(0.9681144953865083 0.0 0.0)
(0.9683616670817289 0.0 0.0)
(0.9686171512354348 0.0 0.0)
(0.9688905859625664 0.0 0.0)
(0.9691664206733445 0.0 0.0)
(0.9694258166821121 0.0 0.0)
(0.9698338425128439 0.0 0.0)
(0.9705220433463241 0.0 0.0)
(0.971536648691724 0.0 0.0)
(0.9728749450849291 0.0 0.0)
(0.9741608579691572 0.0 0.0)
(0.975348475923564 0.0 0.0)
(0.9763719725101444 0.0 0.0)
(0.9772584343491848 0.0 0.0)
(0.9781082358198119 0.0 0.0)
(0.9789412709399749 0.0 0.0)
(0.9797909387893047 0.0 0.0)
(0.9806640489818924 0.0 0.0)
(0.9815636789246367 0.0 0.0)
(0.9824976928987253 0.0 0.0)
(0.9834855902935699 0.0 0.0)
(0.9845170118534324 0.0 0.0)
(0.9855949834140765 0.0 0.0)
(0.9867540730081866 0.0 0.0)
(0.9879740437274631 0.0 0.0)
(0.9892589559842773 0.0 0.0)
(0.9906325793546924 0.0 0.0)
(0.9920622782464527 0.0 0.0)
(0.9934828438369506 0.0 0.0)
(0.9948574242502376 0.0 0.0)
(0.996108327564627 0.0 0.0)
(0.9971736111954138 0.0 0.0)
(0.9980486024823448 0.0 0.0)
(0.9986459372023427 0.0 0.0)
(0.9991175977412063 0.0 0.0)
(0.9995057168873561 0.0 0.0)
(0.9998091786373889 0.0 0.0)
(1.0000709252857403 0.0 0.0)
(1.0003162703068806 0.0 0.0)
(1.0005482383166415 0.0 0.0)
(1.0007682655423378 0.0 0.0)
(1.0009258044042786 0.0 0.0)
)