
                    FoamFile
                    {
                         version   2.0;
                         format    ascii;
                         class     vectorField;
                         object    values;
                    }
                    //***********************************************************************// //

                    244
(
(-9049947.09982844 33804.4108558449 -1.01098652193831e-10)
(-9049947.09982844 33804.4108558449 -1.01098652193831e-10)
(-9070936.379995456 31847.036482830033 -4.9625013438803984e-11)
(-9222609.547348209 24395.75854255617 8.08153413712569e-11)
(-9389605.932841277 26168.045573610932 1.2703624905114895e-10)
(-9572188.788633546 27792.0231194629 -4.6397316511058964e-10)
(-9763358.37244999 28780.0146992625 1.2995090514193075e-10)
(-9963066.242205232 29613.51943533095 9.371152883427708e-10)
(-10170340.076319836 30397.780182349088 1.4534238916506715e-09)
(-10386393.941925913 31215.920151808372 1.26241969026758e-09)
(-10611699.37806645 32083.29490148507 -7.366960102451952e-10)
(-10846204.919934463 32973.98787447031 -1.3283868970820718e-09)
(-11092014.77987405 33884.1229027754 -8.388897567877661e-11)
(-11347988.622131644 34793.61022592193 2.6675152157707625e-09)
(-11616913.94901992 35781.625786345554 -2.8337289132251647e-11)
(-11897913.236659521 36824.77963217579 7.32319220931652e-10)
(-12192776.055757977 37934.52493628319 9.619074438186588e-10)
(-12502485.023204774 39091.65740074051 2.2918073851667787e-10)
(-12827135.49994928 40280.44158697285 -4.339551715361702e-10)
(-13170291.593369348 41536.213466703746 9.271058993031326e-10)
(-13530133.86703968 42884.94481584713 8.324803922371384e-10)
(-13911553.642819077 44365.36748064456 2.1415550104632456e-09)
(-14313184.594539385 45964.71896879492 1.06356465238436e-09)
(-14738360.137136977 47668.015496100925 1.4494843148508644e-09)
(-15189225.570062915 49491.035532817215 3.3140804331882856e-09)
(-15665966.579573879 51551.37512633645 -3.426584828830187e-09)
(-16174901.743163247 53777.227598075246 -3.34397434176928e-09)
(-16713653.686427865 56276.692736526966 -5.675287664352907e-10)
(-17290575.10350127 59230.81174009967 -5.708219984564432e-09)
(-17903817.36636196 62424.610707583204 -4.397676027801867e-09)
(-18560126.054582193 66162.51407769475 8.538651648284319e-10)
(-19262605.06667891 70736.1314473468 8.156352916538697e-10)
(-20011630.180672493 75848.8604959711 -6.211192477481072e-09)
(-20819937.1066631 82000.34771970553 1.5284956332679942e-09)
(-21680785.955206122 89700.45210737144 8.850141288765339e-09)
(-22608728.229424648 98515.42323921237 -3.0692290180944173e-09)
(-23601662.791497782 109189.66708398376 4.151633109211606e-09)
(-24664020.707743987 123571.99797717074 -5.966132770595951e-09)
(-25798020.818662986 139390.57050837524 -6.186473343853826e-09)
(-27005831.527707428 159007.875618669 6.906320965173325e-09)
(-28284550.2310867 186869.8282107045 4.88801621691453e-09)
(-29614381.592874195 218437.8358720438 -6.788141500400901e-09)
(-30983063.418022387 269586.4336411201 4.215660484246448e-09)
(-32269443.29207352 357861.70334654866 -7.555672881543572e-09)
(-33318821.753697835 467570.8009874328 1.3293720036852742e-08)
(-33985687.7309466 614045.9268698513 6.941484344676591e-10)
(-34059035.64376114 767294.159535813 -2.601153520664869e-08)
(-33436368.82658165 873031.3293496422 -1.5255590347996686e-09)
(-32193599.5605552 974456.8703907942 2.1431835481126076e-08)
(-30149855.440065645 1009966.7498947692 1.0544231820477319e-08)
(-27593074.724018723 984507.5122118178 1.7638750710469855e-08)
(-24568800.580907963 918611.12188207 -2.9935751392525776e-10)
(-21244653.05058568 791465.5458604982 9.916100761978011e-09)
(-17796099.747528587 636634.8183006402 6.395388771866395e-09)
(-14324249.5487739 458641.470519991 1.4473259048770731e-08)
(-10886827.700617507 281878.3804608148 7.780168819495307e-09)
(-7477709.606144462 109840.03272290033 1.8013937938559947e-08)
(-4074993.2295421627 -45051.158139727166 2.2540166791517447e-08)
(-577606.8354304966 -174744.91926264277 2.0508554067495678e-10)
(3178948.57484473 -269903.7987065343 -3.4888630090390997e-09)
(7664248.060135443 -365282.294130667 3.2479827106919627e-09)
(12858138.052280411 -370644.061807147 -1.1253313307240994e-08)
(16857373.79546842 -63611.52271643894 -7.944769938918266e-09)
(16080615.588282522 -29254.900454834562 -1.2808202124056723e-08)
(16037521.997465786 30230.43406097018 2.101530596084579e-09)
(16070105.612204963 58676.09482061156 -8.680667539951434e-09)
(16012912.052770514 76456.71027613981 2.361728280836625e-09)
(16024983.213940572 81506.01856619542 -2.2578763815287134e-09)
(16088869.11871415 83375.7746961628 -1.9334747050464984e-09)
(16145979.359811129 79278.37086355395 -2.4358495523473015e-09)
(16193357.570598286 77364.68490376395 8.268409589778994e-10)
(16237455.46447628 80315.92636465342 1.8637930014638868e-10)
(16241403.6043921 81111.312392217 -1.59837479596737e-10)
(16241403.6043921 81111.312392217 -1.59837479596737e-10)
(16241403.6043921 81111.312392217 -1.59837479596737e-10)
(16241403.6043921 81111.312392217 -1.59837479596737e-10)
(16241403.6043921 81111.312392217 -1.59837479596737e-10)
(16241403.6043921 81111.312392217 -1.59837479596737e-10)
(16241403.6043921 81111.312392217 -1.59837479596737e-10)
(16241403.6043921 81111.312392217 -1.59837479596737e-10)
(16241403.6043921 81111.312392217 -1.59837479596737e-10)
(16241403.6043921 81111.312392217 -1.59837479596737e-10)
(16241403.6043921 81111.312392217 -1.59837479596737e-10)
(16241403.6043921 81111.312392217 -1.59837479596737e-10)
(16241403.6043921 81111.312392217 -1.59837479596737e-10)
(16241403.6043921 81111.312392217 -1.59837479596737e-10)
(16241403.6043921 81111.312392217 -1.59837479596737e-10)
(16241403.6043921 81111.312392217 -1.59837479596737e-10)
(16241403.6043921 81111.312392217 -1.59837479596737e-10)
(16241403.6043921 81111.312392217 -1.59837479596737e-10)
(16241403.6043921 81111.312392217 -1.59837479596737e-10)
(16241403.6043921 81111.312392217 -1.59837479596737e-10)
(16241403.6043921 81111.312392217 -1.59837479596737e-10)
(16241403.6043921 81111.312392217 -1.59837479596737e-10)
(16241403.6043921 81111.312392217 -1.59837479596737e-10)
(16241403.6043921 81111.312392217 -1.59837479596737e-10)
(16241403.6043921 81111.312392217 -1.59837479596737e-10)
(16241403.6043921 81111.312392217 -1.59837479596737e-10)
(16241403.6043921 81111.312392217 -1.59837479596737e-10)
(16241403.6043921 81111.312392217 -1.59837479596737e-10)
(16241403.6043921 81111.312392217 -1.59837479596737e-10)
(16241403.6043921 81111.312392217 -1.59837479596737e-10)
(16241403.6043921 81111.312392217 -1.59837479596737e-10)
(16241403.6043921 81111.312392217 -1.59837479596737e-10)
(16241403.6043921 81111.312392217 -1.59837479596737e-10)
(16241403.6043921 81111.312392217 -1.59837479596737e-10)
(16241403.6043921 81111.312392217 -1.59837479596737e-10)
(16241403.6043921 81111.312392217 -1.59837479596737e-10)
(16241403.6043921 81111.312392217 -1.59837479596737e-10)
(16241403.6043921 81111.312392217 -1.59837479596737e-10)
(16241403.6043921 81111.312392217 -1.59837479596737e-10)
(16241403.6043921 81111.312392217 -1.59837479596737e-10)
(16241403.6043921 81111.312392217 -1.59837479596737e-10)
(16241403.6043921 81111.312392217 -1.59837479596737e-10)
(16241403.6043921 81111.312392217 -1.59837479596737e-10)
(16241403.6043921 81111.312392217 -1.59837479596737e-10)
(16241403.6043921 81111.312392217 -1.59837479596737e-10)
(16241403.6043921 81111.312392217 -1.59837479596737e-10)
(16241403.6043921 81111.312392217 -1.59837479596737e-10)
(16241403.6043921 81111.312392217 -1.59837479596737e-10)
(16241403.6043921 81111.312392217 -1.59837479596737e-10)
(16241403.6043921 81111.312392217 -1.59837479596737e-10)
(-9049947.09982844 33804.4108558449 -1.01098652193831e-10)
(-9049947.09982844 33804.4108558449 -1.01098652193831e-10)
(-9070936.379995456 31847.036482830033 -4.9625013438803984e-11)
(-9222609.547348209 24395.75854255617 8.08153413712569e-11)
(-9389605.932841277 26168.045573610932 1.2703624905114895e-10)
(-9572188.788633546 27792.0231194629 -4.6397316511058964e-10)
(-9763358.37244999 28780.0146992625 1.2995090514193075e-10)
(-9963066.242205232 29613.51943533095 9.371152883427708e-10)
(-10170340.076319836 30397.780182349088 1.4534238916506715e-09)
(-10386393.941925913 31215.920151808372 1.26241969026758e-09)
(-10611699.37806645 32083.29490148507 -7.366960102451952e-10)
(-10846204.919934463 32973.98787447031 -1.3283868970820718e-09)
(-11092014.77987405 33884.1229027754 -8.388897567877661e-11)
(-11347988.622131644 34793.61022592193 2.6675152157707625e-09)
(-11616913.94901992 35781.625786345554 -2.8337289132251647e-11)
(-11897913.236659521 36824.77963217579 7.32319220931652e-10)
(-12192776.055757977 37934.52493628319 9.619074438186588e-10)
(-12502485.023204774 39091.65740074051 2.2918073851667787e-10)
(-12827135.49994928 40280.44158697285 -4.339551715361702e-10)
(-13170291.593369348 41536.213466703746 9.271058993031326e-10)
(-13530133.86703968 42884.94481584713 8.324803922371384e-10)
(-13911553.642819077 44365.36748064456 2.1415550104632456e-09)
(-14313184.594539385 45964.71896879492 1.06356465238436e-09)
(-14738360.137136977 47668.015496100925 1.4494843148508644e-09)
(-15189225.570062915 49491.035532817215 3.3140804331882856e-09)
(-15665966.579573879 51551.37512633645 -3.426584828830187e-09)
(-16174901.743163247 53777.227598075246 -3.34397434176928e-09)
(-16713653.686427865 56276.692736526966 -5.675287664352907e-10)
(-17290575.10350127 59230.81174009967 -5.708219984564432e-09)
(-17903817.36636196 62424.610707583204 -4.397676027801867e-09)
(-18560126.054582193 66162.51407769475 8.538651648284319e-10)
(-19262605.06667891 70736.1314473468 8.156352916538697e-10)
(-20011630.180672493 75848.8604959711 -6.211192477481072e-09)
(-20819937.1066631 82000.34771970553 1.5284956332679942e-09)
(-21680785.955206122 89700.45210737144 8.850141288765339e-09)
(-22608728.229424648 98515.42323921237 -3.0692290180944173e-09)
(-23601662.791497782 109189.66708398376 4.151633109211606e-09)
(-24664020.707743987 123571.99797717074 -5.966132770595951e-09)
(-25798020.818662986 139390.57050837524 -6.186473343853826e-09)
(-27005831.527707428 159007.875618669 6.906320965173325e-09)
(-28284550.2310867 186869.8282107045 4.88801621691453e-09)
(-29614381.592874195 218437.8358720438 -6.788141500400901e-09)
(-30983063.418022387 269586.4336411201 4.215660484246448e-09)
(-32269443.29207352 357861.70334654866 -7.555672881543572e-09)
(-33318821.753697835 467570.8009874328 1.3293720036852742e-08)
(-33985687.7309466 614045.9268698513 6.941484344676591e-10)
(-34059035.64376114 767294.159535813 -2.601153520664869e-08)
(-33436368.82658165 873031.3293496422 -1.5255590347996686e-09)
(-32193599.5605552 974456.8703907942 2.1431835481126076e-08)
(-30149855.440065645 1009966.7498947692 1.0544231820477319e-08)
(-27593074.724018723 984507.5122118178 1.7638750710469855e-08)
(-24568800.580907963 918611.12188207 -2.9935751392525776e-10)
(-21244653.05058568 791465.5458604982 9.916100761978011e-09)
(-17796099.747528587 636634.8183006402 6.395388771866395e-09)
(-14324249.5487739 458641.470519991 1.4473259048770731e-08)
(-10886827.700617507 281878.3804608148 7.780168819495307e-09)
(-7477709.606144462 109840.03272290033 1.8013937938559947e-08)
(-4074993.2295421627 -45051.158139727166 2.2540166791517447e-08)
(-577606.8354304966 -174744.91926264277 2.0508554067495678e-10)
(3178948.57484473 -269903.7987065343 -3.4888630090390997e-09)
(7664248.060135443 -365282.294130667 3.2479827106919627e-09)
(12858138.052280411 -370644.061807147 -1.1253313307240994e-08)
(16857373.79546842 -63611.52271643894 -7.944769938918266e-09)
(16080615.588282522 -29254.900454834562 -1.2808202124056723e-08)
(16037521.997465786 30230.43406097018 2.101530596084579e-09)
(16070105.612204963 58676.09482061156 -8.680667539951434e-09)
(16012912.052770514 76456.71027613981 2.361728280836625e-09)
(16024983.213940572 81506.01856619542 -2.2578763815287134e-09)
(16088869.11871415 83375.7746961628 -1.9334747050464984e-09)
(16145979.359811129 79278.37086355395 -2.4358495523473015e-09)
(16193357.570598286 77364.68490376395 8.268409589778994e-10)
(16237455.46447628 80315.92636465342 1.8637930014638868e-10)
(16241403.6043921 81111.312392217 -1.59837479596737e-10)
(16241403.6043921 81111.312392217 -1.59837479596737e-10)
(16241403.6043921 81111.312392217 -1.59837479596737e-10)
(16241403.6043921 81111.312392217 -1.59837479596737e-10)
(16241403.6043921 81111.312392217 -1.59837479596737e-10)
(16241403.6043921 81111.312392217 -1.59837479596737e-10)
(16241403.6043921 81111.312392217 -1.59837479596737e-10)
(16241403.6043921 81111.312392217 -1.59837479596737e-10)
(16241403.6043921 81111.312392217 -1.59837479596737e-10)
(16241403.6043921 81111.312392217 -1.59837479596737e-10)
(16241403.6043921 81111.312392217 -1.59837479596737e-10)
(16241403.6043921 81111.312392217 -1.59837479596737e-10)
(16241403.6043921 81111.312392217 -1.59837479596737e-10)
(16241403.6043921 81111.312392217 -1.59837479596737e-10)
(16241403.6043921 81111.312392217 -1.59837479596737e-10)
(16241403.6043921 81111.312392217 -1.59837479596737e-10)
(16241403.6043921 81111.312392217 -1.59837479596737e-10)
(16241403.6043921 81111.312392217 -1.59837479596737e-10)
(16241403.6043921 81111.312392217 -1.59837479596737e-10)
(16241403.6043921 81111.312392217 -1.59837479596737e-10)
(16241403.6043921 81111.312392217 -1.59837479596737e-10)
(16241403.6043921 81111.312392217 -1.59837479596737e-10)
(16241403.6043921 81111.312392217 -1.59837479596737e-10)
(16241403.6043921 81111.312392217 -1.59837479596737e-10)
(16241403.6043921 81111.312392217 -1.59837479596737e-10)
(16241403.6043921 81111.312392217 -1.59837479596737e-10)
(16241403.6043921 81111.312392217 -1.59837479596737e-10)
(16241403.6043921 81111.312392217 -1.59837479596737e-10)
(16241403.6043921 81111.312392217 -1.59837479596737e-10)
(16241403.6043921 81111.312392217 -1.59837479596737e-10)
(16241403.6043921 81111.312392217 -1.59837479596737e-10)
(16241403.6043921 81111.312392217 -1.59837479596737e-10)
(16241403.6043921 81111.312392217 -1.59837479596737e-10)
(16241403.6043921 81111.312392217 -1.59837479596737e-10)
(16241403.6043921 81111.312392217 -1.59837479596737e-10)
(16241403.6043921 81111.312392217 -1.59837479596737e-10)
(16241403.6043921 81111.312392217 -1.59837479596737e-10)
(16241403.6043921 81111.312392217 -1.59837479596737e-10)
(16241403.6043921 81111.312392217 -1.59837479596737e-10)
(16241403.6043921 81111.312392217 -1.59837479596737e-10)
(16241403.6043921 81111.312392217 -1.59837479596737e-10)
(16241403.6043921 81111.312392217 -1.59837479596737e-10)
(16241403.6043921 81111.312392217 -1.59837479596737e-10)
(16241403.6043921 81111.312392217 -1.59837479596737e-10)
(16241403.6043921 81111.312392217 -1.59837479596737e-10)
(16241403.6043921 81111.312392217 -1.59837479596737e-10)
(16241403.6043921 81111.312392217 -1.59837479596737e-10)
(16241403.6043921 81111.312392217 -1.59837479596737e-10)
(16241403.6043921 81111.312392217 -1.59837479596737e-10)
(16241403.6043921 81111.312392217 -1.59837479596737e-10)
)