202
(
(0.981252657626309 0.0 0.0)
(0.9812571711102925 0.0 0.0)
(0.9812700122624209 0.0 0.0)
(0.9812742099729405 0.0 0.0)
(0.9812818588177175 0.0 0.0)
(0.9812934748436142 0.0 0.0)
(0.9813094043963528 0.0 0.0)
(0.9813259920044733 0.0 0.0)
(0.9813411818260849 0.0 0.0)
(0.9813530439950953 0.0 0.0)
(0.9813713747559905 0.0 0.0)
(0.9813821649785924 0.0 0.0)
(0.9813881663244447 0.0 0.0)
(0.981413208086965 0.0 0.0)
(0.9814277582592685 0.0 0.0)
(0.9814385370067134 0.0 0.0)
(0.9814501726808681 0.0 0.0)
(0.9814867151460851 0.0 0.0)
(0.981504704650256 0.0 0.0)
(0.9815052477129357 0.0 0.0)
(0.9815350400131903 0.0 0.0)
(0.9815508445987495 0.0 0.0)
(0.9815658377502825 0.0 0.0)
(0.9815937119917048 0.0 0.0)
(0.9816178013211933 0.0 0.0)
(0.9816499248481853 0.0 0.0)
(0.981689006221471 0.0 0.0)
(0.9816997680756809 0.0 0.0)
(0.9817186756989201 0.0 0.0)
(0.9817476101221094 0.0 0.0)
(0.9817946961013342 0.0 0.0)
(0.9818247233369806 0.0 0.0)
(0.9818527148855407 0.0 0.0)
(0.9818821861913493 0.0 0.0)
(0.9819077695155803 0.0 0.0)
(0.9819511996991421 0.0 0.0)
(0.9820015035845332 0.0 0.0)
(0.9820412021453133 0.0 0.0)
(0.9820817238462342 0.0 0.0)
(0.9821280047843364 0.0 0.0)
(0.9821832562726736 0.0 0.0)
(0.9822376232548081 0.0 0.0)
(0.9822962019102622 0.0 0.0)
(0.982357187649323 0.0 0.0)
(0.9824161624195327 0.0 0.0)
(0.9824978645634938 0.0 0.0)
(0.9825831274297742 0.0 0.0)
(0.982660746432931 0.0 0.0)
(0.9827364303324095 0.0 0.0)
(0.9828207014170532 0.0 0.0)
(0.9829121531880237 0.0 0.0)
(0.9830116740843398 0.0 0.0)
(0.9831259123628344 0.0 0.0)
(0.9832495214004547 0.0 0.0)
(0.9833808221765876 0.0 0.0)
(0.983522406222482 0.0 0.0)
(0.9836653854957482 0.0 0.0)
(0.9838093051166923 0.0 0.0)
(0.9839830074086773 0.0 0.0)
(0.9841610526372374 0.0 0.0)
(0.9843397830181032 0.0 0.0)
(0.9845179873248298 0.0 0.0)
(0.9847273838991187 0.0 0.0)
(0.9849471291541044 0.0 0.0)
(0.9851756171977685 0.0 0.0)
(0.985378643363187 0.0 0.0)
(0.9856012983147935 0.0 0.0)
(0.9858367867963643 0.0 0.0)
(0.9860764024643625 0.0 0.0)
(0.9863035033801727 0.0 0.0)
(0.9866447314777809 0.0 0.0)
(0.987182479068067 0.0 0.0)
(0.9879836610418236 0.0 0.0)
(0.9887242237706833 0.0 0.0)
(0.9893768987367203 0.0 0.0)
(0.9897961092694165 0.0 0.0)
(0.9901479026899443 0.0 0.0)
(0.9904761728931827 0.0 0.0)
(0.99081058185973 0.0 0.0)
(0.9911781389757182 0.0 0.0)
(0.99158111001719 0.0 0.0)
(0.9920259606779116 0.0 0.0)
(0.9925504522418832 0.0 0.0)
(0.9931337530409933 0.0 0.0)
(0.9937859268758141 0.0 0.0)
(0.9945857444861731 0.0 0.0)
(0.9954512692581621 0.0 0.0)
(0.9963174687007963 0.0 0.0)
(0.9971322249372429 0.0 0.0)
(0.9977994325882668 0.0 0.0)
(0.9983424145118791 0.0 0.0)
(0.9987560513227467 0.0 0.0)
(0.9990806454492669 0.0 0.0)
(0.9993838003401958 0.0 0.0)
(0.9996612290389171 0.0 0.0)
(0.9998905904956558 0.0 0.0)
(1.0001204937665644 0.0 0.0)
(1.000329388215526 0.0 0.0)
(1.000451139596278 0.0 0.0)
(1.0005743503236033 0.0 0.0)
(1.0006802431202142 0.0 0.0)
(0.9812571711102925 0.0 0.0)
(0.981252657626309 0.0 0.0)
(0.9812700122624209 0.0 0.0)
(0.9812742099729405 0.0 0.0)
(0.9812818588177175 0.0 0.0)
(0.9812934748436142 0.0 0.0)
(0.9813094043963528 0.0 0.0)
(0.9813259920044733 0.0 0.0)
(0.9813411818260849 0.0 0.0)
(0.9813530439950953 0.0 0.0)
(0.9813713747559905 0.0 0.0)
(0.9813821649785924 0.0 0.0)
(0.9813881663244447 0.0 0.0)
(0.981413208086965 0.0 0.0)
(0.9814277582592685 0.0 0.0)
(0.9814385370067134 0.0 0.0)
(0.9814501726808681 0.0 0.0)
(0.9814867151460851 0.0 0.0)
(0.981504704650256 0.0 0.0)
(0.9815052477129357 0.0 0.0)
(0.9815350400131903 0.0 0.0)
(0.9815508445987495 0.0 0.0)
(0.9815658377502825 0.0 0.0)
(0.9815937119917048 0.0 0.0)
(0.9816178013211933 0.0 0.0)
(0.9816499248481853 0.0 0.0)
(0.981689006221471 0.0 0.0)
(0.9816997680756809 0.0 0.0)
(0.9817186756989201 0.0 0.0)
(0.9817476101221094 0.0 0.0)
(0.9817946961013342 0.0 0.0)
(0.9818247233369806 0.0 0.0)
(0.9818527148855407 0.0 0.0)
(0.9818821861913493 0.0 0.0)
(0.9819077695155803 0.0 0.0)
(0.9819511996991421 0.0 0.0)
(0.9820015035845332 0.0 0.0)
(0.9820412021453133 0.0 0.0)
(0.9820817238462342 0.0 0.0)
(0.9821280047843364 0.0 0.0)
(0.9821832562726736 0.0 0.0)
(0.9822376232548081 0.0 0.0)
(0.9822962019102622 0.0 0.0)
(0.982357187649323 0.0 0.0)
(0.9824161624195327 0.0 0.0)
(0.9824978645634938 0.0 0.0)
(0.9825831274297742 0.0 0.0)
(0.982660746432931 0.0 0.0)
(0.9827364303324095 0.0 0.0)
(0.9828207014170532 0.0 0.0)
(0.9829121531880237 0.0 0.0)
(0.9830116740843398 0.0 0.0)
(0.9831259123628344 0.0 0.0)
(0.9832495214004547 0.0 0.0)
(0.9833808221765876 0.0 0.0)
(0.983522406222482 0.0 0.0)
(0.9836653854957482 0.0 0.0)
(0.9838093051166923 0.0 0.0)
(0.9839830074086773 0.0 0.0)
(0.9841610526372374 0.0 0.0)
(0.9843397830181032 0.0 0.0)
(0.9845179873248298 0.0 0.0)
(0.9847273838991187 0.0 0.0)
(0.9849471291541044 0.0 0.0)
(0.9851756171977685 0.0 0.0)
(0.985378643363187 0.0 0.0)
(0.9856012983147935 0.0 0.0)
(0.9858367867963643 0.0 0.0)
(0.9860764024643625 0.0 0.0)
(0.9863035033801727 0.0 0.0)
(0.9866447314777809 0.0 0.0)
(0.987182479068067 0.0 0.0)
(0.9879836610418236 0.0 0.0)
(0.9887242237706833 0.0 0.0)
(0.9893768987367203 0.0 0.0)
(0.9897961092694165 0.0 0.0)
(0.9901479026899443 0.0 0.0)
(0.9904761728931827 0.0 0.0)
(0.99081058185973 0.0 0.0)
(0.9911781389757182 0.0 0.0)
(0.99158111001719 0.0 0.0)
(0.9920259606779116 0.0 0.0)
(0.9925504522418832 0.0 0.0)
(0.9931337530409933 0.0 0.0)
(0.9937859268758141 0.0 0.0)
(0.9945857444861731 0.0 0.0)
(0.9954512692581621 0.0 0.0)
(0.9963174687007963 0.0 0.0)
(0.9971322249372429 0.0 0.0)
(0.9977994325882668 0.0 0.0)
(0.9983424145118791 0.0 0.0)
(0.9987560513227467 0.0 0.0)
(0.9990806454492669 0.0 0.0)
(0.9993838003401958 0.0 0.0)
(0.9996612290389171 0.0 0.0)
(0.9998905904956558 0.0 0.0)
(1.0001204937665644 0.0 0.0)
(1.000329388215526 0.0 0.0)
(1.000451139596278 0.0 0.0)
(1.0005743503236033 0.0 0.0)
(1.0006802431202142 0.0 0.0)
)