/*--------------------------------*- C++ -*----------------------------------*\
  =========                 |
  \\      /  F ield         | OpenFOAM: The Open Source CFD Toolbox
   \\    /   O peration     | Website:  https://openfoam.org
    \\  /    A nd           | Version:  8
     \\/     M anipulation  |
\*---------------------------------------------------------------------------*/
FoamFile
{
    version     2.0;
    format      ascii;
    class       volVectorField;
    location    "0.0210000";
    object      U_0;
}
// * * * * * * * * * * * * * * * * * * * * * * * * * * * * * * * * * * * * * //

dimensions      [0 1 -1 0 0 0 0];

internalField   nonuniform List<vector> 
900
(
(0.776929964691746 0.000324943420586198 2.16729280769432e-18)
(0.777641323824139 0.000193785019227884 6.78136859636808e-19)
(0.777789437482727 0.000144436157126097 -4.02392191469547e-18)
(0.778059519656766 0.000166893338842904 -1.82865978602498e-18)
(0.778199666738571 0.000174303616669445 5.63535548051396e-19)
(0.77830135485759 0.000180284795348421 -3.01038634761713e-18)
(0.778391220731048 0.000182839378821878 -2.22389962257404e-17)
(0.778482553844272 0.000185212480436639 8.78725764173898e-19)
(0.778572638805657 0.000187805467350619 -9.41716860371708e-18)
(0.778667762064182 0.000189049252897053 -1.76433696041583e-17)
(0.778770983576163 0.000190484151863145 -4.20155817875342e-18)
(0.778873009916454 0.000192153835977498 -5.49258774363499e-18)
(0.778982133942173 0.000193421794509555 -1.23452123027907e-17)
(0.77909711058398 0.000195588229998517 -1.21015155430783e-17)
(0.779207019998795 0.000197885253166259 -9.30819352724474e-18)
(0.779321123861021 0.00019907579439836 -3.69215312112953e-17)
(0.779442421048174 0.000199982034388868 -5.11280980754789e-19)
(0.779567628537871 0.000200575961354522 -1.8232655271293e-18)
(0.779700239457297 0.000201285455976304 -2.60609375608732e-17)
(0.77983879297741 0.000203124414709705 -4.61493180548885e-17)
(0.779978605931213 0.000205200889749456 -1.44433890196035e-17)
(0.780118612167208 0.000206602932257113 1.9742060568812e-17)
(0.780265933276897 0.000207763556069896 -4.34772493551711e-17)
(0.780421549571894 0.000208989598381642 2.11941311606778e-17)
(0.780580424134679 0.000210203711105908 1.26527054493645e-17)
(0.780745993648543 0.000211586851849926 -9.09264783783039e-18)
(0.780918696674082 0.000213366540909678 -3.03069946703382e-17)
(0.781097699566474 0.000214454820900721 4.48816041160276e-17)
(0.781285673580268 0.000216402492671237 -1.69757842071308e-17)
(0.781474574715125 0.000219898350828518 -3.26704958949267e-17)
(0.781665751753851 0.000221533735015133 -1.94891245927876e-17)
(0.781870491336751 0.000221693241449087 -3.94552345755824e-17)
(0.782092079811347 0.000223819622835062 -1.91891347324431e-17)
(0.782318077842583 0.000227832513175817 4.47409520475837e-17)
(0.782540918563358 0.000230275794223366 -2.84735052024563e-18)
(0.782780541652182 0.000232118195608306 3.35670906905834e-18)
(0.78303275211335 0.000235595964016444 7.48918136742606e-17)
(0.783292734240962 0.000237259430893762 -2.23906473184392e-17)
(0.783575870596049 0.000239041664498126 -1.25101021889506e-18)
(0.783871209360108 0.000243695969892325 5.65242305921786e-18)
(0.784181062210825 0.000246056378940849 -3.52670079352608e-17)
(0.784516275080182 0.000250279235103054 1.20197685092921e-16)
(0.784843894673904 0.000257915039389898 1.05203519835843e-16)
(0.785179832074211 0.00026248563198154 1.00630933543762e-16)
(0.785554738711565 0.000264668520019342 3.11963571380574e-17)
(0.785953698221291 0.000269070729961351 -3.12726266470893e-17)
(0.786380700507664 0.00027632323477429 8.02740723680227e-18)
(0.786835093475607 0.000281967729910296 3.91089169397203e-18)
(0.787310575184715 0.000287831953854623 7.66708345265549e-17)
(0.787820813047012 0.000297451462072918 -3.64977233905936e-18)
(0.788366939398469 0.000305623605701314 -2.80647211657623e-17)
(0.788943611666521 0.000313090843960579 -3.88710760087805e-17)
(0.789568668297055 0.000324631707555021 -1.74943548386321e-17)
(0.790237365434908 0.000338116912192437 3.09939572365823e-18)
(0.790944666063333 0.000347656092626526 -8.63783825588674e-17)
(0.791713158128966 0.0003583823281351 5.723985028989e-17)
(0.792543583344059 0.000379109188524806 4.50188752526854e-18)
(0.7934380022723 0.000392864679904588 1.85570105244116e-17)
(0.79441484814202 0.000406055298000207 6.11931431894693e-18)
(0.795484511457279 0.000429564527668065 6.0944623673814e-18)
(0.796644043684912 0.000451875370506337 -3.55740672581463e-17)
(0.797896580425221 0.000469895795986445 -3.16812434357665e-17)
(0.799265580573571 0.000493404345930458 -3.970272014284e-17)
(0.800777419407135 0.000526281939200143 -1.29628481305289e-16)
(0.802445987038069 0.000547767184781393 -1.51632396875748e-17)
(0.80429416837331 0.000571225383166061 -1.79193464301776e-17)
(0.806317168966739 0.000618723775289653 -8.05627573252735e-17)
(0.808547800217827 0.000646025916492769 -4.17506700743838e-17)
(0.811051670085017 0.000670713728953004 -3.34764085545876e-17)
(0.813853266621909 0.000715086237832586 -1.15894038236948e-18)
(0.816958146378324 0.00075626990536732 -3.19641143856821e-18)
(0.820471060093051 0.000780456508752371 -4.45547968565845e-17)
(0.824413057980935 0.00081500725413752 4.7491923198447e-17)
(0.828920431667357 0.000866354593689235 6.1755222998973e-17)
(0.8339170121781 0.000896164117909623 -1.9590064004038e-17)
(0.839871738736482 0.000914082511380943 1.39084165997362e-17)
(0.846374736703975 0.00101802211670683 -3.12854411122639e-17)
(0.854233330573165 0.000987085569316435 6.07200936555156e-17)
(0.862473875508211 0.000952148043778277 -2.46909475357353e-18)
(0.872920382201781 0.000807831771394036 3.68360576015329e-17)
(0.882889911513758 0.000656012529090602 2.09919963789317e-17)
(0.89712968217232 0.000421524333096241 -9.76699541534627e-18)
(0.908794542910285 0.000308286060730875 -1.64155912592634e-17)
(0.929342232047022 -6.38206852483756e-05 -1.00766512286023e-17)
(0.943331334335229 -7.40928683964106e-05 -2.4770392597762e-17)
(0.976536548083006 -0.000247066664368704 4.95771321740149e-18)
(0.986827163016779 0.000222237319803303 -2.2859602100433e-17)
(0.978356545551091 -5.3970653852578e-05 4.27776676753755e-18)
(0.980655236351737 8.78959560548895e-06 4.46099980198533e-18)
(0.975755710284664 -7.57146304256493e-05 2.43752696561068e-18)
(0.97474676734781 -8.05798817240191e-05 -1.81498733890011e-18)
(0.970985485493131 -0.000136144899700188 -6.22205243463654e-18)
(0.96866234308799 -0.000141936114299903 1.52339573700574e-18)
(0.965317782659224 -0.000178577402262417 3.1602026321336e-18)
(0.96256723707768 -0.000186746780729981 -1.26803154620593e-18)
(0.959506311223702 -0.00018849514142466 -1.13025519243707e-18)
(0.956784925887679 -0.000193859723886328 1.96611155271564e-19)
(0.954080560927082 -0.000183588456734 2.89517059775426e-19)
(0.951802254966365 -0.000177556945375959 -2.5305077713035e-20)
(0.950316701996568 -7.28408574033646e-05 3.17472026399844e-20)
(0.423585698809469 0.00171069155731469 1.66186886987654e-18)
(0.425840187162605 0.00185396111040396 -1.88318900490749e-19)
(0.426353412004842 0.00189273652188863 -3.47323279285501e-18)
(0.426949615775046 0.00201276831011727 -5.05186276899601e-18)
(0.427243323643752 0.00208770494214454 8.58090032459292e-18)
(0.427437559457883 0.002125497827337 -1.5779798519794e-17)
(0.427594605794275 0.00214069008978247 -3.97581365445193e-17)
(0.42774645471087 0.00214824684240898 1.15269777937939e-17)
(0.427902005798321 0.0021538120345982 3.13834865602401e-17)
(0.428065851530469 0.00215693927488541 -5.69883316133123e-18)
(0.428238802787796 0.0021601604692179 8.64313068924075e-19)
(0.428417694421218 0.00216378542541951 -2.49136021031217e-17)
(0.428605579651743 0.002167100345725 2.76351547701037e-17)
(0.428801993013982 0.00217170365790652 -2.75420891200523e-17)
(0.429003154907538 0.00217643045775179 -2.74372936832534e-17)
(0.429212690879792 0.0021793481265239 -5.36475410769537e-17)
(0.429432073574378 0.00218149143380326 -9.30876929763126e-17)
(0.429660276080948 0.00218300876471389 -3.44849385699038e-17)
(0.429898732622623 0.00218485054374468 -7.58348078007708e-17)
(0.430147664140225 0.0021886698636318 -1.48557433355781e-16)
(0.430405797815836 0.00219289259465794 -4.30703002901571e-17)
(0.430672537137913 0.00219597134000831 6.79140215268495e-17)
(0.430951292198991 0.00219859938205674 -3.15935936111806e-17)
(0.431243306340502 0.0022011802386302 -2.60739086528442e-17)
(0.431546662761927 0.0022037192745625 3.41432553240382e-17)
(0.431863318650301 0.00220659522865299 -2.80756789733428e-17)
(0.432194768489681 0.00221017197035455 -3.95133632573955e-17)
(0.432540657576146 0.00221264135170967 3.62606684266569e-17)
(0.432902201515044 0.00221668919433721 -5.3708546920867e-17)
(0.433278028763883 0.00222340933332073 -1.01449966170204e-16)
(0.433669698059605 0.00222670347934765 -5.36142105943068e-17)
(0.434081305635442 0.00222732451499372 -1.24719981659765e-16)
(0.434515607130875 0.00223154941062822 3.74906516070868e-17)
(0.434969932625603 0.0022392365470404 5.02435867833976e-17)
(0.435440924833723 0.00224412586182501 -1.38478231964744e-17)
(0.435937794225996 0.00224783821036242 6.08984145570546e-18)
(0.436461767008592 0.00225435655612811 4.98289012185963e-17)
(0.437011661128382 0.00225745148723734 1.67471103060892e-17)
(0.43759483077723 0.00226076222157392 -3.45784368218143e-17)
(0.43821024939467 0.00226952797098679 9.54229913044762e-17)
(0.438860122405435 0.00227415679532259 7.27130482555573e-17)
(0.439549830502968 0.00228239880435517 2.15110942153002e-16)
(0.440268222440289 0.00229714815194521 3.15269062851138e-16)
(0.441026490886551 0.00230585045004419 3.07916846389944e-16)
(0.441839777635945 0.002309585378429 9.23462434034785e-17)
(0.442704037871537 0.00231754816053664 -9.32889003369473e-17)
(0.443627863887083 0.00233118281443939 2.52350371137976e-17)
(0.444613790487663 0.00234163901903925 1.014940101627e-17)
(0.445661042238517 0.00235246105418581 8.95670219170773e-17)
(0.446783888599537 0.00237065903192529 1.2507582242285e-16)
(0.447989419544042 0.00238587784129109 -8.14891213513779e-17)
(0.44927831597809 0.00239946658866053 -1.13524159516168e-16)
(0.450668451566334 0.00242117862231826 -5.19461489644142e-17)
(0.452168659849121 0.00244656925081015 1.18595641558642e-17)
(0.453781498899509 0.00246339933985243 -4.56662826464266e-17)
(0.455526564798203 0.00248261741984111 1.80958294358366e-16)
(0.457423081106914 0.00252160284549726 1.29014282560937e-17)
(0.459485341507102 0.00254607692681642 -6.53484460619557e-17)
(0.461732226433842 0.00256858817218129 1.83284418270085e-17)
(0.464191560222336 0.00261160197579487 1.98528513896142e-17)
(0.466885077108077 0.0026514985669975 -1.0456020924994e-16)
(0.469830783168411 0.00268110628992893 -9.41933272482376e-17)
(0.47306708152529 0.00272122333222993 -1.17395278661689e-16)
(0.476648303910444 0.00277857075575727 -2.04601679692802e-16)
(0.480610284671431 0.00281061695990706 -4.18108232174784e-17)
(0.48500159809638 0.00284577048736415 -5.26650118162222e-17)
(0.489878122394698 0.00292624543632489 -1.58760133009712e-16)
(0.495317127326591 0.00296313770139848 -3.80226522920371e-17)
(0.501392913291512 0.00299004160224402 -1.01160945951722e-16)
(0.508224499628997 0.00305286932840298 -3.8504330557145e-18)
(0.515873729656597 0.00310366498234458 -8.66897288809157e-18)
(0.524552924494514 0.00311225367844303 -1.58624322880305e-16)
(0.534284875966719 0.00313580765316686 1.59520770433963e-16)
(0.545500794697955 0.00318135773899946 1.90505477997367e-16)
(0.558026541887171 0.00317267084618035 6.39828089503589e-17)
(0.572867403125229 0.00313366706338722 4.85024119976962e-17)
(0.589262252596169 0.00323301827939169 -3.67725262246227e-17)
(0.609276574709534 0.00303875271648682 1.33053524342579e-16)
(0.630284271408591 0.00279269234768783 -5.47834759479357e-17)
(0.656996421280537 0.0022667491097119 1.16183433074805e-16)
(0.682490082998386 0.00171890285899179 6.40750159434489e-18)
(0.718637644048368 0.000914133448137682 -2.81190658403975e-17)
(0.748482681532077 0.000355118642749283 -4.7305097471825e-17)
(0.800338240520761 -0.000848163521641071 -3.13907791608253e-17)
(0.835306044680058 -0.00124710792397342 -6.10893076058747e-17)
(0.918607783766274 -0.00205324704615095 1.47416834097226e-17)
(0.944361401524405 0.000168133068854082 -4.25550275705466e-17)
(0.92250909409715 -0.000301323491212049 1.68640769604478e-18)
(0.927727357177014 -0.000170379766507071 1.34008455622951e-17)
(0.91480859549967 -0.000327692301294983 -4.15222732741748e-18)
(0.911816034473636 -0.000319067903307006 -5.15524017468548e-18)
(0.901875367715702 -0.000411589980267815 -1.52978489500386e-17)
(0.895617225452045 -0.000416086599110736 4.59992374408312e-18)
(0.886808945360172 -0.000466677491360152 9.90984978567034e-18)
(0.879551565021853 -0.000472451295888766 -3.83112214984671e-18)
(0.871505449059891 -0.000471644353206624 -1.95623862082873e-18)
(0.864458775489152 -0.000457626701700954 1.7531707793015e-18)
(0.857540436868201 -0.000430100458444338 9.03710189213102e-19)
(0.851574968926619 -0.000415520453378966 -7.96005242174829e-20)
(0.847021726838743 -0.000213859465041471 1.00891411237369e-19)
(0.142971794770192 0.00366382940160443 1.56572002796923e-18)
(0.146549599669044 0.00418103344405621 -1.49481199741483e-18)
(0.147386899601821 0.00456158275380449 -3.16456559692879e-18)
(0.148138836749915 0.00488399639090047 -4.85880861725917e-18)
(0.148478525767892 0.00506805308712414 -6.35599814031155e-18)
(0.148689288217505 0.00515271511925449 -3.80840435247635e-17)
(0.148852664778179 0.00518512956331282 -3.31754934648793e-17)
(0.149008400555281 0.00519768114900965 -7.86047099921148e-18)
(0.149169974359538 0.00520411890732685 5.48210539206179e-18)
(0.149341760769095 0.00520725168098877 -6.67234468439497e-19)
(0.149523995866292 0.00521025658349003 8.03654746755523e-18)
(0.149715922307126 0.00521367823509111 6.75073752474972e-18)
(0.149918845868223 0.00521688873033342 2.58355934689544e-17)
(0.150132845171575 0.0052213692743005 -5.6003674301108e-17)
(0.150357007230607 0.00522584052234058 -4.24736043798364e-17)
(0.150592775245383 0.00522833863473166 -5.50920711482975e-17)
(0.150840826661405 0.00522980637280103 -9.9045004740227e-17)
(0.151100879743801 0.00523051871575801 -9.40257759938221e-17)
(0.15137364027699 0.00523156915261021 -1.26560006295315e-16)
(0.151660331268108 0.00523457838901263 -1.60594096808478e-16)
(0.151961373959402 0.00523802277801044 -6.43404195082656e-17)
(0.152276439723542 0.00524022100509038 3.02837176162991e-17)
(0.152607377949671 0.00524170039439458 -1.75588448581627e-17)
(0.152955488139848 0.00524303338455962 -7.7894263120719e-17)
(0.153320238908908 0.00524422233381455 -2.23794427295477e-17)
(0.153703088428248 0.0052456738762915 -4.9404372869899e-17)
(0.15410615356114 0.00524769517909659 -4.84558283077673e-17)
(0.154529512705204 0.00524863418182587 1.17293581413691e-16)
(0.154973866813984 0.00525120205032329 -8.96464167745404e-17)
(0.155441357478876 0.00525626582066848 -7.89256142630291e-17)
(0.155933675119791 0.0052576093251612 -7.32821893630656e-17)
(0.156451159016629 0.00525594209500026 -4.33473970075551e-17)
(0.156996581152078 0.00525793128461732 1.05477529369362e-16)
(0.157572566640993 0.00526359544143081 -3.29247412052524e-17)
(0.158178157871008 0.00526619314779327 -3.50426333400728e-17)
(0.158817139324674 0.0052672380461355 5.78771550835279e-18)
(0.159493647163692 0.00527081935298521 5.68622656397819e-17)
(0.160208465868762 0.00527062247028855 5.22487582808691e-17)
(0.160964252044015 0.00527058316621678 6.97981820918724e-17)
(0.161766128457589 0.00527587141402879 1.39820927356384e-16)
(0.162617012586461 0.0052769439971987 1.94393883533561e-16)
(0.163519003065626 0.00528187309476675 3.21365241288488e-16)
(0.164473955808694 0.00529352574189655 3.80014148070531e-16)
(0.165491237602372 0.00529790707490454 3.73216964336377e-16)
(0.166576484507158 0.0052963760949311 1.52025258074501e-16)
(0.167730723332667 0.00529929184621959 -6.88402862668753e-17)
(0.168967305297805 0.00530766035667258 5.32703067739094e-17)
(0.170291560065937 0.00531266475022401 1.16980319908916e-17)
(0.171703802964456 0.00531780392169881 1.06358850086848e-16)
(0.173221542190949 0.00532980941869354 1.21610151286208e-16)
(0.174856771833003 0.00533856836949949 -1.44032142700155e-16)
(0.17661099531602 0.00534492463769691 -1.8933373301414e-16)
(0.178504091192893 0.00535932612707094 -8.64911144535808e-17)
(0.180556569162486 0.00537699982496943 2.57778928366823e-17)
(0.182774687914997 0.00538415043473393 -4.00645307574468e-17)
(0.185171469091879 0.00539397011232886 3.33957647299732e-16)
(0.187785863840443 0.0054227192258256 1.82675407378092e-17)
(0.190642594811768 0.00543559214967049 -5.52199477106219e-17)
(0.193750075306781 0.00544478413418237 3.5361186246011e-17)
(0.197156077683967 0.00547406084398856 3.81496635438606e-17)
(0.200904988589668 0.00549875683976975 -1.84284621100933e-16)
(0.205016462664246 0.00550972696204069 -1.56286935341182e-16)
(0.209535601131274 0.00553054746145971 -1.94207194580675e-16)
(0.214551244413275 0.00556500047649136 -2.8772844347176e-16)
(0.220114146257887 0.00556940900052554 -6.45567983300067e-17)
(0.226264009537159 0.00557653010664439 -8.4963208400309e-17)
(0.233129741013835 0.00562285804263792 -2.38011537574483e-16)
(0.240827875918613 0.00561999029078336 -1.36172237300415e-16)
(0.249397855790813 0.0055992642290247 -1.64642791685366e-16)
(0.25904908356657 0.00560829406483619 4.15526104648198e-18)
(0.269906574876558 0.00559570547092605 -1.28972560860546e-17)
(0.282228598102057 0.00552650696561894 -1.31456766532567e-16)
(0.296021371663953 0.00546468161366912 1.57131459161009e-16)
(0.311969841172903 0.00540378702019369 1.98637599168135e-16)
(0.329836728874869 0.00527256924224913 1.42017667689554e-16)
(0.350889353610924 0.00510172220240324 6.40858796882708e-17)
(0.374311073085253 0.00501713342314393 -5.42315344120285e-17)
(0.403063334627495 0.0045962960478577 1.08827843862992e-16)
(0.433233366716243 0.00406357695709906 -1.0873157529046e-16)
(0.471646483263755 0.00313605002584655 1.39495322066706e-16)
(0.508293196785926 0.00220570377764843 -5.07801724271143e-17)
(0.560049661533183 0.000841529484130662 -8.25149181069944e-17)
(0.603104092004504 -0.000207061095949532 -4.19606421376685e-17)
(0.67719817574587 -0.00215501806745552 -1.05272997840698e-17)
(0.727003091696462 -0.00303544301908329 -1.15823655528713e-16)
(0.845660058851672 -0.00450397717875712 3.3223765513034e-17)
(0.882457497940478 5.88502035414572e-05 -3.99447287295217e-17)
(0.851047801484332 -0.000400470198816884 -7.94440848673961e-19)
(0.858279198150254 -0.000244893262034093 2.2371079248265e-17)
(0.839652241035503 -0.000448485571595635 4.56739432122838e-19)
(0.835181814182363 -0.000428080041850592 -2.68165409103571e-18)
(0.820822340336899 -0.000532952894628689 -1.50488335677871e-17)
(0.811713338622286 -0.000547552803502372 2.83974338101439e-18)
(0.798977661907186 -0.000591986437142453 1.27062824576064e-17)
(0.788498981456545 -0.000600712936731221 -4.09901879966118e-18)
(0.776832766106239 -0.000609754941604764 2.11439346321797e-19)
(0.766663510717932 -0.000571178773550339 2.17747492109175e-18)
(0.756767326664122 -0.000541454870842503 1.47088229238723e-18)
(0.74812609703847 -0.000531994033567401 -9.83930760083846e-20)
(0.740445778127555 -0.000319091229721762 1.14302243310047e-19)
(-0.0650848709786445 0.0064038385909533 2.95061525743098e-18)
(-0.0613847527229551 0.00665000793440645 -3.54382122249978e-18)
(-0.0605745788940859 0.0075469438081781 -2.63504464468014e-18)
(-0.0599187516961115 0.00812774393421316 -4.68410815418142e-18)
(-0.0596514605892563 0.008433833470048 -1.0511416961246e-17)
(-0.059491521036693 0.00856702494286039 -3.48134491948039e-17)
(-0.0593677015056274 0.00861654132894279 -3.05119882080251e-17)
(-0.0592470889079157 0.00863366233755988 -2.28937077031244e-17)
(-0.0591185063452904 0.00864044935721224 -7.51364122753266e-18)
(-0.0589787219821846 0.00864325209249155 1.66383516123469e-18)
(-0.058827671323706 0.00864566130122314 1.68615193675993e-17)
(-0.0586651485227015 0.00864840465043266 3.40725167611205e-17)
(-0.0584904231632428 0.00865103121419331 4.24176713058937e-17)
(-0.0583030393286718 0.00865462170734179 -1.04250582072451e-16)
(-0.0581026738708904 0.00865804257345147 -5.34230598249387e-17)
(-0.0578887700306412 0.0086596580495811 -5.61118834761091e-17)
(-0.0576610997133308 0.00866015810143409 -1.11362494293031e-16)
(-0.05741964203683 0.00865985437900449 -1.09727497344321e-16)
(-0.0571638889533892 0.00865976762058045 -1.70241769867671e-16)
(-0.0568922237328517 0.00866121820019265 -1.81393789433211e-16)
(-0.0566033907477267 0.00866295310401239 -8.53672235099341e-17)
(-0.056297378130137 0.00866349973931681 1.46880342138439e-17)
(-0.0559731265228665 0.0086631866431057 -1.05326209284863e-17)
(-0.0556294315680596 0.00866255837485665 -2.87234949823179e-17)
(-0.0552660358016337 0.00866162687422188 -5.51276647953918e-17)
(-0.0548816524016764 0.00866075871028143 -7.29162468234659e-17)
(-0.0544740432004584 0.00866018051304535 -3.24271372965238e-17)
(-0.054042700805236 0.00865859250454702 2.24250589508768e-17)
(-0.0535868351010583 0.00865825741149635 -1.48558355948537e-16)
(-0.0531028682555353 0.00865975004963535 -5.39233632510805e-17)
(-0.0525890833182839 0.00865777705043975 -9.06524392750217e-17)
(-0.0520466588779413 0.00865291753022574 -5.16155049521436e-17)
(-0.0514729208076139 0.00865098538534361 1.32446868326376e-16)
(-0.050862747755413 0.00865208181301373 -3.72407414102045e-17)
(-0.0502154411183474 0.00865024329609286 -5.96377930713776e-17)
(-0.0495297790160779 0.00864664583923092 4.68800168913185e-18)
(-0.0488006882786146 0.00864478349097492 6.44769100089641e-17)
(-0.0480262494635454 0.00863924466255128 8.63864384528054e-17)
(-0.0472058366579742 0.00863354338544414 4.55774854800403e-17)
(-0.0463316159314143 0.00863205611826976 7.78701651322944e-17)
(-0.0453999988387213 0.00862664597313664 3.70228983127207e-16)
(-0.0444097699628266 0.00862434265330484 4.30777946282603e-16)
(-0.043352199880472 0.00862752584590279 4.35563065028869e-16)
(-0.042219236597939 0.00862337093559813 4.61626203561462e-16)
(-0.0410103101005764 0.00861316074792604 1.9397985529547e-16)
(-0.0397216295867747 0.00860641133629313 9.6073615155851e-17)
(-0.0383376798933011 0.00860376547745722 9.08409417998698e-17)
(-0.0368510638021946 0.00859756230076678 1.51354950101082e-16)
(-0.0352600661008199 0.00859074318529721 1.28845102015677e-16)
(-0.0335459773803067 0.00858894740868092 1.34684662700627e-16)
(-0.0316940690817925 0.00858342348551034 -2.18416959220794e-16)
(-0.0297014597085976 0.00857456895681313 -1.2979909132702e-16)
(-0.0275475089604735 0.00857179213338351 6.20450912470542e-18)
(-0.0252053917471773 0.00857063189203187 4.75938075630329e-17)
(-0.0226656378804062 0.00855804451711678 -4.95059332398457e-17)
(-0.0199188353858504 0.00854672171802174 2.83814235629145e-16)
(-0.0169156167096487 0.00855021125366755 1.61162835883994e-17)
(-0.0136247227398808 0.00853733590237096 -8.99088078300863e-17)
(-0.0100431042353787 0.00851859226336675 6.07335938648279e-17)
(-0.00611198764697709 0.0085154368720991 6.30953077495293e-17)
(-0.00177346741739271 0.00850511581938593 -2.62058980358403e-16)
(0.0029944547418523 0.0084782598576035 -2.05162793287505e-16)
(0.0082403442152452 0.00845699422161959 -2.72118109950476e-16)
(0.014072328607464 0.00844283382064775 -2.88167623656255e-16)
(0.0205511785005366 0.00839551346433533 -8.15884843843246e-17)
(0.0277110492649973 0.00834625380079783 -1.13906938445101e-16)
(0.0357249560239377 0.00832444385660898 -3.19817659042625e-16)
(0.0447336367298168 0.00824957832991889 -2.53855183555911e-16)
(0.0547536768080521 0.00814853823364515 -2.36572192473274e-16)
(0.0660489646914764 0.00806443725690725 -7.05801534092767e-18)
(0.0787840934343849 0.00794712275999591 -1.54948829225209e-17)
(0.0932432340457344 0.00776194915415025 -1.35227704565055e-16)
(0.109421023346369 0.00756836149649494 1.82659624042422e-16)
(0.128155930705636 0.00735351816301596 2.08104126738044e-16)
(0.14917697002559 0.0070492095672584 9.36483813966177e-17)
(0.173892246087619 0.00668654315732734 1.50329149214422e-16)
(0.201472441029355 0.0063597619723175 -6.86250349146549e-17)
(0.235413237371924 0.00567585735093047 8.71406157557852e-17)
(0.271028501506958 0.00483884353479705 -1.17981493832011e-16)
(0.316406614996919 0.00355822716874883 1.33085087639043e-16)
(0.359694034070113 0.0022556491586044 -5.08404831963818e-17)
(0.420730295267943 0.00043095919454338 -9.67707717315144e-17)
(0.471665935022196 -0.00108968780596124 -3.44452350920425e-17)
(0.558972406491563 -0.00366459624548974 8.33530760699952e-18)
(0.617560487672954 -0.00510349837699809 -1.27988486551346e-16)
(0.757309326272679 -0.00715873402609448 4.87159735843113e-17)
(0.800891425470513 -1.10068688264523e-05 -3.67648303865054e-17)
(0.763730989612735 -0.000369726589478994 -3.18916403790199e-18)
(0.772132874119739 -0.000265674570556966 2.06219203493717e-17)
(0.750095134048126 -0.000438302926247621 3.2640188967013e-18)
(0.744721479340247 -0.000436603441077793 -1.02968883932359e-18)
(0.727714225943564 -0.000528792075318075 -1.73060335458768e-17)
(0.716887522819862 -0.000551447227912266 1.11310421330317e-18)
(0.701794630531719 -0.000590010128898176 1.87930459419034e-17)
(0.689382107771819 -0.000601556307910376 -4.29457695217836e-18)
(0.675538852372073 -0.000610059253261522 -6.25909800108273e-19)
(0.663494930731776 -0.000570857979676157 1.40134047396344e-18)
(0.651817896854408 -0.000540997757257528 1.98103312568569e-18)
(0.641569624906264 -0.00053533264401011 -1.90015125805236e-19)
(0.631926434529932 -0.000316552690853582 1.34937730409997e-19)
(-0.201810546422802 0.00839494093276255 5.1099897105957e-18)
(-0.199404199271021 0.00882786268311797 1.83150598122485e-18)
(-0.199065840791194 0.0102057850286954 -1.83931142688914e-18)
(-0.198763018137326 0.0109951161179847 -3.80395668393663e-18)
(-0.198667452347445 0.0113865966561378 -9.59015150889784e-18)
(-0.198604740108054 0.0115500503176702 -3.9409490898084e-17)
(-0.198547298110017 0.0116094304529964 -2.81601136794506e-17)
(-0.198482794381995 0.0116290145433865 -4.02064339866712e-17)
(-0.198407680816489 0.0116359131154552 -2.35910915595371e-17)
(-0.198321116883546 0.0116386263972943 2.74749042039044e-18)
(-0.198223331083521 0.0116407797845236 2.51885183674908e-17)
(-0.198113773255498 0.0116431491346109 6.24259197103232e-17)
(-0.197991860508647 0.0116454364329137 2.68211524556519e-17)
(-0.197856900369427 0.011648310075134 -7.14615107435741e-17)
(-0.197708059652012 0.0116508878344442 -5.57690188200129e-17)
(-0.197545128705285 0.0116519451582321 -4.89560068246019e-17)
(-0.197368123773728 0.0116519260335135 -6.19978426499057e-17)
(-0.197176902821544 0.0116511065957092 -9.24128199432477e-17)
(-0.196970992100786 0.0116503222475371 -1.35442444403444e-16)
(-0.196748716866985 0.0116505520541034 -1.53554808142208e-16)
(-0.196508474762209 0.0116508333174505 -1.04722075506541e-16)
(-0.19624996890419 0.0116500253964629 1.71630176078345e-17)
(-0.195972560487003 0.0116483271420382 -5.843051217402e-18)
(-0.195675203051579 0.011646141621067 3.17744036886536e-17)
(-0.19535721662278 0.0116434921383991 -4.15204330033508e-17)
(-0.195017404890109 0.0116406713847288 1.01767160276203e-17)
(-0.194653662880979 0.0116378425184769 -2.62480486608392e-17)
(-0.194265171288903 0.0116340242343177 1.29822048502876e-17)
(-0.193850928444766 0.0116309213925308 -1.6436998303728e-16)
(-0.193407002896552 0.0116289058070137 -4.56177615978568e-17)
(-0.192931739982277 0.0116238635634509 -1.33609446464948e-16)
(-0.192426764408979 0.0116162400001888 -7.89671651348189e-17)
(-0.191889623170696 0.0116105675140019 8.42055209792513e-17)
(-0.191314310785012 0.0116069375588618 -1.4793896069744e-16)
(-0.190699094266835 0.0116006251985007 -9.29915369063393e-17)
(-0.190043893019317 0.0115924656329717 3.654163731939e-18)
(-0.189343706299149 0.0115851738480419 7.63195220185742e-17)
(-0.188596061157779 0.0115744742861566 1.25735013196075e-16)
(-0.187801103733304 0.011563162364736 1.09031897268132e-17)
(-0.186950262692901 0.0115546916912985 1.13985519576521e-16)
(-0.186039564023887 0.0115425773636185 3.96314485093038e-16)
(-0.185067758186873 0.0115323747219028 5.13384018620928e-16)
(-0.184023040789322 0.0115258723271599 5.54596851710743e-16)
(-0.18289847972224 0.0115125947251158 4.16507726143971e-16)
(-0.181696048179193 0.0114935763670286 2.2929952326197e-16)
(-0.18041072558977 0.0114765149220784 9.5058354575523e-17)
(-0.179026696451806 0.0114618449829121 1.26057904535843e-16)
(-0.177535429506307 0.0114433208197851 1.56568363416431e-16)
(-0.175934085726864 0.011423195747203 1.50970338559014e-16)
(-0.174204351207597 0.0114058842793042 3.18330655389987e-17)
(-0.172330575165199 0.0113841939464834 -1.82889542591483e-16)
(-0.170308726471692 0.0113582714662308 -7.11594140782055e-17)
(-0.168118734512184 0.0113356851656327 1.014649591024e-16)
(-0.165731533003967 0.0113125755746047 7.55198729827786e-17)
(-0.16313557970126 0.0112779042786703 -9.0132173224866e-17)
(-0.160323725720442 0.0112421701028111 2.70703297002048e-16)
(-0.157243283278246 0.011216029230857 7.97849365695227e-18)
(-0.153860180033987 0.0111734624318227 -8.39617918376625e-17)
(-0.150174060426583 0.0111229397100151 -1.27929505919549e-17)
(-0.146122625456616 0.0110817907812616 6.72276734061968e-17)
(-0.141642371508441 0.0110305648904073 -2.82509896624891e-16)
(-0.136709969869985 0.0109609656663439 -2.81708178817591e-16)
(-0.131277077943814 0.0108910829631212 -2.62028035089465e-16)
(-0.125229295561673 0.0108210554160759 -2.04656149742735e-16)
(-0.118501655892017 0.0107165238789158 -9.27558886233676e-17)
(-0.111064702102628 0.0106035006944509 -1.3897894775197e-16)
(-0.102726555072612 0.0105043012092194 -3.16988753402248e-16)
(-0.0933371265904308 0.0103504338065217 -2.34294154227969e-16)
(-0.082894840850343 0.0101636069533259 -2.09170045905138e-16)
(-0.0711142163824664 0.00997832380258488 -6.28956783946027e-17)
(-0.0578135034892926 0.00974918178693882 -1.72877516506684e-17)
(-0.0427042424420555 0.00944596970689127 -1.38401522029258e-16)
(-0.025800666669052 0.00911592758194224 2.08186079055983e-16)
(-0.00620505806430796 0.00874453705577913 2.18922599751522e-16)
(0.0158021312329375 0.00826801478922825 1.75078318548918e-16)
(0.0416522381141288 0.00771332946921469 1.63081723480926e-16)
(0.070543706172443 0.0071455580939806 -8.5789441227353e-17)
(0.106157348228652 0.00622743327366581 6.77592923959296e-17)
(0.143522841816987 0.00513183372701061 -8.29644494242188e-17)
(0.191168662988417 0.00359901612673118 1.14856676376726e-16)
(0.236600118221933 0.00200717312206576 -5.35085302457381e-17)
(0.300634849031202 -0.000122966792860583 -1.08913542818707e-16)
(0.354129953101529 -0.00201741892215478 -2.56836375621755e-17)
(0.445689857867247 -0.00500944509507055 2.97820458315683e-17)
(0.507013669420424 -0.00695610149490964 -1.08256689628968e-16)
(0.653673046280556 -0.00943791662013005 5.9662592741246e-17)
(0.699704073420234 -9.05627635155409e-05 -2.0971746320003e-17)
(0.66057288766215 -0.00027082506928808 -1.65655759152127e-17)
(0.669323448062843 -0.000258134132978556 1.89708307277133e-17)
(0.646155711544262 -0.000357857464394004 -5.0144738135297e-19)
(0.640458847146121 -0.000385940851032807 -5.29474403549749e-18)
(0.622567494791839 -0.000447940113682496 -1.78552999646063e-17)
(0.611155819758063 -0.000477349049166964 -5.96758550102545e-19)
(0.595271429515393 -0.000504870171162729 2.14182810283598e-17)
(0.582210792885371 -0.000518252996708417 -4.5394258510935e-18)
(0.567629745452138 -0.000522828258593325 -7.0709622743004e-19)
(0.554956808681798 -0.000491211023777137 6.30514579085002e-19)
(0.542694588731928 -0.000464537791920876 1.92627977094868e-18)
(0.531902659532587 -0.000460899078545476 -5.17819049902211e-19)
(0.52143244748456 -0.000267180619873091 9.33395997196458e-20)
(-0.26987145438158 0.00969333162381157 7.69297444989242e-18)
(-0.269397992692123 0.0103659381114226 3.84060106290728e-18)
(-0.269760416097897 0.0119633218249453 -1.72246905499881e-18)
(-0.269934951707096 0.0128131945457723 -2.14110523792862e-18)
(-0.270049161929672 0.0132121766815064 -4.45805189541151e-18)
(-0.270095585551553 0.0133724394331146 -2.15016383646907e-17)
(-0.270108835308823 0.0134293531499198 -2.13738026383041e-17)
(-0.27010343831285 0.0134478170395741 -3.11341397257184e-17)
(-0.270085362087812 0.0134542747475897 -3.19681361696798e-17)
(-0.270056523990081 0.0134571062823187 3.48086090144022e-18)
(-0.270017502460959 0.0134593950382252 2.85212537709998e-17)
(-0.269967651631574 0.013461780567331 4.32259503426165e-17)
(-0.269906408457042 0.0134640530059862 2.58852903898557e-17)
(-0.269832969990456 0.0134665775070106 4.04178771626511e-18)
(-0.26974634099716 0.013468731157351 -5.65854249421848e-17)
(-0.269646446167419 0.0134696793477669 -3.53485285895005e-17)
(-0.269533429447048 0.0134696886095112 -7.13284713988723e-17)
(-0.269407115407399 0.0134689575955091 -7.383355163521e-17)
(-0.269267053612342 0.0134680817289126 -1.04653973991059e-16)
(-0.269111706055734 0.0134677191124289 -1.19177517734306e-16)
(-0.268939425582808 0.0134671880984828 -9.91447517411824e-17)
(-0.26874974609433 0.013465692180649 3.84554336519372e-17)
(-0.268542281076126 0.0134633471368651 -1.04881036328733e-17)
(-0.268316173484705 0.0134604103288456 -2.65128318778723e-17)
(-0.268070575902291 0.0134568967259142 -3.47314734739261e-17)
(-0.267804411255928 0.0134530056065938 5.68792825338835e-18)
(-0.267515850266947 0.0134488466657069 -2.34564351813175e-17)
(-0.267203934516628 0.0134437163721158 -8.54971248211733e-17)
(-0.266867550748306 0.0134387708625155 -1.90267094635559e-16)
(-0.266502993916035 0.0134342411425284 -2.81710991096071e-17)
(-0.266108761673386 0.0134272235622354 -1.07434620343906e-16)
(-0.265686469927702 0.0134180276409681 -1.17266108307046e-16)
(-0.265234014692869 0.0134098115253298 1.41353519440475e-17)
(-0.264745480923991 0.0134026201322532 -1.98136235777236e-16)
(-0.264218647519467 0.0133930763859376 -4.1712803408469e-17)
(-0.263653922450813 0.0133817221999648 4.42207255951965e-18)
(-0.263046895217409 0.0133704755112728 8.95772060266114e-17)
(-0.262394984718527 0.0133562388397215 9.44869104675561e-17)
(-0.261698606212668 0.0133409877190207 -4.470385613951e-17)
(-0.260949637234794 0.0133271921694776 -1.04419338795885e-17)
(-0.260144127578477 0.0133100953952725 2.8761725960746e-16)
(-0.259280683114676 0.013293648175139 4.82979610970083e-16)
(-0.258346906928581 0.0132790352723211 5.03622040733268e-16)
(-0.257336983905202 0.0132586101033276 3.67785325585785e-16)
(-0.256254018322515 0.0132331469885155 1.94111556245808e-16)
(-0.255092854280635 0.0132081112597695 9.14499993386632e-17)
(-0.253838808861323 0.0131837203650736 1.44564681513854e-16)
(-0.252483252714145 0.0131553489521175 1.66461014064402e-16)
(-0.25102284530013 0.0131245089610486 1.80950861152358e-16)
(-0.249441011413502 0.0130942769191958 -6.49358356833475e-17)
(-0.247722776312708 0.013059253824556 -1.63188808830729e-16)
(-0.245863655196126 0.013019414967056 -1.34660687743284e-17)
(-0.243845524475427 0.0129800774214126 7.83107960393891e-17)
(-0.24164037978637 0.0129381987811501 1.07969241879887e-16)
(-0.239236141033351 0.0128854723184862 -1.16424544597803e-16)
(-0.236627551078697 0.0128293958728959 3.23265367838256e-16)
(-0.233764347650049 0.0127774235272809 -4.05565587104324e-18)
(-0.230613256352206 0.0127099733850524 -1.01297843701002e-16)
(-0.227175460272534 0.0126331873249812 -6.63315855888008e-17)
(-0.223391670295718 0.0125591931956238 5.91800448014315e-17)
(-0.219199952852616 0.0124729769974759 -2.06088880846652e-16)
(-0.214577735842076 0.0123680999472472 -2.39400549984917e-16)
(-0.209480842381918 0.0122572328652311 -2.24074621733142e-16)
(-0.203800242209222 0.0121394827687356 -1.2485892036876e-16)
(-0.197473147872058 0.0119886140654983 -9.98183829786583e-17)
(-0.190475520649172 0.0118233718700465 -1.61016054608291e-16)
(-0.182619449950275 0.0116582315320604 -3.17485272157763e-16)
(-0.173760284278702 0.0114409934057143 -2.69058215429506e-16)
(-0.163906226163987 0.0111872426121491 -1.82351686543371e-16)
(-0.152781148823391 0.0109202170496952 -6.20113844662539e-17)
(-0.140207591198822 0.0106027437354994 -1.68737405299483e-17)
(-0.125915847191568 0.0102117645057274 -1.47915636854384e-16)
(-0.109927085626689 0.00977835782514228 1.41192476505294e-16)
(-0.0913755149025387 0.00928820494419364 1.48355148784284e-16)
(-0.0705287130606441 0.00868697513737508 2.18268193293965e-16)
(-0.0460497505052437 0.00799433718244417 1.32890866058252e-16)
(-0.0186693504757956 0.00724417296111016 -1.06302378759471e-16)
(0.0151326693798837 0.00618090034015519 5.0320426415746e-17)
(0.0505818849779434 0.00493481444947973 -4.87882340427169e-17)
(0.095833646483855 0.00329939381959887 5.44555691965868e-17)
(0.138942467243837 0.00157387116768142 -6.12933374982408e-17)
(0.199736827241986 -0.00065465044354278 -1.19405254171694e-16)
(0.25050537359399 -0.00273567528850804 -1.62446948405454e-17)
(0.337416832513572 -0.00585642074141231 1.95165290700905e-17)
(0.395469319606656 -0.00812075220825442 -8.30477661948488e-17)
(0.534879527502866 -0.0108013136675469 5.0423823481931e-17)
(0.578928029121626 -0.000169928691247808 -4.4022798931619e-18)
(0.541606548965005 -0.000149509989910667 -1.88998726169185e-17)
(0.549890537164252 -0.000228780118963481 1.74404500336906e-17)
(0.52786049682387 -0.000246717228189622 -1.30384863494393e-17)
(0.52242001850834 -0.000300537739040457 -8.86600062211177e-18)
(0.505401025513097 -0.000326027959743046 -1.47533742876029e-17)
(0.494534439175703 -0.000359072557814093 -2.22921108497162e-18)
(0.479419858447975 -0.000372048240344656 2.3567840893025e-17)
(0.466994389735117 -0.000385627319457415 -4.79317381378251e-18)
(0.453111961011203 -0.000386077402912965 -1.41880831262037e-18)
(0.441053929304593 -0.000363937226846295 -1.46486139771729e-19)
(0.4294009487532 -0.000343222229367923 1.83969642525337e-18)
(0.419127456426082 -0.000340971337006234 -5.64924052597393e-19)
(0.40896258369532 -0.00019661202759962 7.62358552048043e-20)
(-0.271451426787024 0.00979348956003249 7.89159284923256e-18)
(-0.27330439617295 0.010693721488882 9.07617151397798e-18)
(-0.274352789824256 0.012167227824606 -1.62516466948674e-18)
(-0.274949860973333 0.0128894894114021 -4.22253857912398e-18)
(-0.275229287828113 0.0132060485508698 -1.18737165477533e-17)
(-0.275355915909758 0.0133275239761076 -6.35458161256133e-18)
(-0.275421046152751 0.0133695421329071 -1.20185895297469e-17)
(-0.275460851879755 0.013383224416979 -1.86403066467339e-17)
(-0.275488175016804 0.0133884120692093 -1.95647970116486e-17)
(-0.2755066701138 0.0133912008001003 6.81255378034633e-18)
(-0.275517031728828 0.0133936164766933 3.43642430896242e-17)
(-0.275518592662581 0.013396026529619 3.07698467117608e-17)
(-0.275510806186915 0.013398267764975 2.19393652111313e-17)
(-0.275492887152009 0.013400512865435 8.89786830518105e-18)
(-0.275463881215618 0.0134023761947014 -6.95350916854339e-17)
(-0.27542377136327 0.0134033626198508 -2.43092428084237e-17)
(-0.275372759512412 0.013403624459961 -8.69773284667008e-17)
(-0.275310691817222 0.0134032713666227 -5.01954710790888e-17)
(-0.275237187955764 0.0134026519899616 -7.14106406153925e-17)
(-0.275150975438979 0.0134021443659831 -8.31379537287798e-17)
(-0.275050581055237 0.0134013233593415 -8.91233263472772e-17)
(-0.274935509428933 0.0133997071983069 -1.90050328165393e-17)
(-0.274805552342135 0.0133973590411083 -1.97832592960084e-17)
(-0.274660065831336 0.0133944181996288 -7.59925752251842e-17)
(-0.274498235561694 0.0133908800109688 -3.50566174110756e-17)
(-0.274319178700553 0.0133868481051761 2.07546875885148e-17)
(-0.274121439180689 0.0133823858369367 -1.73713732323109e-17)
(-0.273904113571088 0.0133770357254749 -4.94427824870093e-17)
(-0.273666171209161 0.0133714664509366 -1.41518727780926e-16)
(-0.273404484559684 0.0133658041095216 -7.74064732991376e-18)
(-0.27311780247422 0.0133582750506588 -1.09532234912045e-16)
(-0.272807564554491 0.0133490672110459 -1.70099735904013e-16)
(-0.272472142728294 0.013340047390506 -2.71925891613571e-17)
(-0.272106385084415 0.0133312034233438 -1.97418920976859e-16)
(-0.271708083595072 0.0133204480088337 1.88236077805541e-17)
(-0.271277856707482 0.0133080915595783 3.17726296981466e-19)
(-0.27081217516668 0.0132953067680671 1.10852289193948e-16)
(-0.270308725274814 0.0132801253772696 6.893756155812e-17)
(-0.26976804965488 0.0132637292226963 -1.00656017748338e-16)
(-0.269183279816556 0.0132476178472938 -1.03215983406755e-17)
(-0.268550958356372 0.013228730126163 1.92471910053011e-16)
(-0.2678698233737 0.0132094735843786 2.61474165031156e-16)
(-0.267128703959874 0.0131904681072852 4.18514535518594e-16)
(-0.266323027769992 0.0131669420189743 3.65971891421863e-16)
(-0.265456181567079 0.013139444695971 1.56125211722053e-16)
(-0.264523712814339 0.0131111938277328 7.57540643590192e-17)
(-0.26351330267055 0.0130821792322088 2.0671346511031e-16)
(-0.262417315567362 0.0130494551984919 1.76292730840506e-16)
(-0.261232679649626 0.0130138409411015 2.27066618031244e-16)
(-0.259945788134976 0.0129770877286859 -3.51874910896815e-17)
(-0.258543849935818 0.0129356870296543 -1.55659581860782e-16)
(-0.257022828980105 0.0128895130966553 -7.9940972721172e-17)
(-0.255367949657477 0.012841601199598 5.60359119226676e-17)
(-0.253555195668991 0.0127898307518832 1.51666482808561e-16)
(-0.251573693952065 0.0127288917294413 -8.08409270140691e-17)
(-0.249420158818094 0.0126631653528445 1.99558646536322e-16)
(-0.247051809595112 0.0125968724357552 -2.46066012462416e-17)
(-0.244439787586436 0.0125173974830367 -5.0033430004922e-17)
(-0.241586370435417 0.0124285253222007 -1.58596675776527e-16)
(-0.238441304165143 0.0123370249712584 3.19878516633137e-17)
(-0.23495105768664 0.0122328681191329 -1.4432473090998e-16)
(-0.231096451230644 0.0121118363530456 -2.28960349591997e-16)
(-0.226841456275831 0.0119809881511691 -1.77630926556873e-16)
(-0.222093385799923 0.0118387187547256 -4.43518110077382e-17)
(-0.216798376007843 0.0116679676515381 -1.04619671695948e-16)
(-0.210939164334696 0.0114797672917828 -9.65667414172175e-17)
(-0.204353314245352 0.0112809286916756 -3.20508206754747e-16)
(-0.196916652334316 0.0110375506200463 -1.63420597253911e-16)
(-0.188642982487309 0.0107590002169451 -1.57655479521149e-16)
(-0.179295521357249 0.0104568899504339 -4.49220955216371e-17)
(-0.168721794727417 0.0101047050871554 -1.40764411382624e-17)
(-0.156695246612012 0.00968746051205891 -1.5640062025039e-16)
(-0.143241210331964 0.00922042277084424 7.58717259545336e-17)
(-0.12761669448698 0.00869027276901935 7.94623668463101e-17)
(-0.110053096687397 0.00805735676927324 2.07088178716526e-16)
(-0.0894283067310386 0.0073315281714118 1.02104424897745e-16)
(-0.066352411019302 0.00652094831740037 -1.30360509005641e-16)
(-0.0378181447380501 0.00545913736380557 3.4437201797734e-17)
(-0.00791759658773872 0.00423491603344802 -1.53657176598471e-17)
(0.0303082567869084 0.00269768310286312 7.05444425297544e-18)
(0.0666686431357501 0.00106418342529335 -6.79431317945125e-17)
(0.118017018671993 -0.000999614869244846 -1.28639967602138e-16)
(0.160827963956052 -0.00298602747198092 -6.49734770976521e-18)
(0.234230730828605 -0.00587219106028687 8.85009975868005e-18)
(0.283075728205414 -0.00812200418263682 -4.73553080463193e-17)
(0.401047514374332 -0.0106962040060788 4.35571021648588e-17)
(0.438572675724638 -0.000208660496464871 -4.41060194861539e-18)
(0.406871316553487 -4.27722998732561e-05 -2.12697049129334e-17)
(0.413870178497101 -0.000177009595583074 4.98373897021785e-18)
(0.395237757324944 -0.000133773648243346 -1.7487635354655e-17)
(0.390629543122144 -0.000197793557230839 -7.59697780521677e-18)
(0.376233979817884 -0.000193114755895216 -1.51525858262145e-17)
(0.367038798335923 -0.000223879912519315 8.94076211255817e-19)
(0.354251651770935 -0.000224061270787952 2.33568235404955e-17)
(0.343741830837888 -0.000235629613400319 -5.08688034068042e-18)
(0.331991985715526 -0.000233091628313543 8.59924347025966e-19)
(0.321791018131547 -0.000220375989730095 2.26284819980522e-19)
(0.31194053069169 -0.000206946408043869 1.96395600384717e-18)
(0.303246214287934 -0.000205689292474571 -6.05111648095064e-19)
(0.29451685339781 -0.000119653465900645 6.13796847147676e-20)
(-0.20938699820833 0.00802309058366107 6.56822890074445e-18)
(-0.213145487011566 0.0089547182398605 7.52057756952076e-18)
(-0.214515976159033 0.00994347174063702 -4.01133381480302e-19)
(-0.215269729833678 0.0103808986571209 -8.10222418115088e-19)
(-0.215585505454352 0.0105547601883032 -6.28612939794386e-18)
(-0.215727111316174 0.0106173461340457 8.99828810458489e-18)
(-0.215806045032656 0.0106381186192921 -2.23626690516827e-18)
(-0.215862872785168 0.0106449357850379 -8.38920795017031e-18)
(-0.215910748524183 0.0106478724148544 -3.14324429491251e-18)
(-0.215953006871179 0.0106497873062106 8.92520555911582e-18)
(-0.215990056220246 0.0106515348335411 4.70513110528047e-17)
(-0.21602126324014 0.0106532140901242 2.02544472890823e-17)
(-0.216046169033957 0.0106547093945189 1.69083897167325e-17)
(-0.216064153518906 0.0106560830412075 3.15914012393414e-17)
(-0.216074470579329 0.0106571491779692 -3.60545035077993e-17)
(-0.216077135677329 0.0106576850078354 -6.18706487139149e-17)
(-0.216072349558252 0.0106577682768284 -4.6817173592427e-17)
(-0.216060015753499 0.0106574354014239 -1.84631395950189e-17)
(-0.216039882879967 0.010656828565876 -4.02177064129583e-17)
(-0.216011058857721 0.0106561047217039 -4.88065870671192e-17)
(-0.215972446467221 0.0106550543882233 -5.4511153699716e-17)
(-0.215923660882333 0.0106534559399282 -6.73676798797568e-17)
(-0.2158646309214 0.0106513395407103 -1.82009533638468e-17)
(-0.215794949051853 0.0106487591630091 -4.38492285643925e-17)
(-0.215714004986752 0.0106456962248003 -3.46176017640514e-17)
(-0.215621201494089 0.010642179078484 5.553313875981e-17)
(-0.215515549848443 0.0106382328301156 -7.78542880912298e-18)
(-0.215396390471277 0.0106336168561193 -3.27363506424501e-17)
(-0.215262989066478 0.0106286148727933 -1.1822855246968e-17)
(-0.215113098268047 0.0106232721305462 4.24290643002011e-17)
(-0.214945833729112 0.0106167645438594 -1.10024669438901e-16)
(-0.214762343805937 0.0106091865758546 -1.58586314643939e-16)
(-0.214561593372459 0.0106013456565616 -3.33929151444795e-17)
(-0.214339805915306 0.0105931861447455 -1.50258432157715e-16)
(-0.214095265360227 0.0105837235966658 1.31326729327922e-17)
(-0.213828632869766 0.0105731012321996 -1.153340944892e-17)
(-0.213537495544102 0.0105618561889833 5.9498547614958e-17)
(-0.213220156586665 0.0105490151834636 9.618328072649e-17)
(-0.212877221668589 0.0105351028963321 -5.63793420814722e-18)
(-0.212503789515523 0.0105207757191208 -2.59125341573595e-17)
(-0.21209738783994 0.0105045012758153 1.11252859560203e-16)
(-0.211657241285799 0.0104873799116133 2.45918845253188e-16)
(-0.211175037035389 0.0104695828899419 2.3835160812521e-16)
(-0.210647687790139 0.0104488698264443 1.92658209269456e-16)
(-0.210078143905771 0.0104255816268062 9.68084522998363e-17)
(-0.209463325776854 0.0104010553748473 5.01543595144234e-17)
(-0.208794533648377 0.0103751299871028 1.03052455826037e-16)
(-0.208066253112342 0.0103463738795451 1.84437737698332e-16)
(-0.207276393288919 0.010315078232678 1.55845028902429e-16)
(-0.206415576021154 0.0102818968334176 -1.30030146431803e-17)
(-0.205474726844393 0.0102450648521713 -1.75230437600979e-17)
(-0.204451108893923 0.0102044456254223 -2.288816008765e-17)
(-0.203334713303811 0.010161191556402 3.33703853850497e-17)
(-0.202108416680086 0.0101140939011393 8.65529210717521e-17)
(-0.200764352576651 0.0100606018802955 -3.12173864489124e-17)
(-0.199301225867844 0.0100025036075045 1.34499350147408e-16)
(-0.197688725373502 0.00994131063650297 -5.34743802222733e-17)
(-0.195906173744604 0.00987084864877103 -6.63738393199967e-17)
(-0.193956411487691 0.0097928712872925 -1.32412897307808e-16)
(-0.19180415243783 0.00970974101303298 1.37579774473589e-17)
(-0.18941117937108 0.00961622535793977 -8.42324891525751e-17)
(-0.186764382046939 0.00951024178359228 -1.16181355932567e-16)
(-0.183839655907446 0.00939429007754233 -1.02140251957477e-16)
(-0.180571679563263 0.00926662409485322 3.98662458298477e-17)
(-0.176922479812617 0.00911882761587806 -1.10732343760458e-16)
(-0.172882547011546 0.008955414509583 -2.77727223401577e-17)
(-0.168336237423066 0.00877742435911929 -2.50185787930034e-16)
(-0.163195499736699 0.00856809622519191 -8.43300686952459e-17)
(-0.157474980685983 0.00833159331125232 -4.23888335836435e-17)
(-0.151007292343956 0.00807038256465281 -2.66468627517046e-17)
(-0.143685143218047 0.00776958662785473 -9.00065470478993e-18)
(-0.135350797886593 0.00742144568439462 -9.66111959017676e-17)
(-0.126028444768581 0.00702996516012096 2.17488595426223e-17)
(-0.115191385793257 0.00658385725466609 8.73127224270225e-18)
(-0.103007698446206 0.00606170561300929 1.84737354770079e-16)
(-0.0886956431224747 0.0054631293009202 7.17610044934108e-17)
(-0.0726845130655533 0.00478422731921944 -8.71912098868379e-17)
(-0.0528483233780896 0.0039363239949985 1.98399072770845e-17)
(-0.0320886436671177 0.00297678373889374 1.79047442100007e-17)
(-0.00549577359730511 0.00180276702370666 -1.01483615712885e-17)
(0.0197427258421168 0.000561603995018694 -3.34263729830787e-17)
(0.055464508658437 -0.00099814312303626 -9.99045630336263e-17)
(0.0851615887302271 -0.00251097271217931 3.05630280135883e-18)
(0.136223793087629 -0.00469174267483616 -1.37240576323352e-18)
(0.170028461049924 -0.00644973587860492 -3.65789094900015e-17)
(0.252295746297948 -0.00846316873836074 4.90638146319807e-17)
(0.278631003879838 -0.000153518395235014 -3.52610006881393e-18)
(0.256419438435733 3.17319078531468e-05 -1.27201606203214e-17)
(0.261301204223752 -8.90698514130556e-05 3.1321415069869e-18)
(0.24832271491488 -3.40635444517e-05 -1.64315296698641e-17)
(0.245114648960214 -8.5537856075327e-05 -4.31102521578993e-18)
(0.23508884631197 -7.09420583735509e-05 -1.11590631077861e-17)
(0.22868540698336 -9.33286959010357e-05 4.17433581710124e-18)
(0.219779158475729 -8.93646097659879e-05 1.91718592486832e-17)
(0.212461195427245 -9.79419851444717e-05 -3.02700482644782e-18)
(0.204274763006382 -9.59823149811211e-05 2.37267943896303e-19)
(0.197170238613669 -9.19170122644241e-05 -5.46160640128693e-19)
(0.19031356679791 -8.62809202448148e-05 1.05166815266836e-18)
(0.184256979213789 -8.60806793370029e-05 -3.59221596569919e-19)
(0.178091765959594 -5.25986447620009e-05 5.22121857963835e-20)
(-0.0876287842957522 0.00351283430753726 2.23087003722345e-18)
(-0.0909488022412399 0.00404347376753145 2.65228509815707e-18)
(-0.0918128346546079 0.00423353713534913 7.70730044975617e-19)
(-0.0922672006727589 0.00432562458409626 3.69051315511568e-18)
(-0.0924379900726799 0.00435316706662393 -1.03576072122999e-17)
(-0.0925129027127839 0.0043623210600187 -5.95734053533705e-18)
(-0.0925576277532228 0.00436532056258988 8.36494092538232e-18)
(-0.0925933076249748 0.00436645214531058 -1.16905546185548e-18)
(-0.0926260263375688 0.00436714477240156 1.50211294655285e-17)
(-0.0926570123394019 0.00436770034945268 3.6019505299067e-18)
(-0.0926862493501798 0.0043681964850464 1.4190220200743e-17)
(-0.0927133577421737 0.00436861645263921 7.29136285421254e-18)
(-0.0927381138680039 0.0043689217053306 5.87434100763493e-18)
(-0.0927602416635861 0.00436912182815038 9.1698097741149e-18)
(-0.0927794007335291 0.00436918047827498 -1.1635738425899e-17)
(-0.0927956145967292 0.00436906167010392 -1.57257137605898e-17)
(-0.0928089967677408 0.00436878764747157 -1.46016115921734e-17)
(-0.0928195195999741 0.00436835362516486 1.18595106235081e-17)
(-0.0928271012641871 0.00436777165989249 -1.13754869045574e-17)
(-0.0928313761389392 0.00436705878298229 -1.57364640632547e-17)
(-0.092831867326372 0.00436616726589885 -1.77732756864655e-17)
(-0.0928284194218886 0.00436505999350865 -2.1267296750562e-17)
(-0.0928210430341902 0.00436374507430033 -6.9142212619285e-18)
(-0.0928095922701758 0.00436222399670525 -1.2129171448538e-17)
(-0.0927938149530799 0.00436048244415437 -4.92110459539114e-18)
(-0.0927734891801141 0.00435851250711829 1.55965396784175e-17)
(-0.0927482207494871 0.00435631789191497 -1.88554816125544e-18)
(-0.0927177524947475 0.00435383355157134 -1.00597701227326e-17)
(-0.0926818183639411 0.00435109519467269 -5.93794266271169e-18)
(-0.0926394588430678 0.00434810558144822 3.89909805977297e-17)
(-0.0925903067886001 0.00434471246992339 -3.42914803829498e-17)
(-0.0925349442592984 0.00434094148044556 -7.60868525430233e-17)
(-0.09247301724007 0.00433689789193908 -1.42809528921826e-17)
(-0.0924028983920979 0.00433253751162216 -4.5728937072666e-17)
(-0.0923238446786004 0.00432767525685754 2.78260158363638e-17)
(-0.092236275103421 0.00432233804851913 -3.455536034933e-17)
(-0.0921392119598416 0.00431662206363664 1.65183581267996e-17)
(-0.0920319425573344 0.00431030791498447 -3.7722360384132e-17)
(-0.0919148905652947 0.00430347372237514 -1.02080656546699e-18)
(-0.0917859998235927 0.00429622365985302 1.44139502196318e-17)
(-0.0916442808797224 0.0042881977674011 3.61506952867382e-17)
(-0.0914895876715383 0.00427958780484652 7.79857213722976e-17)
(-0.0913183342982434 0.00427036014566658 7.35028363201512e-17)
(-0.0911293044648768 0.00426009492895492 6.92203756755595e-17)
(-0.0909240115886264 0.00424891013113838 3.26215861929401e-17)
(-0.0907012868889677 0.00423694135156584 1.71548772083442e-17)
(-0.0904575727878599 0.00422406456375935 3.9300248961286e-17)
(-0.0901906332939631 0.00420998083283059 6.0940616529374e-17)
(-0.0898997875373252 0.00419469095575452 9.33974028085366e-17)
(-0.0895813281757424 0.00417822409226951 -2.063868441882e-18)
(-0.0892315820573031 0.00416016941957764 -6.03522320710074e-18)
(-0.0888496389342729 0.00414046158167237 3.24081185423058e-17)
(-0.0884316883192719 0.00411915169331952 1.14782012617418e-17)
(-0.0879707406546098 0.00409588718987641 2.81566537086025e-17)
(-0.0874636492577077 0.00407016881422018 -8.84972004275152e-18)
(-0.0869105318711812 0.00404214638941987 8.0349786651032e-17)
(-0.086299087315932 0.00401186052128106 4.73642435757311e-17)
(-0.0856209041609706 0.00397798492696611 -3.07291067545521e-17)
(-0.0848779377567604 0.00394083977231455 -4.55948780169477e-17)
(-0.0840561213997397 0.00390040176732839 3.66340616252697e-18)
(-0.0831399713982965 0.00385537663457119 -2.70533210292856e-17)
(-0.082124653382119 0.00380533612718804 -7.13134976030867e-18)
(-0.0810012762901846 0.00375025218324221 -3.29935484518478e-17)
(-0.0797436826569505 0.00368927272326657 4.14799808159135e-17)
(-0.0783368442810904 0.00362057612076373 -3.58577989677458e-17)
(-0.0767785237588546 0.00354457306241927 -3.68895481039987e-17)
(-0.0750221319220077 0.00346032820011143 -1.08026721715216e-16)
(-0.0730323432259184 0.00336422691370679 1.59818537506326e-17)
(-0.0708176019929516 0.00325683603613112 -1.38453806169284e-17)
(-0.068311025827286 0.00313709981058469 -8.63414496345268e-18)
(-0.0654703815623504 0.00300069260079024 -2.97135981351498e-18)
(-0.0622335730371265 0.00284615325598149 -3.25424131269444e-17)
(-0.0586139855846754 0.00267183684950005 -1.81439370393253e-17)
(-0.0544001161686689 0.00247392205850324 1.50621871541689e-18)
(-0.0496627793765005 0.0022455023218541 5.88008749407369e-17)
(-0.0440933177351473 0.00198580681079986 4.18275081314384e-17)
(-0.0378661304462266 0.00168699525479528 -3.4932772461313e-17)
(-0.0301292856012776 0.00133241162677043 6.34319869231757e-18)
(-0.0220495996974899 0.000933230589205051 5.91498607943289e-18)
(-0.0116662006302455 0.000466294904958023 -1.52238913455116e-17)
(-0.00184783467051393 -3.59967039831643e-05 1.90223560914998e-18)
(0.0121037375681031 -0.000641304309559468 -3.34007086346478e-17)
(0.0236439308858246 -0.00125632361628926 1.2705119791617e-17)
(0.0435889409597701 -0.00208404775246979 -1.11491778149994e-17)
(0.0566899636142662 -0.00281831515730532 -2.13319151073298e-17)
(0.0889501667895516 -0.0034943348530785 1.10180286066888e-17)
(0.0993283877196456 1.9299198357739e-05 -1.14593124768134e-18)
(0.0905534056826679 0.000122270844238797 -4.225754947698e-18)
(0.0924704792475709 6.04158388316285e-05 1.08706736435346e-18)
(0.0873951198867859 7.74157952082418e-05 -5.54500738364648e-18)
(0.0861442608108219 4.67980294668121e-05 -1.4645418852355e-18)
(0.0822256455965414 4.59009155154456e-05 -7.64387037321855e-19)
(0.0797245706686602 2.83422081906375e-05 2.97132198623057e-18)
(0.0762439727238361 2.2611747414252e-05 7.40994609987981e-18)
(0.0733855021496199 1.18271745701893e-05 -1.00240111060039e-18)
(0.0701854990271493 6.01289814028779e-06 1.28611164300826e-19)
(0.0674096513134746 2.59376678382694e-07 -1.81325031331335e-19)
(0.0647318613732815 -3.25441610287947e-06 3.51901847789523e-19)
(0.0623650341101197 -5.75152841326405e-06 -1.20132831508338e-19)
(0.0599243197324924 -6.26714787168268e-06 4.57482362112199e-20)
)
;

boundaryField
{
    dieWall
    {
        type            fixedValue;
        value           uniform (0 0 0);
    }
    outlet
    {
        type            pressureInletOutletVelocity;
        value           nonuniform List<vector> 9((0.950316701996568 -7.28408574033646e-05 3.17472026399844e-20) (0.847021726838743 -0.000213859465041471 1.00891411237369e-19) (0.740445778127555 -0.000319091229721762 1.14302243310047e-19) (0.631926434529932 -0.000316552690853582 1.34937730409997e-19) (0.52143244748456 -0.000267180619873091 9.33395997196458e-20) (0.40896258369532 -0.00019661202759962 7.62358552048043e-20) (0.29451685339781 -0.000119653465900645 6.13796847147676e-20) (0.178091765959594 -5.25986447620009e-05 5.22121857963835e-20) (0.0599243197324924 -6.26714787168268e-06 4.57482362112199e-20));
    }
    Wire
    {
        type            timeVaryingMappedCoupledVelocity;
        fieldTable      U;
        value           nonuniform List<vector> 
100
(
(0.991414608984312 0 0)
(0.991432258264603 0 0)
(0.99144794688311 0 0)
(0.991456393736137 0 0)
(0.991462639302441 0 0)
(0.991466717376637 0 0)
(0.991474802476991 0 0)
(0.99148855539349 0 0)
(0.991494403140508 0 0)
(0.991502567348062 0 0)
(0.991519815208772 0 0)
(0.991529281833384 0 0)
(0.991545723214531 0 0)
(0.991567402371307 0 0)
(0.991575258557687 0 0)
(0.991585065229497 0 0)
(0.991601184897804 0 0)
(0.991617602507955 0 0)
(0.991640546850085 0 0)
(0.991666806941363 0 0)
(0.991688268990956 0 0)
(0.991703906898212 0 0)
(0.991724588555248 0 0)
(0.991750817227868 0 0)
(0.99177458474489 0 0)
(0.991801162183628 0 0)
(0.991829721914237 0 0)
(0.991859307829122 0 0)
(0.991894945169962 0 0)
(0.991921649828239 0 0)
(0.99194051679614 0 0)
(0.991970359338053 0 0)
(0.992015065936175 0 0)
(0.992052921267112 0 0)
(0.992072994651991 0 0)
(0.992105972447294 0 0)
(0.99214205051695 0 0)
(0.992173079215484 0 0)
(0.992222533651049 0 0)
(0.992270327808755 0 0)
(0.992319713151232 0 0)
(0.992387461004939 0 0)
(0.992421614026777 0 0)
(0.992442851385738 0 0)
(0.992495170286978 0 0)
(0.992553717400756 0 0)
(0.992620012272945 0 0)
(0.992691773752321 0 0)
(0.992757433783303 0 0)
(0.992832252047916 0 0)
(0.992913714654853 0 0)
(0.992990230076027 0 0)
(0.99308151922751 0 0)
(0.99317499351538 0 0)
(0.993259071456103 0 0)
(0.993355937860195 0 0)
(0.993458959571596 0 0)
(0.993563240006433 0 0)
(0.993679134751967 0 0)
(0.993811723550318 0 0)
(0.993945998388057 0 0)
(0.994067713015362 0 0)
(0.994187728543069 0 0)
(0.994327376013039 0 0)
(0.994485197319487 0 0)
(0.994644099531065 0 0)
(0.994786178755425 0 0)
(0.99492188654013 0 0)
(0.995075627065441 0 0)
(0.995231062162289 0 0)
(0.995378679084873 0 0)
(0.99552515049028 0 0)
(0.995676106790996 0 0)
(0.995815428857199 0 0)
(0.995937830344657 0 0)
(0.99605804591126 0 0)
(0.996168365341073 0 0)
(0.996259798683923 0 0)
(0.996332133345142 0 0)
(0.996375045422788 0 0)
(0.996418064180564 0 0)
(0.996497629384662 0 0)
(0.996610068286125 0 0)
(0.996831322943577 0 0)
(0.997174891770686 0 0)
(0.997565736469855 0 0)
(0.997944180107616 0 0)
(0.998304804498468 0 0)
(0.998680134451269 0 0)
(0.999010393338466 0 0)
(0.999279456245162 0 0)
(0.999519524080046 0 0)
(0.999728643677574 0 0)
(0.999904850988528 0 0)
(1.00005442062317 0 0)
(1.00018460414222 0 0)
(1.00023520892905 0 0)
(1.00025070357394 0 0)
(1.0003213544807 0 0)
(1.00037174359824 0 0)
)
;
    }
    inlet
    {
        type            pressureInletOutletVelocity;
        value           nonuniform List<vector> 9((0.776929964691746 0 0) (0.423585698809469 0 0) (0.142971794770192 0 0) (-0.0650848709786445 0.0064038385909533 2.95061525743098e-18) (-0.201810546422802 0.00839494093276255 5.1099897105957e-18) (-0.26987145438158 0.00969333162381157 7.69297444989242e-18) (-0.271451426787024 0.00979348956003249 7.89159284923256e-18) (-0.20938699820833 0.00802309058366107 6.56822890074445e-18) (-0.0876287842957522 0.00351283430753726 2.23087003722345e-18));
    }
    back
    {
        type            wedge;
    }
    front
    {
        type            wedge;
    }
}


// ************************************************************************* //
