202
(
(0 -1.279214885166096e-05 5.585172806895573e-07)
(0 -1.279214885166096e-05 5.585172806895573e-07)
(0 -1.279214885166096e-05 5.585172806895573e-07)
(0 -1.279214885166096e-05 5.585172806895573e-07)
(0 -1.279214885166096e-05 5.585172806895573e-07)
(0 -1.279214885166096e-05 5.585172806895573e-07)
(0 -1.279214885166096e-05 5.585172806895573e-07)
(0 -1.279214885166096e-05 5.585172806895573e-07)
(0 -1.279214885166096e-05 5.585172806895573e-07)
(0 -1.279214885166096e-05 5.585172806895573e-07)
(0 -1.279214885166096e-05 5.585172806895573e-07)
(0 -1.279214885166096e-05 5.585172806895573e-07)
(0 -1.279214885166096e-05 5.585172806895573e-07)
(0 -1.279214885166096e-05 5.585172806895573e-07)
(0 -1.279214885166096e-05 5.585172806895573e-07)
(0 -1.279214885166096e-05 5.585172806895573e-07)
(0 -1.279214885166096e-05 5.585172806895573e-07)
(0 -1.279214885166096e-05 5.585172806895573e-07)
(0 -1.279214885166096e-05 5.585172806895573e-07)
(0 -1.279214885166096e-05 5.585172806895573e-07)
(0 -1.279214885166096e-05 5.585172806895573e-07)
(0 -1.279214885166096e-05 5.585172806895573e-07)
(0 -1.279214885166096e-05 5.585172806895573e-07)
(0 -1.279214885166096e-05 5.585172806895573e-07)
(0 -1.279214885166096e-05 5.585172806895573e-07)
(0 -1.279214885166096e-05 5.585172806895573e-07)
(0 -1.279214885166096e-05 5.585172806895573e-07)
(0 -1.279214885166096e-05 5.585172806895573e-07)
(0 -1.279214885166096e-05 5.585172806895573e-07)
(0 -1.279214885166096e-05 5.585172806895573e-07)
(0 -1.279214885166096e-05 5.585172806895573e-07)
(0 -1.279214885166096e-05 5.585172806895573e-07)
(0 -1.279214885166096e-05 5.585172806895573e-07)
(0 -1.279214885166096e-05 5.585172806895573e-07)
(0 -1.279214885166096e-05 5.585172806895573e-07)
(0 -1.279214885166096e-05 5.585172806895573e-07)
(0 -1.279214885166096e-05 5.585172806895573e-07)
(0 -1.279214885166096e-05 5.585172806895573e-07)
(0 -1.279214885166096e-05 5.585172806895573e-07)
(0 -1.279214885166096e-05 5.585172806895573e-07)
(0 -1.279214885166096e-05 5.585172806895573e-07)
(0 -1.279214885166096e-05 5.585172806895573e-07)
(0 -1.279214885166096e-05 5.585172806895573e-07)
(0 -1.279214885166096e-05 5.585172806895573e-07)
(0 -1.279214885166096e-05 5.585172806895573e-07)
(0 -1.279214885166096e-05 5.585172806895573e-07)
(0 -1.279214885166096e-05 5.585172806895573e-07)
(0 -1.279214885166096e-05 5.585172806895573e-07)
(0 -1.279214885166096e-05 5.585172806895573e-07)
(0 -1.279214885166096e-05 5.585172806895573e-07)
(0 -1.279214885166096e-05 5.585172806895573e-07)
(0 -1.279214885166096e-05 5.585172806895573e-07)
(0 -1.279214885166096e-05 5.585172806895573e-07)
(0 -1.279214885166096e-05 5.585172806895573e-07)
(0 -1.279214885166096e-05 5.585172806895573e-07)
(0 -1.279214885166096e-05 5.585172806895573e-07)
(0 -1.279214885166096e-05 5.585172806895573e-07)
(0 -1.279214885166096e-05 5.585172806895573e-07)
(0 -1.279214885166096e-05 5.585172806895573e-07)
(0 -1.279214885166096e-05 5.585172806895573e-07)
(0 -1.279214885166096e-05 5.585172806895573e-07)
(0 -1.279214885166096e-05 5.585172806895573e-07)
(0 -1.279214885166096e-05 5.585172806895573e-07)
(0 -1.279214885166096e-05 5.585172806895573e-07)
(0 -1.279214885166096e-05 5.585172806895573e-07)
(0 -1.279214885166096e-05 5.585172806895573e-07)
(0 -1.279214885166096e-05 5.585172806895573e-07)
(0 -1.279214885166096e-05 5.585172806895573e-07)
(0 -1.279214885166096e-05 5.585172806895573e-07)
(0 -1.279214885166096e-05 5.585172806895573e-07)
(0 -1.279214885166096e-05 5.585172806895573e-07)
(0 -1.279214885166096e-05 5.585172806895573e-07)
(0 -1.279214885166096e-05 5.585172806895573e-07)
(0 -1.279214885166096e-05 5.585172806895573e-07)
(0 -1.279214885166096e-05 5.585172806895573e-07)
(0 -1.279214885166096e-05 5.585172806895573e-07)
(0 -1.279214885166096e-05 5.585172806895573e-07)
(0 -1.279214885166096e-05 5.585172806895573e-07)
(0 -1.279214885166096e-05 5.585172806895573e-07)
(0 -1.279214885166096e-05 5.585172806895573e-07)
(0 -1.279214885166096e-05 5.585172806895573e-07)
(0 -1.279214885166096e-05 5.585172806895573e-07)
(0 -1.279214885166096e-05 5.585172806895573e-07)
(0 -1.279214885166096e-05 5.585172806895573e-07)
(0 -1.279214885166096e-05 5.585172806895573e-07)
(0 -1.279214885166096e-05 5.585172806895573e-07)
(0 -1.279214885166096e-05 5.585172806895573e-07)
(0 -1.279214885166096e-05 5.585172806895573e-07)
(0 -1.279214885166096e-05 5.585172806895573e-07)
(0 -1.279214885166096e-05 5.585172806895573e-07)
(0 -1.279214885166096e-05 5.585172806895573e-07)
(0 -1.279214885166096e-05 5.585172806895573e-07)
(0 -1.279214885166096e-05 5.585172806895573e-07)
(0 -1.279214885166096e-05 5.585172806895573e-07)
(0 -1.279214885166096e-05 5.585172806895573e-07)
(0 -1.279214885166096e-05 5.585172806895573e-07)
(0 -1.279214885166096e-05 5.585172806895573e-07)
(0 -1.279214885166096e-05 5.585172806895573e-07)
(0 -1.279214885166096e-05 5.585172806895573e-07)
(0 -1.279214885166096e-05 5.585172806895573e-07)
(0 -1.279214885166096e-05 5.585172806895573e-07)
(0 -1.279214885166096e-05 -5.585172806895573e-07)
(0 -1.279214885166096e-05 -5.585172806895573e-07)
(0 -1.279214885166096e-05 -5.585172806895573e-07)
(0 -1.279214885166096e-05 -5.585172806895573e-07)
(0 -1.279214885166096e-05 -5.585172806895573e-07)
(0 -1.279214885166096e-05 -5.585172806895573e-07)
(0 -1.279214885166096e-05 -5.585172806895573e-07)
(0 -1.279214885166096e-05 -5.585172806895573e-07)
(0 -1.279214885166096e-05 -5.585172806895573e-07)
(0 -1.279214885166096e-05 -5.585172806895573e-07)
(0 -1.279214885166096e-05 -5.585172806895573e-07)
(0 -1.279214885166096e-05 -5.585172806895573e-07)
(0 -1.279214885166096e-05 -5.585172806895573e-07)
(0 -1.279214885166096e-05 -5.585172806895573e-07)
(0 -1.279214885166096e-05 -5.585172806895573e-07)
(0 -1.279214885166096e-05 -5.585172806895573e-07)
(0 -1.279214885166096e-05 -5.585172806895573e-07)
(0 -1.279214885166096e-05 -5.585172806895573e-07)
(0 -1.279214885166096e-05 -5.585172806895573e-07)
(0 -1.279214885166096e-05 -5.585172806895573e-07)
(0 -1.279214885166096e-05 -5.585172806895573e-07)
(0 -1.279214885166096e-05 -5.585172806895573e-07)
(0 -1.279214885166096e-05 -5.585172806895573e-07)
(0 -1.279214885166096e-05 -5.585172806895573e-07)
(0 -1.279214885166096e-05 -5.585172806895573e-07)
(0 -1.279214885166096e-05 -5.585172806895573e-07)
(0 -1.279214885166096e-05 -5.585172806895573e-07)
(0 -1.279214885166096e-05 -5.585172806895573e-07)
(0 -1.279214885166096e-05 -5.585172806895573e-07)
(0 -1.279214885166096e-05 -5.585172806895573e-07)
(0 -1.279214885166096e-05 -5.585172806895573e-07)
(0 -1.279214885166096e-05 -5.585172806895573e-07)
(0 -1.279214885166096e-05 -5.585172806895573e-07)
(0 -1.279214885166096e-05 -5.585172806895573e-07)
(0 -1.279214885166096e-05 -5.585172806895573e-07)
(0 -1.279214885166096e-05 -5.585172806895573e-07)
(0 -1.279214885166096e-05 -5.585172806895573e-07)
(0 -1.279214885166096e-05 -5.585172806895573e-07)
(0 -1.279214885166096e-05 -5.585172806895573e-07)
(0 -1.279214885166096e-05 -5.585172806895573e-07)
(0 -1.279214885166096e-05 -5.585172806895573e-07)
(0 -1.279214885166096e-05 -5.585172806895573e-07)
(0 -1.279214885166096e-05 -5.585172806895573e-07)
(0 -1.279214885166096e-05 -5.585172806895573e-07)
(0 -1.279214885166096e-05 -5.585172806895573e-07)
(0 -1.279214885166096e-05 -5.585172806895573e-07)
(0 -1.279214885166096e-05 -5.585172806895573e-07)
(0 -1.279214885166096e-05 -5.585172806895573e-07)
(0 -1.279214885166096e-05 -5.585172806895573e-07)
(0 -1.279214885166096e-05 -5.585172806895573e-07)
(0 -1.279214885166096e-05 -5.585172806895573e-07)
(0 -1.279214885166096e-05 -5.585172806895573e-07)
(0 -1.279214885166096e-05 -5.585172806895573e-07)
(0 -1.279214885166096e-05 -5.585172806895573e-07)
(0 -1.279214885166096e-05 -5.585172806895573e-07)
(0 -1.279214885166096e-05 -5.585172806895573e-07)
(0 -1.279214885166096e-05 -5.585172806895573e-07)
(0 -1.279214885166096e-05 -5.585172806895573e-07)
(0 -1.279214885166096e-05 -5.585172806895573e-07)
(0 -1.279214885166096e-05 -5.585172806895573e-07)
(0 -1.279214885166096e-05 -5.585172806895573e-07)
(0 -1.279214885166096e-05 -5.585172806895573e-07)
(0 -1.279214885166096e-05 -5.585172806895573e-07)
(0 -1.279214885166096e-05 -5.585172806895573e-07)
(0 -1.279214885166096e-05 -5.585172806895573e-07)
(0 -1.279214885166096e-05 -5.585172806895573e-07)
(0 -1.279214885166096e-05 -5.585172806895573e-07)
(0 -1.279214885166096e-05 -5.585172806895573e-07)
(0 -1.279214885166096e-05 -5.585172806895573e-07)
(0 -1.279214885166096e-05 -5.585172806895573e-07)
(0 -1.279214885166096e-05 -5.585172806895573e-07)
(0 -1.279214885166096e-05 -5.585172806895573e-07)
(0 -1.279214885166096e-05 -5.585172806895573e-07)
(0 -1.279214885166096e-05 -5.585172806895573e-07)
(0 -1.279214885166096e-05 -5.585172806895573e-07)
(0 -1.279214885166096e-05 -5.585172806895573e-07)
(0 -1.279214885166096e-05 -5.585172806895573e-07)
(0 -1.279214885166096e-05 -5.585172806895573e-07)
(0 -1.279214885166096e-05 -5.585172806895573e-07)
(0 -1.279214885166096e-05 -5.585172806895573e-07)
(0 -1.279214885166096e-05 -5.585172806895573e-07)
(0 -1.279214885166096e-05 -5.585172806895573e-07)
(0 -1.279214885166096e-05 -5.585172806895573e-07)
(0 -1.279214885166096e-05 -5.585172806895573e-07)
(0 -1.279214885166096e-05 -5.585172806895573e-07)
(0 -1.279214885166096e-05 -5.585172806895573e-07)
(0 -1.279214885166096e-05 -5.585172806895573e-07)
(0 -1.279214885166096e-05 -5.585172806895573e-07)
(0 -1.279214885166096e-05 -5.585172806895573e-07)
(0 -1.279214885166096e-05 -5.585172806895573e-07)
(0 -1.279214885166096e-05 -5.585172806895573e-07)
(0 -1.279214885166096e-05 -5.585172806895573e-07)
(0 -1.279214885166096e-05 -5.585172806895573e-07)
(0 -1.279214885166096e-05 -5.585172806895573e-07)
(0 -1.279214885166096e-05 -5.585172806895573e-07)
(0 -1.279214885166096e-05 -5.585172806895573e-07)
(0 -1.279214885166096e-05 -5.585172806895573e-07)
(0 -1.279214885166096e-05 -5.585172806895573e-07)
(0 -1.279214885166096e-05 -5.585172806895573e-07)
(0 -1.279214885166096e-05 -5.585172806895573e-07)
(0 -1.279214885166096e-05 -5.585172806895573e-07)
)