/*--------------------------------*- C++ -*----------------------------------*\
| =========                 |                                                 |
| \\      /  F ield         | foam-extend: Open Source CFD                    |
|  \\    /   O peration     | Version:     4.1-20200408                       |
|   \\  /    A nd           | Web:         http://www.foam-extend.org         |
|    \\/     M anipulation  |                                                 |
\*---------------------------------------------------------------------------*/
FoamFile
{
    version     2.0;
    format      ascii;
    class       volVectorField;
    location    "0.0220000";
    object      U;
}
// * * * * * * * * * * * * * * * * * * * * * * * * * * * * * * * * * * * * * //

dimensions      [0 1 0 0 0 0 0];

internalField   nonuniform List<vector> 
1952
(
(0.0219397 -1.92124e-07 0)
(0.0219397 -3.13451e-07 0)
(0.0219397 -4.36053e-07 0)
(0.0219397 -5.61202e-07 0)
(0.0219397 -6.85463e-07 0)
(0.0219397 -8.13352e-07 0)
(0.0219397 -9.38889e-07 0)
(0.0219397 -1.0698e-06 0)
(0.0219398 -1.19621e-06 0)
(0.0219398 -1.33039e-06 0)
(0.0219398 -1.45653e-06 0)
(0.0219399 -1.59203e-06 0)
(0.0219399 -1.71264e-06 0)
(0.02194 -1.8423e-06 0)
(0.0219401 -1.94141e-06 0)
(0.0219397 -8.23335e-08 0)
(0.0219394 -1.97799e-07 0)
(0.0219394 -3.2262e-07 0)
(0.0219394 -4.48919e-07 0)
(0.0219394 -5.77552e-07 0)
(0.0219394 -7.05584e-07 0)
(0.0219394 -8.3694e-07 0)
(0.0219394 -9.66342e-07 0)
(0.0219394 -1.10068e-06 0)
(0.0219395 -1.23108e-06 0)
(0.0219395 -1.36883e-06 0)
(0.0219395 -1.49906e-06 0)
(0.0219395 -1.63807e-06 0)
(0.0219396 -1.76261e-06 0)
(0.0219397 -1.89527e-06 0)
(0.0219398 -1.99672e-06 0)
(0.0219394 -8.47586e-08 0)
(0.0219391 -2.02896e-07 0)
(0.0219391 -3.30875e-07 0)
(0.0219391 -4.60453e-07 0)
(0.0219391 -5.92222e-07 0)
(0.0219391 -7.23536e-07 0)
(0.0219391 -8.58017e-07 0)
(0.0219391 -9.90689e-07 0)
(0.0219391 -1.12801e-06 0)
(0.0219391 -1.26158e-06 0)
(0.0219392 -1.40223e-06 0)
(0.0219392 -1.53541e-06 0)
(0.0219392 -1.67681e-06 0)
(0.0219393 -1.80353e-06 0)
(0.0219394 -1.93743e-06 0)
(0.0219395 -2.03919e-06 0)
(0.0219391 -8.69393e-08 0)
(0.0219388 -2.07431e-07 0)
(0.0219388 -3.38234e-07 0)
(0.0219388 -4.70688e-07 0)
(0.0219388 -6.05245e-07 0)
(0.0219388 -7.39353e-07 0)
(0.0219388 -8.76635e-07 0)
(0.0219388 -1.01197e-06 0)
(0.0219388 -1.15191e-06 0)
(0.0219388 -1.28811e-06 0)
(0.0219388 -1.43096e-06 0)
(0.0219389 -1.56632e-06 0)
(0.0219389 -1.70936e-06 0)
(0.021939 -1.83744e-06 0)
(0.0219391 -1.97202e-06 0)
(0.0219392 -2.07402e-06 0)
(0.0219388 -8.88822e-08 0)
(0.0219385 -2.11436e-07 0)
(0.0219385 -3.44741e-07 0)
(0.0219385 -4.79688e-07 0)
(0.0219385 -6.16726e-07 0)
(0.0219385 -7.53223e-07 0)
(0.0219385 -8.92915e-07 0)
(0.0219385 -1.03045e-06 0)
(0.0219385 -1.17259e-06 0)
(0.0219385 -1.31094e-06 0)
(0.0219385 -1.45553e-06 0)
(0.0219386 -1.59256e-06 0)
(0.0219386 -1.73679e-06 0)
(0.0219387 -1.86588e-06 0)
(0.0219387 -2.00099e-06 0)
(0.0219389 -2.10352e-06 0)
(0.0219384 -9.05988e-08 0)
(0.0219381 -2.14943e-07 0)
(0.0219381 -3.50444e-07 0)
(0.0219381 -4.87545e-07 0)
(0.0219381 -6.2677e-07 0)
(0.0219381 -7.65323e-07 0)
(0.0219382 -9.07075e-07 0)
(0.0219382 -1.04649e-06 0)
(0.0219382 -1.19044e-06 0)
(0.0219382 -1.33053e-06 0)
(0.0219382 -1.47654e-06 0)
(0.0219382 -1.61493e-06 0)
(0.0219383 -1.76013e-06 0)
(0.0219383 -1.89011e-06 0)
(0.0219384 -2.0258e-06 0)
(0.0219385 -2.12902e-06 0)
(0.0219381 -9.21029e-08 0)
(0.0219378 -2.18006e-07 0)
(0.0219378 -3.55422e-07 0)
(0.0219378 -4.94403e-07 0)
(0.0219378 -6.35518e-07 0)
(0.0219378 -7.75849e-07 0)
(0.0219378 -9.19377e-07 0)
(0.0219378 -1.06039e-06 0)
(0.0219379 -1.20586e-06 0)
(0.0219379 -1.34741e-06 0)
(0.0219379 -1.49464e-06 0)
(0.0219379 -1.63418e-06 0)
(0.0219379 -1.78026e-06 0)
(0.021938 -1.91109e-06 0)
(0.0219381 -2.04744e-06 0)
(0.0219382 -2.15148e-06 0)
(0.0219378 -9.34173e-08 0)
(0.0219375 -2.20677e-07 0)
(0.0219375 -3.59764e-07 0)
(0.0219375 -5.00383e-07 0)
(0.0219375 -6.43143e-07 0)
(0.0219375 -7.85021e-07 0)
(0.0219375 -9.30075e-07 0)
(0.0219375 -1.07247e-06 0)
(0.0219375 -1.21926e-06 0)
(0.0219375 -1.36208e-06 0)
(0.0219376 -1.5104e-06 0)
(0.0219376 -1.65097e-06 0)
(0.0219376 -1.79789e-06 0)
(0.0219377 -1.92958e-06 0)
(0.0219378 -2.06665e-06 0)
(0.0219379 -2.17155e-06 0)
(0.0219375 -9.45639e-08 0)
(0.0219372 -2.23025e-07 0)
(0.0219372 -3.63573e-07 0)
(0.0219372 -5.05644e-07 0)
(0.0219372 -6.49813e-07 0)
(0.0219372 -7.93092e-07 0)
(0.0219372 -9.39401e-07 0)
(0.0219372 -1.0831e-06 0)
(0.0219372 -1.23115e-06 0)
(0.0219372 -1.37502e-06 0)
(0.0219372 -1.52437e-06 0)
(0.0219373 -1.66587e-06 0)
(0.0219373 -1.81362e-06 0)
(0.0219374 -1.94616e-06 0)
(0.0219374 -2.084e-06 0)
(0.0219376 -2.18981e-06 0)
(0.0219372 -9.55712e-08 0)
(0.0219368 -2.25104e-07 0)
(0.0219368 -3.66944e-07 0)
(0.0219368 -5.10297e-07 0)
(0.0219368 -6.55704e-07 0)
(0.0219369 -8.00226e-07 0)
(0.0219369 -9.47635e-07 0)
(0.0219369 -1.09252e-06 0)
(0.0219369 -1.24173e-06 0)
(0.0219369 -1.3866e-06 0)
(0.0219369 -1.53693e-06 0)
(0.0219369 -1.67932e-06 0)
(0.021937 -1.82792e-06 0)
(0.021937 -1.96135e-06 0)
(0.0219371 -2.10002e-06 0)
(0.0219372 -2.20676e-06 0)
(0.0219368 -9.64634e-08 0)
(0.0219365 -2.26972e-07 0)
(0.0219365 -3.69975e-07 0)
(0.0219365 -5.14482e-07 0)
(0.0219365 -6.61025e-07 0)
(0.0219365 -8.06675e-07 0)
(0.0219365 -9.55125e-07 0)
(0.0219365 -1.10107e-06 0)
(0.0219365 -1.25133e-06 0)
(0.0219366 -1.39716e-06 0)
(0.0219366 -1.54843e-06 0)
(0.0219366 -1.69173e-06 0)
(0.0219366 -1.84118e-06 0)
(0.0219367 -1.97554e-06 0)
(0.0219368 -2.11502e-06 0)
(0.0219369 -2.22268e-06 0)
(0.0219365 -9.72648e-08 0)
(0.0219362 -2.28672e-07 0)
(0.0219362 -3.72733e-07 0)
(0.0219362 -5.18295e-07 0)
(0.0219362 -6.65889e-07 0)
(0.0219362 -8.1255e-07 0)
(0.0219362 -9.61938e-07 0)
(0.0219362 -1.1089e-06 0)
(0.0219362 -1.26016e-06 0)
(0.0219362 -1.40693e-06 0)
(0.0219362 -1.55915e-06 0)
(0.0219363 -1.70337e-06 0)
(0.0219363 -1.85371e-06 0)
(0.0219364 -1.98901e-06 0)
(0.0219365 -2.12933e-06 0)
(0.0219366 -2.23789e-06 0)
(0.0219362 -9.79937e-08 0)
(0.0219359 -2.30235e-07 0)
(0.0219359 -3.75283e-07 0)
(0.0219359 -5.21798e-07 0)
(0.0219359 -6.70412e-07 0)
(0.0219359 -8.17929e-07 0)
(0.0219359 -9.683e-07 0)
(0.0219359 -1.11632e-06 0)
(0.0219359 -1.26847e-06 0)
(0.0219359 -1.4162e-06 0)
(0.0219359 -1.5693e-06 0)
(0.0219359 -1.71448e-06 0)
(0.021936 -1.86573e-06 0)
(0.021936 -2.00196e-06 0)
(0.0219361 -2.14319e-06 0)
(0.0219363 -2.25265e-06 0)
(0.0219359 -9.86646e-08 0)
(0.0219355 -2.31693e-07 0)
(0.0219355 -3.77656e-07 0)
(0.0219355 -5.25084e-07 0)
(0.0219355 -6.74634e-07 0)
(0.0219355 -8.23007e-07 0)
(0.0219355 -9.74346e-07 0)
(0.0219355 -1.1234e-06 0)
(0.0219356 -1.27645e-06 0)
(0.0219356 -1.42511e-06 0)
(0.0219356 -1.5791e-06 0)
(0.0219356 -1.72525e-06 0)
(0.0219356 -1.87742e-06 0)
(0.0219357 -2.01457e-06 0)
(0.0219358 -2.15672e-06 0)
(0.0219359 -2.26704e-06 0)
(0.0219355 -9.92895e-08 0)
(0.0219352 -2.33077e-07 0)
(0.0219352 -3.79906e-07 0)
(0.0219352 -5.28216e-07 0)
(0.0219352 -6.78633e-07 0)
(0.0219352 -8.27877e-07 0)
(0.0219352 -9.80163e-07 0)
(0.0219352 -1.13021e-06 0)
(0.0219352 -1.28416e-06 0)
(0.0219352 -1.43381e-06 0)
(0.0219352 -1.58872e-06 0)
(0.0219353 -1.73583e-06 0)
(0.0219353 -1.88894e-06 0)
(0.0219354 -2.02702e-06 0)
(0.0219355 -2.17008e-06 0)
(0.0219356 -2.28126e-06 0)
(0.0219352 -9.98828e-08 0)
(0.0219349 -2.34418e-07 0)
(0.0219349 -3.82069e-07 0)
(0.0219349 -5.31275e-07 0)
(0.0219349 -6.82484e-07 0)
(0.0219349 -8.32691e-07 0)
(0.0219349 -9.85954e-07 0)
(0.0219349 -1.13692e-06 0)
(0.0219349 -1.29179e-06 0)
(0.0219349 -1.44239e-06 0)
(0.0219349 -1.59822e-06 0)
(0.0219349 -1.74629e-06 0)
(0.021935 -1.90035e-06 0)
(0.021935 -2.03933e-06 0)
(0.0219351 -2.18332e-06 0)
(0.0219352 -2.29535e-06 0)
(0.0219349 -1.00456e-07 0)
(0.0219345 -2.35738e-07 0)
(0.0219345 -3.84209e-07 0)
(0.0219345 -5.34315e-07 0)
(0.0219345 -6.86335e-07 0)
(0.0219345 -8.37502e-07 0)
(0.0219345 -9.91678e-07 0)
(0.0219345 -1.14354e-06 0)
(0.0219345 -1.29933e-06 0)
(0.0219346 -1.45086e-06 0)
(0.0219346 -1.60763e-06 0)
(0.0219346 -1.75666e-06 0)
(0.0219346 -1.91165e-06 0)
(0.0219347 -2.05155e-06 0)
(0.0219348 -2.19645e-06 0)
(0.0219349 -2.30927e-06 0)
(0.0219345 -1.0102e-07 0)
(0.0219342 -2.37044e-07 0)
(0.0219342 -3.86336e-07 0)
(0.0219342 -5.37294e-07 0)
(0.0219342 -6.90155e-07 0)
(0.0219342 -8.42278e-07 0)
(0.0219342 -9.97331e-07 0)
(0.0219342 -1.15013e-06 0)
(0.0219342 -1.30682e-06 0)
(0.0219342 -1.4593e-06 0)
(0.0219342 -1.61699e-06 0)
(0.0219343 -1.76698e-06 0)
(0.0219343 -1.9229e-06 0)
(0.0219344 -2.06372e-06 0)
(0.0219344 -2.20952e-06 0)
(0.0219346 -2.32312e-06 0)
(0.0219342 -1.01578e-07 0)
(0.0219339 -2.38311e-07 0)
(0.0219339 -3.88423e-07 0)
(0.0219339 -5.4016e-07 0)
(0.0219339 -6.93909e-07 0)
(0.0219339 -8.4705e-07 0)
(0.0219339 -1.00295e-06 0)
(0.0219339 -1.15672e-06 0)
(0.0219339 -1.31431e-06 0)
(0.0219339 -1.46773e-06 0)
(0.0219339 -1.62634e-06 0)
(0.0219339 -1.77732e-06 0)
(0.0219339 -1.93415e-06 0)
(0.021934 -2.07589e-06 0)
(0.0219341 -2.2226e-06 0)
(0.0219342 -2.33703e-06 0)
(0.0219339 -1.02122e-07 0)
(0.0219335 -2.39597e-07 0)
(0.0219335 -3.9049e-07 0)
(0.0219335 -5.43095e-07 0)
(0.0219335 -6.97776e-07 0)
(0.0219335 -8.51839e-07 0)
(0.0219335 -1.00861e-06 0)
(0.0219335 -1.16332e-06 0)
(0.0219335 -1.32182e-06 0)
(0.0219335 -1.47621e-06 0)
(0.0219336 -1.63575e-06 0)
(0.0219336 -1.78772e-06 0)
(0.0219336 -1.94547e-06 0)
(0.0219337 -2.08814e-06 0)
(0.0219337 -2.23578e-06 0)
(0.0219339 -2.35103e-06 0)
(0.0219335 -1.0267e-07 0)
(0.0219332 -2.40893e-07 0)
(0.0219332 -3.92587e-07 0)
(0.0219332 -5.46122e-07 0)
(0.0219332 -7.01689e-07 0)
(0.0219332 -8.56623e-07 0)
(0.0219332 -1.01426e-06 0)
(0.0219332 -1.1699e-06 0)
(0.0219332 -1.3293e-06 0)
(0.0219332 -1.48465e-06 0)
(0.0219332 -1.64516e-06 0)
(0.0219332 -1.7981e-06 0)
(0.0219333 -1.95681e-06 0)
(0.0219333 -2.1004e-06 0)
(0.0219334 -2.24896e-06 0)
(0.0219335 -2.36501e-06 0)
(0.0219332 -1.03224e-07 0)
(0.0219329 -2.4216e-07 0)
(0.0219329 -3.94722e-07 0)
(0.0219329 -5.49196e-07 0)
(0.0219329 -7.05578e-07 0)
(0.0219329 -8.61423e-07 0)
(0.0219329 -1.01991e-06 0)
(0.0219329 -1.17648e-06 0)
(0.0219329 -1.3368e-06 0)
(0.0219329 -1.49311e-06 0)
(0.0219329 -1.6546e-06 0)
(0.0219329 -1.80851e-06 0)
(0.0219329 -1.96821e-06 0)
(0.021933 -2.11274e-06 0)
(0.021933 -2.26221e-06 0)
(0.0219332 -2.37908e-06 0)
(0.0219329 -1.03767e-07 0)
(0.0219325 -2.43524e-07 0)
(0.0219325 -3.96947e-07 0)
(0.0219325 -5.52288e-07 0)
(0.0219325 -7.09479e-07 0)
(0.0219325 -8.66218e-07 0)
(0.0219325 -1.02554e-06 0)
(0.0219325 -1.18302e-06 0)
(0.0219325 -1.34429e-06 0)
(0.0219325 -1.50155e-06 0)
(0.0219325 -1.66405e-06 0)
(0.0219325 -1.81893e-06 0)
(0.0219326 -1.97962e-06 0)
(0.0219326 -2.1251e-06 0)
(0.0219327 -2.27551e-06 0)
(0.0219328 -2.39319e-06 0)
(0.0219325 -1.0435e-07 0)
(0.0219322 -2.44905e-07 0)
(0.0219322 -3.99164e-07 0)
(0.0219322 -5.55336e-07 0)
(0.0219322 -7.13347e-07 0)
(0.0219322 -8.70986e-07 0)
(0.0219322 -1.03112e-06 0)
(0.0219322 -1.18952e-06 0)
(0.0219322 -1.35175e-06 0)
(0.0219322 -1.50996e-06 0)
(0.0219322 -1.67346e-06 0)
(0.0219322 -1.82934e-06 0)
(0.0219322 -1.99104e-06 0)
(0.0219323 -2.13748e-06 0)
(0.0219323 -2.28882e-06 0)
(0.0219325 -2.40734e-06 0)
(0.0219322 -1.04941e-07 0)
(0.0219318 -2.46224e-07 0)
(0.0219318 -4.013e-07 0)
(0.0219318 -5.58307e-07 0)
(0.0219318 -7.17158e-07 0)
(0.0219318 -8.75664e-07 0)
(0.0219318 -1.03666e-06 0)
(0.0219318 -1.19597e-06 0)
(0.0219318 -1.35916e-06 0)
(0.0219318 -1.51833e-06 0)
(0.0219318 -1.68283e-06 0)
(0.0219318 -1.83971e-06 0)
(0.0219319 -2.00242e-06 0)
(0.0219319 -2.14984e-06 0)
(0.021932 -2.30213e-06 0)
(0.0219321 -2.42149e-06 0)
(0.0219318 -1.05506e-07 0)
(0.0219315 -2.47501e-07 0)
(0.0219315 -4.03376e-07 0)
(0.0219315 -5.61197e-07 0)
(0.0219315 -7.20893e-07 0)
(0.0219315 -8.80236e-07 0)
(0.0219315 -1.04213e-06 0)
(0.0219315 -1.20234e-06 0)
(0.0219315 -1.36647e-06 0)
(0.0219315 -1.52662e-06 0)
(0.0219315 -1.69212e-06 0)
(0.0219315 -1.85002e-06 0)
(0.0219315 -2.01374e-06 0)
(0.0219316 -2.16215e-06 0)
(0.0219316 -2.31541e-06 0)
(0.0219318 -2.43564e-06 0)
(0.0219315 -1.06053e-07 0)
(0.0219312 -2.48729e-07 0)
(0.0219312 -4.05383e-07 0)
(0.0219312 -5.64004e-07 0)
(0.0219311 -7.24529e-07 0)
(0.0219311 -8.84708e-07 0)
(0.0219311 -1.04748e-06 0)
(0.0219311 -1.20861e-06 0)
(0.0219311 -1.37367e-06 0)
(0.0219311 -1.53481e-06 0)
(0.0219311 -1.7013e-06 0)
(0.0219311 -1.86023e-06 0)
(0.0219312 -2.02496e-06 0)
(0.0219312 -2.17436e-06 0)
(0.0219313 -2.32858e-06 0)
(0.0219314 -2.44967e-06 0)
(0.0219312 -1.06579e-07 0)
(0.0219308 -2.49913e-07 0)
(0.0219308 -4.07322e-07 0)
(0.0219308 -5.6672e-07 0)
(0.0219308 -7.28057e-07 0)
(0.0219308 -8.89058e-07 0)
(0.0219308 -1.05269e-06 0)
(0.0219308 -1.21473e-06 0)
(0.0219308 -1.38072e-06 0)
(0.0219308 -1.54285e-06 0)
(0.0219308 -1.71033e-06 0)
(0.0219308 -1.87029e-06 0)
(0.0219308 -2.03603e-06 0)
(0.0219308 -2.18644e-06 0)
(0.0219309 -2.34163e-06 0)
(0.021931 -2.4636e-06 0)
(0.0219308 -1.07086e-07 0)
(0.0219305 -2.51055e-07 0)
(0.0219305 -4.09194e-07 0)
(0.0219305 -5.69348e-07 0)
(0.0219305 -7.31471e-07 0)
(0.0219304 -8.93283e-07 0)
(0.0219304 -1.05777e-06 0)
(0.0219304 -1.22071e-06 0)
(0.0219304 -1.38762e-06 0)
(0.0219304 -1.55075e-06 0)
(0.0219304 -1.71922e-06 0)
(0.0219304 -1.88023e-06 0)
(0.0219304 -2.04701e-06 0)
(0.0219305 -2.19846e-06 0)
(0.0219306 -2.35467e-06 0)
(0.0219307 -2.47759e-06 0)
(0.0219305 -1.07575e-07 0)
(0.0219301 -2.52162e-07 0)
(0.0219301 -4.11011e-07 0)
(0.0219301 -5.719e-07 0)
(0.0219301 -7.34792e-07 0)
(0.0219301 -8.97399e-07 0)
(0.0219301 -1.06272e-06 0)
(0.0219301 -1.22655e-06 0)
(0.0219301 -1.39438e-06 0)
(0.0219301 -1.5585e-06 0)
(0.0219301 -1.72797e-06 0)
(0.0219301 -1.89004e-06 0)
(0.0219301 -2.05789e-06 0)
(0.0219301 -2.21041e-06 0)
(0.0219302 -2.36769e-06 0)
(0.0219303 -2.4916e-06 0)
(0.0219301 -1.08049e-07 0)
(0.0219298 -2.53235e-07 0)
(0.0219298 -4.12771e-07 0)
(0.0219298 -5.74376e-07 0)
(0.0219298 -7.38017e-07 0)
(0.0219298 -9.014e-07 0)
(0.0219297 -1.06755e-06 0)
(0.0219297 -1.23225e-06 0)
(0.0219297 -1.40098e-06 0)
(0.0219297 -1.56611e-06 0)
(0.0219297 -1.73655e-06 0)
(0.0219297 -1.8997e-06 0)
(0.0219297 -2.06864e-06 0)
(0.0219298 -2.22225e-06 0)
(0.0219298 -2.38062e-06 0)
(0.0219299 -2.50553e-06 0)
(0.0219298 -1.08508e-07 0)
(0.0219294 -2.54285e-07 0)
(0.0219294 -4.14493e-07 0)
(0.0219294 -5.76798e-07 0)
(0.0219294 -7.41175e-07 0)
(0.0219294 -9.05321e-07 0)
(0.0219294 -1.07229e-06 0)
(0.0219294 -1.23785e-06 0)
(0.0219294 -1.40749e-06 0)
(0.0219293 -1.57362e-06 0)
(0.0219293 -1.74503e-06 0)
(0.0219293 -1.90924e-06 0)
(0.0219294 -2.0793e-06 0)
(0.0219294 -2.23402e-06 0)
(0.0219295 -2.39351e-06 0)
(0.0219296 -2.51946e-06 0)
(0.0219294 -1.08957e-07 0)
(0.0219291 -2.55325e-07 0)
(0.0219291 -4.16198e-07 0)
(0.0219291 -5.79196e-07 0)
(0.0219291 -7.443e-07 0)
(0.0219291 -9.09196e-07 0)
(0.021929 -1.07697e-06 0)
(0.021929 -1.24337e-06 0)
(0.021929 -1.41392e-06 0)
(0.021929 -1.58102e-06 0)
(0.021929 -1.75342e-06 0)
(0.021929 -1.91871e-06 0)
(0.021929 -2.0899e-06 0)
(0.021929 -2.24577e-06 0)
(0.0219291 -2.40641e-06 0)
(0.0219292 -2.53348e-06 0)
(0.0219291 -1.09403e-07 0)
(0.0219287 -2.56385e-07 0)
(0.0219287 -4.17931e-07 0)
(0.0219287 -5.81627e-07 0)
(0.0219287 -7.47462e-07 0)
(0.0219287 -9.13104e-07 0)
(0.0219287 -1.08169e-06 0)
(0.0219287 -1.24892e-06 0)
(0.0219286 -1.42038e-06 0)
(0.0219286 -1.58841e-06 0)
(0.0219286 -1.76183e-06 0)
(0.0219286 -1.92821e-06 0)
(0.0219286 -2.10052e-06 0)
(0.0219287 -2.25758e-06 0)
(0.0219287 -2.41941e-06 0)
(0.0219288 -2.54765e-06 0)
(0.0219287 -1.09856e-07 0)
(0.0219284 -2.57496e-07 0)
(0.0219284 -4.19743e-07 0)
(0.0219284 -5.8416e-07 0)
(0.0219284 -7.50747e-07 0)
(0.0219283 -9.17134e-07 0)
(0.0219283 -1.08654e-06 0)
(0.0219283 -1.25458e-06 0)
(0.0219283 -1.42694e-06 0)
(0.0219283 -1.59591e-06 0)
(0.0219282 -1.7703e-06 0)
(0.0219282 -1.93779e-06 0)
(0.0219282 -2.11116e-06 0)
(0.0219283 -2.26948e-06 0)
(0.0219283 -2.43239e-06 0)
(0.0219285 -2.56197e-06 0)
(0.0219284 -1.10332e-07 0)
(0.0219281 -2.58705e-07 0)
(0.021928 -4.21707e-07 0)
(0.021928 -5.86891e-07 0)
(0.021928 -7.54265e-07 0)
(0.021928 -9.21416e-07 0)
(0.021928 -1.09166e-06 0)
(0.0219279 -1.26051e-06 0)
(0.0219279 -1.43375e-06 0)
(0.0219279 -1.60368e-06 0)
(0.0219279 -1.77902e-06 0)
(0.0219279 -1.94764e-06 0)
(0.0219279 -2.12208e-06 0)
(0.0219279 -2.28165e-06 0)
(0.021928 -2.44565e-06 0)
(0.0219281 -2.57669e-06 0)
(0.0219281 -1.10849e-07 0)
(0.0219277 -2.60068e-07 0)
(0.0219277 -4.23915e-07 0)
(0.0219277 -5.89952e-07 0)
(0.0219277 -7.58183e-07 0)
(0.0219276 -9.2615e-07 0)
(0.0219276 -1.09728e-06 0)
(0.0219276 -1.26693e-06 0)
(0.0219276 -1.44105e-06 0)
(0.0219275 -1.61195e-06 0)
(0.0219275 -1.78823e-06 0)
(0.0219275 -1.95801e-06 0)
(0.0219275 -2.1335e-06 0)
(0.0219275 -2.2944e-06 0)
(0.0219276 -2.45957e-06 0)
(0.0219277 -2.59213e-06 0)
(0.0219277 -1.11432e-07 0)
(0.0219274 -2.61664e-07 0)
(0.0219273 -4.26493e-07 0)
(0.0219273 -5.93508e-07 0)
(0.0219273 -7.62709e-07 0)
(0.0219273 -9.31587e-07 0)
(0.0219273 -1.10366e-06 0)
(0.0219272 -1.27415e-06 0)
(0.0219272 -1.44915e-06 0)
(0.0219272 -1.62106e-06 0)
(0.0219271 -1.79824e-06 0)
(0.0219271 -1.9692e-06 0)
(0.0219271 -2.1457e-06 0)
(0.0219272 -2.30804e-06 0)
(0.0219272 -2.47441e-06 0)
(0.0219273 -2.60859e-06 0)
(0.0219274 -1.12116e-07 0)
(0.021927 -2.63596e-07 0)
(0.021927 -4.29606e-07 0)
(0.021927 -5.97784e-07 0)
(0.021927 -7.68108e-07 0)
(0.0219269 -9.38056e-07 0)
(0.0219269 -1.11114e-06 0)
(0.0219269 -1.28261e-06 0)
(0.0219268 -1.45854e-06 0)
(0.0219268 -1.63146e-06 0)
(0.0219268 -1.80953e-06 0)
(0.0219268 -1.98167e-06 0)
(0.0219267 -2.15915e-06 0)
(0.0219268 -2.32293e-06 0)
(0.0219268 -2.49049e-06 0)
(0.0219269 -2.62633e-06 0)
(0.021927 -1.12943e-07 0)
(0.0219267 -2.65989e-07 0)
(0.0219266 -4.33455e-07 0)
(0.0219266 -6.03054e-07 0)
(0.0219266 -7.74729e-07 0)
(0.0219266 -9.4594e-07 0)
(0.0219266 -1.12018e-06 0)
(0.0219265 -1.29276e-06 0)
(0.0219265 -1.4697e-06 0)
(0.0219264 -1.64363e-06 0)
(0.0219264 -1.82262e-06 0)
(0.0219264 -1.9959e-06 0)
(0.0219264 -2.17433e-06 0)
(0.0219264 -2.33954e-06 0)
(0.0219264 -2.50824e-06 0)
(0.0219265 -2.64584e-06 0)
(0.0219267 -1.13969e-07 0)
(0.0219263 -2.68999e-07 0)
(0.0219263 -4.38292e-07 0)
(0.0219263 -6.09663e-07 0)
(0.0219263 -7.83007e-07 0)
(0.0219262 -9.55754e-07 0)
(0.0219262 -1.13139e-06 0)
(0.0219262 -1.30523e-06 0)
(0.0219261 -1.4833e-06 0)
(0.0219261 -1.65831e-06 0)
(0.021926 -1.83824e-06 0)
(0.021926 -2.01262e-06 0)
(0.021926 -2.19197e-06 0)
(0.021926 -2.35857e-06 0)
(0.021926 -2.52844e-06 0)
(0.0219261 -2.6678e-06 0)
(0.0219263 -1.15259e-07 0)
(0.021926 -2.72811e-07 0)
(0.0219259 -4.44415e-07 0)
(0.0219259 -6.18015e-07 0)
(0.0219259 -7.93457e-07 0)
(0.0219259 -9.68108e-07 0)
(0.0219258 -1.14546e-06 0)
(0.0219258 -1.3208e-06 0)
(0.0219257 -1.50018e-06 0)
(0.0219257 -1.67634e-06 0)
(0.0219257 -1.85724e-06 0)
(0.0219256 -2.03268e-06 0)
(0.0219256 -2.21287e-06 0)
(0.0219256 -2.3808e-06 0)
(0.0219256 -2.55174e-06 0)
(0.0219257 -2.69292e-06 0)
(0.021926 -1.16893e-07 0)
(0.0219256 -2.7764e-07 0)
(0.0219256 -4.52178e-07 0)
(0.0219256 -6.28602e-07 0)
(0.0219255 -8.06698e-07 0)
(0.0219255 -9.83739e-07 0)
(0.0219255 -1.16324e-06 0)
(0.0219254 -1.3404e-06 0)
(0.0219254 -1.52135e-06 0)
(0.0219253 -1.6988e-06 0)
(0.0219253 -1.88076e-06 0)
(0.0219252 -2.0572e-06 0)
(0.0219252 -2.23818e-06 0)
(0.0219252 -2.40732e-06 0)
(0.0219252 -2.57921e-06 0)
(0.0219253 -2.72219e-06 0)
(0.0219256 -1.18965e-07 0)
(0.0219253 -2.83723e-07 0)
(0.0219252 -4.61978e-07 0)
(0.0219252 -6.41976e-07 0)
(0.0219252 -8.23436e-07 0)
(0.0219252 -1.00351e-06 0)
(0.0219251 -1.18573e-06 0)
(0.0219251 -1.36516e-06 0)
(0.021925 -1.54804e-06 0)
(0.021925 -1.72699e-06 0)
(0.0219249 -1.91014e-06 0)
(0.0219249 -2.08755e-06 0)
(0.0219248 -2.26924e-06 0)
(0.0219248 -2.43943e-06 0)
(0.0219248 -2.61211e-06 0)
(0.0219249 -2.75688e-06 0)
(0.0219253 -1.21572e-07 0)
(0.0219249 -2.91324e-07 0)
(0.0219249 -4.74246e-07 0)
(0.0219249 -6.58755e-07 0)
(0.0219248 -8.44464e-07 0)
(0.0219248 -1.02839e-06 0)
(0.0219248 -1.21406e-06 0)
(0.0219247 -1.39639e-06 0)
(0.0219246 -1.58173e-06 0)
(0.0219246 -1.76251e-06 0)
(0.0219245 -1.94708e-06 0)
(0.0219245 -2.12546e-06 0)
(0.0219244 -2.30783e-06 0)
(0.0219244 -2.4788e-06 0)
(0.0219244 -2.6521e-06 0)
(0.0219245 -2.79855e-06 0)
(0.0219249 -1.24832e-07 0)
(0.0219245 -3.00743e-07 0)
(0.0219245 -4.89449e-07 0)
(0.0219245 -6.796e-07 0)
(0.0219245 -8.70633e-07 0)
(0.0219244 -1.05943e-06 0)
(0.0219244 -1.24952e-06 0)
(0.0219243 -1.43558e-06 0)
(0.0219243 -1.62411e-06 0)
(0.0219242 -1.80724e-06 0)
(0.0219241 -1.99364e-06 0)
(0.0219241 -2.17309e-06 0)
(0.021924 -2.35613e-06 0)
(0.021924 -2.52763e-06 0)
(0.021924 -2.70123e-06 0)
(0.0219241 -2.84916e-06 0)
(0.0219245 -1.28874e-07 0)
(0.0219242 -3.1227e-07 0)
(0.0219241 -5.08062e-07 0)
(0.0219241 -7.05148e-07 0)
(0.0219241 -9.02803e-07 0)
(0.0219241 -1.09771e-06 0)
(0.021924 -1.29343e-06 0)
(0.021924 -1.4843e-06 0)
(0.0219239 -1.67703e-06 0)
(0.0219238 -1.8633e-06 0)
(0.0219238 -2.05218e-06 0)
(0.0219237 -2.23301e-06 0)
(0.0219236 -2.41686e-06 0)
(0.0219236 -2.58867e-06 0)
(0.0219236 -2.76224e-06 0)
(0.0219236 -2.91133e-06 0)
(0.0219242 -1.33818e-07 0)
(0.0219238 -3.26134e-07 0)
(0.0219238 -5.30478e-07 0)
(0.0219237 -7.35975e-07 0)
(0.0219237 -9.41763e-07 0)
(0.0219237 -1.14428e-06 0)
(0.0219236 -1.34709e-06 0)
(0.0219236 -1.5442e-06 0)
(0.0219235 -1.74248e-06 0)
(0.0219235 -1.93305e-06 0)
(0.0219234 -2.12545e-06 0)
(0.0219233 -2.30831e-06 0)
(0.0219232 -2.49341e-06 0)
(0.0219232 -2.66539e-06 0)
(0.0219232 -2.83862e-06 0)
(0.0219232 -2.98825e-06 0)
(0.0219238 -1.39762e-07 0)
(0.0219234 -3.42497e-07 0)
(0.0219234 -5.56971e-07 0)
(0.0219233 -7.72519e-07 0)
(0.0219233 -9.88135e-07 0)
(0.0219233 -1.19998e-06 0)
(0.0219232 -1.41165e-06 0)
(0.0219232 -1.61677e-06 0)
(0.0219231 -1.82237e-06 0)
(0.0219231 -2.01891e-06 0)
(0.021923 -2.21643e-06 0)
(0.0219229 -2.40256e-06 0)
(0.0219228 -2.58993e-06 0)
(0.0219228 -2.7624e-06 0)
(0.0219228 -2.93515e-06 0)
(0.0219228 -3.08442e-06 0)
(0.0219234 -1.46776e-07 0)
(0.021923 -3.61427e-07 0)
(0.0219229 -5.87667e-07 0)
(0.0219229 -8.1499e-07 0)
(0.0219229 -1.04225e-06 0)
(0.0219229 -1.26534e-06 0)
(0.0219228 -1.48788e-06 0)
(0.0219228 -1.70314e-06 0)
(0.0219227 -1.91827e-06 0)
(0.0219227 -2.12307e-06 0)
(0.0219226 -2.32807e-06 0)
(0.0219225 -2.51966e-06 0)
(0.0219224 -2.71153e-06 0)
(0.0219224 -2.88608e-06 0)
(0.0219223 -3.05968e-06 0)
(0.0219223 -3.20867e-06 0)
(0.021923 -1.54889e-07 0)
(0.0219225 -3.82819e-07 0)
(0.0219225 -6.22457e-07 0)
(0.0219225 -8.63277e-07 0)
(0.0219225 -1.104e-06 0)
(0.0219224 -1.34036e-06 0)
(0.0219224 -1.57592e-06 0)
(0.0219224 -1.80374e-06 0)
(0.0219223 -2.031e-06 0)
(0.0219223 -2.2469e-06 0)
(0.0219222 -2.4625e-06 0)
(0.0219221 -2.66281e-06 0)
(0.021922 -2.86289e-06 0)
(0.021922 -3.04321e-06 0)
(0.0219219 -3.22198e-06 0)
(0.0219219 -3.37442e-06 0)
(0.0219225 -1.64058e-07 0)
(0.0219221 -4.06388e-07 0)
(0.0219221 -6.60897e-07 0)
(0.021922 -9.16798e-07 0)
(0.021922 -1.17269e-06 0)
(0.021922 -1.42429e-06 0)
(0.021922 -1.67503e-06 0)
(0.0219219 -1.91791e-06 0)
(0.0219219 -2.16005e-06 0)
(0.0219218 -2.39022e-06 0)
(0.0219218 -2.61993e-06 0)
(0.0219217 -2.83284e-06 0)
(0.0219216 -3.04557e-06 0)
(0.0219215 -3.2363e-06 0)
(0.0219215 -3.42594e-06 0)
(0.0219214 -3.5872e-06 0)
(0.0219221 -1.74161e-07 0)
(0.0219216 -4.31646e-07 0)
(0.0219216 -7.02165e-07 0)
(0.0219216 -9.74431e-07 0)
(0.0219216 -1.24696e-06 0)
(0.0219215 -1.51551e-06 0)
(0.0219215 -1.78338e-06 0)
(0.0219215 -2.04368e-06 0)
(0.0219214 -2.30335e-06 0)
(0.0219214 -2.55092e-06 0)
(0.0219213 -2.7982e-06 0)
(0.0219213 -3.02759e-06 0)
(0.0219212 -3.2572e-06 0)
(0.0219211 -3.46238e-06 0)
(0.021921 -3.6672e-06 0)
(0.021921 -3.84012e-06 0)
(0.0219216 -1.84985e-07 0)
(0.0219211 -4.57861e-07 0)
(0.0219211 -7.45075e-07 0)
(0.0219211 -1.03453e-06 0)
(0.0219211 -1.3247e-06 0)
(0.021921 -1.61149e-06 0)
(0.021921 -1.89805e-06 0)
(0.021921 -2.17775e-06 0)
(0.021921 -2.45719e-06 0)
(0.0219209 -2.72498e-06 0)
(0.0219209 -2.993e-06 0)
(0.0219208 -3.24249e-06 0)
(0.0219207 -3.49287e-06 0)
(0.0219207 -3.71627e-06 0)
(0.0219206 -3.94015e-06 0)
(0.0219205 -4.12728e-06 0)
(0.0219211 -1.96216e-07 0)
(0.0219205 -4.84088e-07 0)
(0.0219205 -7.88079e-07 0)
(0.0219205 -1.09492e-06 0)
(0.0219205 -1.40309e-06 0)
(0.0219205 -1.70878e-06 0)
(0.0219205 -2.01492e-06 0)
(0.0219205 -2.31532e-06 0)
(0.0219205 -2.61621e-06 0)
(0.0219204 -2.90642e-06 0)
(0.0219204 -3.19773e-06 0)
(0.0219203 -3.47037e-06 0)
(0.0219203 -3.74487e-06 0)
(0.0219202 -3.98977e-06 0)
(0.0219201 -4.23617e-06 0)
(0.0219201 -4.43972e-06 0)
(0.0219205 -2.07449e-07 0)
(0.02192 -5.09197e-07 0)
(0.02192 -8.29316e-07 0)
(0.02192 -1.15296e-06 0)
(0.02192 -1.47872e-06 0)
(0.02192 -1.80309e-06 0)
(0.02192 -2.12885e-06 0)
(0.0219199 -2.45033e-06 0)
(0.0219199 -2.77343e-06 0)
(0.0219199 -3.08739e-06 0)
(0.0219199 -3.40361e-06 0)
(0.0219199 -3.7018e-06 0)
(0.0219198 -4.00303e-06 0)
(0.0219198 -4.27237e-06 0)
(0.0219197 -4.54431e-06 0)
(0.0219196 -4.76624e-06 0)
(0.02192 -2.182e-07 0)
(0.0219194 -5.31919e-07 0)
(0.0219194 -8.66678e-07 0)
(0.0219194 -1.20574e-06 0)
(0.0219194 -1.54773e-06 0)
(0.0219194 -1.88956e-06 0)
(0.0219194 -2.23388e-06 0)
(0.0219194 -2.57569e-06 0)
(0.0219194 -2.9205e-06 0)
(0.0219194 -3.25829e-06 0)
(0.0219193 -3.59979e-06 0)
(0.0219193 -3.92487e-06 0)
(0.0219193 -4.25441e-06 0)
(0.0219193 -4.5508e-06 0)
(0.0219192 -4.85097e-06 0)
(0.0219192 -5.09363e-06 0)
(0.0219194 -2.27924e-07 0)
(0.0219188 -5.50957e-07 0)
(0.0219188 -8.98016e-07 0)
(0.0219188 -1.25018e-06 0)
(0.0219188 -1.60603e-06 0)
(0.0219188 -1.96298e-06 0)
(0.0219188 -2.32357e-06 0)
(0.0219188 -2.68358e-06 0)
(0.0219188 -3.04806e-06 0)
(0.0219188 -3.40811e-06 0)
(0.0219188 -3.77355e-06 0)
(0.0219188 -4.12517e-06 0)
(0.0219188 -4.48293e-06 0)
(0.0219188 -4.80778e-06 0)
(0.0219187 -5.1378e-06 0)
(0.0219187 -5.4034e-06 0)
(0.0219188 -2.36065e-07 0)
(0.0219181 -5.65096e-07 0)
(0.0219181 -9.2132e-07 0)
(0.0219181 -1.28332e-06 0)
(0.0219181 -1.64967e-06 0)
(0.0219181 -2.01823e-06 0)
(0.0219181 -2.39146e-06 0)
(0.0219181 -2.76596e-06 0)
(0.0219182 -3.14629e-06 0)
(0.0219182 -3.52499e-06 0)
(0.0219182 -3.91068e-06 0)
(0.0219182 -4.28609e-06 0)
(0.0219182 -4.66939e-06 0)
(0.0219182 -5.02201e-06 0)
(0.0219183 -5.38153e-06 0)
(0.0219183 -5.67113e-06 0)
(0.0219181 -2.42108e-07 0)
(0.0219175 -5.7335e-07 0)
(0.0219175 -9.34934e-07 0)
(0.0219175 -1.30276e-06 0)
(0.0219175 -1.67534e-06 0)
(0.0219175 -2.05099e-06 0)
(0.0219175 -2.43195e-06 0)
(0.0219175 -2.81569e-06 0)
(0.0219175 -3.20615e-06 0)
(0.0219175 -3.59753e-06 0)
(0.0219176 -3.99704e-06 0)
(0.0219176 -4.3902e-06 0)
(0.0219176 -4.79274e-06 0)
(0.0219177 -5.16932e-06 0)
(0.0219178 -5.55547e-06 0)
(0.0219179 -5.86959e-06 0)
(0.0219175 -2.45631e-07 0)
(0.0219168 -5.75219e-07 0)
(0.0219168 -9.37991e-07 0)
(0.0219168 -1.30716e-06 0)
(0.0219168 -1.68116e-06 0)
(0.0219168 -2.05859e-06 0)
(0.0219168 -2.44144e-06 0)
(0.0219168 -2.82789e-06 0)
(0.0219169 -3.22118e-06 0)
(0.0219169 -3.61701e-06 0)
(0.0219169 -4.02095e-06 0)
(0.021917 -4.42148e-06 0)
(0.021917 -4.83082e-06 0)
(0.0219171 -5.21905e-06 0)
(0.0219173 -5.61598e-06 0)
(0.0219174 -5.9413e-06 0)
(0.0219168 -2.46422e-07 0)
(0.0219161 -5.70512e-07 0)
(0.0219161 -9.30139e-07 0)
(0.0219161 -1.29594e-06 0)
(0.0219161 -1.66619e-06 0)
(0.0219161 -2.03962e-06 0)
(0.0219162 -2.41784e-06 0)
(0.0219162 -2.79951e-06 0)
(0.0219162 -3.18696e-06 0)
(0.0219162 -3.57712e-06 0)
(0.0219163 -3.97349e-06 0)
(0.0219163 -4.36694e-06 0)
(0.0219164 -4.76489e-06 0)
(0.0219166 -5.14295e-06 0)
(0.0219168 -5.52005e-06 0)
(0.021917 -5.82997e-06 0)
(0.0219161 -2.44399e-07 0)
(0.0219155 -5.58949e-07 0)
(0.0219155 -9.10944e-07 0)
(0.0219155 -1.26852e-06 0)
(0.0219155 -1.62969e-06 0)
(0.0219155 -1.9932e-06 0)
(0.0219155 -2.35999e-06 0)
(0.0219155 -2.72894e-06 0)
(0.0219156 -3.10124e-06 0)
(0.0219156 -3.47465e-06 0)
(0.0219157 -3.85029e-06 0)
(0.0219157 -4.22142e-06 0)
(0.0219159 -4.5906e-06 0)
(0.0219161 -4.94006e-06 0)
(0.0219163 -5.27892e-06 0)
(0.0219167 -5.56448e-06 0)
(0.0219155 -2.39447e-07 0)
(0.0219148 -5.40592e-07 0)
(0.0219148 -8.80575e-07 0)
(0.0219148 -1.2253e-06 0)
(0.0219149 -1.57237e-06 0)
(0.0219149 -1.92043e-06 0)
(0.0219149 -2.26958e-06 0)
(0.0219149 -2.61868e-06 0)
(0.021915 -2.96759e-06 0)
(0.021915 -3.31458e-06 0)
(0.0219151 -3.65834e-06 0)
(0.0219152 -3.99494e-06 0)
(0.0219154 -4.32307e-06 0)
(0.0219156 -4.63352e-06 0)
(0.0219159 -4.92897e-06 0)
(0.0219164 -5.19194e-06 0)
(0.0219148 -2.3159e-07 0)
(0.0219142 -5.15865e-07 0)
(0.0219143 -8.3982e-07 0)
(0.0219143 -1.16759e-06 0)
(0.0219143 -1.49627e-06 0)
(0.0219143 -1.82429e-06 0)
(0.0219143 -2.15089e-06 0)
(0.0219144 -2.47481e-06 0)
(0.0219144 -2.79476e-06 0)
(0.0219145 -3.10927e-06 0)
(0.0219146 -3.41485e-06 0)
(0.0219147 -3.71053e-06 0)
(0.021915 -3.99235e-06 0)
(0.0219152 -4.26015e-06 0)
(0.0219156 -4.5124e-06 0)
(0.0219161 -4.7541e-06 0)
(0.0219142 -2.21008e-07 0)
(0.0219137 -4.85575e-07 0)
(0.0219137 -7.9008e-07 0)
(0.0219137 -1.09749e-06 0)
(0.0219138 -1.40457e-06 0)
(0.0219138 -1.70932e-06 0)
(0.0219138 -2.01013e-06 0)
(0.0219139 -2.30579e-06 0)
(0.021914 -2.59431e-06 0)
(0.0219141 -2.87448e-06 0)
(0.0219142 -3.14121e-06 0)
(0.0219144 -3.3959e-06 0)
(0.0219146 -3.63312e-06 0)
(0.0219149 -3.86064e-06 0)
(0.0219153 -4.07399e-06 0)
(0.0219158 -4.29414e-06 0)
(0.0219137 -2.08042e-07 0)
(0.0219132 -4.51151e-07 0)
(0.0219132 -7.33644e-07 0)
(0.0219133 -1.01817e-06 0)
(0.0219133 -1.30143e-06 0)
(0.0219133 -1.58103e-06 0)
(0.0219134 -1.85465e-06 0)
(0.0219135 -2.12105e-06 0)
(0.0219136 -2.37784e-06 0)
(0.0219137 -2.6245e-06 0)
(0.0219139 -2.8559e-06 0)
(0.0219141 -3.075e-06 0)
(0.0219143 -3.27566e-06 0)
(0.0219147 -3.47191e-06 0)
(0.0219151 -3.65679e-06 0)
(0.0219155 -3.85576e-06 0)
(0.0219132 -1.93304e-07 0)
(0.0219128 -4.14577e-07 0)
(0.0219128 -6.73582e-07 0)
(0.0219128 -9.33545e-07 0)
(0.0219129 -1.19116e-06 0)
(0.0219129 -1.4443e-06 0)
(0.021913 -1.69052e-06 0)
(0.0219131 -1.92828e-06 0)
(0.0219132 -2.15439e-06 0)
(0.0219134 -2.36938e-06 0)
(0.0219136 -2.57116e-06 0)
(0.0219139 -2.76456e-06 0)
(0.0219141 -2.94236e-06 0)
(0.0219145 -3.12012e-06 0)
(0.0219149 -3.28993e-06 0)
(0.0219153 -3.4722e-06 0)
(0.0219128 -1.77654e-07 0)
(0.0219125 -3.77291e-07 0)
(0.0219125 -6.12254e-07 0)
(0.0219125 -8.4678e-07 0)
(0.0219126 -1.07722e-06 0)
(0.0219126 -1.30244e-06 0)
(0.0219127 -1.52147e-06 0)
(0.0219129 -1.73308e-06 0)
(0.021913 -1.93308e-06 0)
(0.0219132 -2.12306e-06 0)
(0.0219134 -2.30266e-06 0)
(0.0219137 -2.47936e-06 0)
(0.021914 -2.64559e-06 0)
(0.0219143 -2.81293e-06 0)
(0.0219147 -2.97372e-06 0)
(0.0219151 -3.14637e-06 0)
(0.0219124 -1.61722e-07 0)
(0.0219122 -3.39377e-07 0)
(0.0219122 -5.50351e-07 0)
(0.0219123 -7.60264e-07 0)
(0.0219123 -9.65224e-07 0)
(0.0219124 -1.16471e-06 0)
(0.0219125 -1.35884e-06 0)
(0.0219127 -1.54802e-06 0)
(0.0219128 -1.72848e-06 0)
(0.021913 -1.90325e-06 0)
(0.0219132 -2.06813e-06 0)
(0.0219135 -2.23039e-06 0)
(0.0219138 -2.38485e-06 0)
(0.0219141 -2.54227e-06 0)
(0.0219145 -2.69483e-06 0)
(0.0219149 -2.86018e-06 0)
(0.0219122 -1.45512e-07 0)
(0.021912 -3.02317e-07 0)
(0.021912 -4.90462e-07 0)
(0.0219121 -6.78315e-07 0)
(0.0219121 -8.62912e-07 0)
(0.0219122 -1.04348e-06 0)
(0.0219124 -1.21812e-06 0)
(0.0219125 -1.38812e-06 0)
(0.0219127 -1.55083e-06 0)
(0.0219129 -1.71001e-06 0)
(0.0219131 -1.86144e-06 0)
(0.0219133 -2.0114e-06 0)
(0.0219136 -2.15542e-06 0)
(0.021914 -2.30372e-06 0)
(0.0219143 -2.44878e-06 0)
(0.0219147 -2.60644e-06 0)
(0.021912 -1.29635e-07 0)
(0.0219118 -2.70247e-07 0)
(0.0219118 -4.38487e-07 0)
(0.0219119 -6.0674e-07 0)
(0.021912 -7.72446e-07 0)
(0.0219121 -9.35145e-07 0)
(0.0219122 -1.09267e-06 0)
(0.0219123 -1.24646e-06 0)
(0.0219125 -1.39418e-06 0)
(0.0219127 -1.53953e-06 0)
(0.0219129 -1.67898e-06 0)
(0.0219132 -1.81853e-06 0)
(0.0219135 -1.95371e-06 0)
(0.0219138 -2.09382e-06 0)
(0.0219141 -2.23172e-06 0)
(0.0219145 -2.38153e-06 0)
(0.0219118 -1.1588e-07 0)
(0.0219117 -2.42042e-07 0)
(0.0219117 -3.92835e-07 0)
(0.0219118 -5.43831e-07 0)
(0.0219118 -6.92673e-07 0)
(0.0219119 -8.39174e-07 0)
(0.0219121 -9.81535e-07 0)
(0.0219122 -1.1213e-06 0)
(0.0219124 -1.2563e-06 0)
(0.0219126 -1.39003e-06 0)
(0.0219128 -1.51924e-06 0)
(0.0219131 -1.64949e-06 0)
(0.0219133 -1.77654e-06 0)
(0.0219136 -1.9089e-06 0)
(0.021914 -2.03982e-06 0)
(0.0219143 -2.18173e-06 0)
(0.0219116 -1.03781e-07 0)
(0.0219115 -2.17105e-07 0)
(0.0219116 -3.52511e-07 0)
(0.0219116 -4.8836e-07 0)
(0.0219117 -6.2256e-07 0)
(0.0219118 -7.55097e-07 0)
(0.0219119 -8.84365e-07 0)
(0.0219121 -1.0119e-06 0)
(0.0219123 -1.13576e-06 0)
(0.0219125 -1.25916e-06 0)
(0.0219127 -1.37925e-06 0)
(0.0219129 -1.50114e-06 0)
(0.0219132 -1.62081e-06 0)
(0.0219135 -1.74587e-06 0)
(0.0219138 -1.87002e-06 0)
(0.0219141 -2.00416e-06 0)
(0.0219115 -9.30826e-08 0)
(0.0219114 -1.95389e-07 0)
(0.0219115 -3.1738e-07 0)
(0.0219115 -4.39983e-07 0)
(0.0219116 -5.61342e-07 0)
(0.0219117 -6.81607e-07 0)
(0.0219118 -7.99405e-07 0)
(0.021912 -9.16259e-07 0)
(0.0219122 -1.03038e-06 0)
(0.0219124 -1.14474e-06 0)
(0.0219126 -1.25674e-06 0)
(0.0219128 -1.37103e-06 0)
(0.0219131 -1.48383e-06 0)
(0.0219134 -1.60195e-06 0)
(0.0219136 -1.71952e-06 0)
(0.021914 -1.84611e-06 0)
(0.0219114 -8.37682e-08 0)
(0.0219113 -1.76445e-07 0)
(0.0219114 -2.86744e-07 0)
(0.0219114 -3.97813e-07 0)
(0.0219115 -5.08023e-07 0)
(0.0219116 -6.17636e-07 0)
(0.0219117 -7.25444e-07 0)
(0.0219119 -8.32924e-07 0)
(0.0219121 -9.38443e-07 0)
(0.0219123 -1.04475e-06 0)
(0.0219125 -1.14945e-06 0)
(0.0219127 -1.25676e-06 0)
(0.021913 -1.36316e-06 0)
(0.0219132 -1.47467e-06 0)
(0.0219135 -1.58589e-06 0)
(0.0219138 -1.7052e-06 0)
(0.0219113 -7.56424e-08 0)
(0.0219112 -1.60005e-07 0)
(0.0219113 -2.60149e-07 0)
(0.0219113 -3.61187e-07 0)
(0.0219114 -4.61689e-07 0)
(0.0219115 -5.62002e-07 0)
(0.0219117 -6.61062e-07 0)
(0.0219118 -7.60288e-07 0)
(0.021912 -8.5819e-07 0)
(0.0219122 -9.57282e-07 0)
(0.0219124 -1.05537e-06 0)
(0.0219126 -1.15624e-06 0)
(0.0219128 -1.25663e-06 0)
(0.0219131 -1.36187e-06 0)
(0.0219134 -1.467e-06 0)
(0.0219137 -1.57934e-06 0)
(0.0219112 -6.85908e-08 0)
(0.0219112 -1.45738e-07 0)
(0.0219112 -2.37067e-07 0)
(0.0219113 -3.29387e-07 0)
(0.0219114 -4.21443e-07 0)
(0.0219115 -5.13637e-07 0)
(0.0219116 -6.05024e-07 0)
(0.0219117 -6.96954e-07 0)
(0.0219119 -7.88067e-07 0)
(0.0219121 -8.80657e-07 0)
(0.0219123 -9.72707e-07 0)
(0.0219125 -1.06761e-06 0)
(0.0219127 -1.16234e-06 0)
(0.021913 -1.26163e-06 0)
(0.0219132 -1.36091e-06 0)
(0.0219135 -1.46662e-06 0)
(0.0219112 -6.24714e-08 0)
(0.0219111 -1.33362e-07 0)
(0.0219111 -2.17036e-07 0)
(0.0219112 -3.0177e-07 0)
(0.0219113 -3.8646e-07 0)
(0.0219114 -4.71541e-07 0)
(0.0219115 -5.56171e-07 0)
(0.0219117 -6.41624e-07 0)
(0.0219118 -7.26654e-07 0)
(0.021912 -8.13354e-07 0)
(0.0219122 -8.99863e-07 0)
(0.0219124 -9.89214e-07 0)
(0.0219126 -1.07863e-06 0)
(0.0219129 -1.17227e-06 0)
(0.0219131 -1.26598e-06 0)
(0.0219134 -1.3654e-06 0)
(0.0219111 -5.71635e-08 0)
(0.021911 -1.2261e-07 0)
(0.0219111 -1.99625e-07 0)
(0.0219111 -2.77744e-07 0)
(0.0219112 -3.55993e-07 0)
(0.0219113 -4.34822e-07 0)
(0.0219114 -5.13477e-07 0)
(0.0219116 -5.93152e-07 0)
(0.0219117 -6.72706e-07 0)
(0.0219119 -7.54042e-07 0)
(0.0219121 -8.35444e-07 0)
(0.0219123 -9.19625e-07 0)
(0.0219125 -1.00402e-06 0)
(0.0219128 -1.09232e-06 0)
(0.021913 -1.18073e-06 0)
(0.0219133 -1.27421e-06 0)
(0.021911 -5.25521e-08 0)
(0.021911 -1.13244e-07 0)
(0.021911 -1.84451e-07 0)
(0.0219111 -2.56783e-07 0)
(0.0219112 -3.29377e-07 0)
(0.0219113 -4.02686e-07 0)
(0.0219114 -4.76031e-07 0)
(0.0219115 -5.50527e-07 0)
(0.0219117 -6.25125e-07 0)
(0.0219119 -7.01557e-07 0)
(0.021912 -7.78236e-07 0)
(0.0219122 -8.57591e-07 0)
(0.0219125 -9.37263e-07 0)
(0.0219127 -1.02052e-06 0)
(0.0219129 -1.1039e-06 0)
(0.0219132 -1.19178e-06 0)
(0.021911 -4.8536e-08 0)
(0.0219109 -1.05056e-07 0)
(0.021911 -1.71174e-07 0)
(0.021911 -2.38421e-07 0)
(0.0219111 -3.06028e-07 0)
(0.0219112 -3.7444e-07 0)
(0.0219113 -4.43041e-07 0)
(0.0219115 -5.1287e-07 0)
(0.0219116 -5.82963e-07 0)
(0.0219118 -6.54891e-07 0)
(0.021912 -7.27188e-07 0)
(0.0219122 -8.02033e-07 0)
(0.0219124 -8.77253e-07 0)
(0.0219126 -9.55749e-07 0)
(0.0219128 -1.03437e-06 0)
(0.0219131 -1.11699e-06 0)
(0.0219109 -4.50247e-08 0)
(0.0219109 -9.78618e-08 0)
(0.0219109 -1.595e-07 0)
(0.021911 -2.22256e-07 0)
(0.0219111 -2.8544e-07 0)
(0.0219112 -3.49481e-07 0)
(0.0219113 -4.13821e-07 0)
(0.0219114 -4.79424e-07 0)
(0.0219116 -5.45398e-07 0)
(0.0219117 -6.13175e-07 0)
(0.0219119 -6.81396e-07 0)
(0.0219121 -7.52021e-07 0)
(0.0219123 -8.23046e-07 0)
(0.0219125 -8.97057e-07 0)
(0.0219127 -9.71182e-07 0)
(0.021913 -1.04885e-06 0)
(0.0219109 -4.19399e-08 0)
(0.0219109 -9.15033e-08 0)
(0.0219109 -1.49173e-07 0)
(0.0219109 -2.0794e-07 0)
(0.021911 -2.67176e-07 0)
(0.0219111 -3.27294e-07 0)
(0.0219112 -3.87785e-07 0)
(0.0219114 -4.49538e-07 0)
(0.0219115 -5.11732e-07 0)
(0.0219117 -5.75668e-07 0)
(0.0219118 -6.4009e-07 0)
(0.021912 -7.06759e-07 0)
(0.0219122 -7.73833e-07 0)
(0.0219124 -8.43621e-07 0)
(0.0219127 -9.13505e-07 0)
(0.0219129 -9.86541e-07 0)
(0.0219108 -3.92137e-08 0)
(0.0219108 -8.5846e-08 0)
(0.0219109 -1.39978e-07 0)
(0.0219109 -1.95175e-07 0)
(0.021911 -2.50867e-07 0)
(0.0219111 -3.0744e-07 0)
(0.0219112 -3.64431e-07 0)
(0.0219113 -4.22661e-07 0)
(0.0219114 -4.81368e-07 0)
(0.0219116 -5.41739e-07 0)
(0.0219118 -6.02609e-07 0)
(0.021912 -6.65569e-07 0)
(0.0219122 -7.28919e-07 0)
(0.0219124 -7.94732e-07 0)
(0.0219126 -8.60616e-07 0)
(0.0219128 -9.29308e-07 0)
(0.0219108 -3.67884e-08 0)
(0.0219108 -8.07756e-08 0)
(0.0219108 -1.3173e-07 0)
(0.0219109 -1.83712e-07 0)
(0.0219109 -2.36196e-07 0)
(0.021911 -2.89547e-07 0)
(0.0219111 -3.43337e-07 0)
(0.0219113 -3.98325e-07 0)
(0.0219114 -4.53803e-07 0)
(0.0219116 -5.10854e-07 0)
(0.0219117 -5.68396e-07 0)
(0.0219119 -6.27874e-07 0)
(0.0219121 -6.87714e-07 0)
(0.0219123 -7.49788e-07 0)
(0.0219125 -8.11905e-07 0)
(0.0219127 -8.76531e-07 0)
(0.0219108 -3.46148e-08 0)
(0.0219107 -7.61961e-08 0)
(0.0219108 -1.24275e-07 0)
(0.0219108 -1.73339e-07 0)
(0.0219109 -2.22902e-07 0)
(0.021911 -2.73303e-07 0)
(0.0219111 -3.24149e-07 0)
(0.0219112 -3.76137e-07 0)
(0.0219114 -4.28612e-07 0)
(0.0219115 -4.82562e-07 0)
(0.0219117 -5.36982e-07 0)
(0.0219118 -5.93187e-07 0)
(0.021912 -6.49718e-07 0)
(0.0219122 -7.08274e-07 0)
(0.0219124 -7.66844e-07 0)
(0.0219127 -8.27662e-07 0)
(0.0219107 -3.26518e-08 0)
(0.0219107 -7.2027e-08 0)
(0.0219108 -1.17484e-07 0)
(0.0219108 -1.63879e-07 0)
(0.0219109 -2.10763e-07 0)
(0.021911 -2.58447e-07 0)
(0.0219111 -3.06569e-07 0)
(0.0219112 -3.5577e-07 0)
(0.0219113 -4.0544e-07 0)
(0.0219115 -4.56486e-07 0)
(0.0219116 -5.07971e-07 0)
(0.0219118 -5.61095e-07 0)
(0.021912 -6.14507e-07 0)
(0.0219122 -6.69753e-07 0)
(0.0219124 -7.24984e-07 0)
(0.0219126 -7.82237e-07 0)
(0.0219107 -3.0865e-08 0)
(0.0219107 -6.82019e-08 0)
(0.0219107 -1.11248e-07 0)
(0.0219108 -1.55187e-07 0)
(0.0219108 -1.99596e-07 0)
(0.0219109 -2.44763e-07 0)
(0.021911 -2.9035e-07 0)
(0.0219111 -3.3695e-07 0)
(0.0219113 -3.83992e-07 0)
(0.0219114 -4.32311e-07 0)
(0.0219116 -4.8103e-07 0)
(0.0219117 -5.31253e-07 0)
(0.0219119 -5.81722e-07 0)
(0.0219121 -6.33855e-07 0)
(0.0219123 -6.85945e-07 0)
(0.0219125 -7.39861e-07 0)
(0.0219107 -2.92256e-08 0)
(0.0219106 -6.46654e-08 0)
(0.0219107 -1.05481e-07 0)
(0.0219107 -1.47141e-07 0)
(0.0219108 -1.89249e-07 0)
(0.0219109 -2.3207e-07 0)
(0.021911 -2.75287e-07 0)
(0.0219111 -3.19449e-07 0)
(0.0219112 -3.6402e-07 0)
(0.0219114 -4.09771e-07 0)
(0.0219115 -4.55882e-07 0)
(0.0219117 -5.03369e-07 0)
(0.0219119 -5.5106e-07 0)
(0.0219121 -6.00261e-07 0)
(0.0219123 -6.49393e-07 0)
(0.0219125 -7.00181e-07 0)
(0.0219106 -2.771e-08 0)
(0.0219106 -6.13725e-08 0)
(0.0219107 -1.00108e-07 0)
(0.0219107 -1.39642e-07 0)
(0.0219108 -1.79598e-07 0)
(0.0219108 -2.2022e-07 0)
(0.0219109 -2.61212e-07 0)
(0.0219111 -3.03079e-07 0)
(0.0219112 -3.4532e-07 0)
(0.0219113 -3.88649e-07 0)
(0.0219115 -4.32294e-07 0)
(0.0219116 -4.77199e-07 0)
(0.0219118 -5.22266e-07 0)
(0.021912 -5.68707e-07 0)
(0.0219122 -6.15055e-07 0)
(0.0219124 -6.62912e-07 0)
(0.0219106 -2.62989e-08 0)
(0.0219106 -5.8286e-08 0)
(0.0219106 -9.50712e-08 0)
(0.0219107 -1.32608e-07 0)
(0.0219107 -1.70541e-07 0)
(0.0219108 -2.09092e-07 0)
(0.0219109 -2.47984e-07 0)
(0.021911 -2.87685e-07 0)
(0.0219111 -3.27723e-07 0)
(0.0219113 -3.68761e-07 0)
(0.0219114 -4.10072e-07 0)
(0.0219116 -4.52536e-07 0)
(0.0219118 -4.95124e-07 0)
(0.021912 -5.38962e-07 0)
(0.0219122 -5.82685e-07 0)
(0.0219124 -6.27791e-07 0)
(0.0219106 -2.49763e-08 0)
(0.0219106 -5.53757e-08 0)
(0.0219106 -9.03204e-08 0)
(0.0219106 -1.25972e-07 0)
(0.0219107 -1.61993e-07 0)
(0.0219108 -1.98586e-07 0)
(0.0219109 -2.3549e-07 0)
(0.021911 -2.7314e-07 0)
(0.0219111 -3.11089e-07 0)
(0.0219112 -3.49956e-07 0)
(0.0219114 -3.89056e-07 0)
(0.0219116 -4.29211e-07 0)
(0.0219117 -4.69451e-07 0)
(0.0219119 -5.10835e-07 0)
(0.0219121 -5.52083e-07 0)
(0.0219123 -5.94605e-07 0)
(0.0219106 -2.37292e-08 0)
(0.0219105 -5.2617e-08 0)
(0.0219106 -8.58166e-08 0)
(0.0219106 -1.1968e-07 0)
(0.0219107 -1.53886e-07 0)
(0.0219108 -1.88621e-07 0)
(0.0219109 -2.23636e-07 0)
(0.021911 -2.59338e-07 0)
(0.0219111 -2.95302e-07 0)
(0.0219112 -3.32109e-07 0)
(0.0219114 -3.6911e-07 0)
(0.0219115 -4.07077e-07 0)
(0.0219117 -4.45095e-07 0)
(0.0219119 -4.84161e-07 0)
(0.0219121 -5.23074e-07 0)
(0.0219123 -5.63165e-07 0)
(0.0219105 -2.25472e-08 0)
(0.0219105 -4.99901e-08 0)
(0.0219105 -8.15276e-08 0)
(0.0219106 -1.13688e-07 0)
(0.0219107 -1.46165e-07 0)
(0.0219107 -1.79129e-07 0)
(0.0219108 -2.12345e-07 0)
(0.0219109 -2.46192e-07 0)
(0.021911 -2.80267e-07 0)
(0.0219112 -3.15115e-07 0)
(0.0219113 -3.50121e-07 0)
(0.0219115 -3.86013e-07 0)
(0.0219117 -4.21926e-07 0)
(0.0219118 -4.58801e-07 0)
(0.021912 -4.95507e-07 0)
(0.0219122 -5.3331e-07 0)
(0.0219105 -2.14216e-08 0)
(0.0219105 -4.74788e-08 0)
(0.0219105 -7.74273e-08 0)
(0.0219106 -1.0796e-07 0)
(0.0219106 -1.38784e-07 0)
(0.0219107 -1.70057e-07 0)
(0.0219108 -2.01555e-07 0)
(0.0219109 -2.33631e-07 0)
(0.021911 -2.65905e-07 0)
(0.0219112 -2.98887e-07 0)
(0.0219113 -3.31995e-07 0)
(0.0219115 -3.65917e-07 0)
(0.0219116 -3.99832e-07 0)
(0.0219118 -4.34636e-07 0)
(0.021912 -4.69257e-07 0)
(0.0219122 -5.04905e-07 0)
(0.0219105 -2.03455e-08 0)
(0.0219105 -4.50702e-08 0)
(0.0219105 -7.34949e-08 0)
(0.0219105 -1.02468e-07 0)
(0.0219106 -1.31708e-07 0)
(0.0219107 -1.61361e-07 0)
(0.0219108 -1.91213e-07 0)
(0.0219109 -2.21598e-07 0)
(0.021911 -2.52149e-07 0)
(0.0219111 -2.83354e-07 0)
(0.0219113 -3.14652e-07 0)
(0.0219114 -3.46703e-07 0)
(0.0219116 -3.78721e-07 0)
(0.0219118 -4.11563e-07 0)
(0.021912 -4.44209e-07 0)
(0.0219122 -4.77822e-07 0)
(0.0219105 -1.93134e-08 0)
(0.0219104 -4.27538e-08 0)
(0.0219105 -6.97135e-08 0)
(0.0219105 -9.71869e-08 0)
(0.0219106 -1.24905e-07 0)
(0.0219107 -1.53004e-07 0)
(0.0219107 -1.81279e-07 0)
(0.0219108 -2.10043e-07 0)
(0.021911 -2.38947e-07 0)
(0.0219111 -2.68453e-07 0)
(0.0219112 -2.98027e-07 0)
(0.0219114 -3.28297e-07 0)
(0.0219116 -3.58512e-07 0)
(0.0219117 -3.89495e-07 0)
(0.0219119 -4.20271e-07 0)
(0.0219121 -4.51962e-07 0)
(0.0219104 -1.83209e-08 0)
(0.0219104 -4.05213e-08 0)
(0.0219105 -6.60693e-08 0)
(0.0219105 -9.20989e-08 0)
(0.0219106 -1.18353e-07 0)
(0.0219106 -1.44957e-07 0)
(0.0219107 -1.71716e-07 0)
(0.0219108 -1.98926e-07 0)
(0.0219109 -2.26253e-07 0)
(0.0219111 -2.54136e-07 0)
(0.0219112 -2.82062e-07 0)
(0.0219114 -3.10636e-07 0)
(0.0219115 -3.39135e-07 0)
(0.0219117 -3.68352e-07 0)
(0.0219119 -3.97355e-07 0)
(0.0219121 -4.27227e-07 0)
(0.0219104 -1.73643e-08 0)
(0.0219104 -3.8366e-08 0)
(0.0219104 -6.25517e-08 0)
(0.0219105 -8.71887e-08 0)
(0.0219105 -1.12031e-07 0)
(0.0219106 -1.37197e-07 0)
(0.0219107 -1.62498e-07 0)
(0.0219108 -1.88216e-07 0)
(0.0219109 -2.14029e-07 0)
(0.021911 -2.40358e-07 0)
(0.0219112 -2.6671e-07 0)
(0.0219113 -2.93666e-07 0)
(0.0219115 -3.20531e-07 0)
(0.0219117 -3.48072e-07 0)
(0.0219119 -3.7539e-07 0)
(0.0219121 -4.0354e-07 0)
(0.0219104 -1.64408e-08 0)
(0.0219104 -3.62827e-08 0)
(0.0219104 -5.91521e-08 0)
(0.0219105 -8.24444e-08 0)
(0.0219105 -1.05924e-07 0)
(0.0219106 -1.29704e-07 0)
(0.0219107 -1.53601e-07 0)
(0.0219108 -1.77884e-07 0)
(0.0219109 -2.02245e-07 0)
(0.021911 -2.27085e-07 0)
(0.0219112 -2.51931e-07 0)
(0.0219113 -2.77342e-07 0)
(0.0219115 -3.02649e-07 0)
(0.0219117 -3.28595e-07 0)
(0.0219118 -3.54312e-07 0)
(0.021912 -3.80829e-07 0)
(0.0219104 -1.55481e-08 0)
(0.0219104 -3.42675e-08 0)
(0.0219104 -5.58639e-08 0)
(0.0219104 -7.78568e-08 0)
(0.0219105 -1.00021e-07 0)
(0.0219106 -1.22463e-07 0)
(0.0219107 -1.45008e-07 0)
(0.0219108 -1.6791e-07 0)
(0.0219109 -1.90875e-07 0)
(0.021911 -2.14287e-07 0)
(0.0219111 -2.3769e-07 0)
(0.0219113 -2.61626e-07 0)
(0.0219115 -2.85445e-07 0)
(0.0219116 -3.09873e-07 0)
(0.0219118 -3.34067e-07 0)
(0.021912 -3.59032e-07 0)
(0.0219104 -1.46845e-08 0)
(0.0219104 -3.23173e-08 0)
(0.0219104 -5.26823e-08 0)
(0.0219104 -7.34188e-08 0)
(0.0219105 -9.43115e-08 0)
(0.0219106 -1.15463e-07 0)
(0.0219106 -1.36703e-07 0)
(0.0219107 -1.58277e-07 0)
(0.0219109 -1.79898e-07 0)
(0.021911 -2.0194e-07 0)
(0.0219111 -2.2396e-07 0)
(0.0219113 -2.46484e-07 0)
(0.0219114 -2.68883e-07 0)
(0.0219116 -2.91864e-07 0)
(0.0219118 -3.14607e-07 0)
(0.021912 -3.38099e-07 0)
(0.0219103 -1.38489e-08 0)
(0.0219103 -3.04303e-08 0)
(0.0219104 -4.9604e-08 0)
(0.0219104 -6.91258e-08 0)
(0.0219105 -8.87899e-08 0)
(0.0219105 -1.08695e-07 0)
(0.0219106 -1.28676e-07 0)
(0.0219107 -1.4897e-07 0)
(0.0219108 -1.69299e-07 0)
(0.021911 -1.90024e-07 0)
(0.0219111 -2.10717e-07 0)
(0.0219113 -2.3189e-07 0)
(0.0219114 -2.52929e-07 0)
(0.0219116 -2.7453e-07 0)
(0.0219118 -2.95889e-07 0)
(0.021912 -3.17979e-07 0)
(0.0219103 -1.30402e-08 0)
(0.0219103 -2.86056e-08 0)
(0.0219104 -4.66275e-08 0)
(0.0219104 -6.49753e-08 0)
(0.0219105 -8.34525e-08 0)
(0.0219105 -1.02154e-07 0)
(0.0219106 -1.20921e-07 0)
(0.0219107 -1.39981e-07 0)
(0.0219108 -1.59066e-07 0)
(0.021911 -1.78525e-07 0)
(0.0219111 -1.97943e-07 0)
(0.0219112 -2.17821e-07 0)
(0.0219114 -2.3756e-07 0)
(0.0219116 -2.57842e-07 0)
(0.0219118 -2.77881e-07 0)
(0.021912 -2.98638e-07 0)
(0.0219103 -1.22583e-08 0)
(0.0219103 -2.68431e-08 0)
(0.0219104 -4.37526e-08 0)
(0.0219104 -6.09669e-08 0)
(0.0219105 -7.82984e-08 0)
(0.0219105 -9.58389e-08 0)
(0.0219106 -1.13435e-07 0)
(0.0219107 -1.31305e-07 0)
(0.0219108 -1.49192e-07 0)
(0.0219109 -1.67434e-07 0)
(0.0219111 -1.85627e-07 0)
(0.0219112 -2.04262e-07 0)
(0.0219114 -2.22753e-07 0)
(0.0219116 -2.41775e-07 0)
(0.0219117 -2.60551e-07 0)
(0.0219119 -2.80037e-07 0)
(0.0219103 -1.1503e-08 0)
(0.0219103 -2.51438e-08 0)
(0.0219103 -4.09809e-08 0)
(0.0219104 -5.71025e-08 0)
(0.0219104 -7.33294e-08 0)
(0.0219105 -8.97508e-08 0)
(0.0219106 -1.06219e-07 0)
(0.0219107 -1.22943e-07 0)
(0.0219108 -1.39676e-07 0)
(0.0219109 -1.56745e-07 0)
(0.0219111 -1.7376e-07 0)
(0.0219112 -1.91202e-07 0)
(0.0219114 -2.08496e-07 0)
(0.0219115 -2.26311e-07 0)
(0.0219117 -2.43879e-07 0)
(0.0219119 -2.62153e-07 0)
(0.0219103 -1.07748e-08 0)
(0.0219103 -2.351e-08 0)
(0.0219103 -3.83158e-08 0)
(0.0219104 -5.33864e-08 0)
(0.0219104 -6.85506e-08 0)
(0.0219105 -8.38951e-08 0)
(0.0219106 -9.92766e-08 0)
(0.0219107 -1.14898e-07 0)
(0.0219108 -1.3052e-07 0)
(0.0219109 -1.46461e-07 0)
(0.0219111 -1.62343e-07 0)
(0.0219112 -1.78636e-07 0)
(0.0219114 -1.9478e-07 0)
(0.0219115 -2.11438e-07 0)
(0.0219117 -2.27849e-07 0)
(0.0219119 -2.44965e-07 0)
(0.0219103 -1.00747e-08 0)
(0.0219103 -2.19449e-08 0)
(0.0219103 -3.57625e-08 0)
(0.0219104 -4.98255e-08 0)
(0.0219104 -6.39705e-08 0)
(0.0219105 -7.82815e-08 0)
(0.0219106 -9.26195e-08 0)
(0.0219107 -1.07181e-07 0)
(0.0219108 -1.21734e-07 0)
(0.0219109 -1.36589e-07 0)
(0.021911 -1.5138e-07 0)
(0.0219112 -1.66569e-07 0)
(0.0219113 -1.81607e-07 0)
(0.0219115 -1.97153e-07 0)
(0.0219117 -2.12453e-07 0)
(0.0219119 -2.28463e-07 0)
(0.0219103 -9.404e-09 0)
(0.0219103 -2.04531e-08 0)
(0.0219103 -3.33282e-08 0)
(0.0219104 -4.64298e-08 0)
(0.0219104 -5.96012e-08 0)
(0.0219105 -7.29239e-08 0)
(0.0219106 -8.62627e-08 0)
(0.0219107 -9.98073e-08 0)
(0.0219108 -1.13334e-07 0)
(0.0219109 -1.27145e-07 0)
(0.021911 -1.40886e-07 0)
(0.0219112 -1.55011e-07 0)
(0.0219113 -1.68983e-07 0)
(0.0219115 -1.83461e-07 0)
(0.0219117 -1.97694e-07 0)
(0.0219119 -2.12646e-07 0)
(0.0219103 -8.76474e-09 0)
(0.0219103 -1.90405e-08 0)
(0.0219103 -3.10226e-08 0)
(0.0219103 -4.32123e-08 0)
(0.0219104 -5.5459e-08 0)
(0.0219105 -6.78412e-08 0)
(0.0219106 -8.02274e-08 0)
(0.0219107 -9.28006e-08 0)
(0.0219108 -1.05344e-07 0)
(0.0219109 -1.18153e-07 0)
(0.021911 -1.30883e-07 0)
(0.0219112 -1.43983e-07 0)
(0.0219113 -1.56928e-07 0)
(0.0219115 -1.70375e-07 0)
(0.0219117 -1.83578e-07 0)
(0.0219119 -1.97517e-07 0)
(0.0219103 -8.15941e-09 0)
(0.0219103 -1.77142e-08 0)
(0.0219103 -2.88572e-08 0)
(0.0219103 -4.01888e-08 0)
(0.0219104 -5.15638e-08 0)
(0.0219105 -6.30576e-08 0)
(0.0219106 -7.45412e-08 0)
(0.0219106 -8.6191e-08 0)
(0.0219108 -9.77972e-08 0)
(0.0219109 -1.09646e-07 0)
(0.021911 -1.21406e-07 0)
(0.0219112 -1.33517e-07 0)
(0.0219113 -1.4547e-07 0)
(0.0219115 -1.57922e-07 0)
(0.0219117 -1.70132e-07 0)
(0.0219119 -1.83097e-07 0)
(0.0219103 -7.59112e-09 0)
(0.0219103 -1.64828e-08 0)
(0.0219103 -2.68457e-08 0)
(0.0219103 -3.73784e-08 0)
(0.0219104 -4.79401e-08 0)
(0.0219105 -5.86023e-08 0)
(0.0219105 -6.9238e-08 0)
(0.0219106 -8.00169e-08 0)
(0.0219108 -9.07345e-08 0)
(0.0219109 -1.01669e-07 0)
(0.021911 -1.125e-07 0)
(0.0219112 -1.2366e-07 0)
(0.0219113 -1.34655e-07 0)
(0.0219115 -1.46142e-07 0)
(0.0219117 -1.57387e-07 0)
(0.0219118 -1.69414e-07 0)
(0.0219103 -7.06347e-09 0)
(0.0219103 -1.53555e-08 0)
(0.0219103 -2.50037e-08 0)
(0.0219103 -3.48028e-08 0)
(0.0219104 -4.46156e-08 0)
(0.0219105 -5.45095e-08 0)
(0.0219105 -6.43581e-08 0)
(0.0219106 -7.43244e-08 0)
(0.0219107 -8.42078e-08 0)
(0.0219109 -9.42776e-08 0)
(0.021911 -1.04225e-07 0)
(0.0219111 -1.1447e-07 0)
(0.0219113 -1.24541e-07 0)
(0.0219115 -1.3509e-07 0)
(0.0219116 -1.45398e-07 0)
(0.0219118 -1.56515e-07 0)
(0.0219103 -6.58052e-09 0)
(0.0219103 -1.43426e-08 0)
(0.0219103 -2.33475e-08 0)
(0.0219103 -3.24852e-08 0)
(0.0219104 -4.16206e-08 0)
(0.0219105 -5.08168e-08 0)
(0.0219105 -5.99469e-08 0)
(0.0219106 -6.91668e-08 0)
(0.0219107 -7.82778e-08 0)
(0.0219109 -8.75401e-08 0)
(0.021911 -9.66537e-08 0)
(0.0219111 -1.06027e-07 0)
(0.0219113 -1.15209e-07 0)
(0.0219115 -1.24844e-07 0)
(0.0219116 -1.34237e-07 0)
(0.0219118 -1.44467e-07 0)
(0.0219103 -6.14658e-09 0)
(0.0219103 -1.34543e-08 0)
(0.0219103 -2.18944e-08 0)
(0.0219103 -3.04498e-08 0)
(0.0219104 -3.89872e-08 0)
(0.0219105 -4.75646e-08 0)
(0.0219105 -5.60538e-08 0)
(0.0219106 -6.46032e-08 0)
(0.0219107 -7.30138e-08 0)
(0.0219109 -8.15362e-08 0)
(0.021911 -8.98764e-08 0)
(0.0219111 -9.84282e-08 0)
(0.0219113 -1.06763e-07 0)
(0.0219115 -1.1551e-07 0)
(0.0219116 -1.24008e-07 0)
(0.0219118 -1.33364e-07 0)
(0.0219103 -5.76605e-09 0)
(0.0219103 -1.27004e-08 0)
(0.0219103 -2.06605e-08 0)
(0.0219103 -2.87201e-08 0)
(0.0219104 -3.67466e-08 0)
(0.0219105 -4.47932e-08 0)
(0.0219105 -5.27293e-08 0)
(0.0219106 -6.06957e-08 0)
(0.0219107 -6.8491e-08 0)
(0.0219109 -7.63555e-08 0)
(0.021911 -8.39964e-08 0)
(0.0219111 -9.1791e-08 0)
(0.0219113 -9.93295e-08 0)
(0.0219115 -1.07217e-07 0)
(0.0219116 -1.14844e-07 0)
(0.0219118 -1.2333e-07 0)
(0.0219103 -5.44313e-09 0)
(0.0219103 -1.20887e-08 0)
(0.0219103 -1.96591e-08 0)
(0.0219103 -2.73153e-08 0)
(0.0219104 -3.49252e-08 0)
(0.0219105 -4.25374e-08 0)
(0.0219105 -5.00182e-08 0)
(0.0219106 -5.75018e-08 0)
(0.0219107 -6.47819e-08 0)
(0.0219109 -7.2088e-08 0)
(0.021911 -7.91235e-08 0)
(0.0219111 -8.62462e-08 0)
(0.0219113 -9.30556e-08 0)
(0.0219115 -1.00122e-07 0)
(0.0219116 -1.06893e-07 0)
(0.0219118 -1.1448e-07 0)
(0.0219103 -5.18117e-09 0)
(0.0219103 -1.16232e-08 0)
(0.0219103 -1.88967e-08 0)
(0.0219103 -2.62455e-08 0)
(0.0219104 -3.35374e-08 0)
(0.0219105 -4.08174e-08 0)
(0.0219105 -4.79492e-08 0)
(0.0219106 -5.5061e-08 0)
(0.0219107 -6.19414e-08 0)
(0.0219109 -6.88102e-08 0)
(0.021911 -7.5362e-08 0)
(0.0219111 -8.19341e-08 0)
(0.0219113 -8.81195e-08 0)
(0.0219115 -9.44419e-08 0)
(0.0219116 -1.00388e-07 0)
(0.0219118 -1.07025e-07 0)
(0.0219103 -4.98179e-09 0)
(0.0219103 -1.13076e-08 0)
(0.0219103 -1.83799e-08 0)
(0.0219103 -2.55203e-08 0)
(0.0219104 -3.25968e-08 0)
(0.0219105 -3.96523e-08 0)
(0.0219105 -4.65483e-08 0)
(0.0219106 -5.34098e-08 0)
(0.0219107 -6.00217e-08 0)
(0.0219109 -6.65978e-08 0)
(0.021911 -7.28251e-08 0)
(0.0219111 -7.90256e-08 0)
(0.0219113 -8.47777e-08 0)
(0.0219115 -9.05572e-08 0)
(0.0219116 -9.58488e-08 0)
(0.0219118 -1.01605e-07 0)
(0.0219103 -4.84662e-09 0)
(0.0219103 -1.11561e-08 0)
(0.0219103 -1.8132e-08 0)
(0.0219103 -2.51726e-08 0)
(0.0219104 -3.21463e-08 0)
(0.0219105 -3.9095e-08 0)
(0.0219105 -4.58798e-08 0)
(0.0219106 -5.26248e-08 0)
(0.0219107 -5.91141e-08 0)
(0.0219109 -6.55606e-08 0)
(0.021911 -7.16502e-08 0)
(0.0219111 -7.77027e-08 0)
(0.0219113 -8.32924e-08 0)
(0.0219115 -8.88774e-08 0)
(0.0219116 -9.39273e-08 0)
(0.0219118 -9.92332e-08 0)
(0.0219103 -4.78176e-09 0)
(0.0219103 -1.11545e-08 0)
(0.0219103 -1.81293e-08 0)
(0.0219103 -2.51688e-08 0)
(0.0219104 -3.21415e-08 0)
(0.0219105 -3.90892e-08 0)
(0.0219105 -4.58732e-08 0)
(0.0219106 -5.26172e-08 0)
(0.0219107 -5.91057e-08 0)
(0.0219109 -6.55514e-08 0)
(0.021911 -7.16403e-08 0)
(0.0219111 -7.76922e-08 0)
(0.0219113 -8.32815e-08 0)
(0.0219115 -8.88661e-08 0)
(0.0219116 -9.39158e-08 0)
(0.0219118 -9.92213e-08 0)
(0.0219103 -4.78104e-09 0)
)
;

boundaryField
{
    wireUpstream
    {
        type            calculated;
        value           nonuniform List<vector> 
16
(
(0.0219102 0 0)
(0.0219103 0 0)
(0.0219103 0 0)
(0.0219104 0 0)
(0.0219104 0 0)
(0.0219105 0 0)
(0.0219106 0 0)
(0.0219107 0 0)
(0.0219108 0 0)
(0.021911 0 0)
(0.0219111 0 0)
(0.0219113 0 0)
(0.0219114 0 0)
(0.0219116 0 0)
(0.0219118 0 0)
(0.0219102 0 0)
)
;
    }
    wireDownstream
    {
        type            calculated;
        value           nonuniform List<vector> 
16
(
(0.0219397 -1.91454e-07 1.64778e-16)
(0.0219397 -3.1252e-07 1.08566e-16)
(0.0219397 -4.34573e-07 -1.60344e-16)
(0.0219397 -5.59517e-07 -4.52152e-16)
(0.0219397 -6.83166e-07 1.81996e-16)
(0.0219397 -8.10891e-07 8.12644e-16)
(0.0219397 -9.35709e-07 -8.91227e-17)
(0.0219397 -1.06652e-06 -6.91056e-16)
(0.0219398 -1.19195e-06 3.17535e-17)
(0.0219398 -1.3257e-06 1.18621e-15)
(0.0219398 -1.45049e-06 6.33904e-16)
(0.0219399 -1.58529e-06 -1.32311e-15)
(0.0219399 -1.70364e-06 8.79055e-16)
(0.02194 -1.83041e-06 -7.65156e-16)
(0.0219401 -1.91894e-06 2.97487e-15)
(0.0219397 -8.20934e-08 3.80569e-17)
)
;
    }
    wireTopContact
    {
        type            calculated;
        value           nonuniform List<vector> 
122
(
(0.0219398 -2.0475e-06 2.89798e-14)
(0.0219395 -2.08994e-06 2.95949e-14)
(0.0219392 -2.12484e-06 3.00946e-14)
(0.0219389 -2.15463e-06 3.0516e-14)
(0.0219386 -2.18049e-06 3.08819e-14)
(0.0219383 -2.20336e-06 3.12052e-14)
(0.021938 -2.22387e-06 3.14952e-14)
(0.0219376 -2.24257e-06 3.17595e-14)
(0.0219373 -2.25999e-06 3.20057e-14)
(0.021937 -2.27636e-06 3.2237e-14)
(0.0219367 -2.29201e-06 3.24582e-14)
(0.0219363 -2.3072e-06 3.2673e-14)
(0.021936 -2.32203e-06 3.28827e-14)
(0.0219357 -2.33666e-06 3.30897e-14)
(0.0219353 -2.35116e-06 3.32948e-14)
(0.021935 -2.36547e-06 3.34973e-14)
(0.0219346 -2.37971e-06 3.36989e-14)
(0.0219343 -2.39402e-06 3.39016e-14)
(0.0219339 -2.40842e-06 3.41052e-14)
(0.0219336 -2.42279e-06 3.43087e-14)
(0.0219332 -2.43726e-06 3.45135e-14)
(0.0219329 -2.45177e-06 3.47189e-14)
(0.0219325 -2.46631e-06 3.49249e-14)
(0.0219322 -2.48088e-06 3.51311e-14)
(0.0219318 -2.49544e-06 3.53373e-14)
(0.0219315 -2.5099e-06 3.55421e-14)
(0.0219311 -2.52425e-06 3.57454e-14)
(0.0219307 -2.5387e-06 3.59499e-14)
(0.0219304 -2.55318e-06 3.61548e-14)
(0.02193 -2.5676e-06 3.6359e-14)
(0.0219296 -2.58203e-06 3.65635e-14)
(0.0219293 -2.59658e-06 3.677e-14)
(0.0219289 -2.6113e-06 3.6979e-14)
(0.0219285 -2.62623e-06 3.71931e-14)
(0.0219281 -2.64158e-06 3.7414e-14)
(0.0219278 -2.65771e-06 3.7646e-14)
(0.0219274 -2.67487e-06 3.78926e-14)
(0.021927 -2.69336e-06 3.8158e-14)
(0.0219266 -2.71365e-06 3.84489e-14)
(0.0219262 -2.73647e-06 3.87719e-14)
(0.0219258 -2.76247e-06 3.91393e-14)
(0.0219254 -2.79264e-06 3.95652e-14)
(0.021925 -2.82822e-06 4.00672e-14)
(0.0219246 -2.87076e-06 4.06671e-14)
(0.0219241 -2.92217e-06 4.13919e-14)
(0.0219237 -2.98502e-06 4.22778e-14)
(0.0219232 -3.06242e-06 4.3366e-14)
(0.0219228 -3.15869e-06 4.47194e-14)
(0.0219223 -3.28276e-06 4.64914e-14)
(0.0219219 -3.45009e-06 4.88784e-14)
(0.0219214 -3.6677e-06 5.19344e-14)
(0.0219209 -3.92657e-06 5.55931e-14)
(0.0219204 -4.22093e-06 5.97564e-14)
(0.02192 -4.54158e-06 6.42981e-14)
(0.0219195 -4.87711e-06 6.90629e-14)
(0.0219191 -5.21457e-06 7.38589e-14)
(0.0219187 -5.53568e-06 7.84059e-14)
(0.0219183 -5.81442e-06 8.24029e-14)
(0.0219179 -6.02472e-06 8.53735e-14)
(0.0219175 -6.10324e-06 8.63787e-14)
(0.0219172 -5.98224e-06 8.48228e-14)
(0.0219169 -5.70353e-06 8.0971e-14)
(0.0219166 -5.32011e-06 7.55169e-14)
(0.0219164 -4.87268e-06 6.91027e-14)
(0.0219161 -4.40338e-06 6.23528e-14)
(0.0219158 -3.95517e-06 5.5951e-14)
(0.0219156 -3.56284e-06 5.04181e-14)
(0.0219153 -3.23229e-06 4.57207e-14)
(0.0219151 -2.94245e-06 4.16062e-14)
(0.0219149 -2.68478e-06 3.79591e-14)
(0.0219147 -2.45585e-06 3.47228e-14)
(0.0219145 -2.25205e-06 3.18441e-14)
(0.0219143 -2.07055e-06 2.92817e-14)
(0.0219141 -1.90871e-06 2.69977e-14)
(0.021914 -1.76415e-06 2.49588e-14)
(0.0219138 -1.63481e-06 2.3135e-14)
(0.0219137 -1.51879e-06 2.14996e-14)
(0.0219135 -1.41444e-06 2.00291e-14)
(0.0219134 -1.3203e-06 1.87029e-14)
(0.0219133 -1.23509e-06 1.75028e-14)
(0.0219132 -1.1577e-06 1.64128e-14)
(0.0219131 -1.08712e-06 1.54192e-14)
(0.021913 -1.02252e-06 1.45098e-14)
(0.0219129 -9.63143e-07 1.36741e-14)
(0.0219128 -9.08362e-07 1.2903e-14)
(0.0219128 -8.57617e-07 1.21889e-14)
(0.0219127 -8.10435e-07 1.15249e-14)
(0.0219126 -7.66418e-07 1.09054e-14)
(0.0219126 -7.25196e-07 1.03254e-14)
(0.0219125 -6.86487e-07 9.78064e-15)
(0.0219125 -6.50011e-07 9.26736e-15)
(0.0219124 -6.15553e-07 8.78246e-15)
(0.0219124 -5.82918e-07 8.32317e-15)
(0.0219123 -5.51936e-07 7.8872e-15)
(0.0219123 -5.22471e-07 7.47248e-15)
(0.0219123 -4.94384e-07 7.07725e-15)
(0.0219122 -4.67579e-07 6.69996e-15)
(0.0219122 -4.41948e-07 6.33923e-15)
(0.0219122 -4.17412e-07 5.99389e-15)
(0.0219121 -3.93896e-07 5.66289e-15)
(0.0219121 -3.71334e-07 5.34536e-15)
(0.0219121 -3.49675e-07 5.04047e-15)
(0.0219121 -3.28863e-07 4.74756e-15)
(0.0219121 -3.08864e-07 4.46604e-15)
(0.021912 -2.89635e-07 4.19539e-15)
(0.021912 -2.71152e-07 3.93523e-15)
(0.021912 -2.53394e-07 3.68525e-15)
(0.021912 -2.36345e-07 3.44529e-15)
(0.021912 -2.20006e-07 3.21528e-15)
(0.021912 -2.04376e-07 2.99528e-15)
(0.021912 -1.89476e-07 2.78552e-15)
(0.0219119 -1.75331e-07 2.58639e-15)
(0.0219119 -1.61985e-07 2.39848e-15)
(0.0219119 -1.49502e-07 2.22268e-15)
(0.0219119 -1.37973e-07 2.06036e-15)
(0.0219119 -1.27514e-07 1.91313e-15)
(0.0219119 -1.18235e-07 1.78215e-15)
(0.0219119 -1.10333e-07 1.67023e-15)
(0.0219119 -1.04447e-07 1.59043e-15)
(0.0219119 -1.01781e-07 1.55819e-15)
(0.0219119 -1.01595e-07 1.56714e-15)
(0.0219401 -1.99303e-06 2.80766e-14)
)
;
    }
    front
    {
        type            wedge;
    }
    back
    {
        type            wedge;
    }
}


// ************************************************************************* //
