
                    FoamFile
                    {
                         version   2.0;
                         format    ascii;
                         class     scalarField;
                         object    values;
                    }
                    //***********************************************************************// //

                    244
(
1480435.23385704
1480435.23385704
2130577.9620891144
6535380.131187017
11118595.487964384
15897156.560454471
20854671.898290824
26038348.555107497
31430756.24996586
37061309.55747189
42945236.30432606
49080463.35500429
55523793.02439577
62243452.193491265
69315945.97604701
76717973.02342123
84500094.19741528
92690736.1182191
101290967.1925095
110399168.66949145
119968147.78609088
130132705.83616471
140860729.83471185
152247155.89607304
164350656.57862088
177183587.39732346
190934803.69768947
205531157.56158367
221238235.8772167
238013427.99336547
256056382.38920933
275504355.96112335
296406884.33710545
319168161.140471
343671127.50528616
370503997.1436633
399602178.86620337
431431002.2069447
466323702.6029708
504393942.3451767
546540929.2799405
592520322.103044
643370811.5122191
698542671.2069544
758106151.4269661
820695196.3122654
884689131.4709028
948211314.753221
1008900164.2381282
1063977547.8530192
1112338106.8601344
1151986480.7010763
1182293897.7028813
1203630884.138805
1214839373.263205
1217721607.1835108
1210909458.0419629
1195479632.5877535
1170120570.8458793
1133378725.8034484
1083868310.918047
1014630399.8038313
921036933.8542238
827470737.5142798
733127510.7274231
638914235.1267936
544002436.1489117
448064975.0020712
350755281.4058895
252231979.33707464
152243776.95340288
51076602.64057009
35841878.9324659
35841878.9324659
35841878.9324659
35841878.9324659
35841878.9324659
35841878.9324659
35841878.9324659
35841878.9324659
35841878.9324659
35841878.9324659
35841878.9324659
35841878.9324659
35841878.9324659
35841878.9324659
35841878.9324659
35841878.9324659
35841878.9324659
35841878.9324659
35841878.9324659
35841878.9324659
35841878.9324659
35841878.9324659
35841878.9324659
35841878.9324659
35841878.9324659
35841878.9324659
35841878.9324659
35841878.9324659
35841878.9324659
35841878.9324659
35841878.9324659
35841878.9324659
35841878.9324659
35841878.9324659
35841878.9324659
35841878.9324659
35841878.9324659
35841878.9324659
35841878.9324659
35841878.9324659
35841878.9324659
35841878.9324659
35841878.9324659
35841878.9324659
35841878.9324659
35841878.9324659
35841878.9324659
35841878.9324659
35841878.9324659
35841878.9324659
1480435.23385704
1480435.23385704
2130577.9620891144
6535380.131187017
11118595.487964384
15897156.560454471
20854671.898290824
26038348.555107497
31430756.24996586
37061309.55747189
42945236.30432606
49080463.35500429
55523793.02439577
62243452.193491265
69315945.97604701
76717973.02342123
84500094.19741528
92690736.1182191
101290967.1925095
110399168.66949145
119968147.78609088
130132705.83616471
140860729.83471185
152247155.89607304
164350656.57862088
177183587.39732346
190934803.69768947
205531157.56158367
221238235.8772167
238013427.99336547
256056382.38920933
275504355.96112335
296406884.33710545
319168161.140471
343671127.50528616
370503997.1436633
399602178.86620337
431431002.2069447
466323702.6029708
504393942.3451767
546540929.2799405
592520322.103044
643370811.5122191
698542671.2069544
758106151.4269661
820695196.3122654
884689131.4709028
948211314.753221
1008900164.2381282
1063977547.8530192
1112338106.8601344
1151986480.7010763
1182293897.7028813
1203630884.138805
1214839373.263205
1217721607.1835108
1210909458.0419629
1195479632.5877535
1170120570.8458793
1133378725.8034484
1083868310.918047
1014630399.8038313
921036933.8542238
827470737.5142798
733127510.7274231
638914235.1267936
544002436.1489117
448064975.0020712
350755281.4058895
252231979.33707464
152243776.95340288
51076602.64057009
35841878.9324659
35841878.9324659
35841878.9324659
35841878.9324659
35841878.9324659
35841878.9324659
35841878.9324659
35841878.9324659
35841878.9324659
35841878.9324659
35841878.9324659
35841878.9324659
35841878.9324659
35841878.9324659
35841878.9324659
35841878.9324659
35841878.9324659
35841878.9324659
35841878.9324659
35841878.9324659
35841878.9324659
35841878.9324659
35841878.9324659
35841878.9324659
35841878.9324659
35841878.9324659
35841878.9324659
35841878.9324659
35841878.9324659
35841878.9324659
35841878.9324659
35841878.9324659
35841878.9324659
35841878.9324659
35841878.9324659
35841878.9324659
35841878.9324659
35841878.9324659
35841878.9324659
35841878.9324659
35841878.9324659
35841878.9324659
35841878.9324659
35841878.9324659
35841878.9324659
35841878.9324659
35841878.9324659
35841878.9324659
35841878.9324659
35841878.9324659
)