
                    FoamFile
                    {
                         version   2.0;
                         format    ascii;
                         class     scalarField;
                         object    values;
                    }
                    //***********************************************************************// //

                    244
(
1283064.12853488
1283064.12853488
1845692.286404842
5663104.458927877
9624316.476927154
13736041.100014267
17984669.989584453
22405027.570351258
26982956.07932042
31739255.69225994
36683725.84198871
41813724.06530882
47169186.36944568
52725253.36868824
58535162.794683024
64580100.27082083
70893868.89873844
77493526.19354188
84377090.13025612
91608913.78637746
99153317.10180551
107097353.44046628
115414450.4313814
124162256.49495135
133373702.9934158
143049936.51323584
153303253.06480297
164080062.30557853
175534851.73901135
187631014.03118074
200476750.78375113
214140303.69987825
228635515.60621402
244178191.01221895
260686140.21160775
278462037.21568257
297458267.3698993
317901946.9289129
339951124.4483814
363658262.35425603
389484941.670174
417298441.5467083
447747183.25446415
480772126.01229644
516874147.47210926
556399154.1067812
599480866.9989507
647026234.3864261
698719049.5265108
755559425.7987418
816811827.2171913
882329555.933084
950826932.0463828
1021021659.0401543
1090972861.08008
1158882687.9037077
1221790410.510923
1277702351.089157
1321188737.3354008
1347672862.0296614
1353561546.659264
1309946786.25051
1181654003.745175
1065616042.2069986
936316588.5078263
806890182.5885885
681121161.4134924
555114168.3364136
429038530.58169305
304302232.58693194
181174217.64901155
59595894.38047792
41433813.8845635
41433813.8845635
41433813.8845635
41433813.8845635
41433813.8845635
41433813.8845635
41433813.8845635
41433813.8845635
41433813.8845635
41433813.8845635
41433813.8845635
41433813.8845635
41433813.8845635
41433813.8845635
41433813.8845635
41433813.8845635
41433813.8845635
41433813.8845635
41433813.8845635
41433813.8845635
41433813.8845635
41433813.8845635
41433813.8845635
41433813.8845635
41433813.8845635
41433813.8845635
41433813.8845635
41433813.8845635
41433813.8845635
41433813.8845635
41433813.8845635
41433813.8845635
41433813.8845635
41433813.8845635
41433813.8845635
41433813.8845635
41433813.8845635
41433813.8845635
41433813.8845635
41433813.8845635
41433813.8845635
41433813.8845635
41433813.8845635
41433813.8845635
41433813.8845635
41433813.8845635
41433813.8845635
41433813.8845635
41433813.8845635
41433813.8845635
1283064.12853488
1283064.12853488
1845692.286404842
5663104.458927877
9624316.476927154
13736041.100014267
17984669.989584453
22405027.570351258
26982956.07932042
31739255.69225994
36683725.84198871
41813724.06530882
47169186.36944568
52725253.36868824
58535162.794683024
64580100.27082083
70893868.89873844
77493526.19354188
84377090.13025612
91608913.78637746
99153317.10180551
107097353.44046628
115414450.4313814
124162256.49495135
133373702.9934158
143049936.51323584
153303253.06480297
164080062.30557853
175534851.73901135
187631014.03118074
200476750.78375113
214140303.69987825
228635515.60621402
244178191.01221895
260686140.21160775
278462037.21568257
297458267.3698993
317901946.9289129
339951124.4483814
363658262.35425603
389484941.670174
417298441.5467083
447747183.25446415
480772126.01229644
516874147.47210926
556399154.1067812
599480866.9989507
647026234.3864261
698719049.5265108
755559425.7987418
816811827.2171913
882329555.933084
950826932.0463828
1021021659.0401543
1090972861.08008
1158882687.9037077
1221790410.510923
1277702351.089157
1321188737.3354008
1347672862.0296614
1353561546.659264
1309946786.25051
1181654003.745175
1065616042.2069986
936316588.5078263
806890182.5885885
681121161.4134924
555114168.3364136
429038530.58169305
304302232.58693194
181174217.64901155
59595894.38047792
41433813.8845635
41433813.8845635
41433813.8845635
41433813.8845635
41433813.8845635
41433813.8845635
41433813.8845635
41433813.8845635
41433813.8845635
41433813.8845635
41433813.8845635
41433813.8845635
41433813.8845635
41433813.8845635
41433813.8845635
41433813.8845635
41433813.8845635
41433813.8845635
41433813.8845635
41433813.8845635
41433813.8845635
41433813.8845635
41433813.8845635
41433813.8845635
41433813.8845635
41433813.8845635
41433813.8845635
41433813.8845635
41433813.8845635
41433813.8845635
41433813.8845635
41433813.8845635
41433813.8845635
41433813.8845635
41433813.8845635
41433813.8845635
41433813.8845635
41433813.8845635
41433813.8845635
41433813.8845635
41433813.8845635
41433813.8845635
41433813.8845635
41433813.8845635
41433813.8845635
41433813.8845635
41433813.8845635
41433813.8845635
41433813.8845635
41433813.8845635
)