/*--------------------------------*- C++ -*----------------------------------*\
  =========                 |
  \\      /  F ield         | OpenFOAM: The Open Source CFD Toolbox
   \\    /   O peration     | Website:  https://openfoam.org
    \\  /    A nd           | Version:  8
     \\/     M anipulation  |
\*---------------------------------------------------------------------------*/
FoamFile
{
    version     2.0;
    format      ascii;
    class       volVectorField;
    location    "0.0940000";
    object      U;
}
// * * * * * * * * * * * * * * * * * * * * * * * * * * * * * * * * * * * * * //

dimensions      [0 1 -1 0 0 0 0];

internalField   nonuniform List<vector> 
900
(
(0.694666047603178 0.000379028227488583 -8.08530847434597e-19)
(0.695083572806949 0.000209864730330484 -1.67278753335595e-18)
(0.695019830178542 0.000175096567579668 -2.67170340028277e-18)
(0.695027915714055 0.000199598487422875 -2.94249859787959e-18)
(0.694892548868784 0.000207443067386255 -1.51508769045733e-17)
(0.694719552842874 0.00021310522366216 -4.68518046918528e-18)
(0.694529607690152 0.00021696528706971 1.66997030328724e-18)
(0.69433433236847 0.000220926460010601 3.86459092415435e-18)
(0.69413528818167 0.000224468783117632 9.17516364769793e-18)
(0.693931725300379 0.000227456240753535 2.73866636263525e-17)
(0.693722893408414 0.00023015022271206 4.67248223231911e-17)
(0.693509868758476 0.000232960120692087 2.20879053257668e-17)
(0.693292183679848 0.000236027283671387 2.72332482790917e-17)
(0.6930687623332 0.000238558854212133 -9.70857926895155e-18)
(0.692839771063063 0.000240794582443637 -2.27631348545944e-17)
(0.692604760720918 0.00024311451850269 -7.50010774367796e-17)
(0.692364337310957 0.000245956324082226 -3.09109186043034e-17)
(0.692117448610739 0.000248520043618073 7.01423781666477e-18)
(0.691862878464953 0.000250778954448241 -5.09640990588758e-18)
(0.691601605719134 0.000253039003867818 -8.4293203359493e-18)
(0.691333301522564 0.000255782139086555 2.09566368940944e-17)
(0.691057823540089 0.000258456818740787 1.4388229005479e-17)
(0.690775432627686 0.00026078317726173 -3.22774121091899e-18)
(0.69048542868016 0.000263278053382394 -3.01244497321495e-17)
(0.690186599301833 0.000266350181076049 -3.63128754812199e-17)
(0.689879013719309 0.000270078962089585 -5.15372877283067e-17)
(0.68956234326412 0.000273405047619027 7.86972600125894e-17)
(0.689235608265265 0.000276664341691623 -6.48829949893198e-18)
(0.688899245205747 0.000280166998353055 1.01657276355954e-17)
(0.688555359386837 0.000284935272544802 -9.48840903175792e-18)
(0.68820233886865 0.000289753445336538 2.31973459443088e-17)
(0.687837872553465 0.00029452670481625 -4.92880430631382e-17)
(0.687463315669691 0.000299647682158433 2.41685719271819e-17)
(0.68708005258014 0.000306584035027976 6.45129468099696e-17)
(0.686687284620794 0.000314744279744061 2.19095551088593e-17)
(0.68628468068269 0.000322595244792393 -4.68221246821033e-17)
(0.685872930484956 0.000331094559887217 6.99377929323232e-17)
(0.685451620866084 0.000342003733886801 6.68647689135581e-18)
(0.685022648696975 0.000356978678993411 2.1839913622938e-17)
(0.684586960160829 0.000371222451628477 3.53829899988563e-17)
(0.68414373816646 0.000386297180923851 -2.81510557275088e-17)
(0.683695673028484 0.000404455357813064 -3.83100037430515e-17)
(0.683246189488639 0.000431501746699367 3.04475531475801e-17)
(0.682797285767958 0.000458258198288686 9.67376065472972e-18)
(0.68234955416784 0.000486132841600354 9.37855360781594e-17)
(0.68190391030598 0.000518080060748083 -6.11024085813971e-17)
(0.681471018649297 0.000562111941224707 -2.66270529359017e-17)
(0.681058364238587 0.0006138580869003 -6.32313885107266e-17)
(0.680668496846387 0.000664835043711078 -1.12660200440835e-16)
(0.680305987912419 0.000720711880450184 8.57872600253226e-17)
(0.679985738954345 0.000792422923270282 2.22179598296342e-17)
(0.679723943142752 0.000890509255547504 2.71462852201554e-17)
(0.679530565424301 0.0009819968672411 -4.16868971269223e-17)
(0.6794191094292 0.00107771331364033 -7.14744665773904e-17)
(0.679435822139822 0.00118984718909391 2.3985280245574e-18)
(0.679613199652017 0.00137616786915901 4.8109312222269e-17)
(0.680110138886768 0.00161334605371612 1.54177734462813e-16)
(0.681231147947555 0.00190218225474185 -4.65772678005766e-17)
(0.683321779607778 0.0022788352633306 -5.9628885437499e-18)
(0.686612436435063 0.00294330028814217 2.45880028435535e-17)
(0.691078621629808 0.00366322410519614 -4.03389712672081e-17)
(0.696750182983116 0.00429145450497164 1.57646520136368e-16)
(0.703708207885907 0.00489577739896554 6.21462966932087e-17)
(0.711960512868707 0.00561810307996634 1.65927677805934e-17)
(0.721452561426874 0.00623179145370222 8.17194023661625e-17)
(0.732269198667423 0.00657591615636616 3.49441633999772e-17)
(0.744429315269087 0.00679798188293288 -1.18528469789797e-17)
(0.757746011377632 0.0070144579409725 -5.66719549691727e-17)
(0.772031650057202 0.00700325066055121 9.42657103868451e-17)
(0.78720703299408 0.00673192832029611 2.67066106340061e-17)
(0.803087064660717 0.00633965223072372 -3.27934528149825e-17)
(0.819429939649515 0.00586069261702013 -7.98983889961447e-17)
(0.836100152685798 0.0052086876912249 3.12311303584129e-18)
(0.853007735759737 0.00448387844696173 -3.58023214932049e-17)
(0.869956690887001 0.00373116145947054 -1.23323373993159e-16)
(0.886943248865327 0.00291044115031034 -4.84227969652206e-17)
(0.903875572101809 0.00213176448771925 1.47654627508754e-18)
(0.92087706376218 0.00139949129477773 -1.37628919446716e-17)
(0.937747706958292 0.000723975387140623 -1.21676648427148e-16)
(0.954935779191806 0.000109047724004328 4.44558121936239e-17)
(0.971822381986575 -0.000367601279336545 2.75067447133067e-17)
(0.989932265047587 -0.000824407927167672 -5.6350452576856e-17)
(1.00721172884224 -0.00100089096395938 -3.24795217143007e-17)
(1.02744518800208 -0.00122889122095991 -4.86767179558999e-17)
(1.0448121149866 -0.00114069694187175 3.96984311561453e-17)
(1.06988705096636 -0.0013592264548956 3.01044846469865e-17)
(1.07993229625143 -0.00010065906029994 1.53810816649557e-17)
(1.07749297309666 -0.000224711811546707 -8.08417815029794e-19)
(1.08206823666603 7.62331305615826e-05 4.61763520954106e-17)
(1.0817941830866 0.000179085076505309 -9.21631920933987e-17)
(1.08357538191285 0.00032340216986271 -2.23167588122224e-17)
(1.08353574749335 0.000333229523374204 1.44508484013883e-17)
(1.08416158521539 0.000388360060737784 -8.1942210274944e-18)
(1.08402825947664 0.000400479653940949 -7.82202536029176e-19)
(1.08410296743836 0.000400369909825978 -4.01514903773988e-18)
(1.08393051780596 0.000391573433167221 -1.20769592830558e-17)
(1.08384813433575 0.000372796848075905 1.28759333490833e-17)
(1.08364753456168 0.000349287706249447 1.53661715165772e-17)
(1.08343805678438 0.000339666560870778 -4.86662270846117e-18)
(1.08273500760037 0.000323868906086456 1.22656505182004e-18)
(0.342643105671569 0.00197717137889085 -2.30320192733627e-18)
(0.344266808370542 0.00206569977301761 -4.59103293591798e-18)
(0.344215887506721 0.00214520529554472 -7.79643483807745e-18)
(0.344143858213028 0.00228061201749482 -1.12619717853003e-17)
(0.343735606984192 0.00235764901213773 -1.56745951740582e-17)
(0.343223077590512 0.00239529801884298 -7.81671831373894e-18)
(0.342662848756485 0.00241521013054101 5.69792247625944e-18)
(0.342084721176962 0.00243016158210126 1.0807077332672e-17)
(0.34149501096402 0.00244325548258118 3.06340396600717e-17)
(0.340893423348853 0.0024553286919694 6.99910217980673e-17)
(0.340278423590075 0.00246704879931909 7.34238183517577e-17)
(0.33964991402317 0.00247911818477927 5.74328937842708e-17)
(0.339007584285761 0.00249173718639053 7.11989021532771e-17)
(0.338350202542878 0.00250352092088183 -2.58265500951958e-17)
(0.337676559802222 0.00251490623603312 -6.7165148721468e-17)
(0.336985808738124 0.00252658112071657 -1.51190272788614e-16)
(0.336278229636245 0.00253936674062927 -8.1852518546442e-17)
(0.335552832015435 0.00255181347235162 2.50741895225189e-17)
(0.334807796362103 0.00256389775053935 3.15185694117182e-17)
(0.334042585423651 0.00257618638087406 -3.34076065146216e-18)
(0.333256877327686 0.00258956798996471 6.8962567554912e-17)
(0.332450197975701 0.00260307001141104 4.82409582249024e-17)
(0.331621420665106 0.00261619075613948 -1.21253363788358e-17)
(0.330768947036269 0.00262992001281427 8.5131017159619e-18)
(0.329891685659244 0.00264508224102701 -1.17416661451868e-16)
(0.328989508974759 0.00266184347255737 -6.23301328163068e-17)
(0.328061249205965 0.00267818261115006 6.8422704249538e-17)
(0.327104778981313 0.00269473351070236 5.05933543590649e-17)
(0.32611923288171 0.00271219738216366 3.34045548789948e-17)
(0.325105667767169 0.00273255704510333 5.89144264434433e-17)
(0.324062779416265 0.00275349144600134 -9.67925431023954e-18)
(0.322987672633372 0.00277482315547895 -8.11372348557552e-17)
(0.321879404482478 0.0027974545481658 7.46653351377271e-17)
(0.32073885553165 0.00282431215078993 1.89183771480575e-16)
(0.319566224148141 0.00285426256086204 6.61160999122685e-17)
(0.31836007632517 0.00288431027503198 -1.5960882140949e-16)
(0.317118613252176 0.00291642835868396 1.28215368046184e-16)
(0.315842003418693 0.00295440124889623 6.8376458288966e-18)
(0.314534376698532 0.00300144687135948 6.22391607364714e-17)
(0.313196744975835 0.00304810872871419 5.84052941260038e-17)
(0.311826183872465 0.00309734289771561 2.45967704898612e-17)
(0.310424966444961 0.00315444043500449 2.55696073303651e-17)
(0.309003091760892 0.00323085152043216 9.93703744151673e-17)
(0.307566412864741 0.003308338761195 2.44227455140786e-17)
(0.306114481537571 0.0033891111804149 1.5625157512265e-16)
(0.304650134608929 0.00348023644700331 -6.36109871598149e-17)
(0.30319308556992 0.00359830552759931 7.76524028274214e-17)
(0.301764010013939 0.00373424287070779 -1.76812633692873e-16)
(0.300371787830619 0.00387030918386649 -9.71823880708434e-17)
(0.299024467021009 0.0040182055797918 2.49413608131603e-16)
(0.297753653174364 0.00420291764608507 1.75208110824581e-16)
(0.296612222500227 0.00444387190208881 9.1464675931695e-17)
(0.295633196462032 0.00467447571627578 -2.53088682397402e-17)
(0.294837390402477 0.00491332078292444 -1.13524193692618e-16)
(0.294289425021187 0.005194923981578 7.71425381202461e-18)
(0.294131226459682 0.00563823659591431 1.36361051649776e-16)
(0.294625086072693 0.00620208228562241 3.40182946304068e-16)
(0.296138522602002 0.00688213522852952 -1.43307958135496e-16)
(0.299146685510341 0.00778237432754767 -1.83597213916891e-17)
(0.304324322909641 0.00929301407961385 1.00069709384763e-16)
(0.312158538028948 0.0109297530441187 -1.26628616178675e-16)
(0.322872533915147 0.0123504017037472 1.32333522719081e-16)
(0.336643011854962 0.0137070098593206 1.8289490448527e-16)
(0.353801494533873 0.0152701958578279 4.747906107575e-17)
(0.374505960018279 0.0165522366005319 2.47063671582858e-16)
(0.398621651155802 0.0172078445328675 9.55878524976454e-17)
(0.425931726888179 0.0175566997389494 -1.83180942756561e-16)
(0.456270563717191 0.0178208280930791 -2.71733114885594e-17)
(0.489306946198628 0.0175407852859683 2.83828820287345e-16)
(0.524510077658297 0.0166532694685913 8.2165451157292e-17)
(0.5613375347776 0.0154634161068313 -2.39406358093037e-16)
(0.599345128874111 0.0140398081106471 -2.41627189683075e-16)
(0.638097715025588 0.0122262466342869 1.03947385999821e-17)
(0.677233376958916 0.0102406749608262 -1.03766328509944e-16)
(0.716364357598241 0.00817979620164771 -3.85347250925246e-16)
(0.755393508551773 0.00598074100497628 -1.44133367309279e-16)
(0.794016969618803 0.00388444609265747 8.18746643100781e-18)
(0.832615861283847 0.00189935289365899 -3.86431711007452e-17)
(0.870680664699142 5.01410188195921e-05 -2.12128061745653e-16)
(0.909313409419168 -0.00166062518952387 1.11260639396924e-16)
(0.947027081863246 -0.00303489621956999 7.83745421802494e-17)
(0.987392795244757 -0.00436027452440936 -2.31672663279765e-17)
(1.02558885347581 -0.00509782443770269 4.62384724219755e-17)
(1.0709824923121 -0.00593652688536331 -1.44597175619846e-16)
(1.10931697614954 -0.00602277044936467 1.17659396394174e-16)
(1.16593180662769 -0.00627953269699844 8.90475066885431e-17)
(1.18667817184288 -0.000788955923264175 4.58160752000328e-17)
(1.17737488768156 -0.000819060736004714 1.14990909469533e-20)
(1.1850219784307 -0.000118138761838485 1.35944277751167e-16)
(1.18161695440327 0.000157731600578774 -1.90113602593494e-16)
(1.18408442542398 0.000506380910119902 -6.31342847484098e-17)
(1.18265011312421 0.000579733203484971 4.42322935092134e-17)
(1.18324681538102 0.000723602992863196 3.80443386814069e-17)
(1.18240669335769 0.000777620729751059 -1.68703578299662e-18)
(1.18226259815136 0.000805542508877419 -1.23363689341487e-17)
(1.18161416276938 0.000807426845682487 -3.77916585348574e-17)
(1.18125672697399 0.000789101947285249 3.96094385294552e-17)
(1.18064747303096 0.000757618324701109 -1.09504939646791e-18)
(1.18020956595832 0.000739971532402667 -7.85398460167966e-18)
(1.17925444638145 0.000628300788171664 6.03827839798077e-19)
(0.0645062033832126 0.00421606381235275 -4.09467743321762e-18)
(0.0672949165702797 0.0047088517100474 -7.10561168322917e-18)
(0.0673033073209498 0.00517423129162217 -1.25220367337613e-17)
(0.0670931311548928 0.00552108869725088 -2.0543750744358e-17)
(0.0664340984069141 0.00570711533423399 -1.84036547305081e-17)
(0.0656366568454055 0.00579171138814116 -1.19923869824932e-17)
(0.0647757051983625 0.00583273386348011 1.09126809848293e-17)
(0.0638883144981441 0.00585978612898176 1.50729924779663e-17)
(0.062983053913891 0.00588275007091136 4.72210530547355e-17)
(0.062060101503012 0.00590441759625453 1.05832402503064e-16)
(0.0611177390258031 0.0059258930132452 1.03052984318963e-16)
(0.060155276231435 0.00594795024069643 8.68755550210028e-17)
(0.0591723586508639 0.00597069638904403 9.14299306829297e-17)
(0.0581675723455173 0.0059928201709153 -5.07694208074307e-17)
(0.0571390077462948 0.00601465857376452 -1.00922301073258e-16)
(0.056085478271948 0.00603705052509496 -1.74962750466001e-16)
(0.0550069876084479 0.00606072035446238 -1.34723956097903e-16)
(0.053902482198508 0.00608435758137063 2.81727655764301e-17)
(0.0527697004965076 0.00610780678281285 5.97360971450469e-17)
(0.0516072831895469 0.00613175785437465 1.5520463851137e-17)
(0.0504146965491753 0.00615708631095197 3.84156408304195e-17)
(0.0491911831596016 0.0061828489599351 9.43410101560336e-17)
(0.0479347549483191 0.0062085437051999 -2.29791747629605e-17)
(0.0466432558523613 0.00623522828941171 -3.38112209329259e-17)
(0.0453154729030251 0.0062638972194547 -8.43459732919592e-17)
(0.043951189500216 0.00629458172542053 -1.46720432378294e-17)
(0.0425486699023721 0.00632533049939235 7.40588121553116e-17)
(0.041104931185215 0.00635662356846788 1.32667091997871e-16)
(0.0396181597993303 0.00638950115974217 5.18150580501897e-17)
(0.0380888317682483 0.00642584993813785 4.39305560335253e-17)
(0.0365157753016986 0.00646352566981444 -5.0296753659457e-17)
(0.0348954254907256 0.00650209729669291 -2.81502288017806e-17)
(0.0332254349122068 0.00654282401816659 1.35994632106397e-16)
(0.0315062331187 0.00658882581407709 2.73230414838297e-16)
(0.0297388676213335 0.00663891123997213 1.1536185662212e-16)
(0.0279209657346839 0.00668994574225181 -1.73037640231753e-16)
(0.0260490632176495 0.00674400248950204 1.29950065216316e-16)
(0.0241230981924214 0.00680586637967624 -2.26294755244695e-17)
(0.0221496662055966 0.00687820558343494 1.02112353687916e-16)
(0.0201299193814371 0.00695170922810964 6.23332737434846e-17)
(0.0180588013374253 0.00702857996335501 7.0647145025663e-17)
(0.0159371919289373 0.007116546390356 8.42036402794127e-17)
(0.0137813903324212 0.00722620104296631 3.03617518746611e-16)
(0.0116013163277531 0.00733949656167962 2.969580521638e-17)
(0.00939333132006777 0.00745695188415585 2.2558441617694e-16)
(0.00716075295792264 0.0075885476834328 -3.45007859714398e-17)
(0.00492993488784199 0.00775184332126897 -2.64767360972794e-17)
(0.0027357879902767 0.00793669023749632 -3.0583445917511e-16)
(0.000589043321283716 0.00812375666249253 -1.23342646524645e-16)
(-0.00150306507435524 0.00832524517145986 4.33208321394268e-16)
(-0.00350178141857179 0.00857338536557429 2.15169853549643e-16)
(-0.00531428700149788 0.00888252299466731 1.46850050736938e-16)
(-0.00689100013069424 0.009185975332682 -9.35139271318683e-18)
(-0.00821673898137526 0.00949458843115991 -1.62996025874353e-16)
(-0.00923124014538526 0.00986493873766401 1.26709437534143e-17)
(-0.00971372546321682 0.0104192800499885 1.2630625169342e-16)
(-0.0093113296567837 0.0111255520054656 4.67866420126297e-16)
(-0.00761772943786505 0.0119641806420302 -1.89886893725739e-16)
(-0.00417025143747345 0.0131066783772316 -3.07370347202873e-17)
(0.00210985714385376 0.0149182227647483 2.9472441663731e-17)
(0.012252319277916 0.0168841511498505 -3.0681408728657e-16)
(0.0264829816627229 0.0185775106481932 1.48911415209977e-16)
(0.0449092223409173 0.0201841050740404 1.417709101764e-16)
(0.068232260796027 0.0219500427406566 7.23313232432739e-17)
(0.0969481049158913 0.0233342914211315 2.66299158975547e-16)
(0.130574615541882 0.0239484097854667 3.07801576331742e-16)
(0.168565804490263 0.0241514151063194 -2.1213737387031e-16)
(0.210995842221387 0.0241517972206457 -1.75675225569432e-18)
(0.25752540136543 0.0234726809303283 4.77786037801605e-16)
(0.307081885342586 0.0220393826480797 1.41117595296762e-16)
(0.358832284331594 0.0201998819214319 -4.46048084314666e-16)
(0.412340355870655 0.0180292946332912 -2.60956947365946e-16)
(0.466886772318319 0.0153996492947882 2.28618621926397e-17)
(0.521820733915457 0.0125456677363914 -1.69340050180391e-16)
(0.576731400853609 0.00958328334977543 -2.14466770396344e-16)
(0.631359587200692 0.00647817962748323 -2.35995491314934e-16)
(0.685208250793651 0.00349712161764065 1.87689440174999e-16)
(0.738913394540365 0.000659897474674238 -5.89872299422007e-17)
(0.791760597674638 -0.00199953003278876 -3.02921967997534e-16)
(0.845166744320502 -0.00449961439637545 8.58624236960622e-17)
(0.897134827922582 -0.00656014423736744 1.22014218335391e-16)
(0.952603697470952 -0.00855303531507812 7.24665521356465e-18)
(1.00485606758358 -0.00987253801974317 1.23564953081677e-16)
(1.06701665709463 -0.0113433624335154 -1.09037811239766e-16)
(1.11925956582576 -0.011771854928749 1.96763387956536e-16)
(1.19670623740508 -0.0118294679878972 1.46792725202733e-16)
(1.22465394481887 -0.0011820250327079 7.53291892493771e-17)
(1.21077899033857 -0.00107224495480265 8.36785008687985e-17)
(1.22043585682732 -0.00018921244910946 1.40313829385731e-16)
(1.21503897353604 0.000129109250427139 -2.86452373125971e-16)
(1.21808638453587 0.000561050517095032 -3.54223049813838e-17)
(1.21582878179707 0.000678722998067767 6.99683480171853e-17)
(1.21647630946201 0.000852986347566378 8.36526940175961e-17)
(1.21525338201819 0.000920387019398905 -2.92234547067234e-18)
(1.21504410159069 0.000964581752809853 -2.20706233263514e-17)
(1.21415499507126 0.000965842975813065 -3.62351584765586e-17)
(1.21369747883246 0.000947336313064427 3.72455697740924e-17)
(1.21291419607299 0.000907904768222686 4.36695043152824e-18)
(1.21250181083899 0.000855861281773257 -8.01218937462655e-18)
(1.21177532793069 0.000597747688633077 9.5169613079382e-19)
(-0.139211246414326 0.00724589329300912 -6.46547002936799e-18)
(-0.136463513481297 0.0075476631774804 -8.91902559209357e-18)
(-0.136650150070693 0.00858926485391897 -1.67491711253749e-17)
(-0.137129952096246 0.00919841014818178 -3.42030107275294e-17)
(-0.138027966986457 0.00950449426458955 -2.58181971397597e-17)
(-0.13904823031285 0.00963808090262061 -1.75316830607294e-17)
(-0.140126850244656 0.0097007882588066 1.86556421223301e-17)
(-0.141233449381537 0.00974014588533649 1.1356998879774e-17)
(-0.142361426285993 0.00977315749490729 6.13353495629269e-17)
(-0.143510826903277 0.00980473878530255 9.06730417293714e-17)
(-0.144683350628937 0.00983640119670944 1.33423264643541e-16)
(-0.145879983455692 0.00986886295189934 1.16607768863953e-16)
(-0.147101258466563 0.0099021469949185 1.01684769519927e-16)
(-0.148348650952724 0.00993519478236353 -2.57607830325053e-17)
(-0.149624254825921 0.00996823441997964 -1.45981852787162e-16)
(-0.150929465893779 0.0100020566682649 -9.02515888502815e-17)
(-0.15226463707968 0.0100372272343325 -1.56739199825723e-16)
(-0.15363092338574 0.0100727333566105 2.13736413270413e-17)
(-0.155030667620957 0.0101083831241523 6.08499471209751e-17)
(-0.156465629780043 0.0101448319674467 4.45597906835603e-17)
(-0.15793665646012 0.0101828196542961 7.68213800637925e-18)
(-0.159444800005866 0.0102215853543454 9.25434161339353e-17)
(-0.160992408206606 0.0102607207261034 -4.86484123329772e-17)
(-0.162581840971965 0.0103011691447723 -6.44653989531856e-17)
(-0.164214461406548 0.0103438839431787 -7.56458664447179e-17)
(-0.16589074522342 0.0103888322864361 4.13025161558388e-17)
(-0.167612728362358 0.0104344027875364 8.57239735796181e-17)
(-0.169383687104717 0.0104809292508791 1.13601624340818e-16)
(-0.171205967583096 0.0105295066084089 6.57293939355031e-17)
(-0.173079714495228 0.0105817125973031 3.51948256737723e-17)
(-0.175006155319314 0.0106358241537179 -1.00598346513265e-16)
(-0.176988985524509 0.0106913545104211 -2.550304710872e-18)
(-0.179031194089533 0.0107496005846428 1.74213753554411e-16)
(-0.18113286011051 0.0108133656665786 2.23282227417107e-16)
(-0.183292800233556 0.0108816090289501 1.7735137142922e-16)
(-0.18551374998207 0.0109515772670187 -2.54989294406708e-16)
(-0.187799703859115 0.0110251260813873 6.78573298695169e-17)
(-0.190150905603645 0.0111069543977315 -2.60771263577484e-17)
(-0.192560050624129 0.0111990904244527 1.4949504958727e-16)
(-0.195025930120821 0.0112935387060339 1.4686322216791e-17)
(-0.197553959510121 0.0113918080088956 1.09909170472917e-16)
(-0.200143822655629 0.0115019348563137 1.3040796850571e-16)
(-0.202776729873581 0.0116327090362752 4.08353311969143e-16)
(-0.205440684559626 0.0117684003825011 1.01498303963134e-17)
(-0.208139916854698 0.0119085484376917 1.87570154041819e-16)
(-0.210870111322224 0.0120633797237298 -2.31738696525059e-16)
(-0.213602094674439 0.0122487922469004 -2.38505428780834e-16)
(-0.216293733749707 0.0124551516709568 -2.84115622298308e-16)
(-0.218932183717333 0.0126644389428027 -1.69344689038165e-16)
(-0.221508652917654 0.0128875319009436 4.401067746988e-16)
(-0.223980672137122 0.0131564523551823 2.54290809446194e-16)
(-0.226234353003652 0.013481115178202 2.30454665424823e-17)
(-0.228209924394114 0.013801594824549 6.57963638466865e-18)
(-0.229891680544189 0.0141235420716462 -1.20921722193001e-16)
(-0.231220191128891 0.0145074002779064 1.90536748286476e-17)
(-0.231930279572433 0.0150635014293131 1.9958713539299e-16)
(-0.231622739657413 0.0157655357309749 5.89960478011815e-16)
(-0.229870897170078 0.0165861350516597 -9.35454964947178e-17)
(-0.226225789904453 0.0177068235591603 -4.27499324709641e-17)
(-0.219383514036809 0.019443825965546 -1.23544063033638e-16)
(-0.207986760660179 0.021307571935494 -4.46800180582455e-16)
(-0.191786013799848 0.0228687916705633 6.84244601149048e-17)
(-0.170706534326778 0.0243100883710367 1.49169812071492e-16)
(-0.143833884580429 0.0258438951390716 9.1395890417458e-17)
(-0.110462926565715 0.0269476156559648 2.52738180052203e-16)
(-0.0712748288373243 0.0272496330543592 3.69378272139185e-16)
(-0.027020679924362 0.0271013779557408 -2.5466993861472e-16)
(0.0225145732078727 0.0266886107610462 1.75736622308122e-17)
(0.0769960658364075 0.0255670342952697 6.79110463342417e-16)
(0.13502382106976 0.0236726964329012 2.04037643367708e-16)
(0.195581563631186 0.0213490639022445 -5.03772462388571e-16)
(0.258239910092655 0.0186694388729587 -2.8149579062582e-16)
(0.322104420631416 0.0155347911036634 4.16727416161453e-17)
(0.386338596962803 0.0121724845801271 -2.3750439338166e-16)
(0.450520218081011 0.00869668943711461 -6.48151705226458e-17)
(0.514280616805756 0.00509578027028584 -3.29336470221475e-16)
(0.576995837012118 0.00162154793735464 3.32939384548146e-16)
(0.639451779384322 -0.00170199377108587 -7.61341331092275e-17)
(0.70081220032036 -0.00484443372723483 -3.97679844597683e-16)
(0.762655173702813 -0.00781928193080309 1.64745562315423e-16)
(0.822690073252798 -0.010362297083291 1.84839249362276e-17)
(0.886629013513793 -0.0128292187612321 3.37891571517754e-17)
(0.946659274429036 -0.0146671146543473 6.56467846163495e-17)
(1.01802704476374 -0.0166517658231187 -8.10974128208691e-17)
(1.07778859009499 -0.0175785309493799 2.78268861381818e-16)
(1.16688331011649 -0.0172795088870199 2.04732985807599e-16)
(1.19879316098811 -0.00133046286950239 1.05144328014742e-16)
(1.18192538721484 -0.00104714893826406 5.05837701916339e-17)
(1.192585281381 -0.000219120131381976 1.44692478136892e-16)
(1.18603127318738 0.000130376104177995 -2.80391330285875e-16)
(1.18938938996929 0.000525380908961787 -4.30794600712073e-18)
(1.1866879971233 0.000663739647664686 1.08198864224229e-16)
(1.18738674203776 0.000823917994418398 1.29577645405987e-16)
(1.18599114033105 0.000895004517730282 -4.83441767287838e-18)
(1.18579123942348 0.000937183800520644 -2.95574081113939e-17)
(1.18481650696724 0.000939253290647479 -3.5098307486192e-17)
(1.18435473972303 0.000920403196202106 2.14577420103791e-17)
(1.18352993506068 0.000879229888277896 1.07011866137878e-17)
(1.18320049732015 0.000814947671628343 -1.45361473833676e-17)
(1.18268366810926 0.000549614715527473 1.12029973550438e-18)
(-0.269211451170583 0.00950648788904535 -7.25661581799153e-18)
(-0.267994524374072 0.01007552005996 -1.05218282077088e-17)
(-0.268723443734468 0.0116433127655947 -1.77902961531388e-17)
(-0.269606351258094 0.01246105444602 -2.23111854544343e-17)
(-0.270714021125485 0.012851067982906 6.1790587902686e-18)
(-0.271876932021932 0.0130172393150874 9.66964978675282e-20)
(-0.273073824093402 0.0130951479036834 3.44098209983866e-17)
(-0.27429338788295 0.0131442113530492 6.2737805928068e-18)
(-0.27553470237396 0.0131857811083899 6.72339503489287e-17)
(-0.276798888060932 0.013226035369278 7.31386163937463e-17)
(-0.278087613543772 0.0132666662878988 1.72707625403285e-16)
(-0.279401953381348 0.0133082696423843 1.41276003095256e-16)
(-0.280742571704064 0.013350827033297 8.9625382170338e-17)
(-0.282110887086035 0.013393536376814 -5.3284277502198e-17)
(-0.283508900411689 0.0134365613990776 -1.19072794038873e-16)
(-0.284938077313248 0.0134805384953172 4.52804800748492e-18)
(-0.286399056868424 0.0135259097586819 -1.06985256555437e-16)
(-0.287893041322719 0.0135719321055529 -3.1187993131761e-18)
(-0.289422240062286 0.0136184582775239 5.46745078697218e-17)
(-0.290988531689832 0.0136660239933319 9.18118298003764e-17)
(-0.292593004376164 0.0137152185430319 -4.56219708553977e-18)
(-0.2942369027581 0.0137654842446509 2.86814357667825e-17)
(-0.295922612878967 0.013816528689238 -8.60125093260926e-17)
(-0.297652457281016 0.0138691161803683 -9.10552616460165e-17)
(-0.299427877725326 0.0139240401640132 -1.06797147850402e-16)
(-0.301249584599759 0.0139812817065759 4.97620296216873e-18)
(-0.303119686567485 0.0140396002906698 1.00263090063121e-16)
(-0.305041389503954 0.0140992588456436 1.27613289531611e-16)
(-0.307017242797808 0.0141611955118374 7.5261461130205e-17)
(-0.309047880993382 0.0142266790198293 -5.0887263564007e-17)
(-0.311134587783039 0.014294388889563 -8.56998164264542e-17)
(-0.313280851770195 0.0143639401679519 1.80187001715505e-19)
(-0.315489814444931 0.014436439356399 1.53426474956963e-16)
(-0.317761972239767 0.0145141738447845 2.037753527351e-16)
(-0.320096299464091 0.0145963280815213 1.96404780836499e-16)
(-0.322495524991845 0.0146807130633772 -2.44829522525739e-16)
(-0.324963548693138 0.0147688523028472 -1.05540648976684e-17)
(-0.327500755708812 0.0148646640472584 -2.22285233787597e-17)
(-0.33010009781276 0.0149697280334993 2.07497040365776e-16)
(-0.33276037584343 0.0150776065296684 -4.33665220101746e-17)
(-0.335486513336693 0.0151894417527109 1.39596752887704e-17)
(-0.338278433407881 0.0153120162994503 2.52219839057516e-17)
(-0.341117283051679 0.0154523450142175 3.70323780976674e-16)
(-0.343990469258575 0.0155975451161998 -3.84697550081943e-17)
(-0.346901688042832 0.0157470327441328 1.76535486565851e-16)
(-0.349845898497872 0.015909383186101 -2.70888765617485e-16)
(-0.352794038038082 0.016097573340107 -3.25413936197047e-16)
(-0.35570200037959 0.0163033176656334 -3.16574684213631e-16)
(-0.358555639147318 0.016511448774672 -2.37387357924175e-16)
(-0.36134455772639 0.0167307347028203 3.72099851888839e-16)
(-0.364026252272631 0.0169879208875103 2.6646462866842e-16)
(-0.366480283689672 0.0172899596991607 -1.24934366301748e-17)
(-0.36864296646841 0.0175865949185665 3.13196714071796e-17)
(-0.370496878102808 0.0178814169899824 -8.70494660374271e-17)
(-0.371985031200729 0.0182257179436847 2.405546925375e-17)
(-0.372828502981606 0.018709596780519 1.71618054766307e-16)
(-0.37262051447074 0.0193087696345487 5.58090105264008e-16)
(-0.370940038327294 0.0199953729641284 5.02233470848296e-17)
(-0.367368730500177 0.0209215101654104 6.47202911397788e-17)
(-0.360530296067048 0.0223400904319532 -1.2460762102725e-16)
(-0.34892421559151 0.0238246575022 -4.43247241430394e-16)
(-0.332284455267681 0.0250039557590052 1.98387985931504e-16)
(-0.310556232107411 0.0260315246128439 1.93765097212834e-16)
(-0.282740022910952 0.0270768461009513 1.05289903760411e-16)
(-0.248029010443195 0.0276885359358596 1.62866246485449e-16)
(-0.207189116958029 0.0275562648955992 4.41935559530446e-16)
(-0.161069377439447 0.0269869882499547 -3.13719216240288e-16)
(-0.109383111873715 0.0261345901485772 2.84967369571854e-17)
(-0.0524435618499415 0.0246254721017461 7.45140525951184e-16)
(0.00821051617042607 0.0224199862634636 4.14001250672627e-16)
(0.0714874281327198 0.0198209169121742 -4.25674231297249e-16)
(0.136977228293738 0.0168942253938512 -3.02883809912735e-16)
(0.203715051823468 0.0135679598774998 6.77833761645284e-17)
(0.270780673254456 0.0100450571672113 -3.12799188117981e-16)
(0.337759614406754 0.00642429222024977 8.0843983353239e-17)
(0.404228744148584 0.0027068860394983 -4.28953098427099e-16)
(0.469505822287649 -0.000893127991113698 3.80304154148147e-16)
(0.534431797192204 -0.00435419157059998 -9.37613349731355e-17)
(0.598127699008206 -0.00765657900188278 -3.57576079818346e-16)
(0.662200423509321 -0.0108008170932326 3.02038847615577e-16)
(0.724265920598576 -0.0135848816903596 -8.96141240236184e-17)
(0.79026124073513 -0.0162944599967773 5.85321535049323e-17)
(0.852023129903925 -0.0185043122219671 1.24305689943061e-17)
(0.925424173381067 -0.0208219638090515 -5.91934151567418e-17)
(0.986647492263952 -0.0222532331464844 2.38932661328642e-16)
(1.07879036944216 -0.0215759398031992 1.41780129874583e-16)
(1.11157139946545 -0.00132205083904808 1.34169738660869e-16)
(1.09319425452841 -0.000850904382931455 2.43652605378409e-17)
(1.10392952462794 -0.000229370647798758 6.85859493974891e-17)
(1.0969578252397 0.000133377945048499 -2.13080223553278e-16)
(1.1003507276537 0.000422771158167634 2.29342927225513e-17)
(1.09752194344191 0.000564395983117433 6.53896971958701e-17)
(1.09824389600889 0.000684545860821006 1.76125022040292e-16)
(1.09683983118358 0.000752689006299541 -7.60221205179035e-18)
(1.09668980455448 0.000783579041335529 -4.49259676929051e-17)
(1.09574436322088 0.000787857394090568 -3.49828067331409e-17)
(1.09533751294037 0.000770661610279551 6.64018184339481e-18)
(1.094559338766 0.000734892515554476 2.24555539481594e-17)
(1.09432256786229 0.000677430617604231 -1.2249673180574e-17)
(1.09395441440729 0.000473105321496604 1.90285637176484e-18)
(-0.327836351813186 0.0109855403166282 -6.678651020754e-18)
(-0.328759510625924 0.0118627890546719 -1.09935529383024e-17)
(-0.330161346783996 0.0136578095650086 -1.72391968418298e-17)
(-0.331452161151656 0.0145332992025166 -4.13155200318284e-18)
(-0.332685849124407 0.0149322148787534 5.92530538868807e-18)
(-0.333881950441392 0.0151002530431277 1.30165236654111e-17)
(-0.335078733310876 0.0151811687910515 2.36663897632421e-17)
(-0.33628912709078 0.0152343967569238 1.02107150622132e-17)
(-0.337519133652061 0.0152808387040569 5.99531294482085e-17)
(-0.338771187575591 0.0153264181336317 9.39317521664207e-17)
(-0.340046861501368 0.0153726329819746 1.70790377778334e-16)
(-0.341347146359776 0.0154199055280283 1.65155030249894e-16)
(-0.342672719854615 0.0154682021230823 7.36512920453688e-17)
(-0.344024835292703 0.0155169659465856 -4.64647007945522e-17)
(-0.345405241289993 0.0155663154576567 -1.42423607980161e-16)
(-0.346815333008113 0.0156167062401907 -3.22439156496159e-17)
(-0.348255892950921 0.0156684669354184 -8.76993666025829e-17)
(-0.349728068020801 0.0157210999233212 -1.48535614024696e-17)
(-0.351233791542528 0.0157745204492152 5.68669149874087e-17)
(-0.352774848238697 0.0158291200765443 5.55131876576475e-17)
(-0.354352413675761 0.0158853346829738 -6.04400231779164e-18)
(-0.355967765405423 0.0159427992833592 6.16841928072036e-17)
(-0.357623098607252 0.0160013335945499 -6.67237151406896e-17)
(-0.359320515316231 0.0160614987311042 -1.12421089055606e-16)
(-0.361061409957602 0.0161238797412588 -1.24822123951728e-16)
(-0.362846602617651 0.0161884882821603 -2.87868761563178e-17)
(-0.364678068309231 0.0162544644234155 1.2428620945794e-16)
(-0.366558686231527 0.0163220215582745 1.39632635562596e-16)
(-0.368490925702663 0.0163918536981094 9.42609318694733e-17)
(-0.370475695200648 0.0164649029346659 -5.82887252217963e-17)
(-0.372514232600051 0.0165402460049288 -8.4220667833721e-17)
(-0.374609590169269 0.016617641353114 1.30725628734694e-16)
(-0.376764720244135 0.0166979048003964 3.34779216353506e-17)
(-0.378980368253056 0.0167827074953342 1.78425097601047e-16)
(-0.381255734210444 0.016871480832683 2.57876099229969e-16)
(-0.383593285956322 0.0169626727477615 -3.15222070456264e-16)
(-0.385996482797269 0.0170574049011428 -8.01718003519584e-17)
(-0.388465805074924 0.0171585027598548 6.75423812217533e-18)
(-0.390995006368595 0.0172671192467289 1.87050387245494e-16)
(-0.393582958866286 0.017378557514086 -1.20391891580986e-16)
(-0.396233752551619 0.0174936772722876 -7.73944620793761e-17)
(-0.398947477583708 0.017617324567588 3.73871676205958e-17)
(-0.401706906649668 0.0177545746866157 2.50519396951979e-16)
(-0.404500061342521 0.0178958589220572 -1.12885616247169e-16)
(-0.40732979599559 0.0180407814664888 6.95371917706209e-17)
(-0.410190998951189 0.0181954128485344 -1.91168548376611e-16)
(-0.413057174611983 0.018369019962255 -2.49597974693209e-16)
(-0.41588657537442 0.0185551815961698 -1.20108410487936e-16)
(-0.418665157200103 0.0187425502078196 -1.53973189583531e-16)
(-0.421382077437081 0.018937306443007 2.77561195157609e-16)
(-0.423998515468182 0.0191584281861901 2.73942103910184e-16)
(-0.426399796688376 0.0194101851171605 -5.53141746154018e-17)
(-0.428524602119247 0.0196546981826001 1.89179156908994e-17)
(-0.430355153647288 0.019894431331353 -5.98240194480466e-17)
(-0.431840747132296 0.0201656062598373 2.83333780516934e-17)
(-0.432717059349077 0.0205320655082624 1.37121371836591e-16)
(-0.432605699388427 0.0209712728265683 4.63005672044459e-16)
(-0.431121227313711 0.0214586096470497 1.05811429524151e-16)
(-0.427899519970028 0.0220994046720914 5.08401511359187e-17)
(-0.42163233602362 0.0230683790118746 -1.11807578438616e-16)
(-0.410847150005717 0.0240337358314028 -2.37618031063001e-16)
(-0.395282795849068 0.0247180238990851 2.98444612417019e-16)
(-0.374901763914939 0.0252323105627703 2.94978252865171e-16)
(-0.34873456925365 0.0256926474367888 2.46473802724756e-16)
(-0.315971723299203 0.0257564182763659 2.007287027716e-16)
(-0.27736603146055 0.0252025316012893 3.80688828886725e-16)
(-0.23376381467473 0.0242674699544285 -2.571669606805e-16)
(-0.184860741504367 0.023062795575493 1.77453530810369e-16)
(-0.130928740714218 0.02131485138294 6.78331881157816e-16)
(-0.0734697573259056 0.0190125758273561 4.75252406664859e-16)
(-0.0135411333084007 0.0163918799191874 -3.57168529267444e-16)
(0.0484887683195813 0.0135061895746143 -3.26035296755418e-16)
(0.111686969928859 0.010312219456376 1.02399536234196e-16)
(0.175150486760514 0.00697255079347139 -4.01039261622231e-16)
(0.238498576229466 0.00356205974980884 1.40617680418425e-16)
(0.301307594265156 8.96984624989883e-05 -3.96140298426849e-16)
(0.362906676520994 -0.00328394670855937 4.500836018078e-16)
(0.424105035194035 -0.00654337152693468 -1.12202547379833e-16)
(0.484058748779 -0.0096811607450134 -3.28264141485146e-16)
(0.54427450447965 -0.0126870148696216 2.85878012579271e-16)
(0.602475390007575 -0.015434254626021 -2.02564454964802e-16)
(0.664292983323783 -0.0181182934610804 8.38740129671151e-17)
(0.721939548556769 -0.0204716406527595 -3.53215526993314e-17)
(0.79047835195163 -0.022889018523862 -4.18291384899201e-17)
(0.847373723045452 -0.0246847615200013 2.04912462970193e-16)
(0.934201447950745 -0.023739401067531 7.91444570784772e-17)
(0.964849365518255 -0.00118320805057825 1.06158719222637e-16)
(0.946552960583619 -0.000570552228728487 -2.82572508775779e-18)
(0.956488530107655 -0.000220444811480144 4.29091934961029e-19)
(0.949803347277889 0.000122219529803634 -1.89483044426125e-16)
(0.952960462284867 0.000282617176947112 7.16360695458652e-17)
(0.950290787674912 0.000412989273336708 5.24635212143742e-17)
(0.950990565373614 0.000483365305843571 1.67137503581466e-16)
(0.949714020527953 0.000542429509924991 -1.23675517782577e-17)
(0.949630646896623 0.000559489876719886 -2.6931738327173e-17)
(0.94880185997812 0.000565885098509526 -2.08340210183243e-17)
(0.948484306771041 0.000552364162931385 -7.22551904804694e-18)
(0.947815797087246 0.000526235038975675 1.80334384465061e-17)
(0.947663748381923 0.000483238374522175 -1.10327057059578e-17)
(0.947382265820624 0.000357839457770543 1.10614452721306e-18)
(-0.31697384015239 0.0111099406913562 -5.20895227653575e-18)
(-0.320323613969809 0.0122454942637077 -1.05096542132028e-17)
(-0.322268813028435 0.013876489674031 -2.2660877838231e-17)
(-0.323794958138013 0.0146186500894008 -1.31412230223892e-17)
(-0.324997583707662 0.0149396781867991 1.25159780619367e-17)
(-0.326082962657304 0.0150753732560371 -9.26642556831752e-18)
(-0.327141839302004 0.0151449567408421 -2.7337315475819e-19)
(-0.328205993600053 0.0151945596158471 1.15254291929166e-17)
(-0.329286117973155 0.0152397519250337 4.36420796106366e-17)
(-0.330385271695477 0.0152847473755878 1.04467590863599e-16)
(-0.331504718474076 0.015330520900282 1.20732031190563e-16)
(-0.332645211208079 0.0153772982219837 1.56614003954175e-16)
(-0.333807310920364 0.0154250486418877 6.8613908057007e-17)
(-0.334992010191472 0.0154734408141818 -3.42050891405366e-17)
(-0.336200700306865 0.0155225585313682 -1.12737613159474e-16)
(-0.337434567235996 0.0155726825548329 -4.86174225537238e-17)
(-0.338694363788766 0.0156240320539633 -8.70248257482327e-17)
(-0.339981057194221 0.0156763238891267 -6.13406668362526e-17)
(-0.341296192800645 0.0157295302204568 7.5508016450204e-17)
(-0.342641280987332 0.0157838993202196 -2.02423691261587e-19)
(-0.344017394604856 0.0158397175853903 -1.10970596126305e-18)
(-0.345425660197608 0.0158967859221824 2.93223718534722e-17)
(-0.346867895490408 0.0159550205750685 -5.43004092379661e-17)
(-0.348345824595243 0.016014780282869 -1.36015220677201e-16)
(-0.3498606421374 0.0160764328493881 -1.52941938103764e-16)
(-0.351413107630218 0.0161400105965889 -3.15332367960894e-17)
(-0.353004868166227 0.0162050138992589 7.92529401506239e-17)
(-0.354638270824584 0.016271607886874 1.60636235050207e-16)
(-0.356315443029675 0.0163402235829901 1.24880120737673e-16)
(-0.358037313401119 0.0164114704314733 -7.6082867059969e-17)
(-0.359804924535824 0.0164847979326077 -2.32567925501834e-17)
(-0.361620714268232 0.0165601003245863 1.64709279880044e-16)
(-0.363487174378456 0.0166378810014729 -1.15834491415303e-17)
(-0.365405093459604 0.016719177663086 1.63724984752594e-16)
(-0.367373860281329 0.0168036534864421 1.81167241100715e-16)
(-0.369395487628544 0.0168903848232549 -3.05573393216647e-16)
(-0.37147278303417 0.0169800786741583 -1.50335179530612e-16)
(-0.373606263030447 0.0170744120246003 1.81054925315309e-17)
(-0.375790830023347 0.0171741017367738 2.35931151620177e-17)
(-0.378025500691158 0.0172762176846354 -7.42552008139067e-17)
(-0.380313440717807 0.017381356404695 -3.52387721827418e-17)
(-0.382654936980737 0.0174923089716366 4.43281882017801e-17)
(-0.385035714385479 0.017612156354922 1.56115319671283e-16)
(-0.38744551594543 0.0177347930171781 -8.79160212850707e-17)
(-0.389886460541139 0.0178600885485442 -1.40581443313461e-17)
(-0.392354179264822 0.017991472077614 -1.18390329238608e-16)
(-0.394826938811019 0.0181343325575677 -1.81286963302052e-16)
(-0.397269266659181 0.0182843242421796 -8.66037651290237e-17)
(-0.399668953531179 0.0184342701073656 -8.79167087453891e-17)
(-0.402016459336783 0.0185877311650621 2.12212618114066e-16)
(-0.40428026446549 0.0187554384143638 2.68137205997709e-16)
(-0.406362718625169 0.0189391655742267 -1.36619602475871e-17)
(-0.408211269399632 0.0191145777579266 3.86720321316833e-17)
(-0.409810459074667 0.0192833063959812 -3.87114723111775e-17)
(-0.411120568802832 0.0194653998055827 3.22115445038338e-17)
(-0.411918789956057 0.0196970797630187 9.81402015793934e-17)
(-0.411889636737565 0.01995886919276 2.64805282604716e-16)
(-0.410715504147915 0.0202316882594587 1.28765162173132e-16)
(-0.40811247303566 0.0205715795013474 -6.17712341092649e-17)
(-0.402973675441095 0.0210726263469747 -2.45009095975172e-16)
(-0.394020570632796 0.0215131457322902 -1.72521188485696e-16)
(-0.381026930512551 0.0217224070356206 1.5640333598941e-16)
(-0.363974065951265 0.0217662236420909 2.81416022960148e-16)
(-0.34203012483241 0.0217055921766234 2.90982893718679e-16)
(-0.314479530420995 0.0213217285934659 5.33403427616314e-17)
(-0.281973877783203 0.0204902501019772 1.82828979161002e-16)
(-0.245257674426124 0.0193660493103138 -2.20494796002992e-16)
(-0.204054044839951 0.0180145876536886 1.81683304530062e-16)
(-0.158574157041905 0.0162714632382887 4.7799572736489e-16)
(-0.110114060674831 0.0141503810809413 4.00705035812378e-16)
(-0.0595838256304908 0.0118080082802748 -3.01479861168057e-16)
(-0.00728229358861778 0.0092816015901441 -3.52034247078766e-16)
(0.0459909564581378 0.00655461120336311 3.98082176152377e-18)
(0.0994522596042653 0.00373970910311288 -3.47343435620756e-16)
(0.152785711285269 0.000884530249000803 -4.63051480531034e-17)
(0.20562046489584 -0.0019983891798774 -3.74712669813106e-16)
(0.257370091811473 -0.00480743323447695 2.90099491817483e-16)
(0.308728367197137 -0.00753523693232889 -1.33851048399833e-16)
(0.358967568605154 -0.0101831084172406 -1.48176417126089e-16)
(0.409361202889475 -0.0127371634534125 2.79259927187286e-16)
(0.457952027555451 -0.0151372308361557 -1.79934638850337e-16)
(0.509529211792747 -0.0174962229695646 1.11976393985706e-16)
(0.557426324429257 -0.0196836800619484 6.24790940699776e-17)
(0.614451464756012 -0.0219118981288996 -2.68810126266977e-17)
(0.661507046048304 -0.0237885357217361 1.75592751284305e-16)
(0.734687080524237 -0.0227989491959801 1.64846118156178e-17)
(0.760257580885649 -0.000915787873897775 8.05098831050192e-17)
(0.743879833037404 -0.000284431416459552 -3.16225545148312e-17)
(0.752154627512887 -0.000185106583887812 -6.02980448494276e-17)
(0.746451834836102 9.48230058308703e-05 -1.65963472961735e-16)
(0.74909811315352 0.000141761991864151 5.21445595416861e-17)
(0.746856132362263 0.000245555366942721 3.25806420113757e-17)
(0.747470748186901 0.00027098571049518 1.32258267993424e-16)
(0.746436073376275 0.00031531250235553 1.07427938962481e-17)
(0.746414706787242 0.000320344264272514 -3.73114688417177e-17)
(0.745767364091416 0.000327475039969553 -2.26208791034787e-17)
(0.745552356669349 0.000318687826136056 -7.17359959121875e-18)
(0.745037461848466 0.000303238848289095 1.60829715688104e-17)
(0.744949215160941 0.000275821069493513 -1.06988246136413e-17)
(0.744693265558741 0.000217711028233793 3.3427884990291e-19)
(-0.239264127580395 0.00910576028470249 -5.13292219176336e-18)
(-0.24436856302012 0.0102357591377606 -1.1459800332988e-17)
(-0.246363302596912 0.0113094098295167 -1.85878641138523e-17)
(-0.247747170265015 0.0117601794119061 -1.33862366759454e-18)
(-0.248688013641226 0.0119431857268546 2.12536867113639e-17)
(-0.249488498905815 0.0120230735310606 -4.32920097186551e-18)
(-0.250255261739561 0.0120690099505851 -3.63635338500427e-18)
(-0.251023136220051 0.0121055876641135 6.58744464231315e-18)
(-0.251802371310912 0.0121405654798435 2.04710448996581e-17)
(-0.252595332493362 0.0121758603941395 6.62654564944767e-17)
(-0.253402713880648 0.0122118522185013 6.95973381873086e-17)
(-0.25422492596353 0.0122486064358213 3.99434664271868e-17)
(-0.255062312551355 0.0122861072249117 5.36829286380574e-18)
(-0.255915523212508 0.0123242107020162 -2.49102458364438e-17)
(-0.256785498307417 0.0123629707214548 -1.04482906079588e-16)
(-0.257673073909187 0.0124025190795033 -5.08430676378218e-17)
(-0.258578801242057 0.0124429729740381 -1.00463794455373e-16)
(-0.259503340796403 0.0124842157581804 -1.02938564171005e-17)
(-0.260447738193842 0.0125262577167566 8.4002517798934e-17)
(-0.261413056026797 0.0125692206825945 1.76920703651917e-17)
(-0.262400068737556 0.0126132545456873 -1.00497297958366e-17)
(-0.263409567635803 0.0126582840542913 8.618929567348e-18)
(-0.264442813477286 0.0127042940896032 -5.06668808857617e-17)
(-0.265500994780337 0.0127514636077852 -1.74650886643866e-16)
(-0.266584945283171 0.0127999675716752 -7.783294062889e-17)
(-0.267695195150483 0.0128498380576706 -4.8375650406481e-17)
(-0.268832876076772 0.0129008708466047 4.41452940098366e-17)
(-0.269999601385527 0.0129531746720045 1.05831534974116e-16)
(-0.271196891931971 0.0130069496609727 8.53511824803169e-17)
(-0.272425446433905 0.0130624989395703 -3.24796343292778e-17)
(-0.273685959379124 0.0131195800894976 2.12054354270367e-17)
(-0.274980078793165 0.0131781841633678 1.43106214980929e-16)
(-0.276309571490275 0.0132385420406926 5.92872006632583e-18)
(-0.277675055425262 0.0133011327369345 1.32804574768667e-16)
(-0.27907606918912 0.013365804852895 4.01657309974606e-17)
(-0.280513990634678 0.0134321655004353 -2.29155874966967e-16)
(-0.281990777082426 0.0135005546585171 -8.47449101026036e-17)
(-0.283506887731243 0.0135716739373729 6.76410246573653e-17)
(-0.285058725465358 0.013645840327953 -8.48586574531598e-17)
(-0.286645553066267 0.0137216829265169 -4.29696224244605e-17)
(-0.288269543985562 0.0137995456012451 4.47393543050027e-18)
(-0.289931154731431 0.0138805167735631 5.10646279419563e-17)
(-0.291620372982261 0.0139659188069942 8.56188393295021e-17)
(-0.293329830845103 0.0140527878361767 -7.34369226624444e-17)
(-0.295061058259288 0.0141411895641038 -8.73408908287868e-17)
(-0.296811173185698 0.0142323955630831 -4.88917499672877e-17)
(-0.298565322240011 0.0143285120822799 -1.04167982883612e-16)
(-0.300298313552985 0.0144271884577491 -5.08121869872016e-17)
(-0.302001579673612 0.0145250489459675 -4.80123509061747e-17)
(-0.303668636503139 0.0146234972677372 1.59857230950241e-16)
(-0.305278570066547 0.0147264689382553 1.74115565363553e-16)
(-0.306762143831247 0.0148338692171555 1.64655788041604e-17)
(-0.308082194106634 0.0149338991206702 1.54309415020062e-17)
(-0.309228383927769 0.0150274600194624 -2.07058285029941e-17)
(-0.310176057245746 0.0151215131128516 3.67118309847731e-17)
(-0.310770225605596 0.0152292141635868 5.76636731350005e-17)
(-0.310792735065731 0.0153366161696082 4.17479245127358e-17)
(-0.310027014019827 0.0154316310533846 8.90622370630077e-17)
(-0.308292783546725 0.0155315256016406 -4.6264615803472e-17)
(-0.304816337490007 0.0156651194417543 -1.48229361402099e-16)
(-0.298682522074857 0.0157174003564814 -1.07807290549363e-16)
(-0.289733139073096 0.0156132639819814 4.19566459323796e-17)
(-0.277967679805041 0.0153803267192133 1.61911482350908e-16)
(-0.262797909589329 0.0150356054629513 1.45581113131681e-16)
(-0.243702913412014 0.014474466402937 3.05754537438419e-17)
(-0.221147621937786 0.0136532951135719 1.35866142839056e-16)
(-0.195671590020444 0.0126499068988691 -2.0972720229217e-16)
(-0.167068509536817 0.0114898349815761 1.89239477008275e-16)
(-0.13547226485828 0.0101038053202761 2.84285968466695e-16)
(-0.101803498154215 0.00851723676030816 3.21162260757783e-16)
(-0.066707497664794 0.00681025685863483 -2.57107828301215e-16)
(-0.0303838286422751 0.0050029796242641 -2.38848161764759e-16)
(0.00660382315513218 0.0030974558685411 -8.53440998229521e-17)
(0.0436964843238145 0.00115500551985722 -3.67234823458994e-16)
(0.0806773305965987 -0.000801631496421693 -3.05973262533482e-17)
(0.117281608626105 -0.00276110298061598 -2.20449072871049e-16)
(0.153086327581347 -0.00467469917638232 1.96055027392977e-16)
(0.188584244942823 -0.00654314996056704 -1.59931155989851e-16)
(0.223253398592609 -0.00836910691201292 -1.66568286775165e-17)
(0.257990745216683 -0.0101447023672656 1.39725776758237e-16)
(0.291395190747646 -0.0118502712345295 -1.47819868394458e-16)
(0.326847504704351 -0.0135445122110317 1.42883132434024e-16)
(0.359605939091354 -0.0151740701954805 3.55697463759032e-17)
(0.398705916103685 -0.0168491130709696 -1.49072528862465e-17)
(0.430731658521572 -0.0183668109328419 1.50497725740291e-16)
(0.481805881884337 -0.0176119253948912 1.0963882772834e-17)
(0.499401678300711 -0.000528632926128059 5.77191768786789e-17)
(0.487165026034432 -5.15562927248263e-05 -6.23270051086426e-17)
(0.492897595707752 -9.73533036438293e-05 -4.51153145029952e-17)
(0.488883302132879 7.35114525509068e-05 -9.31536365352145e-17)
(0.490727844917428 5.51456339709155e-05 5.71985592474789e-17)
(0.489172053793447 0.000115738961847108 1.99492033458434e-17)
(0.489619432067041 0.000112324509950158 9.99376775978855e-17)
(0.488924068889212 0.000135779959431286 3.40501508370587e-17)
(0.488940099514585 0.000132318212502801 -2.12678613267688e-17)
(0.488520266810938 0.000136031483871783 -1.69019355602402e-17)
(0.488402503386246 0.000130125432970521 -6.72903409670374e-18)
(0.488071085990972 0.000121949548476984 3.41787530625129e-18)
(0.48802130969549 0.000105753138495071 -1.12926180204953e-17)
(0.48774447333838 7.59388060513014e-05 8.8387010844456e-20)
(-0.0986037295500152 0.0039805330400884 -1.82950130680941e-18)
(-0.102633348521203 0.00460742703408065 -4.00770434802956e-18)
(-0.103727785825812 0.00480744639071746 -5.38001400995831e-18)
(-0.104417114656268 0.00490785876564723 1.23828322340593e-19)
(-0.104823529437791 0.00494334434206258 7.02425663248267e-18)
(-0.105152434977667 0.00496303864981193 -3.83181188112283e-19)
(-0.105464355311536 0.00497810421777226 -6.29067328265899e-19)
(-0.105776832193743 0.00499219478671327 1.33426603672355e-18)
(-0.106094305662095 0.00500635679260726 -8.12287811947848e-18)
(-0.106417486937875 0.00502077994311368 3.66244171316903e-17)
(-0.106746473355465 0.00503548661719855 2.46051080682959e-17)
(-0.107081346866367 0.00505047611812887 3.18975624088597e-17)
(-0.107422202273511 0.00506575217435387 3.88954509270525e-19)
(-0.107769276081686 0.00508129517166657 -8.24701969685748e-18)
(-0.108122939236383 0.00509712634342744 -3.26016377440388e-17)
(-0.108483527216802 0.00511326866827739 -3.39014070045437e-17)
(-0.108851250922692 0.00512975185363859 -3.13344314860382e-17)
(-0.109226355078688 0.00514655984955282 -6.07590121407577e-18)
(-0.109609248714326 0.00516370915921289 3.39437624564288e-17)
(-0.110000359191258 0.00518122411031373 5.89308991538868e-18)
(-0.110399988844597 0.00519914062716127 -2.33134545319323e-17)
(-0.110808436981713 0.00521745225051337 -1.43334772621631e-19)
(-0.111226205710147 0.00523616883587138 -3.74957505670464e-17)
(-0.111653765804509 0.00525532927983743 -5.34091869859822e-17)
(-0.112091439995531 0.00527496376660048 -3.06774823320303e-17)
(-0.112539412849927 0.0052950873749976 -3.35245972001452e-17)
(-0.112998119653403 0.00531567503068939 1.37320771023221e-17)
(-0.113468200373525 0.00533676752136869 6.12685967905517e-17)
(-0.11395027694627 0.00535839522536857 5.46600384879604e-17)
(-0.114444620111941 0.00538062398940918 -6.34053662570818e-18)
(-0.114951469385617 0.00540340992931855 5.87416559672857e-17)
(-0.115471468341315 0.00542677686015396 4.62350790503305e-17)
(-0.116005343491966 0.00545075971290461 3.08122478052105e-18)
(-0.116553352652397 0.00547543889935472 4.90372640480943e-17)
(-0.117115253855595 0.00550078509652822 -2.90357488980359e-17)
(-0.117691589576121 0.00552674375375106 -6.62431378589949e-17)
(-0.118283169460381 0.00555338353366482 -2.68532704502914e-17)
(-0.118890238214827 0.00558077077685414 8.09315746063536e-18)
(-0.119511274676391 0.00560895773735038 -1.17086806134985e-16)
(-0.120145952488766 0.0056376718361868 -1.4209830090382e-17)
(-0.12079519149729 0.00566702861048844 4.51548062649511e-17)
(-0.121459364297884 0.00569706994427742 5.9583049314447e-17)
(-0.122134377668654 0.0057279869208666 2.72922745565699e-17)
(-0.12281717476315 0.00575913505063396 -6.30752701899039e-17)
(-0.123508518363534 0.00579062205657636 -2.9260191575929e-17)
(-0.124207458350094 0.00582245994505144 2.27749445099949e-17)
(-0.12490824549957 0.00585478871600007 -3.30423377924277e-17)
(-0.125600599063964 0.00588698446910932 -1.66689426481786e-17)
(-0.126281237313615 0.0059183972220071 -1.4730179321438e-17)
(-0.126947912155126 0.00594914999601788 9.29606845892144e-17)
(-0.127593051255444 0.00597926176112941 9.03749968936539e-17)
(-0.128188572179323 0.00600826289986962 3.89537151305663e-17)
(-0.128719662605986 0.00603363645558921 4.07192448936816e-17)
(-0.129182854935401 0.00605574258170203 -6.0417394506246e-18)
(-0.129570454637442 0.00607421992305681 4.28328030459326e-17)
(-0.129821752956585 0.0060894245688947 1.88219746911943e-17)
(-0.12985156486248 0.00609579943909856 -3.0505034690719e-18)
(-0.129577107444555 0.00608947683144918 2.49177352231909e-17)
(-0.128937288849268 0.00606783907396873 -1.35811850137497e-17)
(-0.127626871338717 0.00602831798661296 -5.17394395784854e-17)
(-0.125274963339588 0.00594332556032659 -3.52470220343516e-17)
(-0.121821313283594 0.00580237979686081 8.81578235935921e-18)
(-0.117273673642775 0.00560896417968699 4.93020068676348e-17)
(-0.111396949077487 0.0053604199783992 5.5762238728603e-17)
(-0.103975691278787 0.00503640566575985 1.46763546814096e-17)
(-0.0951979409956407 0.00463745145959212 9.25623114583631e-17)
(-0.08528535546737 0.00418106831283196 -6.51204808614595e-17)
(-0.0741497871364826 0.00366934841090893 6.13335714407186e-17)
(-0.0618367715262501 0.00309359524312164 9.36911284415046e-17)
(-0.0487151953193823 0.00246945279604323 1.07059043641623e-16)
(-0.0350425498884283 0.00181525988330204 -8.32747882853314e-17)
(-0.0208918948760175 0.00113601092071939 -1.25527944146465e-16)
(-0.00648648725020437 0.000437125401291485 -2.89500621589838e-17)
(0.00794940175131136 -0.000265264154827265 -1.00547386368882e-16)
(0.02233282914568 -0.000967236776806638 -1.07771963612597e-17)
(0.0365583935760547 -0.00166349821419171 -7.26839336304852e-17)
(0.0504532316064644 -0.00234525688503453 1.09819460446648e-16)
(0.0642169622673473 -0.00301428671697745 -5.21050856850899e-17)
(0.0776355287275734 -0.00367383071710771 7.68619133118595e-18)
(0.0910703176557987 -0.00431789339661715 2.10216831267064e-18)
(0.103947084443364 -0.00495437072174261 -9.6706845742073e-18)
(0.11762560416974 -0.00558643968925961 4.69028142386346e-17)
(0.130180580337894 -0.00622526590158219 1.19033167367412e-17)
(0.145241347617838 -0.00686823949412094 -4.93924165896727e-18)
(0.157458654951994 -0.00752161824174992 1.02694199556772e-17)
(0.177725233761926 -0.00712507060922268 3.67708672470246e-18)
(0.18451129481136 -7.89482463980429e-05 3.71757684665584e-17)
(0.179188067403688 0.000168314439037824 -3.85848621618681e-17)
(0.181449013407703 7.88079082550128e-05 -1.64261489804118e-17)
(0.179850846029023 0.000129612271873345 -3.36828382784699e-17)
(0.180581365339917 9.03818091460004e-05 1.80043831371523e-17)
(0.179969946025615 0.000101013870751517 6.63492919082427e-18)
(0.180153924443833 8.12576774819208e-05 4.19574799514092e-17)
(0.179888501045771 7.86947953962643e-05 1.92718728179202e-18)
(0.179905791088211 6.51507891263804e-05 -6.24022459315086e-18)
(0.179750979001177 5.70866894608067e-05 -5.74906641094626e-18)
(0.179715733228111 4.5685750097574e-05 -6.62264941672233e-18)
(0.179594372109247 3.45148819157145e-05 3.17293759424539e-18)
(0.179577102236093 2.10845935922285e-05 -4.1404372274795e-18)
(0.179410338056241 5.96655372293703e-06 4.22412291427166e-21)
)
;

boundaryField
{
    dieWall
    {
        type            fixedValue;
        value           uniform (0 0 0);
    }
    outlet
    {
        type            pressureInletOutletVelocity;
        value           nonuniform List<vector> 9((1.08273500760037 0.000323868906086456 1.22656505182004e-18) (1.17925444638145 0.000628300788171664 6.03827839798077e-19) (1.21177532793069 0.000597747688633077 9.5169613079382e-19) (1.18268366810926 0.000549614715527473 1.12029973550438e-18) (1.09395441440729 0.000473105321496604 1.90285637176484e-18) (0.947382265820624 0.000357839457770543 1.10614452721306e-18) (0.744693265558741 0.000217711028233793 3.3427884990291e-19) (0.48774447333838 7.59388060513014e-05 8.8387010844456e-20) (0.179410338056241 5.96655372293703e-06 4.22412291427166e-21));
    }
    Wire
    {
        type            timeVaryingMappedCoupledVelocity;
        fieldTable      U;
        value           nonuniform List<vector> 
100
(
(0.90886274688047 0 0)
(0.908879454241669 0 0)
(0.908893083655942 0 0)
(0.908903841994065 0 0)
(0.908913872084779 0 0)
(0.908926239767209 0 0)
(0.908940573685358 0 0)
(0.90895543443723 0 0)
(0.908970010999765 0 0)
(0.908984321694564 0 0)
(0.908998572583342 0 0)
(0.909014944387097 0 0)
(0.909032336216318 0 0)
(0.909049715347471 0 0)
(0.90906868424503 0 0)
(0.909089002945635 0 0)
(0.909111243819022 0 0)
(0.909134079217587 0 0)
(0.909156903735491 0 0)
(0.909182015094323 0 0)
(0.909208733832891 0 0)
(0.909236910272864 0 0)
(0.909268070659382 0 0)
(0.909302204003553 0 0)
(0.909337807599106 0 0)
(0.909374882238782 0 0)
(0.909413728800263 0 0)
(0.909454206567529 0 0)
(0.909497687270897 0 0)
(0.909546994537654 0 0)
(0.909600027091119 0 0)
(0.909654778505083 0 0)
(0.909714443214701 0 0)
(0.90978068897215 0 0)
(0.909851794257849 0 0)
(0.909928185380045 0 0)
(0.910012409749248 0 0)
(0.910103302351487 0 0)
(0.910201582730477 0 0)
(0.910308252166955 0 0)
(0.910423520556003 0 0)
(0.910549748721648 0 0)
(0.910687088120022 0 0)
(0.910835915843526 0 0)
(0.91099580146176 0 0)
(0.911165377873552 0 0)
(0.911350026484886 0 0)
(0.911552636886134 0 0)
(0.911769373079701 0 0)
(0.911999079101711 0 0)
(0.912242137958746 0 0)
(0.912503934448456 0 0)
(0.912779376028745 0 0)
(0.91306605231081 0 0)
(0.913380379721801 0 0)
(0.913684967354914 0 0)
(0.914090139264774 0 0)
(0.914853956409873 0 0)
(0.916138467592308 0 0)
(0.917984840355073 0 0)
(0.920216361342994 0 0)
(0.922593940226637 0 0)
(0.924993982426221 0 0)
(0.92735822760746 0 0)
(0.929683685900063 0 0)
(0.93200187207631 0 0)
(0.934322939783963 0 0)
(0.936657690457753 0 0)
(0.939007786547659 0 0)
(0.94137360014503 0 0)
(0.943762943668797 0 0)
(0.946191096044091 0 0)
(0.94867234443482 0 0)
(0.951205225186272 0 0)
(0.953793110960577 0 0)
(0.956448760295782 0 0)
(0.959184469695332 0 0)
(0.961986719916313 0 0)
(0.96484681563623 0 0)
(0.967779827226892 0 0)
(0.970784262788409 0 0)
(0.973836098568345 0 0)
(0.976926817801555 0 0)
(0.980053423700846 0 0)
(0.98319719622398 0 0)
(0.986307110678871 0 0)
(0.989275446260226 0 0)
(0.992006083706339 0 0)
(0.994483540503676 0 0)
(0.996550172895512 0 0)
(0.998069841200343 0 0)
(0.999137340339869 0 0)
(0.999860451086513 0 0)
(1.00031215185024 0 0)
(1.00061778150701 0 0)
(1.000843456029 0 0)
(1.00102953829949 0 0)
(1.00120379113256 0 0)
(1.0013616374401 0 0)
(1.00150036252425 0 0)
)
;
    }
    inlet
    {
        type            pressureInletOutletVelocity;
        value           nonuniform List<vector> 9((0.694666047603178 0 0) (0.342643105671569 0 0) (0.0645062033832126 0 0) (-0.139211246414326 0.00724589329300912 -6.46547002936799e-18) (-0.269211451170583 0.00950648788904535 -7.25661581799153e-18) (-0.327836351813186 0.0109855403166282 -6.678651020754e-18) (-0.31697384015239 0.0111099406913562 -5.20895227653575e-18) (-0.239264127580395 0.00910576028470249 -5.13292219176336e-18) (-0.0986037295500152 0.0039805330400884 -1.82950130680941e-18));
    }
    back
    {
        type            wedge;
    }
    front
    {
        type            wedge;
    }
}


// ************************************************************************* //
