/*--------------------------------*- C++ -*----------------------------------*\
  =========                 |
  \\      /  F ield         | OpenFOAM: The Open Source CFD Toolbox
   \\    /   O peration     | Website:  https://openfoam.org
    \\  /    A nd           | Version:  8
     \\/     M anipulation  |
\*---------------------------------------------------------------------------*/
FoamFile
{
    version     2.0;
    format      ascii;
    class       vectorField;
    location    "0.0480000/polyMesh";
    object      points;
}
// * * * * * * * * * * * * * * * * * * * * * * * * * * * * * * * * * * * * * //


1414
(
(-0.003 0.000749179105100877 -3.27098661361583e-05)
(-0.002965 0.000749176919231341 -3.27097706990332e-05)
(-0.00293 0.000749172332071686 -3.27095704193175e-05)
(-0.002895 0.000749166387961183 -3.27093108938481e-05)
(-0.00286 0.00074915952200742 -3.27090111198329e-05)
(-0.002825 0.00074915201010534 -3.2708683143105e-05)
(-0.00279 0.000749143897928647 -3.27083289578216e-05)
(-0.002755 0.000749135072763417 -3.27079436427863e-05)
(-0.00272 0.000749125646142141 -3.27075320676129e-05)
(-0.002685 0.000749115751947573 -3.27071000777488e-05)
(-0.00265 0.000749105410153042 -3.27066485452482e-05)
(-0.002615 0.000749094538306333 -3.27061738701697e-05)
(-0.00258 0.000749083207466871 -3.27056791550349e-05)
(-0.002545 0.000749071499270394 -3.27051679641369e-05)
(-0.00251 0.000749059421608275 -3.27046406420207e-05)
(-0.002475 0.000749046870175388 -3.2704092634626e-05)
(-0.00244 0.0007490339196295 -3.27035272015813e-05)
(-0.002405 0.000749020616618165 -3.27029463795629e-05)
(-0.00237 0.000749006957903099 -3.27023500271842e-05)
(-0.002335 0.000748992820164632 -3.27017327601921e-05)
(-0.0023 0.000748978295679131 -3.27010986074599e-05)
(-0.002265 0.000748963410694914 -3.27004487150138e-05)
(-0.00223 0.000748948154981516 -3.26997826361821e-05)
(-0.002195 0.000748932381641036 -3.2699093957264e-05)
(-0.00216 0.00074891618543855 -3.26983868157918e-05)
(-0.002125 0.000748899587311085 -3.26976621258962e-05)
(-0.00209 0.000748882578403965 -3.26969195009735e-05)
(-0.002055 0.000748864921677793 -3.26961485916602e-05)
(-0.00202 0.000748846775321112 -3.26953563046171e-05)
(-0.001985 0.000748828141257575 -3.26945427238329e-05)
(-0.00195 0.000748809002435878 -3.26937071048314e-05)
(-0.001915 0.000748788999896268 -3.26928337750915e-05)
(-0.00188 0.00074876835665042 -3.26919324715131e-05)
(-0.001845 0.000748747046777279 -3.26910020623585e-05)
(-0.00181 0.000748725009092915 -3.26900398762796e-05)
(-0.001775 0.000748701763820891 -3.26890249657848e-05)
(-0.00174 0.000748677586450879 -3.26879693590131e-05)
(-0.001705 0.000748652402528525 -3.2686869805217e-05)
(-0.00167 0.000748626006839813 -3.26857173445591e-05)
(-0.001635 0.000748597774602017 -3.26844846984365e-05)
(-0.0016 0.000748568063694126 -3.26831874921833e-05)
(-0.001565 0.000748536735121796 -3.26818196571754e-05)
(-0.00153 0.000748503297129287 -3.26803597228935e-05)
(-0.001495 0.000748466918218775 -3.26787713853586e-05)
(-0.00146 0.000748427988946178 -3.26770716966102e-05)
(-0.001425 0.000748386291326949 -3.26752511392376e-05)
(-0.00139 0.00074834089683989 -3.26732691731298e-05)
(-0.001355 0.000748290558337662 -3.26710713466579e-05)
(-0.00132 0.000748235920112112 -3.26686857902115e-05)
(-0.001285 0.000748176600340129 -3.26660958330336e-05)
(-0.00125 0.000748110472395384 -3.26632086246134e-05)
(-0.001215 0.000748036209065463 -3.26599662176055e-05)
(-0.00118 0.000747954593509455 -3.26564028054742e-05)
(-0.001145 0.000747864989135613 -3.26524905940235e-05)
(-0.00111 0.000747762809365484 -3.26480293289135e-05)
(-0.001075 0.000747647569220778 -3.26429978355348e-05)
(-0.00104 0.000747519798432053 -3.26374192424228e-05)
(-0.001005 0.000747378349480087 -3.26312434478065e-05)
(-0.00097 0.000747214588700622 -3.26240934977636e-05)
(-0.000935 0.000747029247244482 -3.26160013150285e-05)
(-0.0009 0.000746819168520691 -3.26068290798628e-05)
(-0.000865 0.00074657934223733 -3.25963580381969e-05)
(-0.00083 0.000746270417655893 -3.25828700996837e-05)
(-0.000795 0.000745889748311336 -3.2566249717164e-05)
(-0.00076 0.000745431172279814 -3.25462278552324e-05)
(-0.000725 0.000744878934649606 -3.25221166395879e-05)
(-0.00069 0.000744186682680381 -3.24918922658812e-05)
(-0.000655 0.000743402058043117 -3.24576348143889e-05)
(-0.00062 0.000742527287711911 -3.24194415168999e-05)
(-0.000585 0.000741544728831717 -3.23765420697274e-05)
(-0.00055 0.000740455593723109 -3.23289894039307e-05)
(-0.000515 0.000739297722078798 -3.22784356361729e-05)
(-0.00048 0.000738077142653954 -3.22251439875893e-05)
(-0.000445 0.000736785704278007 -3.2168758570387e-05)
(-0.00041 0.000735464703697078 -3.21110824394408e-05)
(-0.000375 0.000734129920721709 -3.20528045561578e-05)
(-0.00034 0.000732791131482248 -3.19943517556069e-05)
(-0.000305 0.000731487397992046 -3.19374295221232e-05)
(-0.00027 0.000730227564438115 -3.18824240012506e-05)
(-0.000235 0.000729019930170823 -3.18296975504518e-05)
(-0.0002 0.000727911398187665 -3.17812979988227e-05)
(-0.000165 0.000726917389845748 -3.17378986573556e-05)
(-0.00013 0.000726025358710148 -3.16989517368714e-05)
(-9.50000000000001e-05 0.000725250367680625 -3.16651148977767e-05)
(-6.00000000000001e-05 0.000724670997377718 -3.16398190440585e-05)
(-2.5e-05 0.000724218099547728 -3.16200450977599e-05)
(9.9999999999999e-06 0.000723888067518145 -3.16056355881582e-05)
(4.5e-05 0.000723720672839088 -3.15983269786327e-05)
(8e-05 0.000723661930478731 -3.15957622317908e-05)
(0.000115 0.000723673929695238 -3.15962861288977e-05)
(0.00015 0.000723753249767356 -3.1599749318038e-05)
(0.000185 0.00072388735429343 -3.16056044480947e-05)
(0.00022 0.000724043450533385 -3.16124197571156e-05)
(0.000255 0.000724217914878296 -3.16200370349184e-05)
(0.00029 0.000724409203277512 -3.16283888667956e-05)
(0.000325 0.000724604784033784 -3.16369281070293e-05)
(0.00036 0.000724802609814795 -3.16455653671598e-05)
(0.000395 0.000724997917545426 -3.16540926868365e-05)
(0.00043 0.000725184191296952 -3.16622255744673e-05)
(0.000465 0.000725356798380683 -3.16697617624957e-05)
(0.0005 0.000725504977649163 -3.1676231409077e-05)
(-0.003 0.000774872679833271 -3.38316718356683e-05)
(-0.00296500112688215 0.000774569200973997 -3.38184216625196e-05)
(-0.0029300022537643 0.000774262760871097 -3.38050421986819e-05)
(-0.00289500338064644 0.000773954976690552 -3.3791604051147e-05)
(-0.00286000450752859 0.000773646406471508 -3.377813158443e-05)
(-0.00282500563441074 0.000773337259030774 -3.37646339156697e-05)
(-0.00279000676129289 0.000773027585128785 -3.37511132611147e-05)
(-0.00275500788817504 0.000772717369857043 -3.37375689698458e-05)
(-0.00272000901505718 0.000772406663504326 -3.37240032375184e-05)
(-0.00268501014193933 0.000772095548492851 -3.37104196627644e-05)
(-0.00265001126882148 0.000771784042838524 -3.36968190321751e-05)
(-0.00261501239570363 0.000771472130760593 -3.36832006567481e-05)
(-0.00258001352258578 0.000771159841363371 -3.3669565807205e-05)
(-0.00254501464946793 0.000770847224815908 -3.36559166739739e-05)
(-0.00251001577635007 0.000770534278947055 -3.36422531622604e-05)
(-0.00247501690323222 0.000770220977340397 -3.36285741186989e-05)
(-0.00244001803011437 0.000769907338889797 -3.36148803682133e-05)
(-0.00240501915699652 0.000769593397948329 -3.36011734106912e-05)
(-0.00237002028387867 0.000769279136467009 -3.35874524580969e-05)
(-0.00233502141076081 0.000768964521609928 -3.35737160767837e-05)
(-0.00230002253764296 0.00076864957146165 -3.35599650563406e-05)
(-0.00226502366452511 0.000768334314318354 -3.35462006322056e-05)
(-0.00223002479140726 0.000768018719955143 -3.35324214847312e-05)
(-0.00219502591828941 0.000767702744816908 -3.35186257122602e-05)
(-0.00216002704517155 0.000767386402050578 -3.35048138887999e-05)
(-0.0021250281720537 0.000767069718995799 -3.3490987208025e-05)
(-0.00209002929893585 0.00076675264572275 -3.34771434899526e-05)
(-0.002055030425818 0.000766435114721342 -3.34632797870284e-05)
(-0.00202003155270015 0.000766117142843781 -3.34493968350356e-05)
(-0.00198503267958229 0.000765798761824105 -3.34354960195124e-05)
(-0.00195003380646444 0.000765479888170957 -3.34215736951472e-05)
(-0.00191503493334659 0.000765160415476571 -3.34076252160768e-05)
(-0.00188003606022874 0.000764840356563211 -3.33936511421331e-05)
(-0.00184503718711089 0.00076451973690534 -3.33796525855555e-05)
(-0.00181003831399304 0.000764198422660542 -3.33656237026576e-05)
(-0.00177503944087518 0.000763876258889549 -3.3351557728645e-05)
(-0.00174004056775733 0.000763553245642798 -3.33374546657199e-05)
(-0.00170504169463948 0.000763229370145726 -3.33233139561327e-05)
(-0.00167004282152163 0.000762904396638618 -3.33091253063921e-05)
(-0.00163504394840378 0.000762578096993638 -3.32948787562215e-05)
(-0.00160004507528592 0.000762250463719205 -3.32805739785315e-05)
(-0.00156504620216807 0.000761921415750206 -3.32662074339428e-05)
(-0.00153004732905022 0.000761590538953188 -3.32517610409984e-05)
(-0.00149504845593237 0.000761257465733096 -3.32372187501516e-05)
(-0.00146004958281452 0.000760922145842244 -3.3222578367541e-05)
(-0.00142505070969666 0.000760584383334894 -3.32078313379909e-05)
(-0.00139005183657881 0.000760243473646067 -3.319294689953e-05)
(-0.00135505296346096 0.000759898837014036 -3.31778997392147e-05)
(-0.00132005409034311 0.00075955041712654 -3.31626873983985e-05)
(-0.00128505521722526 0.000759197752366926 -3.31472897224631e-05)
(-0.0012500563441074 0.00075883957854965 -3.31316515158756e-05)
(-0.00121505747098955 0.000758475060671725 -3.31157363216184e-05)
(-0.0011800585978717 0.000758104153587934 -3.30995421686086e-05)
(-0.00114505972475385 0.000757725791537171 -3.30830225247114e-05)
(-0.001110060851636 0.000757337796150355 -3.30660822802788e-05)
(-0.00107506197851815 0.000756939117967208 -3.30486756148855e-05)
(-0.00104006310540029 0.000756529720462517 -3.30308009338062e-05)
(-0.00100506423228244 0.000756107394242317 -3.30123617728173e-05)
(-0.00097006535916459 0.000755668426389723 -3.29931960224664e-05)
(-0.000935066486046738 0.000755210666568173 -3.29732097970319e-05)
(-0.000900067612928886 0.000754732218888429 -3.29523203202018e-05)
(-0.000865068739811034 0.000754221965011308 -3.29300421548039e-05)
(-0.000830069866693182 0.000753661736749382 -3.29055820606441e-05)
(-0.00079507099357533 0.000753040932465825 -3.28784771602623e-05)
(-0.000760072120457478 0.000752353689281344 -3.28484714748203e-05)
(-0.000725073247339626 0.000751581953418819 -3.28147767593861e-05)
(-0.000690074374221774 0.000750712945138893 -3.27768350384891e-05)
(-0.000655075501103922 0.000749757625874571 -3.273512489863e-05)
(-0.00062007662798607 0.000748723704464673 -3.26899829149804e-05)
(-0.000585077754868219 0.000747604032681919 -3.26410969891972e-05)
(-0.000550078881750367 0.000746403334223446 -3.25886733623513e-05)
(-0.000515080008632515 0.000745139151286675 -3.25334779433229e-05)
(-0.000480081135514663 0.000743820394794875 -3.2475899791424e-05)
(-0.000445082262396811 0.000742453393706653 -3.2416215234955e-05)
(-0.000410083389278959 0.000741056922744073 -3.23552439959843e-05)
(-0.000375084516161107 0.000739648480433732 -3.22937500766823e-05)
(-0.000340085643043255 0.000738243410322467 -3.22324033907717e-05)
(-0.000305086769925403 0.00073686169162251 -3.21720762494972e-05)
(-0.000270087896807551 0.000735517297032836 -3.21133787140707e-05)
(-0.000235089023689699 0.000734225220486681 -3.20569654337554e-05)
(-0.000200090150571847 0.000733009014913191 -3.20038647516461e-05)
(-0.000165091277453996 0.000731882297875931 -3.19546712234081e-05)
(-0.000130092404336144 0.000730848169600669 -3.19095202078217e-05)
(-9.50935312182922e-05 0.000729924415536041 -3.18691882343443e-05)
(-6.00946581004401e-05 0.000729130885541164 -3.18345419665417e-05)
(-2.50957849825882e-05 0.000728456265613909 -3.18050874244128e-05)
(9.9040954022669e-06 0.000727930728486833 -3.17821419779112e-05)
(4.49109457306765e-05 0.000727782235418403 -3.17756586305281e-05)
(7.9917796059086e-05 0.000727722483451871 -3.17730498033287e-05)
(0.000114924646387496 0.000727729015383671 -3.177333499363e-05)
(0.000149931496715905 0.000727789076093056 -3.17759573008336e-05)
(0.000184938347044315 0.000727889771182516 -3.17803537433857e-05)
(0.000219945197372724 0.00072801538398504 -3.17858381167853e-05)
(0.000254952047701134 0.000728157319994945 -3.17920351768104e-05)
(0.000289958898029543 0.000728310849881209 -3.17987384364093e-05)
(0.000324965748357952 0.000728470174219528 -3.18056946872487e-05)
(0.000359972598686362 0.000728630944682996 -3.18127140772755e-05)
(0.000394979449014771 0.000728789084541274 -3.18196186125994e-05)
(0.000429986299343181 0.000728939183317962 -3.1826172066719e-05)
(0.000464993149671591 0.000729070777730545 -3.18319176028539e-05)
(0.0005 0.000729139309412641 -3.18349097607133e-05)
(-0.003 0.000800638130250092 -3.49566156953326e-05)
(-0.0029650022537643 0.000800032549676829 -3.49301754764968e-05)
(-0.00293000450752859 0.000799423050386296 -3.490356416277e-05)
(-0.00289500676129289 0.000798812389005714 -3.48769021110959e-05)
(-0.00286000901505718 0.000798201108556659 -3.48502130303085e-05)
(-0.00282501126882148 0.000797589373030329 -3.48235040804182e-05)
(-0.00279001352258578 0.000796977222361083 -3.47967770049968e-05)
(-0.00275501577635007 0.000796364644174403 -3.47700312637611e-05)
(-0.00272001803011437 0.000795751678180513 -3.47432685904969e-05)
(-0.00268502028387867 0.00079513838953678 -3.47164918300363e-05)
(-0.00265002253764296 0.000794524792348876 -3.46897015982464e-05)
(-0.00261502479140726 0.00079391087367841 -3.46628973302246e-05)
(-0.00258002704517155 0.000793296656509764 -3.46360800294908e-05)
(-0.00254502929893585 0.000792682180531313 -3.4609251428877e-05)
(-0.00251003155270015 0.0007920674439481 -3.45824114500134e-05)
(-0.00247503380646444 0.000791452425318418 -3.45555591567351e-05)
(-0.00244003606022874 0.000790837139670473 -3.45286952051877e-05)
(-0.00240503831399304 0.000790221614162863 -3.45018207811411e-05)
(-0.00237004056775733 0.000789605834447714 -3.44749352581537e-05)
(-0.00233504282152163 0.000788989773865288 -3.44480374722361e-05)
(-0.00230004507528592 0.00078837344695368 -3.44211280581354e-05)
(-0.00226504732905022 0.000787756876044668 -3.43942079908779e-05)
(-0.00223004958281452 0.000787140037148452 -3.43672762230463e-05)
(-0.00219505183657881 0.000786522894959057 -3.43403312131486e-05)
(-0.00216005409034311 0.000785905460158732 -3.43133734275818e-05)
(-0.0021250563441074 0.0007852877543607 -3.42864038099996e-05)
(-0.0020900585978717 0.000784669738055174 -3.42594206353675e-05)
(-0.002055060851636 0.000784051356348284 -3.42324215069672e-05)
(-0.00202006310540029 0.000783432623277242 -3.42054070376767e-05)
(-0.00198506535916459 0.000782813563908567 -3.4178378321924e-05)
(-0.00195006761292889 0.000782194112204318 -3.41513324764301e-05)
(-0.00191506986669318 0.000781574181552699 -3.41242657196424e-05)
(-0.00188007212045748 0.000780953783341939 -3.40971785487818e-05)
(-0.00184507437422177 0.000780332937651288 -3.40700718405272e-05)
(-0.00181007662798607 0.000779711538394712 -3.40429409630624e-05)
(-0.00177507888175037 0.000779089459446113 -3.40157804096029e-05)
(-0.00174008113551466 0.000778466702751393 -3.39885902651088e-05)
(-0.00170508338927896 0.000777843258070555 -3.3961370082492e-05)
(-0.00167008564304326 0.000777218937691052 -3.39341116660458e-05)
(-0.00163508789680755 0.000776593556095712 -3.39068069159156e-05)
(-0.00160009015057185 0.000775967110399187 -3.38794557061242e-05)
(-0.00156509240433614 0.000775339536327525 -3.38520552304104e-05)
(-0.00153009465810044 0.000774710502821006 -3.38245910343947e-05)
(-0.00149509691186474 0.000774079711901945 -3.37970501080903e-05)
(-0.00146009916562903 0.000773447127931809 -3.37694308954853e-05)
(-0.00142510141939333 0.000772812596052681 -3.37417266353369e-05)
(-0.00139010367315762 0.000772175551662908 -3.37139126766048e-05)
(-0.00135510592692192 0.000771535524050113 -3.36859684675426e-05)
(-0.00132010818068622 0.000770892477217252 -3.36578924364855e-05)
(-0.00128511043445051 0.000770246046725311 -3.36296686716824e-05)
(-0.00125011268821481 0.000769595212674854 -3.36012526433624e-05)
(-0.00121511494197911 0.000768939300777004 -3.35726149114373e-05)
(-0.0011801171957434 0.000768278289790701 -3.35437545485023e-05)
(-0.0011451194495077 0.000767611338564294 -3.35146348290833e-05)
(-0.00111012170327199 0.000766936674164622 -3.34851783452467e-05)
(-0.00107512395703629 0.000766253463292424 -3.34553487143611e-05)
(-0.00104012621080059 0.000765561696487651 -3.34251455233918e-05)
(-0.00100512846456488 0.000764859629308423 -3.33944926083615e-05)
(-0.000970130718329179 0.000764144226477751 -3.33632574462149e-05)
(-0.000935132972093475 0.000763413813324485 -3.33313669192304e-05)
(-0.000900135225857771 0.00076266691953293 -3.32987568320385e-05)
(-0.000865137479622068 0.000761894799551333 -3.32650453456034e-05)
(-0.000830139733386364 0.000761082627648948 -3.32295851545414e-05)
(-0.00079514198715066 0.000760222071433784 -3.31920124587614e-05)
(-0.000760144240914956 0.000759308569442328 -3.31521281004655e-05)
(-0.000725146494679252 0.00075832771835248 -3.31093032170298e-05)
(-0.000690148748443549 0.000757268762595327 -3.30630682101739e-05)
(-0.000655151002207845 0.000756141027571244 -3.30138302356714e-05)
(-0.000620153255972141 0.000754950672574704 -3.29618582141264e-05)
(-0.000585155509736437 0.000753691812116 -3.2906895179509e-05)
(-0.000550157763500734 0.000752368206828315 -3.28491053246098e-05)
(-0.00051516001726503 0.000750994092754262 -3.27891102084726e-05)
(-0.000480162271029326 0.00074957658490125 -3.27272204790297e-05)
(-0.000445164524793622 0.000748120743366804 -3.26636570649102e-05)
(-0.000410166778557918 0.00074664162241961 -3.25990772496798e-05)
(-0.000375169032322215 0.000745153228038471 -3.25340925475793e-05)
(-0.00034017128608651 0.000743667922115823 -3.24692426904887e-05)
(-0.000305173539850807 0.000742201500608455 -3.24052173447756e-05)
(-0.000270175793615103 0.00074076526032277 -3.23425097396592e-05)
(-0.000235178047379399 0.000739371402034038 -3.22816525724921e-05)
(-0.000200180301143695 0.000738038164105504 -3.22234421474107e-05)
(-0.000165182554907991 0.000736776361473138 -3.2168350654717e-05)
(-0.000130184808672288 0.000735589357148553 -3.2116524926669e-05)
(-9.51870624365842e-05 0.000734491208579563 -3.20685787246931e-05)
(-6.01893162008801e-05 0.000733495348327964 -3.20250985271031e-05)
(-2.51915699651763e-05 0.000732594920710599 -3.19857850083079e-05)
(9.8081908045339e-06 0.000731859316413778 -3.19536678311011e-05)
(4.48218914613529e-05 0.000731742187918196 -3.19485538905425e-05)
(7.9835592118172e-05 0.000731693426084634 -3.19464249029112e-05)
(0.000114849292774991 0.000731697486844146 -3.19466021995004e-05)
(0.00014986299343181 0.000731743716150936 -3.19486206146249e-05)
(0.000184876694088629 0.000731821760957497 -3.19520281244685e-05)
(0.000219890394745448 0.000731920108580855 -3.19563220744371e-05)
(0.000254904095402267 0.000732031653738749 -3.19611922412076e-05)
(0.000289917796059086 0.000732152285917706 -3.1966459155886e-05)
(0.000324931496715905 0.00073227767074269 -3.19719335755713e-05)
(0.000359945197372724 0.000732404232168619 -3.19774593667632e-05)
(0.000394958898029543 0.000732528621574913 -3.19828903255299e-05)
(0.000429972598686362 0.000732646256374215 -3.19880263717862e-05)
(0.000464986299343181 0.000732747585217167 -3.19924504846134e-05)
(0.0005 0.000732799180732951 -3.19947031934824e-05)
(-0.003 0.000826464282256256 -3.60842098436237e-05)
(-0.00296500338064644 0.000825556129290259 -3.6044559028823e-05)
(-0.00293000676129289 0.000824642766563106 -3.60046807509379e-05)
(-0.00289501014193933 0.000823728463480552 -3.59647614162493e-05)
(-0.00286001352258578 0.000822813702457564 -3.59248220874495e-05)
(-0.00282501690323222 0.000821898605269861 -3.58848680813814e-05)
(-0.00279002028387867 0.000820983201772854 -3.58449007015602e-05)
(-0.00275502366452511 0.000820067482803168 -3.58049195479044e-05)
(-0.00272002704517155 0.000819151477475271 -3.57649258915791e-05)
(-0.002685030425818 0.000818235233903668 -3.57249218333089e-05)
(-0.00265003380646444 0.000817318762599873 -3.56849078320365e-05)
(-0.00261503718711089 0.000816402053926286 -3.56448834669752e-05)
(-0.00258004056775733 0.000815485124702295 -3.56048494724752e-05)
(-0.00254504394840378 0.000814568004228556 -3.55648071278309e-05)
(-0.00251004732905022 0.000813650691202471 -3.55247563761697e-05)
(-0.00247505070969666 0.000812733169651146 -3.54846965200998e-05)
(-0.00244005409034311 0.000811815450510677 -3.54446280371016e-05)
(-0.00240505747098955 0.000810897553822099 -3.54045518021856e-05)
(-0.002370060851636 0.000809979468953154 -3.53644673511373e-05)
(-0.00233506423228244 0.000809061176014116 -3.53243738155525e-05)
(-0.00230006761292889 0.000808142685572698 -3.52842716568277e-05)
(-0.00226507099357533 0.000807224014109654 -3.52441615945279e-05)
(-0.00223007437422177 0.000806305143820068 -3.52040428512739e-05)
(-0.00219507775486822 0.000805386048359144 -3.51639142768268e-05)
(-0.00216008113551466 0.000804466735406009 -3.51237762064649e-05)
(-0.00212508451616111 0.000803547220896051 -3.50836293359419e-05)
(-0.00209008789680755 0.00080262747549209 -3.50434723843691e-05)
(-0.002055091277454 0.000801707458234183 -3.50033035633966e-05)
(-0.00202009465810044 0.000800787179218948 -3.49631233138524e-05)
(-0.00198509803874688 0.000799866656954417 -3.49229324438146e-05)
(-0.00195010141939333 0.000798945842373021 -3.48827288109468e-05)
(-0.00191510480003977 0.000798024670830665 -3.4842509592827e-05)
(-0.00188010818068622 0.000797103150335991 -3.48022751391199e-05)
(-0.00184511156133266 0.00079618129566742 -3.47620260950653e-05)
(-0.00181011494197911 0.000795259027910084 -3.47217590151658e-05)
(-0.00177511832262555 0.000794336252849502 -3.46814697859282e-05)
(-0.00174012170327199 0.000793412971312083 -3.46411584434343e-05)
(-0.00170512508391844 0.000792489175473235 -3.46008246460551e-05)
(-0.00167012846456488 0.000791564725507538 -3.45604622888809e-05)
(-0.00163513184521133 0.000790639482643121 -3.4520065313001e-05)
(-0.00160013522585777 0.000789713443846175 -3.44796335859563e-05)
(-0.00156513860650422 0.00078878656097602 -3.44391650058795e-05)
(-0.00153014198715066 0.000787858587170311 -3.43986487945278e-05)
(-0.0014951453677971 0.000786929299330563 -3.43580752112108e-05)
(-0.00146014874844355 0.000785998669550243 -3.43174430375032e-05)
(-0.00142515212908999 0.000785066581934188 -3.42767472133127e-05)
(-0.00139015550973644 0.00078413261509596 -3.42359693405103e-05)
(-0.00135515889038288 0.000783196416244014 -3.41950940158844e-05)
(-0.00132016227102933 0.000782257956415175 -3.41541199748754e-05)
(-0.00128516565167577 0.000781316963226292 -3.41130353249781e-05)
(-0.00125016903232221 0.000780372674891854 -3.40718068059189e-05)
(-0.00121517241296866 0.000779424585012618 -3.40304123078293e-05)
(-0.0011801757936151 0.000778472674651768 -3.39888510039101e-05)
(-0.00114517917426155 0.000777516315484874 -3.39470954609242e-05)
(-0.00111018255490799 0.000776554182187793 -3.39050878139698e-05)
(-0.00107518593555444 0.000775585646759663 -3.38628006439373e-05)
(-0.00104018931620088 0.000774610698180746 -3.38202334696943e-05)
(-0.00100519269684732 0.000773628033501243 -3.37773294032242e-05)
(-0.000970196077493769 0.000772635382710522 -3.37339893337223e-05)
(-0.000935199458140213 0.000771631485557687 -3.36901582374462e-05)
(-0.000900202838786658 0.000770615241070323 -3.36457880449022e-05)
(-0.000865206219433102 0.000769580122342895 -3.36005937852403e-05)
(-0.000830209600079546 0.000768515049882193 -3.355409171734e-05)
(-0.00079521298072599 0.000767413767035158 -3.35060086698293e-05)
(-0.000760216361372434 0.000766272860765656 -3.34561956263325e-05)
(-0.000725219742018879 0.000765081582336619 -3.3404183286854e-05)
(-0.000690223122665323 0.000763831867427722 -3.33496195555646e-05)
(-0.000655226503311767 0.000762530647189424 -3.32928070530287e-05)
(-0.000620229883958212 0.000761182573661497 -3.32339488916892e-05)
(-0.000585233264604656 0.000759783286708852 -3.3172854703937e-05)
(-0.000550236645251101 0.000758335582142232 -3.31096465575052e-05)
(-0.000515240025897544 0.000756850121203727 -3.30447899322761e-05)
(-0.000480243406543989 0.000755332285170684 -3.29785197798927e-05)
(-0.000445246787190433 0.000753785877890897 -3.29110021799364e-05)
(-0.000410250167836877 0.000752222161258284 -3.28427288373146e-05)
(-0.000375253548483322 0.000750651641393854 -3.27741584591768e-05)
(-0.000340256929129766 0.000749083577148094 -3.27056952956656e-05)
(-0.00030526030977621 0.000747529786131025 -3.26378553147774e-05)
(-0.000270263690422654 0.000745998733442184 -3.25710081107398e-05)
(-0.000235267071069098 0.000744499524664032 -3.25055512418688e-05)
(-0.000200270451715543 0.000743045752772683 -3.24420781903184e-05)
(-0.000165273832361987 0.000741645521444264 -3.23809427702294e-05)
(-0.000130277213008432 0.00074030139344541 -3.23222568744095e-05)
(-9.52805936548761e-05 0.000739023815422701 -3.22664766132987e-05)
(-6.02839743013202e-05 0.00073782269234066 -3.22140344469874e-05)
(-2.52873549477645e-05 0.000736692814028033 -3.21647028944861e-05)
(9.71228620680091e-06 0.000735743347055796 -3.21232482712176e-05)
(4.47328371920294e-05 0.000735657580240621 -3.21195036111968e-05)
(7.97533881772579e-05 0.000735621424084462 -3.2117924999327e-05)
(0.000114773939162486 0.00073562421730036 -3.21180469537668e-05)
(0.000149794490147715 0.000735658200504361 -3.21195306924966e-05)
(0.000184815041132944 0.000735715737935882 -3.21220428310093e-05)
(0.000219835592118172 0.000735788379699011 -3.21252144388821e-05)
(0.000254856143103401 0.000735870852812246 -3.21288152927705e-05)
(0.000289876694088629 0.000735960081079268 -3.21327110830428e-05)
(0.000324897245073857 0.000736052862723458 -3.21367620171128e-05)
(0.000359917796059086 0.000736146537274824 -3.21408519363519e-05)
(0.000394938347044314 0.000736238597229117 -3.21448713607605e-05)
(0.000429958898029543 0.000736325600795703 -3.21486700185141e-05)
(0.000464979449014772 0.000736400550111031 -3.21519423762917e-05)
(0.0005 0.000736439776820484 -3.21536550514136e-05)
(-0.003 0.000852347948852893 -3.72143151331659e-05)
(-0.00296500450752859 0.000851136764554941 -3.71614336846811e-05)
(-0.00293000901505719 0.000849918793499146 -3.71082559199496e-05)
(-0.00289501352258578 0.000848700160523153 -3.70550492551582e-05)
(-0.00286001803011437 0.000847481225838996 -3.70018294175039e-05)
(-0.00282502253764296 0.000846262070723449 -3.69485999556072e-05)
(-0.00279002704517155 0.000845042715190616 -3.68953617433029e-05)
(-0.00275503155270015 0.000843823153182113 -3.68421145160761e-05)
(-0.00272003606022874 0.000842603403592886 -3.6788859098898e-05)
(-0.00268504056775733 0.000841383498060094 -3.67355968730768e-05)
(-0.00265004507528592 0.000840163443629966 -3.66823281462576e-05)
(-0.00261504958281452 0.000838943233897565 -3.66290526387946e-05)
(-0.00258005409034311 0.000837722879753786 -3.65757708261948e-05)
(-0.0025450585978717 0.000836502400469969 -3.65224835498629e-05)
(-0.00251006310540029 0.000835281795268789 -3.64691907758601e-05)
(-0.00247506761292889 0.000834061053543419 -3.64158920410826e-05)
(-0.00244007212045748 0.000832840182324375 -3.63625876524891e-05)
(-0.00240507662798607 0.000831619194801044 -3.63092781859407e-05)
(-0.00237008113551466 0.000830398084021067 -3.6255963337891e-05)
(-0.00233508564304326 0.000829176836753146 -3.6202642530649e-05)
(-0.00230009015057185 0.000827955459784082 -3.61493160605327e-05)
(-0.00226509465810044 0.000826733963974074 -3.60959844017088e-05)
(-0.00223009916562903 0.000825512337628374 -3.60426470435736e-05)
(-0.00219510367315763 0.000824290563229673 -3.59893032213046e-05)
(-0.00216010818068622 0.000823068645632736 -3.59359531468657e-05)
(-0.00212511268821481 0.000821846595334402 -3.58825972785587e-05)
(-0.0020901171957434 0.000820624393040545 -3.58292347739837e-05)
(-0.00205512170327199 0.000819402011517588 -3.57758644440973e-05)
(-0.00202012621080059 0.000818179457154843 -3.57224865678628e-05)
(-0.00198513071832918 0.00081695674217999 -3.56691016791522e-05)
(-0.00195013522585777 0.000815733834275227 -3.56157083669398e-05)
(-0.00191513973338636 0.000814510690459724 -3.55623047546421e-05)
(-0.00188014424091496 0.000813287315650043 -3.55088910569207e-05)
(-0.00184514874844355 0.000812063719622 -3.54554677005971e-05)
(-0.00181015325597214 0.000810839850301673 -3.54020324120747e-05)
(-0.00177515776350073 0.000809615645009642 -3.53485824547108e-05)
(-0.00174016227102933 0.00080839110381106 -3.52951178313503e-05)
(-0.00170516677855792 0.000807166221555254 -3.52416383171097e-05)
(-0.00167017128608651 0.000805940905768703 -3.5188139874508e-05)
(-0.0016351757936151 0.000804715063992297 -3.51346184666934e-05)
(-0.0016001803011437 0.000803488693579766 -3.5081073978127e-05)
(-0.00156518480867229 0.000802261762732847 -3.50275050204668e-05)
(-0.00153018931620088 0.000801034107939195 -3.49739044546096e-05)
(-0.00149519382372947 0.000799805580454702 -3.49202657862475e-05)
(-0.00146019833125807 0.000798576160866901 -3.48665881678137e-05)
(-0.00142520283878666 0.000797345772444846 -3.4812868249163e-05)
(-0.00139020734631525 0.000796114135743552 -3.47590938294636e-05)
(-0.00135521185384384 0.000794881015306683 -3.47052546284699e-05)
(-0.00132021636137243 0.000793646390582708 -3.46513497488829e-05)
(-0.00128522086890103 0.000792410081243622 -3.45973713174116e-05)
(-0.00125022537642962 0.000791171581465441 -3.45432972493041e-05)
(-0.00121522988395821 0.000789930552553797 -3.44891127568448e-05)
(-0.0011802343914868 0.000788686980219921 -3.44348172161727e-05)
(-0.0011452388990154 0.000787440448281744 -3.43803924563861e-05)
(-0.00111024340654399 0.00078619007552065 -3.43258000026495e-05)
(-0.00107524791407258 0.000784935440489483 -3.42710214541825e-05)
(-0.00104025242160117 0.000783676534104791 -3.42160564143932e-05)
(-0.00100525692912977 0.000782412492823493 -3.41608671801762e-05)
(-0.000970261436658358 0.000781141806336985 -3.4105387810034e-05)
(-0.000935265944186951 0.000779863631731904 -3.40495815015743e-05)
(-0.000900270451715543 0.000778577239673154 -3.39934164113391e-05)
(-0.000865274959244135 0.00077727830596948 -3.39367037410609e-05)
(-0.000830279466772728 0.000775959464677171 -3.38791218866918e-05)
(-0.00079528397430132 0.000774616538383054 -3.38204884584339e-05)
(-0.000760288481829912 0.000773247261100668 -3.37607045211815e-05)
(-0.000725292989358505 0.000771844502864889 -3.36994587739345e-05)
(-0.000690297496887097 0.000770402877799922 -3.36365160642773e-05)
(-0.000655302004415689 0.000768926971442957 -3.35720766010873e-05)
(-0.000620306511944282 0.00076741991112363 -3.35062769265254e-05)
(-0.000585311019472875 0.000765878823258356 -3.34389915772224e-05)
(-0.000550315527001467 0.000764305554996122 -3.3370301201445e-05)
(-0.000515320034530059 0.000762707205148968 -3.33005157400204e-05)
(-0.000480324542058652 0.000761087391266734 -3.32297931385856e-05)
(-0.000445329049587244 0.00075944865324133 -3.31582442912162e-05)
(-0.000410333557115836 0.000757798476990634 -3.30861960401453e-05)
(-0.000375338064644429 0.000756143864165612 -3.30139540840561e-05)
(-0.000340342572173021 0.000754490972423017 -3.29417872720485e-05)
(-0.000305347079701613 0.000752847655085997 -3.28700384876161e-05)
(-0.000270351587230206 0.000751219541151499 -3.27989534980732e-05)
(-0.000235356094758798 0.000749612657223627 -3.27287954306376e-05)
(-0.00020036060228739 0.000748036010444126 -3.26599575456107e-05)
(-0.000165365109815983 0.000746494990953126 -3.2592675181593e-05)
(-0.000130369617344575 0.000744991294543013 -3.25270223784792e-05)
(-9.53741248731682e-05 0.000743531823039349 -3.24633004764809e-05)
(-6.03786324017602e-05 0.000742123127655599 -3.24017955077553e-05)
(-2.53831399303526e-05 0.000740761504671055 -3.2342345764364e-05)
(9.61638160906787e-06 0.000739596210272742 -3.22914679121675e-05)
(4.46437829227059e-05 0.000739540849865248 -3.22890508245766e-05)
(7.9671184236344e-05 0.000739517209778448 -3.22880186760964e-05)
(0.000114698585549982 0.000739519032284926 -3.22880982484477e-05)
(0.00014972598686362 0.000739541364930172 -3.22890733127968e-05)
(0.000184753388177258 0.000739579210790817 -3.22907256987578e-05)
(0.000219780789490896 0.000739627014311139 -3.22928128455294e-05)
(0.000254808190804534 0.000739681305829427 -3.22951832644098e-05)
(0.000289835592118172 0.000739740060166989 -3.22977485341877e-05)
(0.00032486299343181 0.000739801168409793 -3.2300416577688e-05)
(0.000359890394745448 0.000739862877150316 -3.23031108394849e-05)
(0.000394917796059086 0.000739923534157639 -3.23057591816187e-05)
(0.000429945197372724 0.00073998089474866 -3.23082635991084e-05)
(0.000464972598686362 0.000740030548659261 -3.23104315356644e-05)
(0.0005 0.000740058018462738 -3.23116308931857e-05)
(-0.003 0.000878286105739457 -3.83467995201456e-05)
(-0.00296500563441074 0.000876771505108809 -3.82806706284814e-05)
(-0.00293001126882148 0.000875248256074721 -3.82141641393685e-05)
(-0.00289501690323222 0.000873724674586242 -3.81476431349833e-05)
(-0.00286002253764296 0.000872200943722464 -3.80811156087318e-05)
(-0.0028250281720537 0.000870677104648291 -3.80145833579123e-05)
(-0.00279003380646444 0.000869153167559909 -3.79480468277001e-05)
(-0.00275503944087518 0.000867629129440173 -3.78815058863638e-05)
(-0.00272004507528592 0.000866104999407061 -3.78149609320027e-05)
(-0.00268505070969666 0.000864580793086914 -3.77484126468778e-05)
(-0.0026500563441074 0.00086305651408959 -3.76818611885988e-05)
(-0.00261506197851815 0.000861532159209381 -3.76153064172014e-05)
(-0.00258006761292889 0.000860007733685439 -3.75487485614321e-05)
(-0.00254507324733963 0.000858483247045023 -3.748218803726e-05)
(-0.00251007888175037 0.000856958698999323 -3.74156248320751e-05)
(-0.00247508451616111 0.00085543408425016 -3.73490587145543e-05)
(-0.00244009015057185 0.000853909406141334 -3.72824898306907e-05)
(-0.00240509578498259 0.000852384671210783 -3.72159184659372e-05)
(-0.00237010141939333 0.000850859876096932 -3.71493444735239e-05)
(-0.00233510705380407 0.00084933501417645 -3.70827675642702e-05)
(-0.00230011268821481 0.000847810088671698 -3.70161878788673e-05)
(-0.00226511832262555 0.000846285104984734 -3.69496056531741e-05)
(-0.00223012395703629 0.00084476005740486 -3.68830206378563e-05)
(-0.00219512959144703 0.000843234937172835 -3.6816432450477e-05)
(-0.00216013522585777 0.000841709746535841 -3.67498411891504e-05)
(-0.00212514086026851 0.000840184490717408 -3.66832470819408e-05)
(-0.00209014649467925 0.000838659160268026 -3.66166497162735e-05)
(-0.00205515212908999 0.000837133741573226 -3.6550048497728e-05)
(-0.00202015776350073 0.000835608237592939 -3.64834435555378e-05)
(-0.00198516339791147 0.000834082654440761 -3.64168351566282e-05)
(-0.00195016903232221 0.000832556976249759 -3.63502226082339e-05)
(-0.00191517466673296 0.000831031181533096 -3.62836049722193e-05)
(-0.0018801803011437 0.000829505272457143 -3.62169823431704e-05)
(-0.00184518593555444 0.000827979253948481 -3.61503549361861e-05)
(-0.00181019156996518 0.000826453100358406 -3.60837216314201e-05)
(-0.00177519720437592 0.000824926780338602 -3.60170810601751e-05)
(-0.00174020283878666 0.000823400293590909 -3.59504332094332e-05)
(-0.0017052084731974 0.000821873637695301 -3.5883777973534e-05)
(-0.00167021410760814 0.000820346766926062 -3.58171133560493e-05)
(-0.00163521974201888 0.000818819634967164 -3.57504373347779e-05)
(-0.00160022537642962 0.000817292240081 -3.56837498338542e-05)
(-0.00156523101084036 0.000815764566723339 -3.56170501746023e-05)
(-0.0015302366452511 0.000814236533843543 -3.5550334818275e-05)
(-0.00149524227966184 0.00081270806689637 -3.54836005101567e-05)
(-0.00146024791407258 0.000811179155650284 -3.5416846803529e-05)
(-0.00142525354848332 0.000809649762305522 -3.53500720480185e-05)
(-0.00139025918289406 0.000808119748126411 -3.52832701862949e-05)
(-0.0013552648173048 0.000806588994964386 -3.52164360598805e-05)
(-0.00132027045171554 0.000805057491771883 -3.51495691864282e-05)
(-0.00128527608612628 0.000803525149580132 -3.50826656814777e-05)
(-0.00125028172053702 0.000801991716739956 -3.50157145577885e-05)
(-0.00121528735494776 0.000800457022848706 -3.49487083754204e-05)
(-0.0011802929893585 0.000798921059827286 -3.48816467816324e-05)
(-0.00114529862376925 0.000797383621919268 -3.48145207929048e-05)
(-0.00111030425817999 0.00079584426978918 -3.47473112274367e-05)
(-0.00107530989259073 0.000794302790460969 -3.46800087864929e-05)
(-0.00104031552700147 0.000792759178652112 -3.46126132394332e-05)
(-0.00100532116141221 0.000791213006672912 -3.45451059129225e-05)
(-0.000970326795822948 0.000789663520862545 -3.44774539014183e-05)
(-0.000935332430233688 0.000788110297602888 -3.4409638709354e-05)
(-0.000900338064644429 0.000786552975772621 -3.43416445698323e-05)
(-0.000865343699055169 0.000784989412501714 -3.42733779231272e-05)
(-0.00083034933346591 0.000783415935779411 -3.42046784457866e-05)
(-0.00079535496787665 0.000781830449671778 -3.41354546273589e-05)
(-0.000760360602287391 0.000780231827303689 -3.40656572674132e-05)
(-0.000725366236698131 0.000778616526590468 -3.3995131715193e-05)
(-0.000690371871108871 0.000776981843527779 -3.39237599113192e-05)
(-0.000655377505519612 0.000775330046843517 -3.3851640910591e-05)
(-0.000620383139930353 0.000773662718250227 -3.37788437720694e-05)
(-0.000585388774341093 0.000771978437441465 -3.37053064838359e-05)
(-0.000550394408751834 0.000770278113992173 -3.36310687587901e-05)
(-0.000515400043162574 0.000768565290222213 -3.35562852579573e-05)
(-0.000480405677573315 0.000766841791185793 -3.34810356649251e-05)
(-0.000445411311984055 0.000765108884405553 -3.3405375320927e-05)
(-0.000410416946394795 0.000763370297307215 -3.33294669688848e-05)
(-0.000375422580805536 0.000761629528357396 -3.32534633551496e-05)
(-0.000340428215216276 0.000759889644414271 -3.31774983816412e-05)
(-0.000305433849627017 0.000758154556276671 -3.31017427975239e-05)
(-0.000270439484037757 0.000756427069797003 -3.30263191089597e-05)
(-0.000235445118448498 0.000754710171810315 -3.2951357723983e-05)
(-0.000200450752859238 0.000753008335905204 -3.287705396369e-05)
(-0.000165456387269979 0.000751324251396411 -3.28035252460983e-05)
(-0.000130462021680719 0.000749658756390859 -3.27308081637463e-05)
(-9.54676560914602e-05 0.00074801526586635 -3.26590518177847e-05)
(-6.04732905022003e-05 0.00074639702612064 -3.25883979446348e-05)
(-2.54789249129408e-05 0.000744801915954236 -3.25187539307264e-05)
(9.52047701133491e-06 0.000743419457260005 -3.24583944806041e-05)
(4.45547286533823e-05 0.000743393398584291 -3.24572567342515e-05)
(7.95889802954299e-05 0.000743381850654573 -3.24567525407513e-05)
(0.000114623231937477 0.000743382759227823 -3.24567922099161e-05)
(0.000149657483579525 0.000743393796268948 -3.24572740975385e-05)
(0.000184691735221573 0.000743412507391996 -3.24580910428137e-05)
(0.00021972598686362 0.00074343614657734 -3.24591231519354e-05)
(0.000254760238505668 0.000743462998734576 -3.24602955424395e-05)
(0.000289794490147715 0.000743492063513178 -3.24615645380787e-05)
(0.000324828741789762 0.000743522297768687 -3.24628845941823e-05)
(0.00035986299343181 0.000743552834263567 -3.24642178463419e-05)
(0.000394897245073857 0.000743582857706041 -3.24655286981497e-05)
(0.000429931496715905 0.000743611277372896 -3.24667695276018e-05)
(0.000464965748357953 0.000743636086237745 -3.24678527060335e-05)
(0.0005 0.000743651802073642 -3.24685388742474e-05)
(-0.003 0.000904280356593644 -3.94817330226432e-05)
(-0.00296500676129289 0.000902451233089067 -3.9401871765737e-05)
(-0.00293001352258578 0.000900622108781217 -3.93220104737591e-05)
(-0.00289502028387867 0.00089879298488082 -3.92421491995711e-05)
(-0.00286002704517156 0.000896963861305585 -3.91622879395799e-05)
(-0.00282503380646444 0.000895134737264657 -3.90824266592561e-05)
(-0.00279004056775733 0.000893305613288067 -3.90025653817414e-05)
(-0.00275504732905022 0.000891476489313476 -3.89227041043139e-05)
(-0.00272005409034311 0.000889647365335974 -3.88428428267594e-05)
(-0.002685060851636 0.000887818241581179 -3.87629815589284e-05)
(-0.00265006761292889 0.000885989117629161 -3.86831202824865e-05)
(-0.00261507437422177 0.000884159993622202 -3.86032590036458e-05)
(-0.00258008113551466 0.000882330869707139 -3.85233977288174e-05)
(-0.00254508789680755 0.000880501745927955 -3.84435364599217e-05)
(-0.00251009465810044 0.000878672622102502 -3.83636751890057e-05)
(-0.00247510141939333 0.000876843497985512 -3.8283813905361e-05)
(-0.00244010818068622 0.000875014374103756 -3.82039526319868e-05)
(-0.00240511494197911 0.000873185250171095 -3.81240913563901e-05)
(-0.00237012170327199 0.000871356126443312 -3.80442300897385e-05)
(-0.00233512846456488 0.000869527002356677 -3.79643688074191e-05)
(-0.00230013522585777 0.000867697878559841 -3.78845075377526e-05)
(-0.00226514198715066 0.000865868754579301 -3.78046462600654e-05)
(-0.00223014874844355 0.000864039630696211 -3.7724784986633e-05)
(-0.00219515550973644 0.000862210506875291 -3.7644923715915e-05)
(-0.00216016227102933 0.000860381383317203 -3.75650624566724e-05)
(-0.00212516903232221 0.000858552259070533 -3.74852011673657e-05)
(-0.0020901757936151 0.000856723135193893 -3.74053398942149e-05)
(-0.00205518255490799 0.000854894011099007 -3.73254786115353e-05)
(-0.00202018931620088 0.000853064887191799 -3.72456173370498e-05)
(-0.00198519607749377 0.000851235763311563 -3.7165756063742e-05)
(-0.00195020283878666 0.000849406639388177 -3.70858947885502e-05)
(-0.00191520960007955 0.000847577515470172 -3.70060335135934e-05)
(-0.00188021636137243 0.000845748391562963 -3.69261722391079e-05)
(-0.00184522312266532 0.000843919267758803 -3.68463109691216e-05)
(-0.00181022988395821 0.000842090143748546 -3.67664496901369e-05)
(-0.0017752366452511 0.000840261019958329 -3.66865884207595e-05)
(-0.00174024340654399 0.000838431895957282 -3.66067271421769e-05)
(-0.00170525016783688 0.000836602772060231 -3.65268658681349e-05)
(-0.00167025692912977 0.000834773648334537 -3.64470046015746e-05)
(-0.00163526369042265 0.000832944524360016 -3.63671433241502e-05)
(-0.00160027045171554 0.00083111540043618 -3.62872820489387e-05)
(-0.00156527721300843 0.000829286276498766 -3.62074207731345e-05)
(-0.00153028397430132 0.000827457152721127 -3.61275595043061e-05)
(-0.00149529073559421 0.000825628028702976 -3.60476982249768e-05)
(-0.0014602974968871 0.000823798904815729 -3.59678369513629e-05)
(-0.00142530425817999 0.000821969781137523 -3.58879756868758e-05)
(-0.00139031101947287 0.000820140657129071 -3.580811440797e-05)
(-0.00135531778076576 0.000818311533058235 -3.57282531263404e-05)
(-0.00132032454205865 0.000816482409179145 -3.56483918530826e-05)
(-0.00128533130335154 0.000814653285192203 -3.55685305751159e-05)
(-0.00125033806464443 0.00081282416137082 -3.54886693043777e-05)
(-0.00121534482593732 0.000810995037325997 -3.54088080238838e-05)
(-0.00118035158723021 0.000809165913475475 -3.53289467518734e-05)
(-0.00114535834852309 0.000807336789671075 -3.52490854818766e-05)
(-0.00111036510981598 0.000805507665604371 -3.51692242004274e-05)
(-0.00107537187110887 0.000803678541924798 -3.50893629358807e-05)
(-0.00104037863240176 0.000801849417915477 -3.50095016569369e-05)
(-0.00100538539369465 0.000800020294120379 -3.49296403873463e-05)
(-0.000970392154987537 0.000798191170523701 -3.48497791264189e-05)
(-0.000935398916280426 0.000796362046086504 -3.47699178287937e-05)
(-0.000900405677573315 0.00079453292220098 -3.46900565552549e-05)
(-0.000865412438866203 0.000792703798398756 -3.46101952853532e-05)
(-0.000830419200159092 0.000790874674346701 -3.45303340045436e-05)
(-0.00079542596145198 0.000789045550646923 -3.44504727391147e-05)
(-0.000760432722744869 0.000787216426779587 -3.43706114663702e-05)
(-0.000725439484037757 0.000785387302766724 -3.42907501872717e-05)
(-0.000690446245330646 0.000783558178717866 -3.42108889066017e-05)
(-0.000655453006623534 0.000781729054810657 -3.41310276321162e-05)
(-0.000620459767916423 0.000779899931252016 -3.40511663728495e-05)
(-0.000585466529209312 0.000778070807082556 -3.39713050869139e-05)
(-0.000550473290502201 0.00077624168346096 -3.38914438248986e-05)
(-0.000515480051795089 0.00077441255961051 -3.38115825528912e-05)
(-0.000480486813087977 0.000772583435605853 -3.37317212741511e-05)
(-0.000445493574380866 0.000770754311413277 -3.36518599872062e-05)
(-0.000410500335673754 0.000768925187575211 -3.35719987157396e-05)
(-0.000375507096966643 0.000767096063776494 -3.34921374459909e-05)
(-0.000340513858259532 0.000765266939773399 -3.3412276167319e-05)
(-0.00030552061955242 0.000763437816144533 -3.33324149049862e-05)
(-0.000270527380845309 0.000761608691888455 -3.32525536152688e-05)
(-0.000235534142138197 0.000759779568158775 -3.31726923485344e-05)
(-0.000200540903431086 0.000757950444016943 -3.3092831063805e-05)
(-0.000165547664723975 0.000756121320202124 -3.30129697933533e-05)
(-0.000130554426016863 0.000754292196272785 -3.29331085179017e-05)
(-9.55611873097521e-05 0.000752463072889968 -3.28532472663116e-05)
(-6.05679486026403e-05 0.000750633948544781 -3.27733859727036e-05)
(-2.55747098955289e-05 0.000748804824601524 -3.26935246966442e-05)
(9.42457241360191e-06 0.000747206660524314 -3.26237473461105e-05)
(4.44656743840589e-05 0.000747206660808142 -3.26237473585027e-05)
(7.95067763545159e-05 0.000747206660647109 -3.26237473514718e-05)
(0.000114547878324973 0.000747206660524314 -3.26237473461105e-05)
(0.00014958898029543 0.000747206660627822 -3.26237473506297e-05)
(0.000184630082265887 0.000747206661045234 -3.26237473688544e-05)
(0.000219671184236344 0.000747206660707028 -3.2623747354088e-05)
(0.000254712286206801 0.000747206660589605 -3.26237473489611e-05)
(0.000289753388177258 0.000747206660524314 -3.26237473461105e-05)
(0.000324794490147715 0.000747206660552716 -3.26237473473505e-05)
(0.000359835592118172 0.00074720666070216 -3.26237473538754e-05)
(0.000394876694088629 0.000747206660700008 -3.26237473537814e-05)
(0.000429917796059086 0.000747206660896782 -3.26237473623728e-05)
(0.000464958898029543 0.000747206660614412 -3.26237473500442e-05)
(0.0005 0.000747206660601135 -3.26237473494646e-05)
(-0.003 0.000749179105100877 3.27098661361583e-05)
(-0.002965 0.000749176919231341 3.27097706990332e-05)
(-0.00293 0.000749172332071686 3.27095704193175e-05)
(-0.002895 0.000749166387961183 3.27093108938481e-05)
(-0.00286 0.00074915952200742 3.27090111198329e-05)
(-0.002825 0.00074915201010534 3.2708683143105e-05)
(-0.00279 0.000749143897928647 3.27083289578216e-05)
(-0.002755 0.000749135072763417 3.27079436427863e-05)
(-0.00272 0.000749125646142141 3.27075320676129e-05)
(-0.002685 0.000749115751947573 3.27071000777488e-05)
(-0.00265 0.000749105410153042 3.27066485452482e-05)
(-0.002615 0.000749094538306333 3.27061738701697e-05)
(-0.00258 0.000749083207466871 3.27056791550349e-05)
(-0.002545 0.000749071499270394 3.27051679641369e-05)
(-0.00251 0.000749059421608275 3.27046406420207e-05)
(-0.002475 0.000749046870175388 3.2704092634626e-05)
(-0.00244 0.0007490339196295 3.27035272015813e-05)
(-0.002405 0.000749020616618165 3.27029463795629e-05)
(-0.00237 0.000749006957903099 3.27023500271842e-05)
(-0.002335 0.000748992820164632 3.27017327601921e-05)
(-0.0023 0.000748978295679131 3.27010986074599e-05)
(-0.002265 0.000748963410694914 3.27004487150138e-05)
(-0.00223 0.000748948154981516 3.26997826361821e-05)
(-0.002195 0.000748932381641036 3.2699093957264e-05)
(-0.00216 0.00074891618543855 3.26983868157918e-05)
(-0.002125 0.000748899587311085 3.26976621258962e-05)
(-0.00209 0.000748882578403965 3.26969195009735e-05)
(-0.002055 0.000748864921677793 3.26961485916602e-05)
(-0.00202 0.000748846775321112 3.26953563046171e-05)
(-0.001985 0.000748828141257575 3.26945427238329e-05)
(-0.00195 0.000748809002435878 3.26937071048314e-05)
(-0.001915 0.000748788999896268 3.26928337750915e-05)
(-0.00188 0.00074876835665042 3.26919324715131e-05)
(-0.001845 0.000748747046777279 3.26910020623585e-05)
(-0.00181 0.000748725009092915 3.26900398762796e-05)
(-0.001775 0.000748701763820891 3.26890249657848e-05)
(-0.00174 0.000748677586450879 3.26879693590131e-05)
(-0.001705 0.000748652402528525 3.2686869805217e-05)
(-0.00167 0.000748626006839813 3.26857173445591e-05)
(-0.001635 0.000748597774602017 3.26844846984365e-05)
(-0.0016 0.000748568063694126 3.26831874921833e-05)
(-0.001565 0.000748536735121796 3.26818196571754e-05)
(-0.00153 0.000748503297129287 3.26803597228935e-05)
(-0.001495 0.000748466918218775 3.26787713853586e-05)
(-0.00146 0.000748427988946178 3.26770716966102e-05)
(-0.001425 0.000748386291326949 3.26752511392376e-05)
(-0.00139 0.00074834089683989 3.26732691731298e-05)
(-0.001355 0.000748290558337662 3.26710713466579e-05)
(-0.00132 0.000748235920112112 3.26686857902115e-05)
(-0.001285 0.000748176600340129 3.26660958330336e-05)
(-0.00125 0.000748110472395384 3.26632086246134e-05)
(-0.001215 0.000748036209065463 3.26599662176055e-05)
(-0.00118 0.000747954593509455 3.26564028054742e-05)
(-0.001145 0.000747864989135613 3.26524905940235e-05)
(-0.00111 0.000747762809365484 3.26480293289135e-05)
(-0.001075 0.000747647569220778 3.26429978355348e-05)
(-0.00104 0.000747519798432053 3.26374192424228e-05)
(-0.001005 0.000747378349480087 3.26312434478065e-05)
(-0.00097 0.000747214588700622 3.26240934977636e-05)
(-0.000935 0.000747029247244482 3.26160013150285e-05)
(-0.0009 0.000746819168520691 3.26068290798628e-05)
(-0.000865 0.00074657934223733 3.25963580381969e-05)
(-0.00083 0.000746270417655893 3.25828700996837e-05)
(-0.000795 0.000745889748311336 3.2566249717164e-05)
(-0.00076 0.000745431172279814 3.25462278552324e-05)
(-0.000725 0.000744878934649606 3.25221166395879e-05)
(-0.00069 0.000744186682680381 3.24918922658812e-05)
(-0.000655 0.000743402058043117 3.24576348143889e-05)
(-0.00062 0.000742527287711911 3.24194415168999e-05)
(-0.000585 0.000741544728831717 3.23765420697274e-05)
(-0.00055 0.000740455593723109 3.23289894039307e-05)
(-0.000515 0.000739297722078798 3.22784356361729e-05)
(-0.00048 0.000738077142653954 3.22251439875893e-05)
(-0.000445 0.000736785704278007 3.2168758570387e-05)
(-0.00041 0.000735464703697078 3.21110824394408e-05)
(-0.000375 0.000734129920721709 3.20528045561578e-05)
(-0.00034 0.000732791131482248 3.19943517556069e-05)
(-0.000305 0.000731487397992046 3.19374295221232e-05)
(-0.00027 0.000730227564438115 3.18824240012506e-05)
(-0.000235 0.000729019930170823 3.18296975504518e-05)
(-0.0002 0.000727911398187665 3.17812979988227e-05)
(-0.000165 0.000726917389845748 3.17378986573556e-05)
(-0.00013 0.000726025358710148 3.16989517368714e-05)
(-9.50000000000001e-05 0.000725250367680625 3.16651148977767e-05)
(-6.00000000000001e-05 0.000724670997377718 3.16398190440585e-05)
(-2.5e-05 0.000724218099547728 3.16200450977599e-05)
(9.9999999999999e-06 0.000723888067518145 3.16056355881582e-05)
(4.5e-05 0.000723720672839088 3.15983269786327e-05)
(8e-05 0.000723661930478731 3.15957622317908e-05)
(0.000115 0.000723673929695238 3.15962861288977e-05)
(0.00015 0.000723753249767356 3.1599749318038e-05)
(0.000185 0.00072388735429343 3.16056044480947e-05)
(0.00022 0.000724043450533385 3.16124197571156e-05)
(0.000255 0.000724217914878296 3.16200370349184e-05)
(0.00029 0.000724409203277512 3.16283888667956e-05)
(0.000325 0.000724604784033784 3.16369281070293e-05)
(0.00036 0.000724802609814795 3.16455653671598e-05)
(0.000395 0.000724997917545426 3.16540926868365e-05)
(0.00043 0.000725184191296952 3.16622255744673e-05)
(0.000465 0.000725356798380683 3.16697617624957e-05)
(0.0005 0.000725504977649163 3.1676231409077e-05)
(-0.003 0.000774872679833271 3.38316718356683e-05)
(-0.00296500112688215 0.000774569200973997 3.38184216625196e-05)
(-0.0029300022537643 0.000774262760871097 3.38050421986819e-05)
(-0.00289500338064644 0.000773954976690552 3.3791604051147e-05)
(-0.00286000450752859 0.000773646406471508 3.377813158443e-05)
(-0.00282500563441074 0.000773337259030774 3.37646339156697e-05)
(-0.00279000676129289 0.000773027585128785 3.37511132611147e-05)
(-0.00275500788817504 0.000772717369857043 3.37375689698458e-05)
(-0.00272000901505718 0.000772406663504326 3.37240032375184e-05)
(-0.00268501014193933 0.000772095548492851 3.37104196627644e-05)
(-0.00265001126882148 0.000771784042838524 3.36968190321751e-05)
(-0.00261501239570363 0.000771472130760593 3.36832006567481e-05)
(-0.00258001352258578 0.000771159841363371 3.3669565807205e-05)
(-0.00254501464946793 0.000770847224815908 3.36559166739739e-05)
(-0.00251001577635007 0.000770534278947055 3.36422531622604e-05)
(-0.00247501690323222 0.000770220977340397 3.36285741186989e-05)
(-0.00244001803011437 0.000769907338889797 3.36148803682133e-05)
(-0.00240501915699652 0.000769593397948329 3.36011734106912e-05)
(-0.00237002028387867 0.000769279136467009 3.35874524580969e-05)
(-0.00233502141076081 0.000768964521609928 3.35737160767837e-05)
(-0.00230002253764296 0.00076864957146165 3.35599650563406e-05)
(-0.00226502366452511 0.000768334314318354 3.35462006322056e-05)
(-0.00223002479140726 0.000768018719955143 3.35324214847312e-05)
(-0.00219502591828941 0.000767702744816908 3.35186257122602e-05)
(-0.00216002704517155 0.000767386402050578 3.35048138887999e-05)
(-0.0021250281720537 0.000767069718995799 3.3490987208025e-05)
(-0.00209002929893585 0.00076675264572275 3.34771434899526e-05)
(-0.002055030425818 0.000766435114721342 3.34632797870284e-05)
(-0.00202003155270015 0.000766117142843781 3.34493968350356e-05)
(-0.00198503267958229 0.000765798761824105 3.34354960195124e-05)
(-0.00195003380646444 0.000765479888170957 3.34215736951472e-05)
(-0.00191503493334659 0.000765160415476571 3.34076252160768e-05)
(-0.00188003606022874 0.000764840356563211 3.33936511421331e-05)
(-0.00184503718711089 0.00076451973690534 3.33796525855555e-05)
(-0.00181003831399304 0.000764198422660542 3.33656237026576e-05)
(-0.00177503944087518 0.000763876258889549 3.3351557728645e-05)
(-0.00174004056775733 0.000763553245642798 3.33374546657199e-05)
(-0.00170504169463948 0.000763229370145726 3.33233139561327e-05)
(-0.00167004282152163 0.000762904396638618 3.33091253063921e-05)
(-0.00163504394840378 0.000762578096993638 3.32948787562215e-05)
(-0.00160004507528592 0.000762250463719205 3.32805739785315e-05)
(-0.00156504620216807 0.000761921415750206 3.32662074339428e-05)
(-0.00153004732905022 0.000761590538953188 3.32517610409984e-05)
(-0.00149504845593237 0.000761257465733096 3.32372187501516e-05)
(-0.00146004958281452 0.000760922145842244 3.3222578367541e-05)
(-0.00142505070969666 0.000760584383334894 3.32078313379909e-05)
(-0.00139005183657881 0.000760243473646067 3.319294689953e-05)
(-0.00135505296346096 0.000759898837014036 3.31778997392147e-05)
(-0.00132005409034311 0.00075955041712654 3.31626873983985e-05)
(-0.00128505521722526 0.000759197752366926 3.31472897224631e-05)
(-0.0012500563441074 0.00075883957854965 3.31316515158756e-05)
(-0.00121505747098955 0.000758475060671725 3.31157363216184e-05)
(-0.0011800585978717 0.000758104153587934 3.30995421686086e-05)
(-0.00114505972475385 0.000757725791537171 3.30830225247114e-05)
(-0.001110060851636 0.000757337796150355 3.30660822802788e-05)
(-0.00107506197851815 0.000756939117967208 3.30486756148855e-05)
(-0.00104006310540029 0.000756529720462517 3.30308009338062e-05)
(-0.00100506423228244 0.000756107394242317 3.30123617728173e-05)
(-0.00097006535916459 0.000755668426389723 3.29931960224664e-05)
(-0.000935066486046738 0.000755210666568173 3.29732097970319e-05)
(-0.000900067612928886 0.000754732218888429 3.29523203202018e-05)
(-0.000865068739811034 0.000754221965011308 3.29300421548039e-05)
(-0.000830069866693182 0.000753661736749382 3.29055820606441e-05)
(-0.00079507099357533 0.000753040932465825 3.28784771602623e-05)
(-0.000760072120457478 0.000752353689281344 3.28484714748203e-05)
(-0.000725073247339626 0.000751581953418819 3.28147767593861e-05)
(-0.000690074374221774 0.000750712945138893 3.27768350384891e-05)
(-0.000655075501103922 0.000749757625874571 3.273512489863e-05)
(-0.00062007662798607 0.000748723704464673 3.26899829149804e-05)
(-0.000585077754868219 0.000747604032681919 3.26410969891972e-05)
(-0.000550078881750367 0.000746403334223446 3.25886733623513e-05)
(-0.000515080008632515 0.000745139151286675 3.25334779433229e-05)
(-0.000480081135514663 0.000743820394794875 3.2475899791424e-05)
(-0.000445082262396811 0.000742453393706653 3.2416215234955e-05)
(-0.000410083389278959 0.000741056922744073 3.23552439959843e-05)
(-0.000375084516161107 0.000739648480433732 3.22937500766823e-05)
(-0.000340085643043255 0.000738243410322467 3.22324033907717e-05)
(-0.000305086769925403 0.00073686169162251 3.21720762494972e-05)
(-0.000270087896807551 0.000735517297032836 3.21133787140707e-05)
(-0.000235089023689699 0.000734225220486681 3.20569654337554e-05)
(-0.000200090150571847 0.000733009014913191 3.20038647516461e-05)
(-0.000165091277453996 0.000731882297875931 3.19546712234081e-05)
(-0.000130092404336144 0.000730848169600669 3.19095202078217e-05)
(-9.50935312182922e-05 0.000729924415536041 3.18691882343443e-05)
(-6.00946581004401e-05 0.000729130885541164 3.18345419665417e-05)
(-2.50957849825882e-05 0.000728456265613909 3.18050874244128e-05)
(9.9040954022669e-06 0.000727930728486833 3.17821419779112e-05)
(4.49109457306765e-05 0.000727782235418403 3.17756586305281e-05)
(7.9917796059086e-05 0.000727722483451871 3.17730498033287e-05)
(0.000114924646387496 0.000727729015383671 3.177333499363e-05)
(0.000149931496715905 0.000727789076093056 3.17759573008336e-05)
(0.000184938347044315 0.000727889771182516 3.17803537433857e-05)
(0.000219945197372724 0.00072801538398504 3.17858381167853e-05)
(0.000254952047701134 0.000728157319994945 3.17920351768104e-05)
(0.000289958898029543 0.000728310849881209 3.17987384364093e-05)
(0.000324965748357952 0.000728470174219528 3.18056946872487e-05)
(0.000359972598686362 0.000728630944682996 3.18127140772755e-05)
(0.000394979449014771 0.000728789084541274 3.18196186125994e-05)
(0.000429986299343181 0.000728939183317962 3.1826172066719e-05)
(0.000464993149671591 0.000729070777730545 3.18319176028539e-05)
(0.0005 0.000729139309412641 3.18349097607133e-05)
(-0.003 0.000800638130250092 3.49566156953326e-05)
(-0.0029650022537643 0.000800032549676829 3.49301754764968e-05)
(-0.00293000450752859 0.000799423050386296 3.490356416277e-05)
(-0.00289500676129289 0.000798812389005714 3.48769021110959e-05)
(-0.00286000901505718 0.000798201108556659 3.48502130303085e-05)
(-0.00282501126882148 0.000797589373030329 3.48235040804182e-05)
(-0.00279001352258578 0.000796977222361083 3.47967770049968e-05)
(-0.00275501577635007 0.000796364644174403 3.47700312637611e-05)
(-0.00272001803011437 0.000795751678180513 3.47432685904969e-05)
(-0.00268502028387867 0.00079513838953678 3.47164918300363e-05)
(-0.00265002253764296 0.000794524792348876 3.46897015982464e-05)
(-0.00261502479140726 0.00079391087367841 3.46628973302246e-05)
(-0.00258002704517155 0.000793296656509764 3.46360800294908e-05)
(-0.00254502929893585 0.000792682180531313 3.4609251428877e-05)
(-0.00251003155270015 0.0007920674439481 3.45824114500134e-05)
(-0.00247503380646444 0.000791452425318418 3.45555591567351e-05)
(-0.00244003606022874 0.000790837139670473 3.45286952051877e-05)
(-0.00240503831399304 0.000790221614162863 3.45018207811411e-05)
(-0.00237004056775733 0.000789605834447714 3.44749352581537e-05)
(-0.00233504282152163 0.000788989773865288 3.44480374722361e-05)
(-0.00230004507528592 0.00078837344695368 3.44211280581354e-05)
(-0.00226504732905022 0.000787756876044668 3.43942079908779e-05)
(-0.00223004958281452 0.000787140037148452 3.43672762230463e-05)
(-0.00219505183657881 0.000786522894959057 3.43403312131486e-05)
(-0.00216005409034311 0.000785905460158732 3.43133734275818e-05)
(-0.0021250563441074 0.0007852877543607 3.42864038099996e-05)
(-0.0020900585978717 0.000784669738055174 3.42594206353675e-05)
(-0.002055060851636 0.000784051356348284 3.42324215069672e-05)
(-0.00202006310540029 0.000783432623277242 3.42054070376767e-05)
(-0.00198506535916459 0.000782813563908567 3.4178378321924e-05)
(-0.00195006761292889 0.000782194112204318 3.41513324764301e-05)
(-0.00191506986669318 0.000781574181552699 3.41242657196424e-05)
(-0.00188007212045748 0.000780953783341939 3.40971785487818e-05)
(-0.00184507437422177 0.000780332937651288 3.40700718405272e-05)
(-0.00181007662798607 0.000779711538394712 3.40429409630624e-05)
(-0.00177507888175037 0.000779089459446113 3.40157804096029e-05)
(-0.00174008113551466 0.000778466702751393 3.39885902651088e-05)
(-0.00170508338927896 0.000777843258070555 3.3961370082492e-05)
(-0.00167008564304326 0.000777218937691052 3.39341116660458e-05)
(-0.00163508789680755 0.000776593556095712 3.39068069159156e-05)
(-0.00160009015057185 0.000775967110399187 3.38794557061242e-05)
(-0.00156509240433614 0.000775339536327525 3.38520552304104e-05)
(-0.00153009465810044 0.000774710502821006 3.38245910343947e-05)
(-0.00149509691186474 0.000774079711901945 3.37970501080903e-05)
(-0.00146009916562903 0.000773447127931809 3.37694308954853e-05)
(-0.00142510141939333 0.000772812596052681 3.37417266353369e-05)
(-0.00139010367315762 0.000772175551662908 3.37139126766048e-05)
(-0.00135510592692192 0.000771535524050113 3.36859684675426e-05)
(-0.00132010818068622 0.000770892477217252 3.36578924364855e-05)
(-0.00128511043445051 0.000770246046725311 3.36296686716824e-05)
(-0.00125011268821481 0.000769595212674854 3.36012526433624e-05)
(-0.00121511494197911 0.000768939300777004 3.35726149114373e-05)
(-0.0011801171957434 0.000768278289790701 3.35437545485023e-05)
(-0.0011451194495077 0.000767611338564294 3.35146348290833e-05)
(-0.00111012170327199 0.000766936674164622 3.34851783452467e-05)
(-0.00107512395703629 0.000766253463292424 3.34553487143611e-05)
(-0.00104012621080059 0.000765561696487651 3.34251455233918e-05)
(-0.00100512846456488 0.000764859629308423 3.33944926083615e-05)
(-0.000970130718329179 0.000764144226477751 3.33632574462149e-05)
(-0.000935132972093475 0.000763413813324485 3.33313669192304e-05)
(-0.000900135225857771 0.00076266691953293 3.32987568320385e-05)
(-0.000865137479622068 0.000761894799551333 3.32650453456034e-05)
(-0.000830139733386364 0.000761082627648948 3.32295851545414e-05)
(-0.00079514198715066 0.000760222071433784 3.31920124587614e-05)
(-0.000760144240914956 0.000759308569442328 3.31521281004655e-05)
(-0.000725146494679252 0.00075832771835248 3.31093032170298e-05)
(-0.000690148748443549 0.000757268762595327 3.30630682101739e-05)
(-0.000655151002207845 0.000756141027571244 3.30138302356714e-05)
(-0.000620153255972141 0.000754950672574704 3.29618582141264e-05)
(-0.000585155509736437 0.000753691812116 3.2906895179509e-05)
(-0.000550157763500734 0.000752368206828315 3.28491053246098e-05)
(-0.00051516001726503 0.000750994092754262 3.27891102084726e-05)
(-0.000480162271029326 0.00074957658490125 3.27272204790297e-05)
(-0.000445164524793622 0.000748120743366804 3.26636570649102e-05)
(-0.000410166778557918 0.00074664162241961 3.25990772496798e-05)
(-0.000375169032322215 0.000745153228038471 3.25340925475793e-05)
(-0.00034017128608651 0.000743667922115823 3.24692426904887e-05)
(-0.000305173539850807 0.000742201500608455 3.24052173447756e-05)
(-0.000270175793615103 0.00074076526032277 3.23425097396592e-05)
(-0.000235178047379399 0.000739371402034038 3.22816525724921e-05)
(-0.000200180301143695 0.000738038164105504 3.22234421474107e-05)
(-0.000165182554907991 0.000736776361473138 3.2168350654717e-05)
(-0.000130184808672288 0.000735589357148553 3.2116524926669e-05)
(-9.51870624365842e-05 0.000734491208579563 3.20685787246931e-05)
(-6.01893162008801e-05 0.000733495348327964 3.20250985271031e-05)
(-2.51915699651763e-05 0.000732594920710599 3.19857850083079e-05)
(9.8081908045339e-06 0.000731859316413778 3.19536678311011e-05)
(4.48218914613529e-05 0.000731742187918196 3.19485538905425e-05)
(7.9835592118172e-05 0.000731693426084634 3.19464249029112e-05)
(0.000114849292774991 0.000731697486844146 3.19466021995004e-05)
(0.00014986299343181 0.000731743716150936 3.19486206146249e-05)
(0.000184876694088629 0.000731821760957497 3.19520281244685e-05)
(0.000219890394745448 0.000731920108580855 3.19563220744371e-05)
(0.000254904095402267 0.000732031653738749 3.19611922412076e-05)
(0.000289917796059086 0.000732152285917706 3.1966459155886e-05)
(0.000324931496715905 0.00073227767074269 3.19719335755713e-05)
(0.000359945197372724 0.000732404232168619 3.19774593667632e-05)
(0.000394958898029543 0.000732528621574913 3.19828903255299e-05)
(0.000429972598686362 0.000732646256374215 3.19880263717862e-05)
(0.000464986299343181 0.000732747585217167 3.19924504846134e-05)
(0.0005 0.000732799180732951 3.19947031934824e-05)
(-0.003 0.000826464282256256 3.60842098436237e-05)
(-0.00296500338064644 0.000825556129290259 3.6044559028823e-05)
(-0.00293000676129289 0.000824642766563106 3.60046807509379e-05)
(-0.00289501014193933 0.000823728463480552 3.59647614162493e-05)
(-0.00286001352258578 0.000822813702457564 3.59248220874495e-05)
(-0.00282501690323222 0.000821898605269861 3.58848680813814e-05)
(-0.00279002028387867 0.000820983201772854 3.58449007015602e-05)
(-0.00275502366452511 0.000820067482803168 3.58049195479044e-05)
(-0.00272002704517155 0.000819151477475271 3.57649258915791e-05)
(-0.002685030425818 0.000818235233903668 3.57249218333089e-05)
(-0.00265003380646444 0.000817318762599873 3.56849078320365e-05)
(-0.00261503718711089 0.000816402053926286 3.56448834669752e-05)
(-0.00258004056775733 0.000815485124702295 3.56048494724752e-05)
(-0.00254504394840378 0.000814568004228556 3.55648071278309e-05)
(-0.00251004732905022 0.000813650691202471 3.55247563761697e-05)
(-0.00247505070969666 0.000812733169651146 3.54846965200998e-05)
(-0.00244005409034311 0.000811815450510677 3.54446280371016e-05)
(-0.00240505747098955 0.000810897553822099 3.54045518021856e-05)
(-0.002370060851636 0.000809979468953154 3.53644673511373e-05)
(-0.00233506423228244 0.000809061176014116 3.53243738155525e-05)
(-0.00230006761292889 0.000808142685572698 3.52842716568277e-05)
(-0.00226507099357533 0.000807224014109654 3.52441615945279e-05)
(-0.00223007437422177 0.000806305143820068 3.52040428512739e-05)
(-0.00219507775486822 0.000805386048359144 3.51639142768268e-05)
(-0.00216008113551466 0.000804466735406009 3.51237762064649e-05)
(-0.00212508451616111 0.000803547220896051 3.50836293359419e-05)
(-0.00209008789680755 0.00080262747549209 3.50434723843691e-05)
(-0.002055091277454 0.000801707458234183 3.50033035633966e-05)
(-0.00202009465810044 0.000800787179218948 3.49631233138524e-05)
(-0.00198509803874688 0.000799866656954417 3.49229324438146e-05)
(-0.00195010141939333 0.000798945842373021 3.48827288109468e-05)
(-0.00191510480003977 0.000798024670830665 3.4842509592827e-05)
(-0.00188010818068622 0.000797103150335991 3.48022751391199e-05)
(-0.00184511156133266 0.00079618129566742 3.47620260950653e-05)
(-0.00181011494197911 0.000795259027910084 3.47217590151658e-05)
(-0.00177511832262555 0.000794336252849502 3.46814697859282e-05)
(-0.00174012170327199 0.000793412971312083 3.46411584434343e-05)
(-0.00170512508391844 0.000792489175473235 3.46008246460551e-05)
(-0.00167012846456488 0.000791564725507538 3.45604622888809e-05)
(-0.00163513184521133 0.000790639482643121 3.4520065313001e-05)
(-0.00160013522585777 0.000789713443846175 3.44796335859563e-05)
(-0.00156513860650422 0.00078878656097602 3.44391650058795e-05)
(-0.00153014198715066 0.000787858587170311 3.43986487945278e-05)
(-0.0014951453677971 0.000786929299330563 3.43580752112108e-05)
(-0.00146014874844355 0.000785998669550243 3.43174430375032e-05)
(-0.00142515212908999 0.000785066581934188 3.42767472133127e-05)
(-0.00139015550973644 0.00078413261509596 3.42359693405103e-05)
(-0.00135515889038288 0.000783196416244014 3.41950940158844e-05)
(-0.00132016227102933 0.000782257956415175 3.41541199748754e-05)
(-0.00128516565167577 0.000781316963226292 3.41130353249781e-05)
(-0.00125016903232221 0.000780372674891854 3.40718068059189e-05)
(-0.00121517241296866 0.000779424585012618 3.40304123078293e-05)
(-0.0011801757936151 0.000778472674651768 3.39888510039101e-05)
(-0.00114517917426155 0.000777516315484874 3.39470954609242e-05)
(-0.00111018255490799 0.000776554182187793 3.39050878139698e-05)
(-0.00107518593555444 0.000775585646759663 3.38628006439373e-05)
(-0.00104018931620088 0.000774610698180746 3.38202334696943e-05)
(-0.00100519269684732 0.000773628033501243 3.37773294032242e-05)
(-0.000970196077493769 0.000772635382710522 3.37339893337223e-05)
(-0.000935199458140213 0.000771631485557687 3.36901582374462e-05)
(-0.000900202838786658 0.000770615241070323 3.36457880449022e-05)
(-0.000865206219433102 0.000769580122342895 3.36005937852403e-05)
(-0.000830209600079546 0.000768515049882193 3.355409171734e-05)
(-0.00079521298072599 0.000767413767035158 3.35060086698293e-05)
(-0.000760216361372434 0.000766272860765656 3.34561956263325e-05)
(-0.000725219742018879 0.000765081582336619 3.3404183286854e-05)
(-0.000690223122665323 0.000763831867427722 3.33496195555646e-05)
(-0.000655226503311767 0.000762530647189424 3.32928070530287e-05)
(-0.000620229883958212 0.000761182573661497 3.32339488916892e-05)
(-0.000585233264604656 0.000759783286708852 3.3172854703937e-05)
(-0.000550236645251101 0.000758335582142232 3.31096465575052e-05)
(-0.000515240025897544 0.000756850121203727 3.30447899322761e-05)
(-0.000480243406543989 0.000755332285170684 3.29785197798927e-05)
(-0.000445246787190433 0.000753785877890897 3.29110021799364e-05)
(-0.000410250167836877 0.000752222161258284 3.28427288373146e-05)
(-0.000375253548483322 0.000750651641393854 3.27741584591768e-05)
(-0.000340256929129766 0.000749083577148094 3.27056952956656e-05)
(-0.00030526030977621 0.000747529786131025 3.26378553147774e-05)
(-0.000270263690422654 0.000745998733442184 3.25710081107398e-05)
(-0.000235267071069098 0.000744499524664032 3.25055512418688e-05)
(-0.000200270451715543 0.000743045752772683 3.24420781903184e-05)
(-0.000165273832361987 0.000741645521444264 3.23809427702294e-05)
(-0.000130277213008432 0.00074030139344541 3.23222568744095e-05)
(-9.52805936548761e-05 0.000739023815422701 3.22664766132987e-05)
(-6.02839743013202e-05 0.00073782269234066 3.22140344469874e-05)
(-2.52873549477645e-05 0.000736692814028033 3.21647028944861e-05)
(9.71228620680091e-06 0.000735743347055796 3.21232482712176e-05)
(4.47328371920294e-05 0.000735657580240621 3.21195036111968e-05)
(7.97533881772579e-05 0.000735621424084462 3.2117924999327e-05)
(0.000114773939162486 0.00073562421730036 3.21180469537668e-05)
(0.000149794490147715 0.000735658200504361 3.21195306924966e-05)
(0.000184815041132944 0.000735715737935882 3.21220428310093e-05)
(0.000219835592118172 0.000735788379699011 3.21252144388821e-05)
(0.000254856143103401 0.000735870852812246 3.21288152927705e-05)
(0.000289876694088629 0.000735960081079268 3.21327110830428e-05)
(0.000324897245073857 0.000736052862723458 3.21367620171128e-05)
(0.000359917796059086 0.000736146537274824 3.21408519363519e-05)
(0.000394938347044314 0.000736238597229117 3.21448713607605e-05)
(0.000429958898029543 0.000736325600795703 3.21486700185141e-05)
(0.000464979449014772 0.000736400550111031 3.21519423762917e-05)
(0.0005 0.000736439776820484 3.21536550514136e-05)
(-0.003 0.000852347948852893 3.72143151331659e-05)
(-0.00296500450752859 0.000851136764554941 3.71614336846811e-05)
(-0.00293000901505719 0.000849918793499146 3.71082559199496e-05)
(-0.00289501352258578 0.000848700160523153 3.70550492551582e-05)
(-0.00286001803011437 0.000847481225838996 3.70018294175039e-05)
(-0.00282502253764296 0.000846262070723449 3.69485999556072e-05)
(-0.00279002704517155 0.000845042715190616 3.68953617433029e-05)
(-0.00275503155270015 0.000843823153182113 3.68421145160761e-05)
(-0.00272003606022874 0.000842603403592886 3.6788859098898e-05)
(-0.00268504056775733 0.000841383498060094 3.67355968730768e-05)
(-0.00265004507528592 0.000840163443629966 3.66823281462576e-05)
(-0.00261504958281452 0.000838943233897565 3.66290526387946e-05)
(-0.00258005409034311 0.000837722879753786 3.65757708261948e-05)
(-0.0025450585978717 0.000836502400469969 3.65224835498629e-05)
(-0.00251006310540029 0.000835281795268789 3.64691907758601e-05)
(-0.00247506761292889 0.000834061053543419 3.64158920410826e-05)
(-0.00244007212045748 0.000832840182324375 3.63625876524891e-05)
(-0.00240507662798607 0.000831619194801044 3.63092781859407e-05)
(-0.00237008113551466 0.000830398084021067 3.6255963337891e-05)
(-0.00233508564304326 0.000829176836753146 3.6202642530649e-05)
(-0.00230009015057185 0.000827955459784082 3.61493160605327e-05)
(-0.00226509465810044 0.000826733963974074 3.60959844017088e-05)
(-0.00223009916562903 0.000825512337628374 3.60426470435736e-05)
(-0.00219510367315763 0.000824290563229673 3.59893032213046e-05)
(-0.00216010818068622 0.000823068645632736 3.59359531468657e-05)
(-0.00212511268821481 0.000821846595334402 3.58825972785587e-05)
(-0.0020901171957434 0.000820624393040545 3.58292347739837e-05)
(-0.00205512170327199 0.000819402011517588 3.57758644440973e-05)
(-0.00202012621080059 0.000818179457154843 3.57224865678628e-05)
(-0.00198513071832918 0.00081695674217999 3.56691016791522e-05)
(-0.00195013522585777 0.000815733834275227 3.56157083669398e-05)
(-0.00191513973338636 0.000814510690459724 3.55623047546421e-05)
(-0.00188014424091496 0.000813287315650043 3.55088910569207e-05)
(-0.00184514874844355 0.000812063719622 3.54554677005971e-05)
(-0.00181015325597214 0.000810839850301673 3.54020324120747e-05)
(-0.00177515776350073 0.000809615645009642 3.53485824547108e-05)
(-0.00174016227102933 0.00080839110381106 3.52951178313503e-05)
(-0.00170516677855792 0.000807166221555254 3.52416383171097e-05)
(-0.00167017128608651 0.000805940905768703 3.5188139874508e-05)
(-0.0016351757936151 0.000804715063992297 3.51346184666934e-05)
(-0.0016001803011437 0.000803488693579766 3.5081073978127e-05)
(-0.00156518480867229 0.000802261762732847 3.50275050204668e-05)
(-0.00153018931620088 0.000801034107939195 3.49739044546096e-05)
(-0.00149519382372947 0.000799805580454702 3.49202657862475e-05)
(-0.00146019833125807 0.000798576160866901 3.48665881678137e-05)
(-0.00142520283878666 0.000797345772444846 3.4812868249163e-05)
(-0.00139020734631525 0.000796114135743552 3.47590938294636e-05)
(-0.00135521185384384 0.000794881015306683 3.47052546284699e-05)
(-0.00132021636137243 0.000793646390582708 3.46513497488829e-05)
(-0.00128522086890103 0.000792410081243622 3.45973713174116e-05)
(-0.00125022537642962 0.000791171581465441 3.45432972493041e-05)
(-0.00121522988395821 0.000789930552553797 3.44891127568448e-05)
(-0.0011802343914868 0.000788686980219921 3.44348172161727e-05)
(-0.0011452388990154 0.000787440448281744 3.43803924563861e-05)
(-0.00111024340654399 0.00078619007552065 3.43258000026495e-05)
(-0.00107524791407258 0.000784935440489483 3.42710214541825e-05)
(-0.00104025242160117 0.000783676534104791 3.42160564143932e-05)
(-0.00100525692912977 0.000782412492823493 3.41608671801762e-05)
(-0.000970261436658358 0.000781141806336985 3.4105387810034e-05)
(-0.000935265944186951 0.000779863631731904 3.40495815015743e-05)
(-0.000900270451715543 0.000778577239673154 3.39934164113391e-05)
(-0.000865274959244135 0.00077727830596948 3.39367037410609e-05)
(-0.000830279466772728 0.000775959464677171 3.38791218866918e-05)
(-0.00079528397430132 0.000774616538383054 3.38204884584339e-05)
(-0.000760288481829912 0.000773247261100668 3.37607045211815e-05)
(-0.000725292989358505 0.000771844502864889 3.36994587739345e-05)
(-0.000690297496887097 0.000770402877799922 3.36365160642773e-05)
(-0.000655302004415689 0.000768926971442957 3.35720766010873e-05)
(-0.000620306511944282 0.00076741991112363 3.35062769265254e-05)
(-0.000585311019472875 0.000765878823258356 3.34389915772224e-05)
(-0.000550315527001467 0.000764305554996122 3.3370301201445e-05)
(-0.000515320034530059 0.000762707205148968 3.33005157400204e-05)
(-0.000480324542058652 0.000761087391266734 3.32297931385856e-05)
(-0.000445329049587244 0.00075944865324133 3.31582442912162e-05)
(-0.000410333557115836 0.000757798476990634 3.30861960401453e-05)
(-0.000375338064644429 0.000756143864165612 3.30139540840561e-05)
(-0.000340342572173021 0.000754490972423017 3.29417872720485e-05)
(-0.000305347079701613 0.000752847655085997 3.28700384876161e-05)
(-0.000270351587230206 0.000751219541151499 3.27989534980732e-05)
(-0.000235356094758798 0.000749612657223627 3.27287954306376e-05)
(-0.00020036060228739 0.000748036010444126 3.26599575456107e-05)
(-0.000165365109815983 0.000746494990953126 3.2592675181593e-05)
(-0.000130369617344575 0.000744991294543013 3.25270223784792e-05)
(-9.53741248731682e-05 0.000743531823039349 3.24633004764809e-05)
(-6.03786324017602e-05 0.000742123127655599 3.24017955077553e-05)
(-2.53831399303526e-05 0.000740761504671055 3.2342345764364e-05)
(9.61638160906787e-06 0.000739596210272742 3.22914679121675e-05)
(4.46437829227059e-05 0.000739540849865248 3.22890508245766e-05)
(7.9671184236344e-05 0.000739517209778448 3.22880186760964e-05)
(0.000114698585549982 0.000739519032284926 3.22880982484477e-05)
(0.00014972598686362 0.000739541364930172 3.22890733127968e-05)
(0.000184753388177258 0.000739579210790817 3.22907256987578e-05)
(0.000219780789490896 0.000739627014311139 3.22928128455294e-05)
(0.000254808190804534 0.000739681305829427 3.22951832644098e-05)
(0.000289835592118172 0.000739740060166989 3.22977485341877e-05)
(0.00032486299343181 0.000739801168409793 3.2300416577688e-05)
(0.000359890394745448 0.000739862877150316 3.23031108394849e-05)
(0.000394917796059086 0.000739923534157639 3.23057591816187e-05)
(0.000429945197372724 0.00073998089474866 3.23082635991084e-05)
(0.000464972598686362 0.000740030548659261 3.23104315356644e-05)
(0.0005 0.000740058018462738 3.23116308931857e-05)
(-0.003 0.000878286105739457 3.83467995201456e-05)
(-0.00296500563441074 0.000876771505108809 3.82806706284814e-05)
(-0.00293001126882148 0.000875248256074721 3.82141641393685e-05)
(-0.00289501690323222 0.000873724674586242 3.81476431349833e-05)
(-0.00286002253764296 0.000872200943722464 3.80811156087318e-05)
(-0.0028250281720537 0.000870677104648291 3.80145833579123e-05)
(-0.00279003380646444 0.000869153167559909 3.79480468277001e-05)
(-0.00275503944087518 0.000867629129440173 3.78815058863638e-05)
(-0.00272004507528592 0.000866104999407061 3.78149609320027e-05)
(-0.00268505070969666 0.000864580793086914 3.77484126468778e-05)
(-0.0026500563441074 0.00086305651408959 3.76818611885988e-05)
(-0.00261506197851815 0.000861532159209381 3.76153064172014e-05)
(-0.00258006761292889 0.000860007733685439 3.75487485614321e-05)
(-0.00254507324733963 0.000858483247045023 3.748218803726e-05)
(-0.00251007888175037 0.000856958698999323 3.74156248320751e-05)
(-0.00247508451616111 0.00085543408425016 3.73490587145543e-05)
(-0.00244009015057185 0.000853909406141334 3.72824898306907e-05)
(-0.00240509578498259 0.000852384671210783 3.72159184659372e-05)
(-0.00237010141939333 0.000850859876096932 3.71493444735239e-05)
(-0.00233510705380407 0.00084933501417645 3.70827675642702e-05)
(-0.00230011268821481 0.000847810088671698 3.70161878788673e-05)
(-0.00226511832262555 0.000846285104984734 3.69496056531741e-05)
(-0.00223012395703629 0.00084476005740486 3.68830206378563e-05)
(-0.00219512959144703 0.000843234937172835 3.6816432450477e-05)
(-0.00216013522585777 0.000841709746535841 3.67498411891504e-05)
(-0.00212514086026851 0.000840184490717408 3.66832470819408e-05)
(-0.00209014649467925 0.000838659160268026 3.66166497162735e-05)
(-0.00205515212908999 0.000837133741573226 3.6550048497728e-05)
(-0.00202015776350073 0.000835608237592939 3.64834435555378e-05)
(-0.00198516339791147 0.000834082654440761 3.64168351566282e-05)
(-0.00195016903232221 0.000832556976249759 3.63502226082339e-05)
(-0.00191517466673296 0.000831031181533096 3.62836049722193e-05)
(-0.0018801803011437 0.000829505272457143 3.62169823431704e-05)
(-0.00184518593555444 0.000827979253948481 3.61503549361861e-05)
(-0.00181019156996518 0.000826453100358406 3.60837216314201e-05)
(-0.00177519720437592 0.000824926780338602 3.60170810601751e-05)
(-0.00174020283878666 0.000823400293590909 3.59504332094332e-05)
(-0.0017052084731974 0.000821873637695301 3.5883777973534e-05)
(-0.00167021410760814 0.000820346766926062 3.58171133560493e-05)
(-0.00163521974201888 0.000818819634967164 3.57504373347779e-05)
(-0.00160022537642962 0.000817292240081 3.56837498338542e-05)
(-0.00156523101084036 0.000815764566723339 3.56170501746023e-05)
(-0.0015302366452511 0.000814236533843543 3.5550334818275e-05)
(-0.00149524227966184 0.00081270806689637 3.54836005101567e-05)
(-0.00146024791407258 0.000811179155650284 3.5416846803529e-05)
(-0.00142525354848332 0.000809649762305522 3.53500720480185e-05)
(-0.00139025918289406 0.000808119748126411 3.52832701862949e-05)
(-0.0013552648173048 0.000806588994964386 3.52164360598805e-05)
(-0.00132027045171554 0.000805057491771883 3.51495691864282e-05)
(-0.00128527608612628 0.000803525149580132 3.50826656814777e-05)
(-0.00125028172053702 0.000801991716739956 3.50157145577885e-05)
(-0.00121528735494776 0.000800457022848706 3.49487083754204e-05)
(-0.0011802929893585 0.000798921059827286 3.48816467816324e-05)
(-0.00114529862376925 0.000797383621919268 3.48145207929048e-05)
(-0.00111030425817999 0.00079584426978918 3.47473112274367e-05)
(-0.00107530989259073 0.000794302790460969 3.46800087864929e-05)
(-0.00104031552700147 0.000792759178652112 3.46126132394332e-05)
(-0.00100532116141221 0.000791213006672912 3.45451059129225e-05)
(-0.000970326795822948 0.000789663520862545 3.44774539014183e-05)
(-0.000935332430233688 0.000788110297602888 3.4409638709354e-05)
(-0.000900338064644429 0.000786552975772621 3.43416445698323e-05)
(-0.000865343699055169 0.000784989412501714 3.42733779231272e-05)
(-0.00083034933346591 0.000783415935779411 3.42046784457866e-05)
(-0.00079535496787665 0.000781830449671778 3.41354546273589e-05)
(-0.000760360602287391 0.000780231827303689 3.40656572674132e-05)
(-0.000725366236698131 0.000778616526590468 3.3995131715193e-05)
(-0.000690371871108871 0.000776981843527779 3.39237599113192e-05)
(-0.000655377505519612 0.000775330046843517 3.3851640910591e-05)
(-0.000620383139930353 0.000773662718250227 3.37788437720694e-05)
(-0.000585388774341093 0.000771978437441465 3.37053064838359e-05)
(-0.000550394408751834 0.000770278113992173 3.36310687587901e-05)
(-0.000515400043162574 0.000768565290222213 3.35562852579573e-05)
(-0.000480405677573315 0.000766841791185793 3.34810356649251e-05)
(-0.000445411311984055 0.000765108884405553 3.3405375320927e-05)
(-0.000410416946394795 0.000763370297307215 3.33294669688848e-05)
(-0.000375422580805536 0.000761629528357396 3.32534633551496e-05)
(-0.000340428215216276 0.000759889644414271 3.31774983816412e-05)
(-0.000305433849627017 0.000758154556276671 3.31017427975239e-05)
(-0.000270439484037757 0.000756427069797003 3.30263191089597e-05)
(-0.000235445118448498 0.000754710171810315 3.2951357723983e-05)
(-0.000200450752859238 0.000753008335905204 3.287705396369e-05)
(-0.000165456387269979 0.000751324251396411 3.28035252460983e-05)
(-0.000130462021680719 0.000749658756390859 3.27308081637463e-05)
(-9.54676560914602e-05 0.00074801526586635 3.26590518177847e-05)
(-6.04732905022003e-05 0.00074639702612064 3.25883979446348e-05)
(-2.54789249129408e-05 0.000744801915954236 3.25187539307264e-05)
(9.52047701133491e-06 0.000743419457260005 3.24583944806041e-05)
(4.45547286533823e-05 0.000743393398584291 3.24572567342515e-05)
(7.95889802954299e-05 0.000743381850654573 3.24567525407513e-05)
(0.000114623231937477 0.000743382759227823 3.24567922099161e-05)
(0.000149657483579525 0.000743393796268948 3.24572740975385e-05)
(0.000184691735221573 0.000743412507391996 3.24580910428137e-05)
(0.00021972598686362 0.00074343614657734 3.24591231519354e-05)
(0.000254760238505668 0.000743462998734576 3.24602955424395e-05)
(0.000289794490147715 0.000743492063513178 3.24615645380787e-05)
(0.000324828741789762 0.000743522297768687 3.24628845941823e-05)
(0.00035986299343181 0.000743552834263567 3.24642178463419e-05)
(0.000394897245073857 0.000743582857706041 3.24655286981497e-05)
(0.000429931496715905 0.000743611277372896 3.24667695276018e-05)
(0.000464965748357953 0.000743636086237745 3.24678527060335e-05)
(0.0005 0.000743651802073642 3.24685388742474e-05)
(-0.003 0.000904280356593644 3.94817330226432e-05)
(-0.00296500676129289 0.000902451233089067 3.9401871765737e-05)
(-0.00293001352258578 0.000900622108781217 3.93220104737591e-05)
(-0.00289502028387867 0.00089879298488082 3.92421491995711e-05)
(-0.00286002704517156 0.000896963861305585 3.91622879395799e-05)
(-0.00282503380646444 0.000895134737264657 3.90824266592561e-05)
(-0.00279004056775733 0.000893305613288067 3.90025653817414e-05)
(-0.00275504732905022 0.000891476489313476 3.89227041043139e-05)
(-0.00272005409034311 0.000889647365335974 3.88428428267594e-05)
(-0.002685060851636 0.000887818241581179 3.87629815589284e-05)
(-0.00265006761292889 0.000885989117629161 3.86831202824865e-05)
(-0.00261507437422177 0.000884159993622202 3.86032590036458e-05)
(-0.00258008113551466 0.000882330869707139 3.85233977288174e-05)
(-0.00254508789680755 0.000880501745927955 3.84435364599217e-05)
(-0.00251009465810044 0.000878672622102502 3.83636751890057e-05)
(-0.00247510141939333 0.000876843497985512 3.8283813905361e-05)
(-0.00244010818068622 0.000875014374103756 3.82039526319868e-05)
(-0.00240511494197911 0.000873185250171095 3.81240913563901e-05)
(-0.00237012170327199 0.000871356126443312 3.80442300897385e-05)
(-0.00233512846456488 0.000869527002356677 3.79643688074191e-05)
(-0.00230013522585777 0.000867697878559841 3.78845075377526e-05)
(-0.00226514198715066 0.000865868754579301 3.78046462600654e-05)
(-0.00223014874844355 0.000864039630696211 3.7724784986633e-05)
(-0.00219515550973644 0.000862210506875291 3.7644923715915e-05)
(-0.00216016227102933 0.000860381383317203 3.75650624566724e-05)
(-0.00212516903232221 0.000858552259070533 3.74852011673657e-05)
(-0.0020901757936151 0.000856723135193893 3.74053398942149e-05)
(-0.00205518255490799 0.000854894011099007 3.73254786115353e-05)
(-0.00202018931620088 0.000853064887191799 3.72456173370498e-05)
(-0.00198519607749377 0.000851235763311563 3.7165756063742e-05)
(-0.00195020283878666 0.000849406639388177 3.70858947885502e-05)
(-0.00191520960007955 0.000847577515470172 3.70060335135934e-05)
(-0.00188021636137243 0.000845748391562963 3.69261722391079e-05)
(-0.00184522312266532 0.000843919267758803 3.68463109691216e-05)
(-0.00181022988395821 0.000842090143748546 3.67664496901369e-05)
(-0.0017752366452511 0.000840261019958329 3.66865884207595e-05)
(-0.00174024340654399 0.000838431895957282 3.66067271421769e-05)
(-0.00170525016783688 0.000836602772060231 3.65268658681349e-05)
(-0.00167025692912977 0.000834773648334537 3.64470046015746e-05)
(-0.00163526369042265 0.000832944524360016 3.63671433241502e-05)
(-0.00160027045171554 0.00083111540043618 3.62872820489387e-05)
(-0.00156527721300843 0.000829286276498766 3.62074207731345e-05)
(-0.00153028397430132 0.000827457152721127 3.61275595043061e-05)
(-0.00149529073559421 0.000825628028702976 3.60476982249768e-05)
(-0.0014602974968871 0.000823798904815729 3.59678369513629e-05)
(-0.00142530425817999 0.000821969781137523 3.58879756868758e-05)
(-0.00139031101947287 0.000820140657129071 3.580811440797e-05)
(-0.00135531778076576 0.000818311533058235 3.57282531263404e-05)
(-0.00132032454205865 0.000816482409179145 3.56483918530826e-05)
(-0.00128533130335154 0.000814653285192203 3.55685305751159e-05)
(-0.00125033806464443 0.00081282416137082 3.54886693043777e-05)
(-0.00121534482593732 0.000810995037325997 3.54088080238838e-05)
(-0.00118035158723021 0.000809165913475475 3.53289467518734e-05)
(-0.00114535834852309 0.000807336789671075 3.52490854818766e-05)
(-0.00111036510981598 0.000805507665604371 3.51692242004274e-05)
(-0.00107537187110887 0.000803678541924798 3.50893629358807e-05)
(-0.00104037863240176 0.000801849417915477 3.50095016569369e-05)
(-0.00100538539369465 0.000800020294120379 3.49296403873463e-05)
(-0.000970392154987537 0.000798191170523701 3.48497791264189e-05)
(-0.000935398916280426 0.000796362046086504 3.47699178287937e-05)
(-0.000900405677573315 0.00079453292220098 3.46900565552549e-05)
(-0.000865412438866203 0.000792703798398756 3.46101952853532e-05)
(-0.000830419200159092 0.000790874674346701 3.45303340045436e-05)
(-0.00079542596145198 0.000789045550646923 3.44504727391147e-05)
(-0.000760432722744869 0.000787216426779587 3.43706114663702e-05)
(-0.000725439484037757 0.000785387302766724 3.42907501872717e-05)
(-0.000690446245330646 0.000783558178717866 3.42108889066017e-05)
(-0.000655453006623534 0.000781729054810657 3.41310276321162e-05)
(-0.000620459767916423 0.000779899931252016 3.40511663728495e-05)
(-0.000585466529209312 0.000778070807082556 3.39713050869139e-05)
(-0.000550473290502201 0.00077624168346096 3.38914438248986e-05)
(-0.000515480051795089 0.00077441255961051 3.38115825528912e-05)
(-0.000480486813087977 0.000772583435605853 3.37317212741511e-05)
(-0.000445493574380866 0.000770754311413277 3.36518599872062e-05)
(-0.000410500335673754 0.000768925187575211 3.35719987157396e-05)
(-0.000375507096966643 0.000767096063776494 3.34921374459909e-05)
(-0.000340513858259532 0.000765266939773399 3.3412276167319e-05)
(-0.00030552061955242 0.000763437816144533 3.33324149049862e-05)
(-0.000270527380845309 0.000761608691888455 3.32525536152688e-05)
(-0.000235534142138197 0.000759779568158775 3.31726923485344e-05)
(-0.000200540903431086 0.000757950444016943 3.3092831063805e-05)
(-0.000165547664723975 0.000756121320202124 3.30129697933533e-05)
(-0.000130554426016863 0.000754292196272785 3.29331085179017e-05)
(-9.55611873097521e-05 0.000752463072889968 3.28532472663116e-05)
(-6.05679486026403e-05 0.000750633948544781 3.27733859727036e-05)
(-2.55747098955289e-05 0.000748804824601524 3.26935246966442e-05)
(9.42457241360191e-06 0.000747206660524314 3.26237473461105e-05)
(4.44656743840589e-05 0.000747206660808142 3.26237473585027e-05)
(7.95067763545159e-05 0.000747206660647109 3.26237473514718e-05)
(0.000114547878324973 0.000747206660524314 3.26237473461105e-05)
(0.00014958898029543 0.000747206660627822 3.26237473506297e-05)
(0.000184630082265887 0.000747206661045234 3.26237473688544e-05)
(0.000219671184236344 0.000747206660707028 3.2623747354088e-05)
(0.000254712286206801 0.000747206660589605 3.26237473489611e-05)
(0.000289753388177258 0.000747206660524314 3.26237473461105e-05)
(0.000324794490147715 0.000747206660552716 3.26237473473505e-05)
(0.000359835592118172 0.00074720666070216 3.26237473538754e-05)
(0.000394876694088629 0.000747206660700008 3.26237473537814e-05)
(0.000429917796059086 0.000747206660896782 3.26237473623728e-05)
(0.000464958898029543 0.000747206660614412 3.26237473500442e-05)
(0.0005 0.000747206660601135 3.26237473494646e-05)
)


// ************************************************************************* //
