/*--------------------------------*- C++ -*----------------------------------*\
  =========                 |
  \\      /  F ield         | OpenFOAM: The Open Source CFD Toolbox
   \\    /   O peration     | Website:  https://openfoam.org
    \\  /    A nd           | Version:  8
     \\/     M anipulation  |
\*---------------------------------------------------------------------------*/
FoamFile
{
    version     2.0;
    format      ascii;
    class       surfaceScalarField;
    location    "0.0670000";
    object      meshPhi;
}
// * * * * * * * * * * * * * * * * * * * * * * * * * * * * * * * * * * * * * //

dimensions      [0 3 -1 0 0 0 0];

internalField   nonuniform List<scalar> 
1691
(
-5.62509739447118e-19
-5.2637036489885e-14
-1.12411561881085e-18
-5.25875919786762e-14
-1.68462425867933e-18
-5.25352029987197e-14
-2.24667286700512e-18
-5.24933971350344e-14
-2.81207111425027e-18
-5.24767541134083e-14
-3.38074652728637e-18
-5.24752373279817e-14
-3.94592520763002e-18
-5.24722645363134e-14
-4.52102121895507e-18
-5.24769141357595e-14
-5.09711817312471e-18
-5.24924272815946e-14
-5.66754587339643e-18
-5.2492037547115e-14
-6.23172419008277e-18
-5.24646908412204e-14
-6.79931114888898e-18
-5.24284151460345e-14
-7.36706031240446e-18
-5.23956419203528e-14
-7.93430508377164e-18
-5.23632315347309e-14
-8.50018929254738e-18
-5.23279821345439e-14
-9.06989069822059e-18
-5.23001992839192e-14
-9.66212189413181e-18
-5.23066204047163e-14
-1.02803995834131e-17
-5.23596720221717e-14
-1.08945367173057e-17
-5.24278310269374e-14
-1.14925055249909e-17
-5.24696825498209e-14
-1.20789269590061e-17
-5.24767213886387e-14
-1.26607149958183e-17
-5.24619145462768e-14
-1.32472172001165e-17
-5.24537352247763e-14
-1.38899922770417e-17
-5.24886552064171e-14
-1.45256398057913e-17
-5.25520060447102e-14
-1.51310473545412e-17
-5.25896433014443e-14
-1.57259194964655e-17
-5.2590560377097e-14
-1.63346969635805e-17
-5.25940137249778e-14
-1.70059952722725e-17
-5.26527289276072e-14
-1.77223065620963e-17
-5.27570496014317e-14
-1.83268201620983e-17
-5.28284177815263e-14
-1.89786087974835e-17
-5.28630334497423e-14
-1.9662456566084e-17
-5.29250932818717e-14
-2.03849552742986e-17
-5.30354600379947e-14
-2.11599035635294e-17
-5.31915839909064e-14
-2.19634133679382e-17
-5.33848304350777e-14
-2.27843729067801e-17
-5.35990803939803e-14
-2.36279758330434e-17
-5.38120015560013e-14
-2.44103796595133e-17
-5.4012215673526e-14
-2.5391711711772e-17
-5.42941803783224e-14
-2.67183007839174e-17
-5.484054741769e-14
-2.83355964136446e-17
-5.5601887374644e-14
-2.93798850214103e-17
-5.62523653314467e-14
-3.05674900092909e-17
-5.67293301563658e-14
-3.20018399470715e-17
-5.73148591859311e-14
-3.37491940529866e-17
-5.80981925010691e-14
-3.53766346341457e-17
-5.90113840320607e-14
-3.78592623170944e-17
-6.02414542811974e-14
-4.09818480633211e-17
-6.20223803611686e-14
-4.45181691665288e-17
-6.41140836881663e-14
-4.73610958127232e-17
-6.61940256725394e-14
-5.1899337465723e-17
-6.86514935020124e-14
-5.75608372950494e-17
-7.19956807566259e-14
-6.35037847691868e-17
-7.56354288775496e-14
-6.73211881439863e-17
-7.88167990845847e-14
-7.43884696677414e-17
-8.24024570499142e-14
-8.39420676753343e-17
-8.77489573014815e-14
-9.54143727164043e-17
-9.43306766319362e-14
-1.05153906768071e-16
-1.01576745379131e-13
-1.26295838733753e-16
-1.12368577060108e-13
-1.55694346872774e-16
-1.27967649220192e-13
-1.80762994528658e-16
-1.46784454686163e-13
-2.32099305183465e-16
-1.72541163684318e-13
-2.95934358657211e-16
-2.08764031523877e-13
-3.62126021182157e-16
-2.48510175416755e-13
-4.10558291857423e-16
-2.84908547940329e-13
-4.8572274929808e-16
-3.23135209770174e-13
-5.69323344119235e-16
-3.68702711662538e-13
-6.51018641465509e-16
-4.15323919288627e-13
-7.14457583897621e-16
-4.56880475682528e-13
-7.99849269753429e-16
-4.97895924330838e-13
-8.8463383154787e-16
-5.4184657078135e-13
-9.65445345609719e-16
-5.8487323913227e-13
-1.04337450107178e-15
-6.24668385852372e-13
-1.11921136453669e-15
-6.61396735517159e-13
-1.18611305413114e-15
-6.94727082102231e-13
-1.2579525282671e-15
-7.25415391552392e-13
-1.31827134683776e-15
-7.52672884483552e-13
-1.36808728264393e-15
-7.74326563773991e-13
-1.414763204895e-15
-7.93259800816875e-13
-1.48664105689323e-15
-8.13642368840492e-13
-1.5187777388288e-15
-8.29729520302513e-13
-1.54040593987733e-15
-8.38322728757638e-13
-1.59808855367249e-15
-8.47327915115789e-13
-1.62117743969126e-15
-8.55481216612746e-13
-1.61618856724875e-15
-8.56822992860137e-13
-1.4969448665956e-15
-8.56524347490381e-13
-1.40548181891174e-15
-8.60378711222858e-13
-1.28433814303968e-15
-8.6460094887483e-13
-1.16959520771697e-15
-8.67214503394516e-13
-1.06734692993185e-15
-8.7219618045827e-13
-9.47553420975124e-16
-8.7643875805212e-13
-8.28509824448915e-16
-8.7730844035976e-13
-7.12472344283052e-16
-8.78897905300758e-13
-5.98676807911146e-16
-8.83192248892243e-13
-4.80781226228806e-16
-8.8777467141425e-13
-3.61103886862768e-16
-8.90571615850103e-13
-2.41095928186077e-16
-8.91817981995128e-13
-1.20395479478918e-16
-8.91998231611392e-13
-8.91632209987222e-13
-1.70210725910781e-18
-1.06421755798557e-13
-3.4003738170498e-18
-1.0629167713929e-13
-5.09481361352182e-18
-1.06160372534173e-13
-6.78719880579835e-18
-1.06039608296906e-13
-8.47950546318359e-18
-1.05941165923474e-13
-1.01703026756891e-17
-1.05856309631587e-13
-1.1858627306638e-17
-1.05770017469104e-13
-1.3548382039051e-17
-1.05690601559586e-13
-1.52372736675692e-17
-1.05621032328437e-13
-1.69184030896087e-17
-1.0553712824639e-13
-1.85925364069325e-17
-1.0542927462107e-13
-2.02641757776417e-17
-1.05313677745802e-13
-2.19337966448896e-17
-1.05201303453091e-13
-2.35995199166479e-17
-1.05089235309311e-13
-2.5261433177119e-17
-1.04974473298126e-13
-2.69258156454394e-17
-1.04866334337972e-13
-2.86053820957293e-17
-1.04788780918334e-13
-3.02999120425016e-17
-1.04752673999466e-13
-3.19910818257859e-17
-1.04729700097008e-13
-3.3666603883949e-17
-1.04683227344303e-13
-3.5329069279032e-17
-1.04606097621296e-13
-3.69829939973372e-17
-1.04509811744934e-13
-3.86472303962461e-17
-1.04419141631803e-13
-4.03384890462548e-17
-1.04366766138898e-13
-4.20300205446136e-17
-1.04340052047683e-13
-4.36959551126515e-17
-1.04290474877099e-13
-4.53476625317062e-17
-1.04207705372537e-13
-4.70135535338947e-17
-1.04127061129779e-13
-4.87268648569485e-17
-1.04096052651742e-13
-5.04482138398665e-17
-1.04105964054801e-13
-5.21245295493203e-17
-1.04085865698572e-13
-5.38019872143065e-17
-1.0403292077143e-13
-5.55147389491623e-17
-1.04004869596632e-13
-5.72589607784332e-17
-1.04019181621054e-13
-5.90413966739509e-17
-1.04074248577078e-13
-6.08481289480463e-17
-1.04162369257342e-13
-6.26735803453265e-17
-1.04268841495678e-13
-6.44923011251611e-17
-1.04374630643458e-13
-6.6310979437697e-17
-1.04468034043644e-13
-6.82736856528205e-17
-1.04632267333198e-13
-7.05477007901564e-17
-1.05031328789081e-13
-7.2912132058657e-17
-1.0562373824429e-13
-7.5047922760542e-17
-1.06115708229432e-13
-7.71556444168794e-17
-1.06450989150298e-13
-7.95268475850967e-17
-1.06884045238432e-13
-8.20424478549015e-17
-1.07493382896756e-13
-8.47123638561731e-17
-1.08211972983199e-13
-8.79109423741577e-17
-1.092108544512e-13
-9.17641235999075e-17
-1.10702290796352e-13
-9.57173967871595e-17
-1.12466232791089e-13
-9.97029742723941e-17
-1.14211845524544e-13
-1.04613504490293e-16
-1.16289384097283e-13
-1.10684188712479e-16
-1.19155775649503e-13
-1.16493840835069e-16
-1.2228893282184e-13
-1.21818408092288e-16
-1.24995682878165e-13
-1.2879670828199e-16
-1.28050748666335e-13
-1.38456412763877e-16
-1.32677203802738e-13
-1.48720634114555e-16
-1.38398573323091e-13
-1.60415585458809e-16
-1.44650142170596e-13
-1.79822337982076e-16
-1.54020156674982e-13
-2.04206633251331e-16
-1.67705874533205e-13
-2.32666509317923e-16
-1.84085298314766e-13
-2.76134260901441e-16
-2.06560680289426e-13
-3.33659889305698e-16
-2.38382785628433e-13
-3.89101492886953e-16
-2.73309010006121e-13
-4.40737811346136e-16
-3.05122877067297e-13
-5.04072702538383e-16
-3.38508900237286e-13
-5.7895453128922e-16
-3.78477950862611e-13
-6.48723988324681e-16
-4.19350537225437e-13
-7.13024285226491e-16
-4.55677964373614e-13
-7.84605053617154e-16
-4.91477854048904e-13
-8.60675190983597e-16
-5.29874540079538e-13
-9.32978982144538e-16
-5.67421558097871e-13
-1.00290869629797e-15
-6.02109520327935e-13
-1.06914479473985e-15
-6.34074880002758e-13
-1.13164555504858e-15
-6.63034220809775e-13
-1.19227150224593e-15
-6.89583412306279e-13
-1.24635164205754e-15
-7.13040712896988e-13
-1.29155916293196e-15
-7.31667780003096e-13
-1.3388384282449e-15
-7.47979912866688e-13
-1.38957764926398e-15
-7.65163176799131e-13
-1.42439686756351e-15
-7.78661466960657e-13
-1.45242486779735e-15
-7.86084278606389e-13
-1.48807419179883e-15
-7.9312865230004e-13
-1.51349533554514e-15
-7.99263680111699e-13
-1.51212243572326e-15
-8.00408440362662e-13
-1.40634961306562e-15
-8.0056772861588e-13
-1.30664205178399e-15
-8.03442524976133e-13
-1.20081366371524e-15
-8.06762603643107e-13
-1.09590789139913e-15
-8.09545425531633e-13
-9.93450624065574e-16
-8.13903511984053e-13
-8.84882486149222e-16
-8.17475702611251e-13
-7.74340780245998e-16
-8.18421271267995e-13
-6.66185936324646e-16
-8.20056955950862e-13
-5.58343226187671e-16
-8.23799815111059e-13
-4.48547410073223e-16
-8.27694111616522e-13
-3.37131516932494e-16
-8.30328893066858e-13
-2.24898320343602e-16
-8.31477130185573e-13
-1.12425903521569e-16
-8.31671148151752e-13
-8.31544814781761e-13
-2.87081963886529e-18
-1.61611539696495e-13
-5.7340439938741e-18
-1.61382862589894e-13
-8.5898357440486e-18
-1.61158142614631e-13
-1.14397073322262e-17
-1.60943754097913e-13
-1.42853898931379e-17
-1.60748688751971e-13
-1.71256341372153e-17
-1.6056548726279e-13
-1.9959563263377e-17
-1.60381113983778e-13
-2.27907023379571e-17
-1.60202748107636e-13
-2.56169496744311e-17
-1.60032931539589e-13
-2.84322480164225e-17
-1.59850711950526e-13
-3.1237300241701e-17
-1.59647772629802e-13
-3.4036097001076e-17
-1.59438158200227e-13
-3.68290195405039e-17
-1.59231372221593e-13
-3.96144156999467e-17
-1.59024871596812e-13
-4.23923066807333e-17
-1.58816045004685e-13
-4.51683120652059e-17
-1.58613026060554e-13
-4.79535909697541e-17
-1.58436585124797e-13
-5.07478695373265e-17
-1.58296018345484e-13
-5.35350071290091e-17
-1.58166820069078e-13
-5.63043608506447e-17
-1.5801732683277e-13
-5.90582076213478e-17
-1.57841307316667e-13
-6.18005468258586e-17
-1.57648780471726e-13
-6.45476397573008e-17
-1.57461168832187e-13
-6.73145365163134e-17
-1.57306666718091e-13
-7.00776220826465e-17
-1.57174420872405e-13
-7.28141527781419e-17
-1.57022479819385e-13
-7.5533775423056e-17
-1.56841827284743e-13
-7.82620067834396e-17
-1.56663029416603e-13
-8.10278197489839e-17
-1.56527198351779e-13
-8.37967938791124e-17
-1.56426773459417e-13
-8.65215654604443e-17
-1.56300504899459e-13
-8.92437672278337e-17
-1.56145905552162e-13
-9.19926231020681e-17
-1.56012796805528e-13
-9.47648526967398e-17
-1.55916354603916e-13
-9.75667512334089e-17
-1.55855186335492e-13
-1.00385733432472e-16
-1.55822668756671e-13
-1.03217002972709e-16
-1.55806100954837e-13
-1.06038752831364e-16
-1.55788997151035e-13
-1.08855091342951e-16
-1.55761311247272e-13
-1.11793371735526e-16
-1.55794796124268e-13
-1.15000510487589e-16
-1.56030976539073e-13
-1.18284679853579e-16
-1.56433936665321e-13
-1.21360894307399e-16
-1.56750460383189e-13
-1.24409732143034e-16
-1.56932019392042e-13
-1.27684890870498e-16
-1.57197692460815e-13
-1.31083483381131e-16
-1.57615492354676e-13
-1.3460629308345e-16
-1.58127815900236e-13
-1.38593554316932e-16
-1.5888173767408e-13
-1.43147607445254e-16
-1.60060278227933e-13
-1.47784337010088e-16
-1.61474155897158e-13
-1.52437743285126e-16
-1.62872633532144e-13
-1.57900249740222e-16
-1.64557064873134e-13
-1.64371752235173e-16
-1.66920916035558e-13
-1.70617833609677e-16
-1.69514691182995e-13
-1.76404956964826e-16
-1.71741413930905e-13
-1.83651145425611e-16
-1.74267121007445e-13
-1.93231186137818e-16
-1.78145027194655e-13
-2.03342871175132e-16
-1.82966408989691e-13
-2.14620837559191e-16
-1.88245093946604e-13
-2.32681485325708e-16
-1.96205448286386e-13
-2.55109546979127e-16
-2.07878515040467e-13
-2.80867932325898e-16
-2.21870988011174e-13
-3.19878925815175e-16
-2.41099524835417e-13
-3.71108897620854e-16
-2.6836193800539e-13
-4.20553789221518e-16
-2.98300548040389e-13
-4.66409644644463e-16
-3.25558219947765e-13
-5.22627786606125e-16
-3.5414253336084e-13
-5.88858817489666e-16
-3.88372289378497e-13
-6.50639660129532e-16
-4.23383047373764e-13
-7.07497903746189e-16
-4.54474570476574e-13
-7.70711840762511e-16
-4.85078667832781e-13
-8.37773849676558e-16
-5.17887245923487e-13
-9.01523507108742e-16
-5.49954404201074e-13
-9.63175931731675e-16
-5.79552486919184e-13
-1.02154600269037e-15
-6.06787570004147e-13
-1.07662522369076e-15
-6.31404291243531e-13
-1.12988887105447e-15
-6.53915281600529e-13
-1.17745855691171e-15
-6.73751678247477e-13
-1.21741917141414e-15
-6.89427437260216e-13
-1.25911909367716e-15
-7.03084307660954e-13
-1.30307347821288e-15
-7.17435071100863e-13
-1.33405352211918e-15
-7.28619336927685e-13
-1.3591145001016e-15
-7.34590659224213e-13
-1.38928389073085e-15
-7.40133359442127e-13
-1.4117440413501e-15
-7.44893649343911e-13
-1.41069470052751e-15
-7.45529748969245e-13
-1.31199820618489e-15
-7.45560768141339e-13
-1.21730969313251e-15
-7.47886946027872e-13
-1.11892324511982e-15
-7.50678746438186e-13
-1.02122429744782e-15
-7.53108298188471e-13
-9.25034226158239e-16
-7.5688582231594e-13
-8.23933082100566e-16
-7.59977185725869e-13
-7.21108646976153e-16
-7.60825563885341e-13
-6.20359408208972e-16
-7.62268868076747e-13
-5.19645507248869e-16
-7.65529760123427e-13
-4.17367909717957e-16
-7.68908895247494e-13
-3.13711435046903e-16
-7.71191419097171e-13
-2.0925612595925e-16
-7.7223699017073e-13
-1.04625929681345e-16
-7.72468719315763e-13
-7.72362417513691e-13
-4.06919022588621e-18
-2.18175482848536e-13
-8.12642826921219e-18
-2.17831522267862e-13
-1.21720115491542e-17
-2.174996246071e-13
-1.62071614574725e-17
-2.17177446907899e-13
-2.0233386045915e-17
-2.16871533826636e-13
-2.42496295265819e-17
-2.16575702344937e-13
-2.82551237689599e-17
-2.16278952534275e-13
-3.22528957824715e-17
-2.15987306117198e-13
-3.62411341952945e-17
-2.1570290571699e-13
-4.02146731037217e-17
-2.1540810551954e-13
-4.41741272293701e-17
-2.15095881145553e-13
-4.81228875778407e-17
-2.1477805436237e-13
-5.20613063358071e-17
-2.14462648444855e-13
-5.59879424517131e-17
-2.14147523918446e-13
-5.99028254445361e-17
-2.13830453322017e-13
-6.38108108638794e-17
-2.13518305188192e-13
-6.77213812362493e-17
-2.13228594377961e-13
-7.16343087228417e-17
-2.12969110198026e-13
-7.55358353503255e-17
-2.127192454928e-13
-7.94168420818635e-17
-2.12452354649524e-13
-8.32792508156272e-17
-2.12163148809223e-13
-8.71265728824509e-17
-2.11860110731661e-13
-9.09726077796411e-17
-2.1156124368111e-13
-9.48302278842239e-17
-2.11290208616581e-13
-9.86793320977211e-17
-2.11037976877863e-13
-1.02500473496439e-16
-2.10769304078718e-13
-1.06301820188619e-16
-2.10476491467548e-13
-1.10105221825131e-16
-2.10185200982675e-13
-1.13935392918084e-16
-2.09930055314758e-13
-1.177629897923e-16
-2.09704760321436e-13
-1.21547646578709e-16
-2.09457874341993e-13
-1.253247621476e-16
-2.09187209143041e-13
-1.29119289534294e-16
-2.08934563115978e-13
-1.32928530639938e-16
-2.08712776330767e-13
-1.36757758692077e-16
-2.08520679088326e-13
-1.40596393504275e-16
-2.083527413714e-13
-1.44440217039604e-16
-2.08198314563411e-13
-1.48270717184493e-16
-2.08043516854868e-13
-1.52091362522071e-16
-2.07879909847458e-13
-1.56010543800218e-16
-2.07767583448922e-13
-1.60153564991598e-16
-2.07825321021038e-13
-1.64356866068657e-16
-2.08023085924962e-13
-1.68378292053188e-16
-2.08148645730754e-13
-1.72370884225423e-16
-2.08161114982299e-13
-1.76550741256331e-16
-2.08243899313957e-13
-1.80830721593305e-16
-2.08454297949781e-13
-1.85211297167775e-16
-2.08744080023474e-13
-1.89981593662055e-16
-2.09236257609481e-13
-1.95229442303053e-16
-2.1008447399514e-13
-2.00542961025914e-16
-2.11130443760048e-13
-2.05865482051558e-16
-2.12163659163908e-13
-2.11870698385039e-16
-2.13436225242364e-13
-2.18728996376184e-16
-2.1527796055861e-13
-2.25390859587913e-16
-2.17312640752334e-13
-2.31656883173449e-16
-2.19039712385249e-13
-2.39155895340231e-16
-2.21015848437858e-13
-2.48634162510632e-16
-2.24123593936159e-13
-2.58560534080794e-16
-2.28022000916616e-13
-2.69471293133282e-16
-2.32302174014089e-13
-2.86135219411074e-16
-2.38824016625411e-13
-3.06508260822594e-16
-2.48453193955159e-13
-3.29701072021909e-16
-2.60021328048079e-13
-3.64126523543494e-16
-2.7596169516141e-13
-4.08930783504696e-16
-2.98620626420457e-13
-4.52223703247706e-16
-3.23524140568629e-13
-4.92438358469818e-16
-3.46178219493449e-13
-5.41404130168608e-16
-3.69919905547651e-13
-5.98867939057003e-16
-3.98371803356099e-13
-6.52552635608834e-16
-4.27479010203135e-13
-7.02014603304411e-16
-4.53298793800547e-13
-7.56808085280768e-16
-4.78682579707622e-13
-8.14837303116842e-16
-5.05886293885103e-13
-8.70036523199011e-16
-5.3246111722174e-13
-9.23423121197408e-16
-5.56962602008669e-13
-9.7397210619241e-16
-5.79470650967893e-13
-1.02166117498553e-15
-5.99763837498542e-13
-1.06775908023351e-15
-6.18273503163225e-13
-1.10900087905427e-15
-6.34535322430366e-13
-1.14374833618821e-15
-6.47308303379424e-13
-1.17989380473226e-15
-6.58372028412442e-13
-1.21786533587013e-15
-6.69992194996698e-13
-1.24487275720835e-15
-6.78960083531583e-13
-1.26677678936475e-15
-6.8356219759974e-13
-1.29282320867807e-15
-6.87775507836544e-13
-1.31247195118378e-15
-6.91329652502246e-13
-1.31114997205025e-15
-6.91503925065134e-13
-1.21903167175171e-15
-6.914226331502e-13
-1.13039124608922e-15
-6.93279509560529e-13
-1.0387870991412e-15
-6.95574326160581e-13
-9.47799603264842e-16
-6.97596659458714e-13
-8.58061156318356e-16
-7.00757002447592e-13
-7.64174803170827e-16
-7.03353816360797e-13
-6.68825495335063e-16
-7.0408816156296e-13
-5.75226483840705e-16
-7.05322708673564e-13
-4.81651853250141e-16
-7.08071913043389e-13
-3.86730303190829e-16
-7.10914764312773e-13
-2.90638124126233e-16
-7.12841873284805e-13
-1.93873344397292e-16
-7.13745015664635e-13
-9.6938220905246e-17
-7.13965014793353e-13
-7.13873050104958e-13
-5.29661877390366e-18
-2.7608820235057e-13
-1.05763809566808e-17
-2.75613065417102e-13
-1.58396446225825e-17
-2.75160889669489e-13
-2.10873813435442e-17
-2.74717324571164e-13
-2.63208454158704e-17
-2.7428690939495e-13
-3.15391522418651e-17
-2.73864725110424e-13
-3.67416994451448e-17
-2.73441859860412e-13
-4.19309688104217e-17
-2.73023156001938e-13
-4.71054709540253e-17
-2.72610370264849e-13
-5.22609567205778e-17
-2.72189241306791e-13
-5.73978900129384e-17
-2.71754047755863e-13
-6.25191189254632e-17
-2.71314333004295e-13
-6.76249093412749e-17
-2.70876612410027e-13
-7.27141003357953e-17
-2.70439171078762e-13
-7.77866683498831e-17
-2.70000173524642e-13
-8.28466780634418e-17
-2.69565158682882e-13
-8.7901964140424e-17
-2.6914831188783e-13
-9.2952325907076e-17
-2.68755944013162e-13
-9.79864171243012e-17
-2.6837142961786e-13
-1.02996688559337e-16
-2.67973217193073e-13
-1.07984727501297e-16
-2.67556987792246e-13
-1.12953451333467e-16
-2.67129628097229e-13
-1.1791422232907e-16
-2.66705652362582e-13
-1.2287768280722e-16
-2.66304135813411e-13
-1.27827331950262e-16
-2.65917901961865e-13
-1.32747064667589e-16
-2.65518537733727e-13
-1.37643540181107e-16
-2.6509969522179e-13
-1.42534827667306e-16
-2.64682011568333e-13
-1.47441357587608e-16
-2.64293502370415e-13
-1.52338996124299e-16
-2.63929201082161e-13
-1.57194408105529e-16
-2.63547621379043e-13
-1.62036679520666e-16
-2.63146869599818e-13
-1.66886441524304e-16
-2.62760608183936e-13
-1.71741548476909e-16
-2.623992801899e-13
-1.76606275057957e-16
-2.62061955767856e-13
-1.81472037882539e-16
-2.6174420342289e-13
-1.86335256732102e-16
-2.61437458242833e-13
-1.91180730499402e-16
-2.61130505328861e-13
-1.96011230219397e-16
-2.60816497332602e-13
-2.00915920469235e-16
-2.60543693807625e-13
-2.0599822932593e-16
-2.6040783155301e-13
-2.11123535016913e-16
-2.60384968866214e-13
-2.16092644739181e-16
-2.60304348930424e-13
-2.21030862732587e-16
-2.60132688761856e-13
-2.26116273296187e-16
-2.600173675763e-13
-2.31277516563509e-16
-2.6000481536e-13
-2.36514651880338e-16
-2.6005619982112e-13
-2.42065467915146e-16
-2.60270300086193e-13
-2.48003007462415e-16
-2.60771090853305e-13
-2.53988341302461e-16
-2.61431552207739e-13
-2.59974002382345e-16
-2.62081872580426e-13
-2.66514059454106e-16
-2.62924337147277e-13
-2.73749305889404e-16
-2.64224519502652e-13
-2.80816901796696e-16
-2.65680382476492e-13
-2.87551194871136e-16
-2.66888775603871e-13
-2.95290286944601e-16
-2.68296010956257e-13
-3.04650303799254e-16
-2.70612256071017e-13
-3.14373183693259e-16
-2.73564852768803e-13
-3.24894407412674e-16
-2.76823245624405e-13
-3.40133097975962e-16
-2.81880034776162e-13
-3.58416495774361e-16
-2.89433630877275e-13
-3.79001161664276e-16
-2.98543367339281e-13
-4.08792500411969e-16
-3.11157265620519e-13
-4.47108562693634e-16
-3.29164974740977e-13
-4.84184933860634e-16
-3.48980800314923e-13
-5.18700996850304e-16
-3.66985248280389e-13
-5.60364654792933e-16
-3.85844885046829e-13
-6.08999326603345e-16
-4.08476605769434e-13
-6.54527199966887e-16
-4.31636107058386e-13
-6.96548778916732e-16
-4.52148405226147e-13
-7.42892768210676e-16
-4.72287701011163e-13
-7.91865295877609e-16
-4.93869237248996e-13
-8.38497016264555e-16
-5.14938786720551e-13
-8.83610804498866e-16
-5.34336342547651e-13
-9.26351749368181e-16
-5.52119202158755e-13
-9.66691669210376e-16
-5.68104267065772e-13
-1.00568730865324e-15
-5.82640019489713e-13
-1.04067391733555e-15
-5.95362638735463e-13
-1.07029473769705e-15
-6.05277565909904e-13
-1.10100556309109e-15
-6.13804410495643e-13
-1.13317316734084e-15
-6.22760868160142e-13
-1.15633850798028e-15
-6.29585950383582e-13
-1.17526279993274e-15
-6.32902303578316e-13
-1.19751876326642e-15
-6.35887848764572e-13
-1.21454606671353e-15
-6.38342773381368e-13
-1.21303525701194e-15
-6.38146042309265e-13
-1.12747445945652e-15
-6.3800142636799e-13
-1.04487472556742e-15
-6.39421950284746e-13
-9.59906802076918e-16
-6.41232354533043e-13
-8.75467556780757e-16
-6.4284330041907e-13
-7.92060117774084e-16
-6.45375531582277e-13
-7.05264136865731e-16
-6.47465874147717e-13
-6.17271170288124e-16
-6.4807319564237e-13
-5.30703864326773e-16
-6.49082787867956e-13
-4.44148537063433e-16
-6.51303387625236e-13
-3.56482057422808e-16
-6.53597254387572e-13
-2.6785341075376e-16
-6.55157593700217e-13
-1.78670162927951e-16
-6.55900228584119e-13
-8.93377349910475e-17
-6.56089162333541e-13
-6.56001664467372e-13
-6.55259816178131e-18
-3.35324917194129e-13
-1.3082888754101e-17
-3.34703484311168e-13
-1.95912518328401e-17
-3.34118577495278e-13
-2.60784254933778e-17
-3.33540570549183e-13
-3.25453741878503e-17
-3.32972536864778e-13
-3.8991441036895e-17
-3.3241080896984e-13
-4.54161259620497e-17
-3.31848617029065e-13
-5.18214021889937e-17
-3.31289605132145e-13
-5.8206110195631e-17
-3.30735142332332e-13
-6.45668821723155e-17
-3.30174427060413e-13
-7.09041141089188e-17
-3.29603069853372e-13
-7.72200021015889e-17
-3.29028286923916e-13
-8.35148061306575e-17
-3.28455048652322e-13
-8.97875938474616e-17
-3.27882074745271e-13
-9.60383464174703e-17
-3.27307938717973e-13
-1.02270258546954e-16
-3.26736807186295e-13
-1.08489480379076e-16
-3.26179455194556e-13
-1.14695883436465e-16
-3.25640709188032e-13
-1.20880586367037e-16
-3.25108004212107e-13
-1.27037597121025e-16
-3.24564980758234e-13
-1.33168176427908e-16
-3.24008323676057e-13
-1.39274653710131e-16
-3.23443268713657e-13
-1.45365875063192e-16
-3.22880777764821e-13
-1.51450250458582e-16
-3.22335275870626e-13
-1.57514894245472e-16
-3.21801444325204e-13
-1.63547157437757e-16
-3.21257818472194e-13
-1.69552141624639e-16
-3.20699462554762e-13
-1.75544041979346e-16
-3.20141900791861e-13
-1.81538967114546e-16
-3.19606403254153e-13
-1.87518052636918e-16
-3.19089349130581e-13
-1.93455109601515e-16
-3.18559365919293e-13
-1.9937283919151e-16
-3.1801488225325e-13
-2.05287466110092e-16
-3.17481311675722e-13
-2.11197371419373e-16
-3.16966627213938e-13
-2.17105871645515e-16
-3.16470146208827e-13
-2.23006317640013e-16
-3.15988542944374e-13
-2.28895868028501e-16
-3.15515363724834e-13
-2.34762634413368e-16
-3.15042122630183e-13
-2.40608676109195e-16
-3.14563578973119e-13
-2.46503682602587e-16
-3.1411601890093e-13
-2.52528888030411e-16
-3.13771798211497e-13
-2.58579141115826e-16
-3.13513165352462e-13
-2.64498513589609e-16
-3.13211336851146e-13
-2.70384392859653e-16
-3.12840761607224e-13
-2.76376395056838e-16
-3.12512442784632e-13
-2.82418988445282e-16
-3.12261716738139e-13
-2.88511830443279e-16
-3.12059223914734e-13
-2.94840952523373e-16
-3.11979302861805e-13
-3.01464229513777e-16
-3.12115854329795e-13
-3.08116522736877e-16
-3.12373388947314e-13
-3.147598039739e-16
-3.12623366940174e-13
-3.21827148079188e-16
-3.13017805797551e-13
-3.29429560500965e-16
-3.13757315394374e-13
-3.36892828105866e-16
-3.14614800574438e-13
-3.44085565794954e-16
-3.15285662795972e-13
-3.52052594375276e-16
-3.16105049550791e-13
-3.61278037815619e-16
-3.17608871821407e-13
-3.70779468284908e-16
-3.19593025947713e-13
-3.80891868904722e-16
-3.21806628396021e-13
-3.94677312531802e-16
-3.25372301011325e-13
-4.10835776373925e-16
-3.30818915074981e-13
-4.28775118848741e-16
-3.37436357820199e-13
-4.53883160397523e-16
-3.46685958502617e-13
-4.85644429630959e-16
-3.5999506938904e-13
-5.16436451365763e-16
-3.74670340171271e-13
-5.45200720742887e-16
-3.87978397914981e-13
-5.79509563061048e-16
-4.01915945460401e-13
-6.19250287750513e-16
-4.18684860201059e-13
-6.56559526612517e-16
-4.35852217473737e-13
-6.91097466085597e-16
-4.51021070467746e-13
-7.28962199545167e-16
-4.65891521631787e-13
-7.68853207780436e-16
-4.81833110095525e-13
-8.06899608461333e-16
-4.97383900567555e-13
-8.43733244344735e-16
-5.11670188970818e-13
-8.78677785762344e-16
-5.24730098239796e-13
-9.11704712274671e-16
-5.36422389721731e-13
-9.43649428422801e-16
-5.47010955837945e-13
-9.72445321033175e-16
-5.56228747932378e-13
-9.97024927042687e-16
-5.63329029552761e-13
-1.02240742080751e-15
-5.69373093303084e-13
-1.0488935067404e-15
-5.75727995298516e-13
-1.06835036798949e-15
-5.80478259379017e-13
-1.08445750667216e-15
-5.82586062293066e-13
-1.1031165496842e-15
-5.84432351334082e-13
-1.11771136801959e-15
-5.85881530944782e-13
-1.11616520262285e-15
-5.854000346459e-13
-1.03714194219753e-15
-5.85239412848846e-13
-9.60520898098592e-16
-5.86251641839652e-13
-8.82097960514691e-16
-5.87589323708736e-13
-8.04102751723014e-16
-5.88791564812644e-13
-7.26918983513347e-16
-5.90692029882478e-13
-6.47106489613193e-16
-5.92267659620011e-13
-5.6636331905232e-16
-5.92736416947428e-13
-4.86723166821281e-16
-5.93507939553266e-13
-4.07087715612922e-16
-5.95187021925188e-13
-3.26582689011205e-16
-5.96920546135917e-13
-2.45325683227708e-16
-5.98103532559228e-13
-1.6363343531625e-16
-5.98673053694693e-13
-8.18188047961053e-17
-5.98818767977237e-13
-5.98728876454707e-13
-7.83658790086685e-18
-3.95861762926014e-13
-1.56449482674904e-17
-3.95079668326044e-13
-2.34253762932569e-17
-3.94350212308478e-13
-3.11783737467716e-17
-3.9362524093451e-13
-3.89046667734927e-17
-3.92906999021358e-13
-4.66037624869467e-17
-3.92193056340217e-13
-5.42753413530337e-17
-3.9147884247245e-13
-6.19207769575633e-17
-3.90766786792451e-13
-6.95392700445675e-17
-3.90057853036684e-13
-7.71283911307055e-17
-3.89344774974586e-13
-8.46884020218749e-17
-3.88624540903479e-13
-9.22209155727066e-17
-3.87901995643939e-13
-9.97261017312527e-17
-3.87180518505585e-13
-1.07203327961576e-16
-3.86459265402964e-13
-1.14652520862473e-16
-3.85737247511913e-13
-1.22076005372445e-16
-3.85017234622836e-13
-1.29478234074526e-16
-3.84306500863215e-13
-1.36859154047405e-16
-3.83608354023395e-13
-1.44212327937173e-16
-3.82914361799943e-13
-1.51533437915887e-16
-3.82213473090064e-13
-1.58823378004527e-16
-3.81503421389881e-13
-1.66083845833403e-16
-3.80787738358901e-13
-1.73321185645787e-16
-3.80073775851808e-13
-1.80541490803384e-16
-3.79371237086797e-13
-1.87735552759526e-16
-3.78676641153196e-13
-1.94894214024562e-16
-3.77975581937237e-13
-2.02021067178415e-16
-3.77264629066948e-13
-2.09126334827922e-16
-3.7655413597185e-13
-2.16221706266657e-16
-3.75858465902387e-13
-2.23293675027313e-16
-3.75175319916878e-13
-2.30323301037271e-16
-3.74483605845264e-13
-2.37326849609618e-16
-3.73782136239318e-13
-2.44316050156333e-16
-3.73087969210116e-13
-2.51289781096094e-16
-3.72406522001067e-13
-2.58250422135482e-16
-3.71737358077626e-13
-2.65193237976016e-16
-3.71078263828316e-13
-2.72116157967476e-16
-3.70424915005499e-13
-2.79010660985615e-16
-3.69771615024156e-13
-2.85878095003381e-16
-3.69114772663341e-13
-2.92768455688563e-16
-3.68478594086983e-13
-2.99740385324132e-16
-3.67911706998791e-13
-3.0671862447546e-16
-3.67402541437855e-13
-3.13590925054968e-16
-3.66864754442582e-13
-3.20426707176793e-16
-3.66280782692058e-13
-3.27326563967827e-16
-3.65724943429742e-13
-3.3425083938522e-16
-3.65221196617453e-13
-3.41198894079502e-16
-3.64749766557938e-13
-3.48304438454618e-16
-3.64360347673423e-13
-3.55609730728469e-16
-3.64116256638742e-13
-3.6292428882429e-16
-3.63953760396272e-13
-3.70219919519385e-16
-3.63786265044636e-13
-3.77807421025747e-16
-3.63715166831855e-13
-3.85767488067375e-16
-3.63875281881387e-13
-3.93616462147479e-16
-3.64115069031009e-13
-4.0125812289558e-16
-3.64229787074233e-13
-4.09441553753083e-16
-3.64442827791989e-13
-4.18516542009193e-16
-3.65113805523954e-13
-4.27778740824724e-16
-3.66107213047513e-13
-4.37463758167425e-16
-3.67253494851751e-13
-4.4976874191346e-16
-3.69302714867699e-13
-4.63767126772415e-16
-3.72611376826747e-13
-4.79024410515911e-16
-3.76702894917747e-13
-4.99400772507975e-16
-3.82550797397746e-13
-5.24540382948935e-16
-3.91113922976762e-13
-5.48979142654856e-16
-4.00595008559631e-13
-5.71937201139595e-16
-4.09158957866095e-13
-5.98837660943535e-16
-4.18133534587144e-13
-6.29618831386953e-16
-4.28996195351274e-13
-6.58646893219974e-16
-4.40126250252144e-13
-6.85657479758839e-16
-4.49915162752764e-13
-7.1501262818735e-16
-4.59491969309599e-13
-7.45796478223577e-16
-4.69775465151953e-13
-7.75239484590646e-16
-4.79793949250611e-13
-8.0378663279923e-16
-4.88962195282921e-13
-8.30947756282675e-16
-4.97302545956598e-13
-8.5669858117374e-16
-5.04718819289996e-13
-8.81644320117421e-16
-5.11388461885044e-13
-9.04314485724634e-16
-5.17137501527449e-13
-9.23938332716373e-16
-5.21468203694196e-13
-9.44097624444801e-16
-5.25085091792106e-13
-9.65019941558791e-16
-5.28901978196558e-13
-9.80898339339576e-16
-5.31646341579141e-13
-9.94343617708387e-16
-5.32623027407714e-13
-1.0095814630276e-15
-5.33417904866091e-13
-1.02192098851651e-15
-5.33952291687486e-13
-1.02048870417193e-15
-5.332684053479e-13
-9.47983956155996e-16
-5.3313738018766e-13
-8.772788306598e-16
-5.33769739530649e-13
-8.05317816320318e-16
-5.34647064628195e-13
-7.33673149978773e-16
-5.35444404419632e-13
-6.6261333450894e-16
-5.36711162622289e-13
-5.89681580800384e-16
-5.37765274450886e-13
-5.16085679160146e-16
-5.38085456987329e-13
-4.43273418490235e-16
-5.3860811678628e-13
-3.70461594441776e-16
-5.39734612571161e-13
-2.97025973545181e-16
-5.40897172945783e-13
-2.23050888500658e-16
-5.41693035599076e-13
-1.48761987051065e-16
-5.4207877967737e-13
-7.43815263911184e-17
-5.42173021213063e-13
-5.42078286175236e-13
-9.14800487766889e-18
-4.57666010852767e-13
-1.82613738158757e-17
-4.5670804833585e-13
-2.73402189966481e-17
-4.55822204443999e-13
-3.63848988559973e-17
-4.54938057584393e-13
-4.53958368394034e-17
-4.54057314644861e-13
-5.43727381078374e-17
-4.53178775367612e-13
-6.33153939916926e-17
-4.52300123439503e-13
-7.22246620748147e-17
-4.51422562772357e-13
-8.11000630714374e-17
-4.50546616902802e-13
-8.9940110766457e-17
-4.49668626435761e-13
-9.87449664248995e-17
-4.48787026233941e-13
-1.07515600518334e-16
-4.47904250607675e-13
-1.16252135556736e-16
-4.47022029764202e-13
-1.249541736804e-16
-4.46139950342081e-13
-1.33621683414807e-16
-4.45257495001976e-13
-1.42256052283735e-16
-4.4437603354759e-13
-1.50860000000292e-16
-4.43499245195656e-13
-1.59433500394333e-16
-4.42628847178396e-13
-1.67972674676143e-16
-4.41760609651844e-13
-1.76474873967033e-16
-4.40888927177726e-13
-1.84940654188867e-16
-4.40012628138703e-13
-1.93371031466721e-16
-4.39133495557495e-13
-2.01769843096313e-16
-4.38255218405514e-13
-2.10140785805501e-16
-4.37382693309759e-13
-2.18478344742839e-16
-4.36514238831384e-13
-2.26776961254512e-16
-4.35642609109021e-13
-2.35038745382032e-16
-4.34765996286641e-13
-2.43269861178985e-16
-4.33889559442917e-13
-2.51477447485679e-16
-4.33020574745996e-13
-2.59653412738817e-16
-4.32157990335281e-13
-2.67786236864844e-16
-4.31291177151155e-13
-2.75885680422785e-16
-4.30419429733201e-13
-2.83958888300812e-16
-4.29551335579534e-13
-2.92005196788257e-16
-4.28689665692426e-13
-3.0002605977831e-16
-4.27834212615436e-13
-3.08018626316589e-16
-4.26983878594898e-13
-3.15981658990994e-16
-4.26136490242339e-13
-3.23910009276456e-16
-4.25289189217641e-13
-3.31804399121657e-16
-4.24440115457262e-13
-3.39694903987626e-16
-4.23601329844178e-13
-3.47617139162423e-16
-4.22797338955122e-13
-3.55525984807939e-16
-4.22022604225722e-13
-3.63353454477026e-16
-4.21233740820128e-13
-3.71141033248464e-16
-4.20421577164517e-13
-3.78949659207541e-16
-4.19623402098528e-13
-3.86755598521636e-16
-4.18851474199991e-13
-3.94558105570177e-16
-4.18095773303258e-13
-4.02437927943511e-16
-4.17381133641751e-13
-4.1042108602804e-16
-4.16739641877228e-13
-4.18392689711033e-16
-4.16139523462264e-13
-4.26334984068078e-16
-4.15536941944588e-13
-4.3443524259955e-16
-4.14982444050663e-13
-4.42742999664606e-16
-4.14544080065392e-13
-4.50967030128964e-16
-4.14146283492563e-13
-4.59047644997648e-16
-4.13685691405886e-13
-4.67435798651034e-16
-4.13273587079711e-13
-4.76344152038607e-16
-4.13091067643573e-13
-4.85348822497149e-16
-4.13071061992775e-13
-4.94588010642664e-16
-4.13127301368684e-13
-5.05385621922566e-16
-4.13634925794077e-13
-5.17188740849661e-16
-4.14775008704107e-13
-5.29727755331464e-16
-4.16307619870956e-13
-5.4532529364625e-16
-4.18717840329051e-13
-5.63777222273462e-16
-4.2248963190822e-13
-5.81794290361474e-16
-4.26725082656298e-13
-5.98892438356129e-16
-4.30499446081094e-13
-6.18332861377489e-16
-4.34473253011685e-13
-6.40091907976073e-16
-4.39390810737185e-13
-6.60779739610919e-16
-4.44443872701153e-13
-6.80223455935914e-16
-4.48822269075158e-13
-7.01043807091459e-16
-4.53087384679058e-13
-7.22700796911796e-16
-4.57702286131241e-13
-7.43529158559489e-16
-4.62183141407362e-13
-7.63792080365966e-16
-4.6623563109261e-13
-7.83192185456238e-16
-4.69869651881727e-13
-8.01712877785794e-16
-4.73036253574017e-13
-8.19721658640877e-16
-4.75824805341754e-13
-8.36340738884962e-16
-4.78150633792779e-13
-8.51102676398686e-16
-4.797650533369e-13
-8.66153072560215e-16
-4.81018218037726e-13
-8.81638083296963e-16
-4.82368549556418e-13
-8.94074978223576e-16
-4.83182805705329e-13
-9.05018348397296e-16
-4.83110910401239e-13
-9.17012380036129e-16
-4.82945133232698e-13
-9.27268711925652e-16
-4.826550252122e-13
-9.26089473007805e-16
-4.81846039119283e-13
-8.6008293023271e-16
-4.81789746776623e-13
-7.95228144317332e-16
-4.8207535593267e-13
-7.29640020801316e-16
-4.82506749378973e-13
-6.64247250039444e-16
-4.82903519852595e-13
-5.99207575246493e-16
-4.83536447166013e-13
-5.33048183348133e-16
-4.84064604932696e-13
-4.66490968617036e-16
-4.84227539895375e-13
-4.00401595316597e-16
-4.84491913918821e-13
-3.3431082073367e-16
-4.85057491667575e-13
-2.67844946459194e-16
-4.85641019360139e-13
-2.01054328993115e-16
-4.86041504724609e-13
-1.34073691863573e-16
-4.86236055632587e-13
-6.70358359983119e-17
-4.86278187161633e-13
-4.86188110891397e-13
-1.04901084157989e-17
-2.09386250936213e-17
-3.13455580466239e-17
-4.17110231983087e-17
-5.20351740873915e-17
-6.23179272403658e-17
-7.25591952560448e-17
-8.27592684897379e-17
-9.29179931052525e-17
-1.03034874089769e-16
-1.13109947677005e-16
-1.23143546420634e-16
-1.33135728068407e-16
-1.43086347864663e-16
-1.52995383643553e-16
-1.62863317436377e-16
-1.72691055718614e-16
-1.82478602007316e-16
-1.9222466133584e-16
-2.01928317349783e-16
-2.11589767797088e-16
-2.21209361803744e-16
-2.30788366735955e-16
-2.40328043689301e-16
-2.49826562470213e-16
-2.59282030821174e-16
-2.68695155484151e-16
-2.78067991429275e-16
-2.87402956804644e-16
-2.96697368765596e-16
-3.0594732390625e-16
-3.15156078744132e-16
-3.24326057351873e-16
-3.33457037531041e-16
-3.42549510210566e-16
-3.51602524222916e-16
-3.60615664038411e-16
-3.69587203996593e-16
-3.78517358673389e-16
-3.87416183893635e-16
-3.96295681746277e-16
-4.0514081768152e-16
-4.1392872130219e-16
-4.22673177102357e-16
-4.31394689395911e-16
-4.40085361806514e-16
-4.48744832540588e-16
-4.57400168338718e-16
-4.6606026008147e-16
-4.74686610610196e-16
-4.83273038080633e-16
-4.91882216008259e-16
-5.00531022934859e-16
-5.09122046381919e-16
-5.17634739015375e-16
-5.26219953424691e-16
-5.34949429533854e-16
-5.4368144613012e-16
-5.52461109879282e-16
-5.61731456618461e-16
-5.71309200942277e-16
-5.81101575067427e-16
-5.91885039271602e-16
-6.03594275512976e-16
-6.15129290747575e-16
-6.26324018769456e-16
-6.38268153658677e-16
-6.5095773996711e-16
-6.63259565081584e-16
-6.75112036472452e-16
-6.87390399651623e-16
-6.99917352596388e-16
-7.12136209215525e-16
-7.24133901983017e-16
-7.35810601634425e-16
-7.47160245759947e-16
-7.58306440540807e-16
-7.68957643526649e-16
-7.78956551416971e-16
-7.89017874555233e-16
-7.99193120279446e-16
-8.08320822826078e-16
-8.16916088588061e-16
-8.25830517888377e-16
-8.34141772629721e-16
-8.3328008494392e-16
-7.73779861739553e-16
-7.14687820783087e-16
-6.55356217332964e-16
-5.96090860031262e-16
-5.3694364760456e-16
-4.77423742863863e-16
-4.17771320970694e-16
-3.58274467311984e-16
-2.9877681329695e-16
-2.39153982241972e-16
-1.7942267959624e-16
-1.19627641787694e-16
-5.98130013367604e-17
)
;

boundaryField
{
    dieWall
    {
        type            calculated;
        value           nonuniform List<scalar> 
100
(
-5.20982970349622e-13
-5.19927649332606e-13
-5.1887233671581e-13
-5.17817008559788e-13
-5.16761683394273e-13
-5.15706366708338e-13
-5.14651048612696e-13
-5.13595730516662e-13
-5.12540407810126e-13
-5.11485084577226e-13
-5.1042976661278e-13
-5.09374447866e-13
-5.08319124380958e-13
-5.07263799049086e-13
-5.06208480714786e-13
-5.05153163542429e-13
-5.04097842552267e-13
-5.03042518402269e-13
-5.01987197415852e-13
-5.0093187784768e-13
-4.99876556111062e-13
-4.98821236119363e-13
-4.97765912888345e-13
-4.96710583084877e-13
-4.95655261928756e-13
-4.94599947204341e-13
-4.93544629384896e-13
-4.92489312182629e-13
-4.91433990647523e-13
-4.90378669438621e-13
-4.89323348988468e-13
-4.88268028215986e-13
-4.87212705178269e-13
-4.86157384189779e-13
-4.85102062928251e-13
-4.84046741480272e-13
-4.82991422147571e-13
-4.81936097394092e-13
-4.80880774170593e-13
-4.79825454841325e-13
-4.78770134778199e-13
-4.77714811861738e-13
-4.7665949052058e-13
-4.75604171308297e-13
-4.74548845513562e-13
-4.73493522081205e-13
-4.7243820621776e-13
-4.71382887849268e-13
-4.70327567860822e-13
-4.69272246765936e-13
-4.68216926767493e-13
-4.67161607321594e-13
-4.66106283304965e-13
-4.65050963400882e-13
-4.63995641126369e-13
-4.62940317772479e-13
-4.61884996612472e-13
-4.608296676927e-13
-4.59774350847538e-13
-4.58719039397137e-13
-4.5766371604048e-13
-4.5660839580301e-13
-4.55553073655746e-13
-4.544977480913e-13
-4.5344242834082e-13
-4.52387111921985e-13
-4.51331793547591e-13
-4.50276466158147e-13
-4.49221143596677e-13
-4.48165822209437e-13
-4.47110494993877e-13
-4.46055174776213e-13
-4.44999860756905e-13
-4.43944543701453e-13
-4.42889219509973e-13
-4.41833898304135e-13
-4.40778574055733e-13
-4.39723254351857e-13
-4.38667936449079e-13
-4.37612616481537e-13
-4.3655729803708e-13
-4.35501975798745e-13
-4.34446645932352e-13
-4.33391323441004e-13
-4.32336010834014e-13
-4.31421816289324e-13
-4.31475642843223e-13
-4.31475640678039e-13
-4.31475645669275e-13
-4.31475646008741e-13
-4.31475636851431e-13
-4.31475635456184e-13
-4.31475643468471e-13
-4.31475646679524e-13
-4.31475647319319e-13
-4.31475644199313e-13
-4.31475641611974e-13
-4.3147563818809e-13
-4.31475639698707e-13
-4.31475644891237e-13
)
;
    }
    outlet
    {
        type            calculated;
        value           nonuniform List<scalar> 9(0 -1.19491568860269e-25 0 0 2.3815075113524e-25 1.18948030041245e-25 0 1.18402921992039e-25 -1.17318000116581e-25);
    }
    Wire
    {
        type            calculated;
        value           nonuniform List<scalar> 
100
(
1.60646624948651e-16
1.86194147847342e-16
1.88475312619033e-16
2.07221197234926e-16
2.59495096197261e-16
3.39342077417317e-16
3.97524515991532e-16
4.6575598560575e-16
5.68339091939462e-16
6.39580230438411e-16
6.70194805921078e-16
6.94885147856021e-16
7.30985310772829e-16
7.64448788356774e-16
7.94070542916047e-16
8.2324768981364e-16
8.90329204554552e-16
1.03104705708944e-15
1.19257253752615e-15
1.3085654551178e-15
1.38017372277485e-15
1.43036860881231e-15
1.47019643077566e-15
1.58247084095477e-15
1.74989308051797e-15
1.85723323912538e-15
1.91759952192042e-15
1.97560664172201e-15
2.0972840558619e-15
2.33093088867615e-15
2.47726261772785e-15
2.5470668416727e-15
2.69662858064575e-15
2.88329051153303e-15
3.12946781928799e-15
3.42238033678677e-15
3.72639704775164e-15
4.0534940192549e-15
4.31987227893864e-15
4.63932052745102e-15
5.28833561765094e-15
6.37865040982025e-15
7.19485171817451e-15
7.64826657332095e-15
8.35784671017027e-15
9.38465460003482e-15
1.04022997458778e-14
1.17327720898971e-14
1.38446764092978e-14
1.64818291944097e-14
1.86967467590841e-14
2.12526767089383e-14
2.52358825840686e-14
2.98788690404497e-14
3.31210479077394e-14
3.66307494780225e-14
4.28623967536353e-14
5.10281292073361e-14
5.82024017260903e-14
6.88326613038633e-14
8.90980893292404e-14
1.08042159201062e-13
1.35011304486491e-13
1.7836784498806e-13
2.26518938988591e-13
2.64496088042241e-13
3.04468723053038e-13
3.59136610368963e-13
4.14316295889062e-13
4.58199207081181e-13
5.02463343577634e-13
5.55402404692057e-13
6.03668631329654e-13
6.48331862854756e-13
6.90677899879925e-13
7.27550349799128e-13
7.62742010682286e-13
7.95762490760109e-13
8.19781487636023e-13
8.37357207757415e-13
8.65236592887579e-13
8.88129912417066e-13
8.89122910664681e-13
9.03560896529441e-13
9.19320473761602e-13
9.16392765211909e-13
9.10733706433048e-13
9.19759564419074e-13
9.27859233198711e-13
9.23998371167703e-13
9.33083363256159e-13
9.40217204047052e-13
9.37547732535619e-13
9.38268502993834e-13
9.4452432153698e-13
9.51053122945141e-13
9.53106636653559e-13
9.54563739305581e-13
9.54595666683971e-13
9.53407188952669e-13
)
;
    }
    inlet
    {
        type            calculated;
        value           nonuniform List<scalar> 9(-3.26718851196568e-24 -3.34756741949328e-24 -6.8546098702016e-24 3.50720942082293e-24 -7.1742836698674e-24 1.10018795732041e-23 7.49532766528527e-24 0 3.90762392740283e-24);
    }
    back
    {
        type            wedge;
        value           nonuniform List<scalar> 
900
(
3.72318131692777e-26
2.49868846969733e-26
-4.58198795539977e-27
8.09683718729632e-26
3.11083025619313e-26
1.01775968528846e-26
7.95202430798312e-27
-2.87892622294162e-26
-3.58599328465992e-26
-6.99044212856909e-27
1.20287515640925e-26
4.29923134690835e-26
2.2401524364336e-26
-1.08813838151664e-26
8.61127414030092e-27
3.88375810347839e-27
-2.07814662001269e-26
-2.82001483459065e-26
-2.85103643613739e-27
8.01214441799189e-27
-3.68549164041182e-26
6.58295995451074e-26
-2.1227198611631e-26
1.19772178917524e-26
-2.22633689834816e-26
-2.23514401548968e-26
-1.98164749891376e-26
1.4970661981192e-26
-8.34643871117742e-27
-6.98903927401925e-27
4.955192051993e-26
-2.07098657420903e-26
8.56272465628616e-27
-5.62377161056744e-26
-4.40381736759667e-26
-2.29894646342859e-26
-3.96151035838579e-26
-2.92706795147597e-26
-5.39861033829832e-26
6.14570263785043e-27
-3.20271517013363e-26
-5.15404933419355e-27
-4.36692377209951e-26
1.70563565758174e-26
-6.75548014472179e-27
-1.68870091388988e-26
3.83056783045961e-26
-3.71079153887918e-26
2.96273527126636e-26
-3.40452253565003e-27
3.80928078758731e-26
-2.5383696481713e-26
1.33299228746712e-26
-5.04110758619441e-26
2.53793564977951e-26
2.37928106391745e-26
-2.73491380826156e-26
1.26540418348128e-26
4.52017563507007e-26
-2.39154958874418e-26
-3.37832186369826e-26
2.63148234245135e-27
3.60364162395239e-26
1.00661871423462e-26
-3.46918312581155e-26
-1.15000687480305e-26
5.54606635584249e-27
-3.2701166996561e-26
-1.28013353520179e-26
-3.07217924962171e-27
-2.06201695672845e-26
2.87848486399604e-26
-3.24951532263864e-26
1.1494341112623e-27
-4.04668475515396e-27
-5.09910014546774e-28
-8.63588993240263e-28
1.3358651329675e-26
-3.86721115537286e-26
-8.46961798053719e-27
-2.01417565320365e-26
1.31049858397044e-27
7.47604978090955e-26
1.55779495559295e-26
3.46307983375601e-26
4.01783191717461e-26
1.95960362575863e-26
1.9103459612539e-26
-2.19417186209987e-26
-4.75933801679948e-26
-3.83714871803325e-26
-3.79224633846461e-27
1.37005590646719e-26
1.00940094871212e-26
5.18494145111922e-26
2.88983581360577e-26
5.00783915258215e-27
-2.80076355985488e-26
-2.76796055931251e-26
-2.98370356317218e-26
3.63710114592632e-26
7.22943194380949e-26
-3.10412761875125e-27
-8.82232396337335e-27
1.47418100798393e-26
-4.34942990843799e-26
4.01852304515986e-26
3.98516232740442e-26
-1.33600335934821e-26
8.15135304178463e-27
-3.54550361684471e-26
4.87379041609875e-26
-8.51963197378049e-28
2.89986870490981e-27
-2.74694184261736e-26
-2.17582336702553e-26
1.13210976955943e-26
1.79242340075484e-26
-3.59480115411782e-26
1.83245714133113e-27
3.81721923007683e-26
5.68121247115879e-27
7.76896065441506e-27
2.10608464126846e-28
7.49177921187723e-26
-1.75944132540306e-26
-1.43371911318192e-26
-1.22789669781434e-26
-6.43632245719293e-27
2.73582962807365e-26
-2.05888230512626e-26
2.53149046715119e-26
-4.10898557958935e-26
-1.36615439369703e-26
2.02733015595922e-26
-2.00244296964012e-26
-5.27725543617103e-26
-9.085077983833e-27
-5.17782955356416e-26
4.81963968582906e-27
9.94349605579028e-27
-1.73373818535359e-27
-1.55245200463004e-26
3.18303657969144e-26
-1.36672984520154e-26
3.17850663196808e-27
-4.0583526807337e-26
2.4017700576001e-26
3.81489808325844e-26
1.36590964009994e-26
-5.07123434658489e-27
2.3743586578135e-26
1.66027198268332e-26
9.26645887805471e-27
6.03336675531297e-27
3.3285601472159e-26
8.73262778856757e-27
4.77351065439545e-26
-7.53361602756499e-27
8.44383860576075e-27
-2.66295925997993e-27
2.02144603874372e-26
-3.10577950177932e-26
-1.26783266077053e-26
-2.23858912298656e-26
2.90996378770164e-26
1.9941600250212e-27
-3.30261877364466e-26
-6.76926258088631e-27
-6.75574094773509e-27
-5.89451523103075e-26
5.71055837416191e-27
-2.26880390439403e-26
2.4088583825751e-26
2.7330139586185e-26
-1.81408356904397e-26
-3.69476017826918e-26
-2.4242141630718e-26
-1.56137347386201e-26
-3.52465040975416e-26
8.4163155810306e-27
1.41664560630026e-26
-3.83899026315651e-27
1.62289891087708e-26
2.41965913813562e-26
-7.9494162778501e-27
2.71636369239617e-28
-2.66456620777727e-26
-3.45893005657897e-27
-2.67910990975665e-26
2.65165445244178e-26
3.48398469990497e-26
-3.36608017148925e-26
2.54703532983253e-26
4.38377967146695e-26
-2.76440360744647e-26
1.45897217995435e-27
1.17837421794225e-26
1.48694719793565e-26
1.13734087615317e-26
-8.61680115800591e-27
-9.99974925958259e-27
-2.22234259989058e-26
-3.63238412219534e-28
-3.4019064808089e-26
-2.21028547596791e-26
1.43253076675953e-27
2.62181610350858e-26
2.76652488887871e-26
6.4778959621461e-26
-1.92962131011398e-27
-1.94673400014067e-27
-3.64499695715405e-26
-3.40755788148946e-26
7.41342596197307e-27
-1.30692402319903e-27
6.64780102223825e-27
1.93568222167985e-26
3.13509145650559e-26
-1.31899318418385e-26
4.54117529308348e-26
6.47180671332975e-27
-1.90845614249597e-27
1.42147071281848e-26
-1.15169808203547e-26
1.6113786273878e-28
7.0340854714034e-27
1.72454989457725e-26
3.74762695524261e-26
2.22416220245262e-26
-5.32531666685223e-27
2.24140128163192e-26
3.27830190191975e-26
2.84284512913974e-26
2.82985983487766e-26
-1.1705930095771e-26
-6.00339447055344e-26
-1.56073550956793e-27
1.84647430020762e-26
-1.13297242568035e-26
-5.86040420306782e-27
3.65621750525713e-27
-3.90375567606761e-26
-2.98215334865051e-26
1.60401802657463e-26
-1.47855246772229e-28
-1.72291285412452e-26
4.53022858814437e-26
5.88554160119612e-27
-1.41737008697856e-26
-1.97775952783853e-26
-3.60212896647523e-26
5.41166973572428e-27
-1.04552617840856e-26
2.342651029927e-26
6.59243813786725e-27
3.35429789381905e-26
-2.18882540032717e-26
-2.85912525570089e-26
-1.70658658549178e-26
1.91587297895889e-26
-3.01785087864572e-26
-1.4850890940153e-26
2.88744294595872e-26
7.0619036235819e-27
-3.37362540328179e-26
-1.52364330254525e-26
-2.96609260851838e-27
1.14321997792611e-26
4.63385365003753e-26
-7.46672459989774e-27
-1.7725501876313e-26
-2.65670349847046e-26
-2.05288985435138e-26
-2.72067596991227e-26
-6.04667773987652e-27
4.40756089392608e-27
-3.14552307549343e-26
1.0801437660704e-26
-8.07446615055347e-27
-1.26834649286116e-26
-1.60224180759076e-26
2.69134164944682e-27
-3.5605549599778e-26
-1.55914360809828e-26
-3.36247406828609e-26
-1.22089112764163e-26
3.94784342237787e-26
3.45429635188757e-26
3.32742013712121e-27
-4.56053690755565e-27
-2.61495094221777e-26
-4.67976902361793e-27
1.15061675261877e-26
1.19597240280909e-26
-6.52687627267707e-27
2.31650251857789e-26
-2.66699722413432e-26
3.90956506318892e-27
1.87302856086012e-26
-2.55712890799159e-26
-1.53668345321037e-26
3.85397640553627e-27
-2.88710239740866e-26
-3.3048957845685e-27
5.26340604384828e-28
-2.5993768645835e-26
-1.98360251842502e-26
1.85285996167948e-26
5.18127315642827e-27
-5.08333159404808e-27
-2.07174691530165e-26
3.97469810803992e-27
-1.69480230164456e-26
-4.93318930546689e-27
-9.55380243790888e-27
-2.01939472273524e-26
1.5682310884791e-26
-6.72529219593203e-27
3.21459474738955e-26
-1.01527202577696e-26
-5.12181408174936e-26
-4.1501583506817e-27
-2.48849207496572e-26
2.78971902243927e-26
-1.63423330952635e-26
3.52657784433131e-26
-7.16806549632368e-27
-4.75161022289763e-27
-3.20219256101851e-26
-6.45899727302255e-27
-7.25909076340879e-27
-3.75309579381386e-27
1.08193663005428e-26
1.08288445465923e-26
5.22096436578736e-26
1.54013758850386e-26
-1.07000153811848e-26
1.70498665931402e-26
5.88602308368222e-27
2.59398087531548e-26
8.81594432043257e-28
-1.79785517990752e-26
-1.13472732903332e-26
-7.81460118174299e-27
-3.75054594281458e-26
-6.11883992748028e-27
4.15767048055332e-26
-3.14764159843225e-26
-2.59053626936286e-26
7.6477875620807e-27
-1.42160964057749e-27
2.77249602402269e-26
1.32005946727285e-27
1.49523633740979e-26
-7.15393699462228e-27
2.1555088184663e-26
-4.66892563679563e-27
9.98183409874574e-28
2.62867570079281e-26
-1.16636618266367e-26
-1.89822087808449e-26
-4.02717468358191e-27
-4.56960984315304e-27
1.57151068637137e-26
8.77639254037674e-27
-1.48428010312981e-27
3.27116191788634e-27
-1.5994928435217e-26
-7.27590205668393e-27
-2.90638000321788e-26
2.98937830525223e-26
1.51192522253987e-27
5.55322840782318e-27
-7.1352695174009e-27
-8.70988777198462e-27
5.31937838285703e-29
-2.06246232802809e-26
-2.69300176093534e-26
2.47336800791546e-27
-2.04349944123972e-26
-3.43827646410244e-27
-1.76149264141154e-26
-6.61520824710558e-27
-1.79624363984557e-26
1.99022490878588e-26
1.26037871003264e-26
-3.30038326550804e-26
-7.19069768089151e-27
-3.97450100114717e-26
-1.06543297148738e-26
-2.26530187162406e-26
1.90120381254914e-27
-2.53404934594709e-26
3.71148567612997e-26
-2.57060088826143e-26
-2.07970444781943e-26
-1.29699419923966e-26
-2.72512567055461e-26
-1.28922653256943e-26
-3.49942473983673e-27
7.82862435915056e-27
-1.13641803472148e-26
-1.3469372239707e-27
-1.34396306653054e-26
8.49654996670775e-27
-1.19998901998608e-26
-4.39420477037946e-27
-1.7667337788904e-26
-3.56923970032077e-28
-1.43345360819122e-26
-2.97725297131069e-26
9.50412322545669e-27
-8.28638380192197e-27
-1.80897944718664e-26
1.090447742045e-26
3.00199264484371e-26
4.68091755996498e-27
-3.49277426299752e-27
4.65853363980404e-27
1.50565591933548e-27
-7.73519669507752e-27
-1.28597652578828e-26
9.68017685764676e-27
-2.11835742922136e-27
2.63129551721586e-26
-1.06003635528904e-26
6.11978283068222e-27
-1.7010204473348e-26
9.8316717483943e-28
-7.70512410146673e-28
5.12455853192012e-27
4.22094097811533e-27
-4.26673478990661e-27
-1.26987093662834e-26
8.87470023006407e-27
2.2359941330042e-26
2.61971611419736e-26
8.48948916397381e-27
3.63013319157284e-26
-1.06600021804131e-26
4.2291590942208e-28
7.25768142404845e-27
2.05868670286628e-26
7.78617365329302e-27
2.0514464099816e-26
-6.7012030252995e-27
-5.43301828046101e-27
1.48717902893152e-28
-2.70563666384133e-26
1.06325821289881e-26
-4.71323707184423e-28
-4.70248145526678e-27
1.45369593437754e-26
-1.78959817844892e-26
3.13719944701503e-27
-5.83657082000603e-28
1.62547684835473e-26
-1.82766639059447e-26
1.39849609890963e-26
-9.4091357587464e-27
-9.08709920718609e-27
1.16106993800964e-26
1.18717732272972e-26
2.27348005226812e-27
-8.86666047563477e-27
1.1881152104891e-26
7.89841925786434e-27
-3.32188434239174e-27
-7.14050313171592e-27
3.12866567149322e-27
-2.33119525756769e-26
2.22082492697087e-26
-1.14906798395516e-27
1.1466304788693e-27
6.12431679075963e-27
-8.50875849430281e-27
-1.02919395393778e-26
-7.63794977149238e-27
-1.98136538026957e-26
-6.54134080903023e-27
-3.31154626140771e-27
6.99792663824178e-27
1.62714999999391e-26
-1.94722551351189e-27
1.1160362792319e-27
-1.55478161500776e-26
-1.09528639025815e-26
1.83969944039284e-27
-2.53006608146316e-26
1.39207520395376e-26
2.58729930273238e-26
9.80201042107371e-27
3.55446320344016e-26
-2.41502587229545e-27
3.4037426343314e-28
-8.64940905783256e-27
1.53207476303876e-27
1.78274357309738e-26
-3.65942738849778e-27
3.05225791175945e-27
-8.42672591573406e-27
1.44999554085418e-26
-1.4699379435752e-26
1.04708535411549e-26
-5.34671756027072e-27
1.19971893840403e-28
-2.84986474255163e-27
-2.35308515663612e-27
2.53992443536599e-26
5.57418292685352e-27
6.07246714553808e-27
1.54905755310306e-26
1.34294443014589e-26
5.03573755184166e-27
5.00500291981248e-27
-4.03413611786006e-27
1.43718509745847e-27
5.14451999332288e-27
1.64635112030405e-26
1.05529024199119e-26
1.44983003124958e-26
-2.84527686646666e-27
-8.01829836601732e-27
-1.97186613205428e-26
-5.30689494631646e-27
2.42944526966554e-27
1.18306666600467e-26
8.31841241813254e-27
-1.58994544705781e-27
-1.82299601047933e-26
8.16014385873782e-27
-4.68688092117299e-28
-1.19327585011482e-26
-3.83951186918311e-27
-1.35885592167862e-26
1.11739345798958e-26
-1.74748651650868e-26
4.94574797364591e-27
-2.82628213161801e-27
-2.53650114504427e-27
-2.20175420816738e-28
5.34258985104095e-27
3.23563252276645e-27
1.1583701252777e-26
8.09694552085569e-27
3.8148158300004e-27
-6.26960413093934e-27
-9.36172478019356e-28
4.75759866131846e-28
-4.4013592991963e-27
1.04459781999005e-26
-9.40414037795315e-27
1.96233202651318e-27
1.42799831131489e-26
9.9133532459836e-27
-5.93082101665948e-27
-7.75787652634971e-27
3.14689931293285e-27
-7.42843216612309e-27
3.2761974222201e-27
-2.74559369165629e-27
-4.25424884564475e-27
1.97307660911698e-26
6.9219878223877e-27
-1.1401705888475e-27
1.59087831937462e-27
1.41079609563844e-26
-4.71587017919007e-27
7.40615357025599e-27
-5.4005282435346e-27
9.23730168107804e-27
-8.19623122184291e-27
-6.6511739857285e-27
7.22447417883546e-27
3.86128892079387e-28
1.33353094599844e-27
-1.06866040877699e-27
1.46631679404435e-26
6.16319148606939e-27
9.60136262587799e-28
1.23350346105608e-26
-8.84062029784503e-27
5.38843099607142e-27
-1.50778347007092e-26
8.75087898405617e-27
6.00263212328379e-28
9.85736084520459e-27
9.99068133942777e-27
-2.57695946634345e-27
-3.93554254794661e-27
-4.97959218006447e-27
-9.39680278548274e-27
9.30418762310499e-27
9.75308979430925e-27
-1.34390589048531e-26
5.01707258234157e-27
-2.14998481002685e-26
-9.43380170527374e-27
1.45575176428432e-26
-2.01727118435385e-27
-6.26362572340364e-27
-3.82922018104279e-27
2.83758693915616e-28
1.07611837186893e-27
-1.17164048475649e-26
1.05274440334596e-26
1.06723100764639e-26
9.47633767365485e-27
8.53806874064395e-27
4.98301271189278e-27
2.660832712333e-27
-4.30565713192071e-27
-4.91127182146436e-27
-5.63817997396389e-27
4.62388696257532e-27
3.1790683615352e-27
-3.74824084541239e-27
1.7368898894605e-26
-8.42869196921896e-27
-5.41369879570638e-27
1.59006581767933e-27
1.37547208289152e-26
1.04076451723876e-27
3.57209850258197e-28
2.60057718537501e-27
4.75639495510322e-27
1.48410055028604e-26
7.59794409388455e-27
3.95473664663716e-27
-6.72571850854993e-27
-1.45508019652506e-27
-9.71190297997771e-28
7.65726674852573e-27
-7.6183469142329e-27
1.45360565641139e-27
3.73925317233858e-27
2.5680871484486e-27
-2.77671952820542e-27
-7.75615121410786e-27
-2.66531651798477e-27
1.51877631708162e-27
5.0169171036221e-27
2.52163411942539e-27
-3.81821630005846e-27
-7.09596850947324e-27
-1.28377675267992e-26
9.08586540831547e-27
-1.92511744269195e-27
3.18274969637681e-27
-7.50788680721419e-27
4.6031230303624e-27
1.09050968276066e-26
3.99191110691788e-27
5.33431437081117e-27
-1.13190313332581e-26
4.06401310921088e-28
-2.42902898793277e-27
-4.12240289153524e-27
-2.30402409747988e-27
-6.52342564819338e-27
-5.08183699216415e-27
1.7002149672591e-27
-1.38446878376194e-26
2.87273516064123e-27
-4.50881264839819e-27
3.27067040451511e-27
-2.8238646883024e-27
-5.10846899217638e-27
-3.1988592978908e-27
-5.60080489598062e-27
-5.93950776317947e-27
-2.33238140973396e-28
-8.36385232775792e-27
4.71747512081039e-27
9.10274738798424e-27
-6.93014794743853e-27
-4.2904302482979e-27
9.29797850521137e-27
-5.5942246353373e-27
-5.66674793480563e-27
-6.75306270140617e-27
2.42356215553854e-27
-4.31085814585907e-27
8.6963260152929e-27
-8.89216901651277e-27
1.35447041870109e-27
1.04713212311739e-26
1.12607619215553e-26
6.82514464192892e-27
5.63004492612588e-27
-8.82871363719926e-27
2.09955453505077e-27
-8.2693914825168e-27
-1.08850149955823e-27
-6.93493267964412e-27
1.65176579209561e-27
1.35448044958621e-27
5.07954995035519e-27
4.47397538435206e-27
-6.74527873454761e-27
1.04939007535948e-26
3.01548468688381e-28
-6.60420436612124e-27
-2.38491315514415e-27
1.93023319410673e-27
2.55286026482579e-28
-7.12002257200783e-27
-8.83961720933233e-28
7.2021755211981e-28
-8.78529996636954e-28
5.00895258083125e-27
1.00875796897548e-26
9.35542538433379e-27
-2.8836387327743e-27
6.48228898828748e-27
-1.01087448573728e-26
6.54913480677392e-27
1.92961127922885e-27
4.52189793804638e-27
-4.85617216946165e-27
6.88825897114811e-27
-1.4864116662193e-26
-9.19004618124467e-27
2.10515176895165e-27
4.12969534502258e-27
6.03307585964429e-27
2.83670422126498e-27
-9.10288782037602e-27
-1.28194711923275e-28
-9.17487948293262e-27
-8.78403607484353e-27
-8.96674864743214e-27
2.19124685599683e-27
1.13968308783032e-26
-8.70702896972342e-27
-6.11637232973903e-27
-6.24010329778079e-27
-2.34871169072074e-27
-9.66023389068845e-27
-1.13830083185982e-26
7.42591441395621e-27
3.59482848827979e-27
1.24342149872542e-26
-1.26037871003264e-26
8.09255700861262e-27
1.39966457164086e-26
-7.28927369675599e-27
8.97803339320004e-27
-3.36611427649868e-27
-6.57354998117308e-27
1.38632850986449e-27
1.51793372273095e-27
6.32367060177396e-28
-2.08520535387657e-27
-3.00971692793577e-28
-2.53487488779305e-27
3.03173472078957e-28
-4.232471794034e-27
5.39361696368209e-27
-3.33067515934493e-27
-4.8614985694641e-27
-2.18335756484443e-27
-1.17271328792082e-26
-5.38659534409318e-27
1.84643517975563e-27
-5.51748836411562e-27
-2.35744859166637e-27
-5.56907720632387e-27
-8.33301738687747e-27
2.48018650208055e-28
-6.01255768411697e-27
7.92490079459967e-28
-8.62365726799022e-27
5.51624453435987e-27
-2.24715900969482e-27
5.06441334469852e-27
-2.84723665064835e-27
-7.57887538125809e-27
-8.02571119012618e-28
-2.00485796400917e-27
-2.8534006295589e-27
-1.4906998696111e-27
1.31113699495237e-27
-4.24425808405824e-27
-7.17183209368887e-27
-3.07909052947422e-27
-3.02750168726597e-27
-1.43021864773775e-27
5.68235097662071e-27
2.00388496815185e-27
8.38930569876773e-27
6.8806455293367e-27
6.52977519847878e-27
-3.122112995784e-28
-3.02674937088145e-27
-5.36165856366741e-27
2.28232227750758e-27
6.49891016494295e-28
2.23484609820141e-27
1.40515146580534e-27
-1.05317773758344e-26
-1.23050874030141e-27
2.36310601087801e-27
-1.78195665015916e-27
-6.59179616121912e-27
6.20399712676609e-27
1.83633407843272e-27
6.0137363131194e-27
9.00447480639485e-28
-1.26699407877391e-26
7.42188199813515e-27
4.6213892721787e-27
1.64115311563123e-27
4.62676582660678e-27
5.24434736210695e-27
3.52544987129878e-27
1.9687618238796e-28
-9.11757805164453e-27
4.82155558488832e-27
-5.67625721390604e-27
7.77177933313575e-27
6.09307058358897e-27
1.82943282946533e-28
-2.35356663912222e-27
-2.55614537970489e-27
-1.84601388258029e-27
-3.94770499616312e-28
7.39746682373599e-27
-8.55594377794029e-28
-1.41198550784237e-26
1.7074171427803e-27
6.14403751091935e-27
5.33846715725375e-27
5.59148620369762e-27
-3.25079922107849e-27
2.06443640622108e-27
7.77695526986129e-27
-2.37225417811385e-27
-2.81316173387188e-28
8.57809197230075e-27
-6.97341115499135e-27
2.11229877460465e-27
3.61297937491713e-27
-3.74820072187188e-27
1.24522204260572e-26
-1.3555537542948e-27
6.32276782211253e-28
5.36641320321762e-27
6.26521060325371e-27
-3.99670587000859e-28
-1.27062224992435e-27
-3.26117115629983e-27
6.73649167917634e-28
6.31570106354055e-27
-4.80947839919539e-27
-1.03600887460004e-26
-8.91083649373415e-28
-9.44538236215288e-28
-1.39487482399271e-27
1.01604340084323e-27
6.07868127887427e-27
-2.8794056992507e-27
-1.11959724345199e-28
-4.60487843525963e-28
3.76168223148259e-28
-3.10590308541874e-27
7.56402967127011e-27
-4.0685871928288e-27
-2.81566945515363e-29
-3.53287774173534e-28
-3.51755556470382e-27
8.19488206779332e-28
-6.58860633974873e-27
-4.17510516199259e-27
-4.548284181373e-27
3.78612749853713e-27
1.57334433217259e-28
2.23889857579273e-27
5.1105002464146e-27
-4.07678744142013e-27
-9.73762216944339e-27
4.38935483742054e-27
-2.56027308893465e-27
9.36989995157208e-27
-2.99020685636372e-29
-1.98782050562093e-28
3.31092434652983e-27
2.53308939024044e-27
2.33614299165659e-28
1.58811982596469e-27
-3.11954508919148e-27
1.03460555377077e-27
2.93530782206356e-27
9.8983169491782e-27
-1.15796537906283e-28
6.836128461143e-27
-4.28120684942361e-27
-5.56752743457174e-27
-6.39119350500648e-27
)
;
    }
    front
    {
        type            wedge;
        value           nonuniform List<scalar> 
900
(
2.65698516356976e-26
3.56685586047034e-26
-2.08216398950606e-26
1.7544018087152e-29
4.08148691110214e-27
1.83360567767817e-26
4.58199999246193e-26
2.54930130678272e-26
-1.94797381754237e-26
1.1540589977869e-26
2.00401988355681e-26
-3.68710260056322e-26
-4.15179840039997e-26
-1.08814440004771e-26
-2.8754495181566e-26
3.8833167445328e-27
4.09437258613631e-26
9.30019533082444e-27
5.05025215445838e-27
2.38422704260146e-26
1.03403178714151e-26
5.53665738559335e-26
1.31119116173206e-26
-1.44481860104013e-26
-3.27724264045034e-26
3.06453571515492e-26
-3.58061271787778e-26
5.11421039654107e-26
2.00783111836082e-26
8.67319479418999e-27
3.13718239451031e-26
2.35637929931183e-26
8.56262434743489e-27
-2.75950452315044e-26
-2.08138860208574e-27
-2.2987899816206e-26
-1.40428452500751e-26
-2.92706744993172e-26
3.32002637169409e-26
-4.06517669188561e-27
-2.42668376699007e-26
-5.15340735754542e-27
6.20796634801085e-26
-8.79572205601651e-27
-3.26295464767541e-26
1.83985198429474e-26
3.83057083972515e-26
3.5155243104656e-27
-1.34897750600553e-26
4.22153211071447e-26
2.51751142563818e-27
-1.5257317328287e-26
-2.23455018709016e-26
-3.25609151607151e-26
3.05098804284467e-26
-1.19136070337195e-27
-2.32200947451262e-27
5.52291607605785e-26
1.25323070129113e-26
-3.14935487361195e-26
5.17477715522001e-26
-2.49972867248501e-26
-9.23698069275398e-27
2.64711042229609e-27
-2.72556677872807e-26
-1.14988851035855e-26
-1.9141837779035e-27
1.92390169941455e-26
2.18765178676731e-26
-1.05639865479773e-26
-3.05053661187165e-26
1.88915872568862e-26
-1.05202045164012e-26
-2.5530526070481e-26
1.29919121385461e-26
-1.52366236122699e-26
-1.79536593739696e-26
3.62835170637428e-27
-4.39278540013398e-27
1.61011956322526e-26
4.38579387320045e-26
-5.61869281277674e-26
-4.57359962771231e-27
4.69059034249296e-26
3.46307481831345e-26
4.01782991099758e-26
2.70430656847349e-27
-5.11605234133241e-27
4.11758806667427e-26
-5.49065775257788e-26
-3.83714769927148e-26
3.3557348181135e-27
3.029419090958e-26
6.45668013855821e-28
1.1378093184886e-26
1.22296551468589e-26
1.44969361121186e-26
-2.80075954750083e-26
-3.48960650947441e-26
-2.98358111976228e-26
2.93192816609214e-26
1.61209213678549e-26
-3.10539151027726e-27
2.17694582307124e-26
1.69974552183516e-26
2.72283762565714e-26
-1.6406535775519e-26
1.62282869468119e-26
2.73140712053396e-27
8.15133548773566e-27
-1.23406017518063e-26
6.4910008120203e-26
8.35645956541931e-27
5.15643467867675e-26
-3.67046537449155e-26
-2.87771449201828e-26
2.759943875919e-26
1.79242341250978e-26
-5.18483186369921e-26
1.83245714133113e-27
-6.12826895949967e-28
2.85480695965371e-26
-2.89387625413493e-26
-2.71135627454076e-26
6.79940338451597e-26
2.8367684189298e-26
3.0464493239743e-26
-3.68696567898124e-26
3.39620693187973e-28
-4.23383298514573e-26
-2.95447684354129e-26
1.63478751592962e-26
6.30168290157554e-27
-2.04875412041351e-26
-4.08792272699964e-26
5.49999790938772e-26
-2.18615492793423e-26
-1.57651960885955e-26
-3.62752315526279e-26
2.03480316537885e-26
-2.78708945724973e-26
5.17074273322193e-26
2.23957766671582e-26
3.1830566414617e-26
-5.02441170295464e-27
-9.96717646785389e-27
-1.21554065351488e-26
3.06111518332661e-26
-1.43727738160164e-26
-8.28454814994373e-27
2.35267188416889e-26
-2.02638925893431e-26
1.6602699765063e-26
2.21952098243402e-26
2.75218774476666e-26
-1.21450446308126e-27
3.88560779869581e-26
3.26542124232815e-26
1.05422596507922e-27
-6.6834583895098e-27
1.2483476664113e-26
-1.87195575769578e-26
-1.53107237982267e-27
1.05215859965454e-26
2.8453137299695e-26
-5.77317562600328e-28
8.40596198352114e-27
-9.68483965190503e-27
-4.94369766072595e-26
-2.81182160761891e-26
-3.75688345603783e-26
3.47939781123526e-26
-8.11611705005471e-27
9.49332497761746e-27
1.47174350289806e-26
-3.50391857637364e-27
5.02202282415175e-27
1.77843982183363e-26
-9.14937094205461e-28
-4.79399472491333e-26
2.27388699273911e-26
-1.45302562047892e-26
3.73058799222161e-26
-1.87665221811225e-26
-4.63204207218359e-27
-1.72017642866187e-27
2.09649511508703e-26
2.30634123194422e-27
-3.46159827202275e-27
-2.07082084517882e-26
2.04213724703947e-26
2.26291301633106e-26
-1.14707183781488e-27
-2.91290885557493e-27
3.57578685904318e-26
-1.1272508088039e-27
-2.704741908888e-26
-8.63201801074359e-27
9.88803200053882e-28
3.91832603825885e-26
-8.61563255988861e-27
-2.39479056772872e-26
-1.42823052630558e-26
-1.43538154431263e-26
-6.00075634776504e-27
-2.21028547596791e-26
1.43371441120452e-27
1.25583249346747e-26
2.76652438733445e-26
2.36595829306388e-26
3.14467145334614e-26
-1.9467841545663e-27
2.96468828460059e-27
-4.00245757954043e-26
7.41336577666231e-27
6.54729915479568e-27
8.50774380757917e-28
3.86263506557791e-26
1.2048141265043e-26
2.36231357095298e-26
6.69229559930671e-27
-3.41591461188878e-26
1.16526786343529e-26
-3.23912126461362e-26
-3.09698763471784e-26
1.6113786273878e-28
-1.94475490650511e-26
3.0507096446401e-26
1.09125397443709e-26
-4.36557160878439e-27
7.99677208653474e-27
2.24135513956033e-26
1.94237457746447e-26
3.52511383664702e-27
2.09092664945123e-26
1.43334126227779e-26
5.16972259220451e-27
-7.19592627976397e-27
-1.33372955752395e-26
1.30734431728585e-26
-1.1519929900582e-26
3.7394758579884e-26
-3.33670572748329e-26
-2.98215332514063e-26
4.16373063980281e-26
-3.13187104083556e-26
-9.93060636840207e-27
3.24440754107556e-26
1.14400539623156e-26
-2.53009617411854e-26
-2.71196214000243e-26
-1.75299146626639e-26
-5.02311199803408e-26
-1.58823041647321e-26
2.8861976115702e-26
1.14869684120546e-27
4.61789150253491e-26
-2.361881239804e-26
-1.59193356848998e-26
-1.70658457931476e-26
1.91587297895889e-26
-4.25145064403565e-26
-3.25408759599526e-26
-2.59706436940353e-26
1.94562458424562e-26
-6.92738845094009e-26
1.4990786679577e-26
-1.54139796922007e-26
2.3897660973686e-26
3.386751819559e-26
-1.95811195477395e-26
-1.77255144149194e-26
-2.65686900807506e-26
9.0712102851449e-27
-2.8878005470135e-26
-7.78767828606207e-28
4.40756089392608e-27
-6.96929849208928e-27
1.08012370430015e-26
8.95179056018422e-27
1.11499908570976e-26
-1.60241333572643e-26
2.69246009313848e-27
-2.36369582692348e-26
1.56877024855467e-27
-1.64435798342931e-26
1.1830686721817e-26
5.05321887689677e-27
3.45429735497609e-26
-8.36637258764609e-27
-1.62709683630274e-26
-2.61495194530628e-26
4.23095512420279e-26
1.15056057966206e-26
-2.8466247666556e-26
-2.17971133810076e-26
5.02439011304173e-26
-1.52162126418274e-26
-1.04114569087359e-27
-2.07029996012208e-26
2.41188620525069e-27
1.13092211276039e-27
1.53959642225126e-26
-2.88710239740866e-26
1.32634983533601e-26
5.26160048452542e-28
-2.75319435976242e-26
-1.49787471097033e-26
1.36656716462001e-26
1.6471019320558e-26
-2.06776666008325e-28
-2.07175092765571e-26
-4.62595733726554e-26
-1.53908284093275e-26
6.42279580859914e-27
-9.55500112868156e-27
-2.17076654706087e-26
-1.34860235090178e-28
4.34167804041183e-27
1.62820524910927e-26
-4.82388074406076e-26
-4.01043113012789e-26
1.65828185507412e-26
2.18452616296173e-27
6.30881047238861e-27
-2.24866314091962e-26
1.97644447879838e-26
-2.48986129078556e-27
-4.75165034643814e-27
-2.73304104200834e-26
-1.73502113556134e-26
-1.19652008913703e-26
-3.7530356085031e-27
-1.03320872167032e-26
-1.49285926840682e-26
5.19576276999424e-27
-5.84884360795893e-27
-6.24322290305529e-29
1.70503380447412e-26
1.28248878702961e-27
1.06458385706137e-26
8.80370664057761e-28
5.7795471188499e-27
3.32025758359627e-26
-3.3323152090632e-27
-6.29444060251384e-27
-4.69100361496019e-27
1.76362119523549e-26
-1.56456730768645e-27
-5.13427143798861e-26
-2.81593025816693e-27
-1.01703153706779e-26
-3.1804764470349e-26
5.70627463764864e-27
2.95305897792859e-26
1.32433763977953e-26
-7.67995661068304e-27
5.55601699388849e-27
-9.24206635151337e-27
1.38199516748962e-27
-1.7299927155402e-26
-1.89810577367766e-26
2.64218529688187e-28
9.6934060278035e-27
2.99965494706486e-26
-1.12057224548633e-26
-1.28609288405575e-26
1.32892075119406e-26
-2.03185007279746e-26
-7.2759102067781e-27
-1.51559050796528e-26
-3.49250844454166e-27
-1.66389012294864e-26
5.55321837693805e-27
6.85000117527367e-27
-2.27156916865142e-26
-1.95387799652813e-26
4.54166379718917e-27
-3.88035355837324e-27
-3.01149916545071e-26
-6.82064077450689e-27
-8.85058096677616e-27
-1.34991338758788e-26
-6.61634173712493e-27
-1.25260678023623e-26
-2.06936157081845e-27
3.02583656033489e-27
-1.4480473235369e-26
-3.37544350121106e-26
-3.04532907785796e-26
-4.08996802447703e-27
-4.01739958602563e-27
1.90113359635325e-27
2.41224832020378e-26
9.76917933405298e-28
-6.99256011469883e-27
-3.37439812624825e-26
-2.73341619711063e-31
-1.42630610099396e-26
-1.28922703411369e-26
-1.2597989248723e-26
-2.07505710739357e-26
1.69352436687938e-27
1.17288431451224e-26
-8.24609976725187e-27
3.4773354769264e-27
-6.97273407024528e-27
6.41710829673213e-28
-1.00149109424521e-26
-1.57257696946038e-27
-1.81705973266116e-26
-1.19654616943836e-26
-1.72371632802319e-26
1.72392196116829e-26
-9.4800998825078e-27
-2.62296361325723e-27
1.64728750343065e-26
2.19801018029372e-26
-1.58914297624764e-26
-2.70974330821233e-28
1.50567598110574e-27
-1.14872994312638e-26
-2.15557803157367e-26
-1.4350823418172e-26
1.46963927397054e-26
1.06270582459347e-26
-2.01875023836583e-26
9.7630604941255e-27
3.54502514362415e-27
9.81572264104234e-28
-1.65631279232369e-26
9.94269358498012e-27
-3.96087053289233e-27
-4.26673980534917e-27
-1.26987093662834e-26
5.33024684689216e-27
1.41327999356802e-26
4.62249367263118e-26
2.14256997974096e-26
2.33463434653349e-26
5.85465650589004e-27
4.22426903772138e-28
1.52357810179192e-26
-6.82494402422638e-27
1.57864214415243e-26
1.25056348893586e-26
-6.70119299441437e-27
1.7558191727837e-26
-1.13611008654808e-26
-2.70579715800336e-26
1.83817618779327e-26
-2.2696108891025e-26
-3.63664223293176e-27
-1.21765365946688e-26
2.33702972190182e-26
-2.02748463159018e-26
-1.85127909418346e-26
1.62547684835473e-26
-1.3828778853808e-26
3.19512780862355e-27
-1.85935746752051e-27
1.73630859966739e-27
-5.76008532091252e-27
1.18717832581824e-26
1.64122634109265e-26
-5.58897848241587e-27
1.18811420740059e-26
-2.99310578216543e-27
1.03236891715958e-26
-7.14051817804361e-27
-2.94355295886584e-26
-1.6964518807037e-26
1.11631714401545e-27
-5.34238923333841e-27
-1.36255330593644e-26
-1.27062224992435e-27
6.27614426804216e-27
-1.74071447788034e-26
-7.63793974060725e-27
-2.28923029732243e-26
-2.39170958136196e-26
1.09990460977063e-26
2.13253407917138e-26
2.96349962471304e-26
-1.94089903426228e-26
1.28676194409372e-28
4.22403205806025e-27
-1.78711352820296e-26
1.56948745684126e-26
-1.49926123006701e-27
1.69187729554153e-26
2.00991353011318e-27
9.80244174913417e-27
3.15813591045214e-26
-1.33430934268429e-26
-9.24854881102671e-27
-2.49689569975301e-26
6.11756098962659e-28
-5.26292957680475e-27
-3.65944243482547e-27
5.96130989200304e-27
1.24168314633291e-27
-2.51398958187009e-26
4.64979673885841e-27
7.66890006755179e-27
-5.34671254482816e-27
6.63343436538137e-27
-9.37278383104609e-27
-2.35310521840638e-27
-7.29049746474148e-27
-9.44384763672845e-27
-6.13774814594471e-27
-1.35346331783433e-26
2.51472171109829e-26
-1.26824743787053e-27
-4.02823544968409e-27
2.28535160481594e-27
1.13594457694349e-26
-1.02548747919031e-26
3.7832586653908e-27
1.69002459105857e-26
-1.08797889044312e-26
-5.4734001162611e-27
-1.41218662708917e-26
-2.84649737441449e-26
1.5686538902872e-26
1.46789415073057e-26
4.07870835592196e-28
-4.69555763680786e-28
-1.38825744907442e-26
5.49363491928357e-27
-1.79451067905382e-26
2.08054099229251e-27
-9.14229916804007e-28
-6.39408239992306e-27
5.93820374811296e-27
1.18003332634226e-28
-1.15338026147127e-26
2.37882440787205e-27
3.11667625604515e-27
-1.63912010598811e-26
-2.20172913095457e-28
5.34258985104095e-27
-5.75108260151103e-27
9.10921730889116e-27
1.71022729524863e-26
1.20415760507274e-26
-2.99678711700705e-27
-6.68526394883267e-27
1.22937525028206e-27
-9.9339692226409e-27
7.29596931257827e-27
-3.09942814906925e-27
-5.98296657299227e-27
-1.62461720149934e-27
-1.71297726240621e-26
-9.09574583016558e-27
-1.01565620867732e-26
5.44691857952577e-27
-1.74111765676941e-26
2.27721154153537e-28
2.62559922832435e-27
-8.89247997395171e-27
2.00796753839854e-27
4.59859910117011e-27
1.73579852915868e-26
9.29789825813035e-27
4.47683418661326e-27
-7.67021662122471e-27
7.4061786474688e-27
5.01223268026778e-27
9.2373217428483e-27
-5.23190404910689e-27
9.01071903238642e-27
4.2547102663606e-27
3.35331486707661e-27
2.8119630430992e-27
-6.11673845704617e-27
1.24837625443391e-26
-1.07457863100193e-27
-1.2233767809761e-27
2.20645869329195e-27
-1.39094773246548e-26
6.08396253989364e-27
-7.82649781150363e-27
1.15232701853293e-26
-2.19213960477314e-27
1.19776391889278e-26
9.99067632398521e-27
2.34448868808227e-27
-3.93551245529123e-27
-4.98026424936798e-27
4.68582767823465e-28
2.2547624206211e-27
2.94138653845053e-27
-6.58377646856008e-27
9.80886653105803e-27
-1.46368669596405e-26
4.95891852581769e-27
1.18280335527009e-26
6.93264563783516e-27
-8.33784224262357e-27
-3.8292603045833e-27
2.29301520105298e-27
2.45466291487486e-27
5.72768556195226e-27
-8.62826645970609e-28
-2.74637108525363e-27
9.47637779719536e-27
6.51358534988377e-27
9.67731648805976e-27
-1.27716639938122e-26
4.81215163008174e-27
-2.30587981122838e-27
3.53048036018998e-27
4.62392708611583e-27
1.19930265667126e-27
8.41721663663365e-28
8.81480079952809e-27
2.74035756961999e-27
3.12371793740432e-27
7.99630063493377e-27
4.75924372647929e-27
-7.95626737239185e-27
-1.58427799696104e-27
-1.09020073149875e-26
-4.24732753490711e-27
1.09551409135053e-26
1.21017713923746e-26
3.95472661575203e-27
3.99677608620448e-27
1.06002381668263e-27
3.45264069160433e-27
-5.00942403243222e-27
-7.61830679069239e-27
-7.39598225273719e-27
3.73923311056833e-27
-6.28238347859116e-27
3.53968871273658e-27
9.48580682921476e-28
7.93314618217407e-27
-9.58431012116206e-28
5.01707759778413e-27
6.87897037152049e-27
5.381369252942e-28
1.22069753155868e-26
-4.12733808701774e-27
-3.93738321536742e-27
-8.07885481952912e-27
-7.27474897509207e-27
-2.62015747314295e-27
8.94734891559649e-28
-3.83788686579254e-27
3.99184089072199e-27
1.04068427015774e-27
-2.73653580238659e-27
-1.18364444498799e-26
-8.51958181935486e-27
-6.53846194499878e-27
-4.71716416337145e-27
-6.52346577173389e-27
9.88282926254208e-28
-2.53726223845328e-27
6.88249121220007e-28
-1.35939558329845e-27
-8.72450277161469e-27
8.75134542021458e-28
-1.30311128376225e-26
-6.91797045289433e-27
-3.19849818602623e-27
-1.21685770873205e-26
1.85354707731068e-27
1.57005420185093e-27
-2.38583599657583e-27
8.87406326885851e-27
-5.21486659071865e-27
-5.14007631121161e-27
-1.02210406163697e-26
-7.64172890746398e-28
-1.46081786281772e-27
-3.32062421244766e-27
9.29993452781113e-28
-7.59182525395707e-27
7.42609998533106e-27
-1.35193260476395e-27
-7.12495776749032e-27
5.44382154374281e-27
1.10311750227681e-26
1.30210518598401e-26
6.82374031801114e-27
1.32047574900563e-26
-3.0195672571305e-27
1.54582459882662e-27
-4.18408280418127e-27
-1.08846137601773e-27
-6.93494271052924e-27
1.6523174907776e-27
3.63625604385437e-27
1.08168049767186e-26
-3.52703976659141e-27
-1.03048285998357e-27
1.27515269919197e-26
2.59023534280905e-27
-7.77351467626273e-27
-1.20166292394165e-26
-2.02336996251108e-27
4.19997172622246e-27
-1.48415973250829e-27
8.66738691170145e-27
8.5586922404651e-27
-8.79984474980371e-28
-6.89121808226058e-27
6.19018961338875e-27
1.58513062219684e-27
-2.88361867100404e-27
1.03458448891201e-26
-7.34892737060636e-28
6.5491648994293e-27
1.34336923813102e-26
-4.74280310575611e-27
7.18652734039995e-28
-2.15393196332433e-28
1.95158894854215e-27
-3.77593611924808e-27
2.10511164541114e-27
1.99282591729931e-27
9.78336300562259e-27
1.40496739906326e-26
2.03170562805163e-27
-1.76519504111192e-27
-5.46458547595573e-27
-6.68438123094149e-27
-7.3803541337093e-27
3.77106110907635e-27
6.1668176510428e-27
-3.49609448597457e-27
-1.13058507502012e-26
5.61465253289847e-27
3.4313551533648e-27
-9.23493439218807e-28
-1.29230300503789e-26
7.42781025124522e-27
1.3729904419111e-26
1.0912389281094e-26
-4.06256866175259e-27
-5.42095112565321e-27
9.02961721996572e-27
-6.41424949447093e-28
5.51905318219543e-27
-4.84648233442895e-27
1.72406841209115e-27
7.71682011352483e-27
-3.32535879022761e-27
-8.22652951036906e-28
6.06770749054531e-27
4.91122668248129e-27
-4.00867271596513e-27
-4.42974921182704e-27
-1.40690185526e-27
7.33809401466918e-28
-1.93173782687578e-27
-1.63925727834222e-27
2.40877663086132e-27
-1.03518333275409e-26
-8.54522577718208e-27
6.49965245044235e-27
-4.15885512808682e-27
-5.47116573659906e-27
1.94687443253245e-27
-5.67968777661948e-27
-1.49024847978039e-27
-4.28289705356751e-27
-6.55814254161798e-27
-6.03949061068301e-27
8.71029903827483e-27
4.17575716952585e-28
3.74654562582592e-27
-1.02075691376441e-26
-4.97955205652396e-27
-5.0889087661787e-27
-3.11609446470778e-28
1.78733320458724e-27
-2.75440080879781e-27
5.8994945624078e-27
3.29746289868938e-27
2.84195037418641e-28
-1.76341957444444e-27
3.61111864572607e-31
5.88918782793979e-27
-7.58367515979137e-27
-9.69720773326664e-28
8.39111125809059e-27
8.25824716914069e-27
3.42581810477468e-27
-2.05765552787522e-27
3.07140687146693e-27
-5.36162847101203e-27
2.28229720029476e-27
-9.63864742589511e-27
8.19327211073044e-27
-1.13822961257542e-27
-2.80609999074246e-27
4.96342239323972e-27
-1.08018388961091e-26
-6.14170031468475e-27
9.4400058077248e-27
3.60583236926413e-27
3.53804866301831e-27
4.73004381987454e-27
-7.52326415411391e-27
-4.9888506870367e-27
-7.7388278754935e-29
2.50651757553897e-28
5.09243963774341e-27
1.60939533331909e-27
9.53843386803365e-27
-7.4464777284666e-28
-2.76721526454758e-27
-7.2106014647048e-28
3.32874922940054e-28
1.77930849648563e-27
1.08098234806702e-26
-3.84957284696551e-27
4.47764668830855e-27
1.91631534099299e-27
4.66056489404226e-27
-4.79458755022433e-27
-3.94770499616312e-28
-9.4785444683828e-27
8.76278062925938e-28
-2.46382612843839e-27
-5.58084343457786e-27
1.04141853094904e-26
4.0590076975325e-27
-3.04933892418749e-28
-3.65316310073596e-27
8.12872838038065e-28
6.446950179985e-27
1.95125792933295e-27
2.71301337676374e-27
-1.63701036007377e-27
4.46720453689132e-27
-4.27942636731356e-28
6.83945871500517e-28
-8.35301897182074e-28
2.96098688798872e-27
-2.67287980537055e-27
-6.611055460663e-28
5.7728847303346e-27
4.99084683317698e-27
2.54045205992367e-27
4.57469550191243e-27
9.02463688550016e-28
6.73649167917634e-28
-6.35755994717559e-27
-1.78519662605519e-27
-4.41717048187776e-27
-2.56603081699756e-27
3.25238410092856e-27
-3.91124272872641e-27
2.26815866770823e-27
1.02075641222016e-26
-1.09537265587024e-29
-2.56175264449089e-27
-4.60558059721852e-28
3.76158192263132e-28
1.07756783476979e-27
4.93018003992878e-28
1.32296340851713e-27
5.73143711298976e-27
-1.97948484008038e-27
-4.74659979577668e-27
4.46656757568575e-27
-7.87023247065742e-27
-1.65302968362162e-27
-4.54667923975267e-27
3.78754185334004e-27
-1.25662114046406e-26
2.23738391213855e-27
3.88325154377947e-27
1.19084662050919e-27
-1.40768426429991e-28
1.11314036269573e-26
-2.56031321247516e-27
-1.75875521286037e-27
3.62034706004292e-28
7.96702048124801e-27
-7.51574099026865e-28
-7.16186139387262e-27
2.33604268280532e-28
-2.3907611611732e-27
5.13576303060699e-27
2.27787357995375e-27
6.94538486194646e-29
4.58757515841552e-27
5.56118289972891e-27
1.57066107040112e-27
-1.46951464022284e-27
-6.77367617034219e-27
5.85753536992149e-27
)
;
    }
}


// ************************************************************************* //
