/*--------------------------------*- C++ -*----------------------------------*\
| =========                 |                                                 |
| \\      /  F ield         | foam-extend: Open Source CFD                    |
|  \\    /   O peration     | Version:     4.1-20200408                       |
|   \\  /    A nd           | Web:         http://www.foam-extend.org         |
|    \\/     M anipulation  |                                                 |
\*---------------------------------------------------------------------------*/
FoamFile
{
    version     2.0;
    format      ascii;
    class       volVectorField;
    location    "0.0145000";
    object      U_0;
}
// * * * * * * * * * * * * * * * * * * * * * * * * * * * * * * * * * * * * * //

dimensions      [0 1 0 0 0 0 0];

internalField   nonuniform List<vector> 
1952
(
(0.0144189 -5.90527e-08 0)
(0.0144189 -9.64792e-08 0)
(0.0144189 -1.34574e-07 0)
(0.014419 -1.73775e-07 0)
(0.014419 -2.13156e-07 0)
(0.0144191 -2.54077e-07 0)
(0.0144192 -2.948e-07 0)
(0.0144192 -3.37558e-07 0)
(0.0144193 -3.79609e-07 0)
(0.0144194 -4.24008e-07 0)
(0.0144195 -4.67249e-07 0)
(0.0144196 -5.12266e-07 0)
(0.0144197 -5.52717e-07 0)
(0.0144199 -5.93331e-07 0)
(0.01442 -6.34414e-07 0)
(0.0144189 -2.53083e-08 0)
(0.0144188 -6.28399e-08 0)
(0.0144188 -1.02606e-07 0)
(0.0144188 -1.43185e-07 0)
(0.0144189 -1.84729e-07 0)
(0.0144189 -2.26708e-07 0)
(0.014419 -2.70015e-07 0)
(0.014419 -3.13426e-07 0)
(0.0144191 -3.58528e-07 0)
(0.0144192 -4.03312e-07 0)
(0.0144193 -4.49978e-07 0)
(0.0144194 -4.95838e-07 0)
(0.0144195 -5.42757e-07 0)
(0.0144196 -5.85101e-07 0)
(0.0144197 -6.26288e-07 0)
(0.0144199 -6.66677e-07 0)
(0.0144188 -2.69267e-08 0)
(0.0144186 -6.60741e-08 0)
(0.0144186 -1.07853e-07 0)
(0.0144187 -1.50503e-07 0)
(0.0144187 -1.94058e-07 0)
(0.0144188 -2.38158e-07 0)
(0.0144188 -2.83415e-07 0)
(0.0144189 -3.2892e-07 0)
(0.014419 -3.75822e-07 0)
(0.014419 -4.22561e-07 0)
(0.0144191 -4.70748e-07 0)
(0.0144192 -5.18192e-07 0)
(0.0144193 -5.66014e-07 0)
(0.0144195 -6.09095e-07 0)
(0.0144196 -6.49982e-07 0)
(0.0144197 -6.8953e-07 0)
(0.0144186 -2.83107e-08 0)
(0.0144185 -6.87664e-08 0)
(0.0144185 -1.12217e-07 0)
(0.0144185 -1.56568e-07 0)
(0.0144186 -2.01756e-07 0)
(0.0144186 -2.47543e-07 0)
(0.0144187 -2.94323e-07 0)
(0.0144187 -3.41408e-07 0)
(0.0144188 -3.89598e-07 0)
(0.0144189 -4.37673e-07 0)
(0.014419 -4.86775e-07 0)
(0.0144191 -5.35119e-07 0)
(0.0144192 -5.83228e-07 0)
(0.0144193 -6.26522e-07 0)
(0.0144195 -6.66833e-07 0)
(0.0144196 -7.05852e-07 0)
(0.0144185 -2.94638e-08 0)
(0.0144183 -7.0934e-08 0)
(0.0144184 -1.15725e-07 0)
(0.0144184 -1.61427e-07 0)
(0.0144184 -2.07889e-07 0)
(0.0144185 -2.54954e-07 0)
(0.0144185 -3.02856e-07 0)
(0.0144186 -3.51093e-07 0)
(0.0144187 -4.00136e-07 0)
(0.0144188 -4.49089e-07 0)
(0.0144189 -4.98673e-07 0)
(0.014419 -5.47496e-07 0)
(0.0144191 -5.95564e-07 0)
(0.0144192 -6.38876e-07 0)
(0.0144193 -6.78608e-07 0)
(0.0144195 -7.1728e-07 0)
(0.0144183 -3.03929e-08 0)
(0.0144182 -7.26178e-08 0)
(0.0144182 -1.18442e-07 0)
(0.0144182 -1.65175e-07 0)
(0.0144183 -2.12595e-07 0)
(0.0144183 -2.60571e-07 0)
(0.0144184 -3.09246e-07 0)
(0.0144185 -3.58298e-07 0)
(0.0144185 -4.07855e-07 0)
(0.0144186 -4.57349e-07 0)
(0.0144187 -5.07116e-07 0)
(0.0144188 -5.56157e-07 0)
(0.0144189 -6.04027e-07 0)
(0.0144191 -6.47292e-07 0)
(0.0144192 -6.8652e-07 0)
(0.0144193 -7.24992e-07 0)
(0.0144182 -3.11149e-08 0)
(0.0144181 -7.38628e-08 0)
(0.0144181 -1.20441e-07 0)
(0.0144181 -1.6792e-07 0)
(0.0144182 -2.16004e-07 0)
(0.0144182 -2.64617e-07 0)
(0.0144183 -3.1379e-07 0)
(0.0144183 -3.63378e-07 0)
(0.0144184 -4.13201e-07 0)
(0.0144185 -4.62998e-07 0)
(0.0144186 -5.1275e-07 0)
(0.0144187 -5.61863e-07 0)
(0.0144188 -6.09466e-07 0)
(0.0144189 -6.52673e-07 0)
(0.0144191 -6.91484e-07 0)
(0.0144192 -7.29834e-07 0)
(0.0144181 -3.16485e-08 0)
(0.0144179 -7.47245e-08 0)
(0.0144179 -1.21812e-07 0)
(0.014418 -1.69796e-07 0)
(0.014418 -2.18292e-07 0)
(0.0144181 -2.67331e-07 0)
(0.0144181 -3.16789e-07 0)
(0.0144182 -3.6668e-07 0)
(0.0144183 -4.16591e-07 0)
(0.0144184 -4.66517e-07 0)
(0.0144184 -5.16147e-07 0)
(0.0144186 -5.65248e-07 0)
(0.0144187 -6.1257e-07 0)
(0.0144188 -6.55735e-07 0)
(0.0144189 -6.94203e-07 0)
(0.0144191 -7.32475e-07 0)
(0.0144179 -3.20176e-08 0)
(0.0144178 -7.52541e-08 0)
(0.0144178 -1.22647e-07 0)
(0.0144178 -1.70933e-07 0)
(0.0144179 -2.19646e-07 0)
(0.0144179 -2.68921e-07 0)
(0.014418 -3.1849e-07 0)
(0.0144181 -3.68526e-07 0)
(0.0144181 -4.18384e-07 0)
(0.0144182 -4.68334e-07 0)
(0.0144183 -5.17789e-07 0)
(0.0144184 -5.66848e-07 0)
(0.0144185 -6.13906e-07 0)
(0.0144187 -6.57067e-07 0)
(0.0144188 -6.95246e-07 0)
(0.014419 -7.33454e-07 0)
(0.0144178 -3.22438e-08 0)
(0.0144176 -7.55089e-08 0)
(0.0144177 -1.23043e-07 0)
(0.0144177 -1.71471e-07 0)
(0.0144177 -2.20252e-07 0)
(0.0144178 -2.69618e-07 0)
(0.0144178 -3.19173e-07 0)
(0.0144179 -3.69246e-07 0)
(0.014418 -4.18973e-07 0)
(0.0144181 -4.68874e-07 0)
(0.0144182 -5.18101e-07 0)
(0.0144183 -5.67091e-07 0)
(0.0144184 -6.139e-07 0)
(0.0144185 -6.5706e-07 0)
(0.0144187 -6.94985e-07 0)
(0.0144188 -7.33134e-07 0)
(0.0144176 -3.23515e-08 0)
(0.0144175 -7.55514e-08 0)
(0.0144175 -1.23087e-07 0)
(0.0144176 -1.71528e-07 0)
(0.0144176 -2.2025e-07 0)
(0.0144176 -2.69598e-07 0)
(0.0144177 -3.19037e-07 0)
(0.0144178 -3.69068e-07 0)
(0.0144179 -4.18597e-07 0)
(0.0144179 -4.6841e-07 0)
(0.014418 -5.17393e-07 0)
(0.0144182 -5.66315e-07 0)
(0.0144183 -6.12892e-07 0)
(0.0144184 -6.56066e-07 0)
(0.0144185 -6.93762e-07 0)
(0.0144187 -7.31844e-07 0)
(0.0144175 -3.23696e-08 0)
(0.0144174 -7.54225e-08 0)
(0.0144174 -1.22864e-07 0)
(0.0144174 -1.71219e-07 0)
(0.0144175 -2.19791e-07 0)
(0.0144175 -2.69039e-07 0)
(0.0144176 -3.18273e-07 0)
(0.0144176 -3.68208e-07 0)
(0.0144177 -4.17489e-07 0)
(0.0144178 -4.67204e-07 0)
(0.0144179 -5.15937e-07 0)
(0.014418 -5.64808e-07 0)
(0.0144181 -6.1117e-07 0)
(0.0144183 -6.54371e-07 0)
(0.0144184 -6.91845e-07 0)
(0.0144186 -7.29851e-07 0)
(0.0144174 -3.2313e-08 0)
(0.0144172 -7.51641e-08 0)
(0.0144173 -1.22437e-07 0)
(0.0144173 -1.70637e-07 0)
(0.0144173 -2.18991e-07 0)
(0.0144174 -2.6809e-07 0)
(0.0144174 -3.17045e-07 0)
(0.0144175 -3.66834e-07 0)
(0.0144176 -4.15861e-07 0)
(0.0144177 -4.65464e-07 0)
(0.0144178 -5.13935e-07 0)
(0.0144179 -5.62771e-07 0)
(0.014418 -6.08907e-07 0)
(0.0144182 -6.5216e-07 0)
(0.0144183 -6.89432e-07 0)
(0.0144185 -7.27337e-07 0)
(0.0144172 -3.22008e-08 0)
(0.0144171 -7.48181e-08 0)
(0.0144171 -1.21858e-07 0)
(0.0144172 -1.69849e-07 0)
(0.0144172 -2.17932e-07 0)
(0.0144172 -2.66841e-07 0)
(0.0144173 -3.15463e-07 0)
(0.0144174 -3.65086e-07 0)
(0.0144175 -4.13814e-07 0)
(0.0144176 -4.6332e-07 0)
(0.0144177 -5.11516e-07 0)
(0.0144178 -5.60382e-07 0)
(0.0144179 -6.06253e-07 0)
(0.014418 -6.49675e-07 0)
(0.0144182 -6.8676e-07 0)
(0.0144183 -7.24522e-07 0)
(0.0144171 -3.20523e-08 0)
(0.014417 -7.44006e-08 0)
(0.014417 -1.21166e-07 0)
(0.014417 -1.68902e-07 0)
(0.0144171 -2.16689e-07 0)
(0.0144171 -2.6536e-07 0)
(0.0144172 -3.13659e-07 0)
(0.0144173 -3.63104e-07 0)
(0.0144173 -4.11518e-07 0)
(0.0144174 -4.60925e-07 0)
(0.0144175 -5.0884e-07 0)
(0.0144176 -5.57745e-07 0)
(0.0144178 -6.0337e-07 0)
(0.0144179 -6.46976e-07 0)
(0.014418 -6.83853e-07 0)
(0.0144182 -7.21459e-07 0)
(0.014417 -3.1873e-08 0)
(0.0144168 -7.39301e-08 0)
(0.0144169 -1.20392e-07 0)
(0.0144169 -1.67846e-07 0)
(0.0144169 -2.15314e-07 0)
(0.014417 -2.63729e-07 0)
(0.0144171 -3.11702e-07 0)
(0.0144171 -3.60975e-07 0)
(0.0144172 -4.09074e-07 0)
(0.0144173 -4.58395e-07 0)
(0.0144174 -5.05982e-07 0)
(0.0144175 -5.54936e-07 0)
(0.0144176 -6.00293e-07 0)
(0.0144178 -6.44071e-07 0)
(0.0144179 -6.80749e-07 0)
(0.0144181 -7.18179e-07 0)
(0.0144168 -3.16706e-08 0)
(0.0144167 -7.34152e-08 0)
(0.0144167 -1.19549e-07 0)
(0.0144168 -1.66696e-07 0)
(0.0144168 -2.13825e-07 0)
(0.0144169 -2.61977e-07 0)
(0.0144169 -3.09606e-07 0)
(0.014417 -3.58709e-07 0)
(0.0144171 -4.06481e-07 0)
(0.0144172 -4.55734e-07 0)
(0.0144173 -5.03009e-07 0)
(0.0144174 -5.52005e-07 0)
(0.0144175 -5.9713e-07 0)
(0.0144176 -6.41065e-07 0)
(0.0144178 -6.77538e-07 0)
(0.0144179 -7.14774e-07 0)
(0.0144167 -3.14492e-08 0)
(0.0144166 -7.28724e-08 0)
(0.0144166 -1.18662e-07 0)
(0.0144166 -1.65492e-07 0)
(0.0144167 -2.12274e-07 0)
(0.0144167 -2.60158e-07 0)
(0.0144168 -3.0745e-07 0)
(0.0144169 -3.56384e-07 0)
(0.014417 -4.0384e-07 0)
(0.014417 -4.53028e-07 0)
(0.0144171 -4.9999e-07 0)
(0.0144173 -5.49003e-07 0)
(0.0144174 -5.93926e-07 0)
(0.0144175 -6.37982e-07 0)
(0.0144177 -6.74225e-07 0)
(0.0144178 -7.11258e-07 0)
(0.0144166 -3.12158e-08 0)
(0.0144165 -7.23089e-08 0)
(0.0144165 -1.17743e-07 0)
(0.0144165 -1.64246e-07 0)
(0.0144166 -2.10672e-07 0)
(0.0144166 -2.58288e-07 0)
(0.0144167 -3.0524e-07 0)
(0.0144167 -3.54005e-07 0)
(0.0144168 -4.01165e-07 0)
(0.0144169 -4.50273e-07 0)
(0.014417 -4.96944e-07 0)
(0.0144171 -5.45979e-07 0)
(0.0144173 -5.90667e-07 0)
(0.0144174 -6.34821e-07 0)
(0.0144175 -6.7084e-07 0)
(0.0144177 -7.07656e-07 0)
(0.0144165 -3.09734e-08 0)
(0.0144163 -7.17324e-08 0)
(0.0144164 -1.16803e-07 0)
(0.0144164 -1.62975e-07 0)
(0.0144164 -2.09036e-07 0)
(0.0144165 -2.56382e-07 0)
(0.0144165 -3.02986e-07 0)
(0.0144166 -3.5158e-07 0)
(0.0144167 -3.98445e-07 0)
(0.0144168 -4.47467e-07 0)
(0.0144169 -4.93878e-07 0)
(0.014417 -5.42946e-07 0)
(0.0144171 -5.87368e-07 0)
(0.0144173 -6.31616e-07 0)
(0.0144174 -6.67416e-07 0)
(0.0144176 -7.03998e-07 0)
(0.0144163 -3.07255e-08 0)
(0.0144162 -7.11445e-08 0)
(0.0144162 -1.15845e-07 0)
(0.0144163 -1.61679e-07 0)
(0.0144163 -2.07372e-07 0)
(0.0144164 -2.54441e-07 0)
(0.0144164 -3.00698e-07 0)
(0.0144165 -3.49114e-07 0)
(0.0144166 -3.95685e-07 0)
(0.0144167 -4.44615e-07 0)
(0.0144168 -4.9077e-07 0)
(0.0144169 -5.39855e-07 0)
(0.014417 -5.84037e-07 0)
(0.0144172 -6.28386e-07 0)
(0.0144173 -6.63955e-07 0)
(0.0144175 -7.00298e-07 0)
(0.0144162 -3.04726e-08 0)
(0.0144161 -7.05436e-08 0)
(0.0144161 -1.14866e-07 0)
(0.0144161 -1.60356e-07 0)
(0.0144162 -2.05675e-07 0)
(0.0144162 -2.52459e-07 0)
(0.0144163 -2.98364e-07 0)
(0.0144164 -3.4659e-07 0)
(0.0144165 -3.92862e-07 0)
(0.0144166 -4.41701e-07 0)
(0.0144167 -4.87605e-07 0)
(0.0144168 -5.36698e-07 0)
(0.0144169 -5.80664e-07 0)
(0.014417 -6.25122e-07 0)
(0.0144172 -6.60447e-07 0)
(0.0144173 -6.96551e-07 0)
(0.0144161 -3.0214e-08 0)
(0.014416 -6.99278e-08 0)
(0.014416 -1.13864e-07 0)
(0.014416 -1.59005e-07 0)
(0.0144161 -2.03946e-07 0)
(0.0144161 -2.5044e-07 0)
(0.0144162 -2.95994e-07 0)
(0.0144163 -3.44002e-07 0)
(0.0144163 -3.89961e-07 0)
(0.0144164 -4.38723e-07 0)
(0.0144165 -4.84365e-07 0)
(0.0144167 -5.33478e-07 0)
(0.0144168 -5.7722e-07 0)
(0.0144169 -6.21791e-07 0)
(0.0144171 -6.56872e-07 0)
(0.0144172 -6.92738e-07 0)
(0.014416 -2.9949e-08 0)
(0.0144159 -6.92893e-08 0)
(0.0144159 -1.12826e-07 0)
(0.0144159 -1.57607e-07 0)
(0.014416 -2.0216e-07 0)
(0.014416 -2.48354e-07 0)
(0.0144161 -2.93553e-07 0)
(0.0144161 -3.41325e-07 0)
(0.0144162 -3.8696e-07 0)
(0.0144163 -4.35655e-07 0)
(0.0144164 -4.81028e-07 0)
(0.0144165 -5.30168e-07 0)
(0.0144167 -5.73691e-07 0)
(0.0144168 -6.18376e-07 0)
(0.0144169 -6.53219e-07 0)
(0.0144171 -6.88852e-07 0)
(0.0144158 -2.96742e-08 0)
(0.0144157 -6.86241e-08 0)
(0.0144158 -1.11745e-07 0)
(0.0144158 -1.56149e-07 0)
(0.0144158 -2.00293e-07 0)
(0.0144159 -2.46184e-07 0)
(0.014416 -2.90998e-07 0)
(0.014416 -3.3855e-07 0)
(0.0144161 -3.83853e-07 0)
(0.0144162 -4.32472e-07 0)
(0.0144163 -4.77575e-07 0)
(0.0144164 -5.26745e-07 0)
(0.0144165 -5.70051e-07 0)
(0.0144167 -6.14856e-07 0)
(0.0144168 -6.49466e-07 0)
(0.014417 -6.84874e-07 0)
(0.0144157 -2.9388e-08 0)
(0.0144156 -6.79241e-08 0)
(0.0144157 -1.10608e-07 0)
(0.0144157 -1.54613e-07 0)
(0.0144157 -1.98326e-07 0)
(0.0144158 -2.43899e-07 0)
(0.0144158 -2.88306e-07 0)
(0.0144159 -3.35643e-07 0)
(0.014416 -3.80613e-07 0)
(0.0144161 -4.29142e-07 0)
(0.0144162 -4.7398e-07 0)
(0.0144163 -5.23182e-07 0)
(0.0144164 -5.66273e-07 0)
(0.0144166 -6.11206e-07 0)
(0.0144167 -6.45593e-07 0)
(0.0144169 -6.80788e-07 0)
(0.0144156 -2.9087e-08 0)
(0.0144155 -6.71822e-08 0)
(0.0144155 -1.09402e-07 0)
(0.0144156 -1.52986e-07 0)
(0.0144156 -1.96244e-07 0)
(0.0144157 -2.41479e-07 0)
(0.0144157 -2.85466e-07 0)
(0.0144158 -3.32575e-07 0)
(0.0144159 -3.77202e-07 0)
(0.014416 -4.2564e-07 0)
(0.0144161 -4.70212e-07 0)
(0.0144162 -5.1945e-07 0)
(0.0144163 -5.62332e-07 0)
(0.0144164 -6.07407e-07 0)
(0.0144166 -6.41584e-07 0)
(0.0144167 -6.76583e-07 0)
(0.0144155 -2.87679e-08 0)
(0.0144154 -6.63932e-08 0)
(0.0144154 -1.0812e-07 0)
(0.0144155 -1.51255e-07 0)
(0.0144155 -1.94034e-07 0)
(0.0144155 -2.3891e-07 0)
(0.0144156 -2.82461e-07 0)
(0.0144157 -3.29329e-07 0)
(0.0144158 -3.73598e-07 0)
(0.0144159 -4.21946e-07 0)
(0.014416 -4.66244e-07 0)
(0.0144161 -5.15527e-07 0)
(0.0144162 -5.58202e-07 0)
(0.0144163 -6.03437e-07 0)
(0.0144165 -6.37416e-07 0)
(0.0144166 -6.72242e-07 0)
(0.0144154 -2.84286e-08 0)
(0.0144153 -6.55523e-08 0)
(0.0144153 -1.06755e-07 0)
(0.0144153 -1.49411e-07 0)
(0.0144154 -1.91683e-07 0)
(0.0144154 -2.36174e-07 0)
(0.0144155 -2.7927e-07 0)
(0.0144156 -3.25882e-07 0)
(0.0144156 -3.6978e-07 0)
(0.0144157 -4.18033e-07 0)
(0.0144158 -4.62052e-07 0)
(0.014416 -5.11392e-07 0)
(0.0144161 -5.53865e-07 0)
(0.0144162 -5.99283e-07 0)
(0.0144164 -6.33082e-07 0)
(0.0144165 -6.67763e-07 0)
(0.0144153 -2.8067e-08 0)
(0.0144152 -6.46605e-08 0)
(0.0144152 -1.05308e-07 0)
(0.0144152 -1.47454e-07 0)
(0.0144153 -1.89193e-07 0)
(0.0144153 -2.33271e-07 0)
(0.0144154 -2.75891e-07 0)
(0.0144155 -3.22227e-07 0)
(0.0144155 -3.65736e-07 0)
(0.0144156 -4.13893e-07 0)
(0.0144157 -4.57622e-07 0)
(0.0144158 -5.07033e-07 0)
(0.014416 -5.49305e-07 0)
(0.0144161 -5.94933e-07 0)
(0.0144162 -6.28569e-07 0)
(0.0144164 -6.63139e-07 0)
(0.0144152 -2.76836e-08 0)
(0.0144151 -6.37167e-08 0)
(0.0144151 -1.03777e-07 0)
(0.0144151 -1.4538e-07 0)
(0.0144152 -1.86559e-07 0)
(0.0144152 -2.30193e-07 0)
(0.0144153 -2.72316e-07 0)
(0.0144153 -3.18354e-07 0)
(0.0144154 -3.6146e-07 0)
(0.0144155 -4.09515e-07 0)
(0.0144156 -4.52949e-07 0)
(0.0144157 -5.02445e-07 0)
(0.0144158 -5.44522e-07 0)
(0.014416 -5.90394e-07 0)
(0.0144161 -6.23884e-07 0)
(0.0144163 -6.58385e-07 0)
(0.0144151 -2.72779e-08 0)
(0.014415 -6.27297e-08 0)
(0.014415 -1.02177e-07 0)
(0.014415 -1.43206e-07 0)
(0.0144151 -1.83801e-07 0)
(0.0144151 -2.2696e-07 0)
(0.0144152 -2.68566e-07 0)
(0.0144152 -3.14283e-07 0)
(0.0144153 -3.56972e-07 0)
(0.0144154 -4.04918e-07 0)
(0.0144155 -4.48046e-07 0)
(0.0144156 -4.97646e-07 0)
(0.0144157 -5.39523e-07 0)
(0.0144159 -5.85679e-07 0)
(0.014416 -6.19037e-07 0)
(0.0144162 -6.53517e-07 0)
(0.014415 -2.68537e-08 0)
(0.0144149 -6.17067e-08 0)
(0.0144149 -1.00517e-07 0)
(0.0144149 -1.40947e-07 0)
(0.014415 -1.80935e-07 0)
(0.014415 -2.23591e-07 0)
(0.0144151 -2.64662e-07 0)
(0.0144151 -3.10033e-07 0)
(0.0144152 -3.52299e-07 0)
(0.0144153 -4.00123e-07 0)
(0.0144154 -4.42947e-07 0)
(0.0144155 -4.92661e-07 0)
(0.0144156 -5.3435e-07 0)
(0.0144158 -5.80829e-07 0)
(0.0144159 -6.14073e-07 0)
(0.0144161 -6.48586e-07 0)
(0.0144149 -2.64143e-08 0)
(0.0144148 -6.06679e-08 0)
(0.0144148 -9.88321e-08 0)
(0.0144148 -1.38644e-07 0)
(0.0144149 -1.78017e-07 0)
(0.0144149 -2.20143e-07 0)
(0.014415 -2.60672e-07 0)
(0.014415 -3.05668e-07 0)
(0.0144151 -3.47508e-07 0)
(0.0144152 -3.95194e-07 0)
(0.0144153 -4.37713e-07 0)
(0.0144154 -4.87555e-07 0)
(0.0144155 -5.29057e-07 0)
(0.0144156 -5.75915e-07 0)
(0.0144158 -6.09048e-07 0)
(0.0144159 -6.43653e-07 0)
(0.0144148 -2.59681e-08 0)
(0.0144147 -5.96362e-08 0)
(0.0144147 -9.71577e-08 0)
(0.0144147 -1.36348e-07 0)
(0.0144148 -1.75105e-07 0)
(0.0144148 -2.16685e-07 0)
(0.0144149 -2.56669e-07 0)
(0.0144149 -3.01263e-07 0)
(0.014415 -3.42681e-07 0)
(0.0144151 -3.90204e-07 0)
(0.0144152 -4.32441e-07 0)
(0.0144153 -4.82405e-07 0)
(0.0144154 -5.23764e-07 0)
(0.0144155 -5.71038e-07 0)
(0.0144157 -6.04096e-07 0)
(0.0144158 -6.38853e-07 0)
(0.0144147 -2.55251e-08 0)
(0.0144146 -5.86425e-08 0)
(0.0144146 -9.55477e-08 0)
(0.0144146 -1.34134e-07 0)
(0.0144147 -1.72302e-07 0)
(0.0144147 -2.13333e-07 0)
(0.0144148 -2.52797e-07 0)
(0.0144148 -2.96957e-07 0)
(0.0144149 -3.3798e-07 0)
(0.014415 -3.85292e-07 0)
(0.0144151 -4.27279e-07 0)
(0.0144152 -4.7734e-07 0)
(0.0144153 -5.18603e-07 0)
(0.0144154 -5.66352e-07 0)
(0.0144156 -5.99388e-07 0)
(0.0144157 -6.34343e-07 0)
(0.0144146 -2.50988e-08 0)
(0.0144145 -5.7745e-08 0)
(0.0144145 -9.40975e-08 0)
(0.0144145 -1.32129e-07 0)
(0.0144146 -1.69759e-07 0)
(0.0144146 -2.10263e-07 0)
(0.0144147 -2.49232e-07 0)
(0.0144147 -2.92943e-07 0)
(0.0144148 -3.33553e-07 0)
(0.0144149 -3.80607e-07 0)
(0.014415 -4.22419e-07 0)
(0.0144151 -4.72518e-07 0)
(0.0144152 -5.13802e-07 0)
(0.0144153 -5.61964e-07 0)
(0.0144154 -5.95238e-07 0)
(0.0144156 -6.30534e-07 0)
(0.0144145 -2.47137e-08 0)
(0.0144144 -5.70019e-08 0)
(0.0144144 -9.29025e-08 0)
(0.0144145 -1.30472e-07 0)
(0.0144145 -1.67654e-07 0)
(0.0144145 -2.07674e-07 0)
(0.0144146 -2.46229e-07 0)
(0.0144146 -2.89479e-07 0)
(0.0144147 -3.29735e-07 0)
(0.0144148 -3.76423e-07 0)
(0.0144149 -4.18175e-07 0)
(0.014415 -4.68125e-07 0)
(0.0144151 -5.09692e-07 0)
(0.0144152 -5.57975e-07 0)
(0.0144153 -5.92064e-07 0)
(0.0144155 -6.27942e-07 0)
(0.0144144 -2.43956e-08 0)
(0.0144143 -5.65264e-08 0)
(0.0144143 -9.21313e-08 0)
(0.0144144 -1.29383e-07 0)
(0.0144144 -1.66263e-07 0)
(0.0144144 -2.05886e-07 0)
(0.0144145 -2.44151e-07 0)
(0.0144145 -2.86957e-07 0)
(0.0144146 -3.26964e-07 0)
(0.0144147 -3.73251e-07 0)
(0.0144148 -4.14874e-07 0)
(0.0144149 -4.64628e-07 0)
(0.014415 -5.06457e-07 0)
(0.0144151 -5.54883e-07 0)
(0.0144152 -5.89941e-07 0)
(0.0144154 -6.265e-07 0)
(0.0144143 -2.41925e-08 0)
(0.0144142 -5.64368e-08 0)
(0.0144143 -9.19623e-08 0)
(0.0144143 -1.29084e-07 0)
(0.0144143 -1.65855e-07 0)
(0.0144144 -2.052e-07 0)
(0.0144144 -2.43302e-07 0)
(0.0144145 -2.85702e-07 0)
(0.0144145 -3.25523e-07 0)
(0.0144146 -3.71413e-07 0)
(0.0144147 -4.13015e-07 0)
(0.0144148 -4.62573e-07 0)
(0.0144149 -5.04715e-07 0)
(0.014415 -5.5337e-07 0)
(0.0144151 -5.89274e-07 0)
(0.0144153 -6.26564e-07 0)
(0.0144142 -2.41541e-08 0)
(0.0144142 -5.68816e-08 0)
(0.0144142 -9.26417e-08 0)
(0.0144142 -1.29926e-07 0)
(0.0144142 -1.66883e-07 0)
(0.0144143 -2.06162e-07 0)
(0.0144143 -2.44302e-07 0)
(0.0144144 -2.86419e-07 0)
(0.0144144 -3.2615e-07 0)
(0.0144145 -3.71681e-07 0)
(0.0144146 -4.13307e-07 0)
(0.0144147 -4.62666e-07 0)
(0.0144148 -5.05101e-07 0)
(0.0144149 -5.53983e-07 0)
(0.014415 -5.90621e-07 0)
(0.0144151 -6.28725e-07 0)
(0.0144142 -2.43452e-08 0)
(0.0144141 -5.80231e-08 0)
(0.0144141 -9.44478e-08 0)
(0.0144141 -1.32287e-07 0)
(0.0144142 -1.698e-07 0)
(0.0144142 -2.0933e-07 0)
(0.0144142 -2.47796e-07 0)
(0.0144143 -2.89836e-07 0)
(0.0144143 -3.29667e-07 0)
(0.0144144 -3.74915e-07 0)
(0.0144145 -4.16587e-07 0)
(0.0144146 -4.6573e-07 0)
(0.0144146 -5.08358e-07 0)
(0.0144148 -5.57453e-07 0)
(0.0144149 -5.94726e-07 0)
(0.014415 -6.33716e-07 0)
(0.0144141 -2.48362e-08 0)
(0.014414 -6.00744e-08 0)
(0.014414 -9.77331e-08 0)
(0.014414 -1.36652e-07 0)
(0.0144141 -1.7521e-07 0)
(0.0144141 -2.15438e-07 0)
(0.0144141 -2.5461e-07 0)
(0.0144142 -2.9688e-07 0)
(0.0144142 -3.37049e-07 0)
(0.0144143 -3.8214e-07 0)
(0.0144144 -4.23935e-07 0)
(0.0144144 -4.72816e-07 0)
(0.0144145 -5.15544e-07 0)
(0.0144146 -5.64792e-07 0)
(0.0144148 -6.02595e-07 0)
(0.0144149 -6.42533e-07 0)
(0.014414 -2.5719e-08 0)
(0.0144139 -6.32695e-08 0)
(0.014414 -1.02867e-07 0)
(0.014414 -1.43538e-07 0)
(0.014414 -1.83792e-07 0)
(0.014414 -2.25312e-07 0)
(0.0144141 -2.65717e-07 0)
(0.0144141 -3.08645e-07 0)
(0.0144142 -3.49506e-07 0)
(0.0144142 -3.94648e-07 0)
(0.0144143 -4.36686e-07 0)
(0.0144143 -4.85271e-07 0)
(0.0144144 -5.27999e-07 0)
(0.0144145 -5.77299e-07 0)
(0.0144146 -6.15418e-07 0)
(0.0144148 -6.56319e-07 0)
(0.0144139 -2.70927e-08 0)
(0.0144139 -6.7883e-08 0)
(0.0144139 -1.10297e-07 0)
(0.0144139 -1.53557e-07 0)
(0.0144139 -1.96322e-07 0)
(0.0144139 -2.39902e-07 0)
(0.014414 -2.82235e-07 0)
(0.014414 -3.26404e-07 0)
(0.0144141 -3.68471e-07 0)
(0.0144141 -4.13992e-07 0)
(0.0144142 -4.56447e-07 0)
(0.0144142 -5.04776e-07 0)
(0.0144143 -5.47422e-07 0)
(0.0144144 -5.96605e-07 0)
(0.0144145 -6.34859e-07 0)
(0.0144146 -6.76691e-07 0)
(0.0144139 -2.90752e-08 0)
(0.0144138 -7.41906e-08 0)
(0.0144138 -1.20468e-07 0)
(0.0144138 -1.6737e-07 0)
(0.0144138 -2.1366e-07 0)
(0.0144139 -2.60251e-07 0)
(0.0144139 -3.054e-07 0)
(0.0144139 -3.51592e-07 0)
(0.014414 -3.95517e-07 0)
(0.014414 -4.41927e-07 0)
(0.0144141 -4.85158e-07 0)
(0.0144141 -5.33399e-07 0)
(0.0144142 -5.75962e-07 0)
(0.0144143 -6.24851e-07 0)
(0.0144144 -6.63147e-07 0)
(0.0144145 -7.05793e-07 0)
(0.0144138 -3.17842e-08 0)
(0.0144137 -8.24605e-08 0)
(0.0144137 -1.33823e-07 0)
(0.0144137 -1.85617e-07 0)
(0.0144138 -2.36646e-07 0)
(0.0144138 -2.87416e-07 0)
(0.0144138 -3.36505e-07 0)
(0.0144139 -3.85753e-07 0)
(0.0144139 -4.32446e-07 0)
(0.0144139 -4.8051e-07 0)
(0.014414 -5.25229e-07 0)
(0.014414 -5.73715e-07 0)
(0.0144141 -6.16441e-07 0)
(0.0144142 -6.64885e-07 0)
(0.0144143 -7.02951e-07 0)
(0.0144144 -7.46141e-07 0)
(0.0144137 -3.53341e-08 0)
(0.0144136 -9.29641e-08 0)
(0.0144136 -1.50819e-07 0)
(0.0144136 -2.08927e-07 0)
(0.0144137 -2.66124e-07 0)
(0.0144137 -3.22495e-07 0)
(0.0144137 -3.76942e-07 0)
(0.0144138 -4.30596e-07 0)
(0.0144138 -4.81385e-07 0)
(0.0144139 -5.32227e-07 0)
(0.0144139 -5.79414e-07 0)
(0.014414 -6.28803e-07 0)
(0.014414 -6.72163e-07 0)
(0.0144141 -7.20118e-07 0)
(0.0144141 -7.57653e-07 0)
(0.0144142 -8.0087e-07 0)
(0.0144136 -3.98416e-08 0)
(0.0144135 -1.05884e-07 0)
(0.0144135 -1.7177e-07 0)
(0.0144136 -2.37775e-07 0)
(0.0144136 -3.02751e-07 0)
(0.0144136 -3.66386e-07 0)
(0.0144136 -4.27885e-07 0)
(0.0144137 -4.87638e-07 0)
(0.0144137 -5.44244e-07 0)
(0.0144138 -5.99465e-07 0)
(0.0144138 -6.50667e-07 0)
(0.0144139 -7.02189e-07 0)
(0.0144139 -7.47257e-07 0)
(0.0144139 -7.95163e-07 0)
(0.014414 -8.32302e-07 0)
(0.0144141 -8.74997e-07 0)
(0.0144135 -4.53847e-08 0)
(0.0144134 -1.21334e-07 0)
(0.0144134 -1.96874e-07 0)
(0.0144134 -2.72482e-07 0)
(0.0144135 -3.46984e-07 0)
(0.0144135 -4.1974e-07 0)
(0.0144135 -4.90255e-07 0)
(0.0144136 -5.58146e-07 0)
(0.0144136 -6.22704e-07 0)
(0.0144137 -6.84468e-07 0)
(0.0144137 -7.41943e-07 0)
(0.0144138 -7.97676e-07 0)
(0.0144138 -8.46573e-07 0)
(0.0144138 -8.96038e-07 0)
(0.0144139 -9.34279e-07 0)
(0.0144139 -9.77118e-07 0)
(0.0144134 -5.20111e-08 0)
(0.0144133 -1.39284e-07 0)
(0.0144133 -2.26102e-07 0)
(0.0144133 -3.13034e-07 0)
(0.0144134 -3.98894e-07 0)
(0.0144134 -4.82752e-07 0)
(0.0144134 -5.64434e-07 0)
(0.0144135 -6.42786e-07 0)
(0.0144135 -7.17833e-07 0)
(0.0144136 -7.88834e-07 0)
(0.0144136 -8.55486e-07 0)
(0.0144136 -9.18402e-07 0)
(0.0144137 -9.74393e-07 0)
(0.0144137 -1.02848e-06 0)
(0.0144137 -1.07139e-06 0)
(0.0144138 -1.1174e-06 0)
(0.0144133 -5.97075e-08 0)
(0.0144132 -1.59542e-07 0)
(0.0144132 -2.5916e-07 0)
(0.0144132 -3.59042e-07 0)
(0.0144132 -4.58067e-07 0)
(0.0144133 -5.55013e-07 0)
(0.0144133 -6.5002e-07 0)
(0.0144134 -7.41319e-07 0)
(0.0144134 -8.29577e-07 0)
(0.0144134 -9.12887e-07 0)
(0.0144135 -9.92127e-07 0)
(0.0144135 -1.06585e-06 0)
(0.0144136 -1.13294e-06 0)
(0.0144136 -1.19551e-06 0)
(0.0144136 -1.24737e-06 0)
(0.0144136 -1.29981e-06 0)
(0.0144132 -6.8391e-08 0)
(0.014413 -1.81731e-07 0)
(0.014413 -2.95436e-07 0)
(0.014413 -4.09691e-07 0)
(0.0144131 -5.2346e-07 0)
(0.0144131 -6.35315e-07 0)
(0.0144132 -7.457e-07 0)
(0.0144132 -8.52368e-07 0)
(0.0144133 -9.56576e-07 0)
(0.0144133 -1.0554e-06 0)
(0.0144134 -1.15089e-06 0)
(0.0144134 -1.23947e-06 0)
(0.0144134 -1.32219e-06 0)
(0.0144135 -1.39774e-06 0)
(0.0144135 -1.46355e-06 0)
(0.0144134 -1.52633e-06 0)
(0.014413 -7.78999e-08 0)
(0.0144128 -2.0528e-07 0)
(0.0144129 -3.33998e-07 0)
(0.0144129 -4.63689e-07 0)
(0.0144129 -5.93421e-07 0)
(0.014413 -7.21658e-07 0)
(0.014413 -8.49157e-07 0)
(0.0144131 -9.73317e-07 0)
(0.0144131 -1.09598e-06 0)
(0.0144132 -1.21334e-06 0)
(0.0144132 -1.32853e-06 0)
(0.0144133 -1.436e-06 0)
(0.0144133 -1.53885e-06 0)
(0.0144133 -1.63201e-06 0)
(0.0144133 -1.7167e-06 0)
(0.0144133 -1.79358e-06 0)
(0.0144128 -8.79885e-08 0)
(0.0144126 -2.29426e-07 0)
(0.0144127 -3.73589e-07 0)
(0.0144127 -5.19261e-07 0)
(0.0144127 -6.6564e-07 0)
(0.0144128 -8.11169e-07 0)
(0.0144128 -9.56933e-07 0)
(0.0144129 -1.10015e-06 0)
(0.0144129 -1.24318e-06 0)
(0.014413 -1.38155e-06 0)
(0.014413 -1.51941e-06 0)
(0.0144131 -1.64947e-06 0)
(0.0144131 -1.77658e-06 0)
(0.0144132 -1.89185e-06 0)
(0.0144132 -2.00014e-06 0)
(0.0144131 -2.09463e-06 0)
(0.0144126 -9.83299e-08 0)
(0.0144124 -2.53255e-07 0)
(0.0144124 -4.12699e-07 0)
(0.0144125 -5.74266e-07 0)
(0.0144125 -7.37296e-07 0)
(0.0144125 -9.00294e-07 0)
(0.0144126 -1.06469e-06 0)
(0.0144127 -1.22766e-06 0)
(0.0144127 -1.39204e-06 0)
(0.0144128 -1.553e-06 0)
(0.0144129 -1.71556e-06 0)
(0.0144129 -1.87109e-06 0)
(0.014413 -2.02584e-06 0)
(0.014413 -2.16743e-06 0)
(0.014413 -2.30388e-06 0)
(0.0144129 -2.41976e-06 0)
(0.0144124 -1.08533e-07 0)
(0.0144122 -2.75755e-07 0)
(0.0144122 -4.49653e-07 0)
(0.0144122 -6.26305e-07 0)
(0.0144123 -8.05219e-07 0)
(0.0144123 -9.84954e-07 0)
(0.0144124 -1.16734e-06 0)
(0.0144124 -1.34965e-06 0)
(0.0144125 -1.53513e-06 0)
(0.0144126 -1.71898e-06 0)
(0.0144126 -1.90676e-06 0)
(0.0144127 -2.08921e-06 0)
(0.0144128 -2.27358e-06 0)
(0.0144128 -2.44476e-06 0)
(0.0144128 -2.61332e-06 0)
(0.0144128 -2.7551e-06 0)
(0.0144122 -1.18164e-07 0)
(0.0144119 -2.95918e-07 0)
(0.0144119 -4.82772e-07 0)
(0.014412 -6.72972e-07 0)
(0.014412 -8.66155e-07 0)
(0.014412 -1.06099e-06 0)
(0.0144121 -1.25963e-06 0)
(0.0144122 -1.45958e-06 0)
(0.0144122 -1.66437e-06 0)
(0.0144123 -1.86954e-06 0)
(0.0144124 -2.08106e-06 0)
(0.0144125 -2.28953e-06 0)
(0.0144125 -2.50289e-06 0)
(0.0144126 -2.70437e-06 0)
(0.0144126 -2.90579e-06 0)
(0.0144126 -3.07519e-06 0)
(0.0144119 -1.26794e-07 0)
(0.0144116 -3.12827e-07 0)
(0.0144117 -5.10523e-07 0)
(0.0144117 -7.12063e-07 0)
(0.0144117 -9.1711e-07 0)
(0.0144118 -1.12454e-06 0)
(0.0144118 -1.33662e-06 0)
(0.0144119 -1.55116e-06 0)
(0.014412 -1.77179e-06 0)
(0.014412 -1.99456e-06 0)
(0.0144121 -2.22581e-06 0)
(0.0144122 -2.45643e-06 0)
(0.0144123 -2.6949e-06 0)
(0.0144124 -2.92441e-06 0)
(0.0144124 -3.15667e-06 0)
(0.0144125 -3.35391e-06 0)
(0.0144116 -1.3403e-07 0)
(0.0144113 -3.25764e-07 0)
(0.0144114 -5.31708e-07 0)
(0.0144114 -7.41824e-07 0)
(0.0144114 -9.55731e-07 0)
(0.0144115 -1.17246e-06 0)
(0.0144115 -1.39425e-06 0)
(0.0144116 -1.61915e-06 0)
(0.0144117 -1.85065e-06 0)
(0.0144117 -2.08544e-06 0)
(0.0144118 -2.3298e-06 0)
(0.0144119 -2.57531e-06 0)
(0.014412 -2.83095e-06 0)
(0.0144121 -3.08068e-06 0)
(0.0144122 -3.33474e-06 0)
(0.0144123 -3.55722e-06 0)
(0.0144113 -1.39567e-07 0)
(0.014411 -3.343e-07 0)
(0.0144111 -5.45614e-07 0)
(0.0144111 -7.61237e-07 0)
(0.0144111 -9.80664e-07 0)
(0.0144112 -1.20303e-06 0)
(0.0144112 -1.43044e-06 0)
(0.0144113 -1.66106e-06 0)
(0.0144114 -1.89816e-06 0)
(0.0144114 -2.13871e-06 0)
(0.0144115 -2.38783e-06 0)
(0.0144116 -2.63757e-06 0)
(0.0144117 -2.89606e-06 0)
(0.0144119 -3.14586e-06 0)
(0.014412 -3.3934e-06 0)
(0.0144122 -3.61374e-06 0)
(0.014411 -1.4322e-07 0)
(0.0144107 -3.38436e-07 0)
(0.0144107 -5.5225e-07 0)
(0.0144108 -7.7031e-07 0)
(0.0144108 -9.91973e-07 0)
(0.0144108 -1.21649e-06 0)
(0.0144109 -1.44558e-06 0)
(0.014411 -1.67765e-06 0)
(0.014411 -1.91534e-06 0)
(0.0144111 -2.15545e-06 0)
(0.0144112 -2.40089e-06 0)
(0.0144113 -2.64381e-06 0)
(0.0144115 -2.88945e-06 0)
(0.0144116 -3.12093e-06 0)
(0.0144118 -3.3482e-06 0)
(0.014412 -3.55684e-06 0)
(0.0144107 -1.44991e-07 0)
(0.0144104 -3.38478e-07 0)
(0.0144104 -5.52106e-07 0)
(0.0144105 -7.69684e-07 0)
(0.0144105 -9.90445e-07 0)
(0.0144105 -1.21371e-06 0)
(0.0144106 -1.44058e-06 0)
(0.0144107 -1.6693e-06 0)
(0.0144107 -1.90112e-06 0)
(0.0144108 -2.13273e-06 0)
(0.0144109 -2.36528e-06 0)
(0.0144111 -2.59177e-06 0)
(0.0144112 -2.81528e-06 0)
(0.0144114 -3.02547e-06 0)
(0.0144116 -3.23735e-06 0)
(0.0144119 -3.43675e-06 0)
(0.0144104 -1.45009e-07 0)
(0.0144101 -3.34455e-07 0)
(0.0144101 -5.4524e-07 0)
(0.0144101 -7.5941e-07 0)
(0.0144102 -9.75897e-07 0)
(0.0144102 -1.19394e-06 0)
(0.0144103 -1.4138e-06 0)
(0.0144104 -1.63383e-06 0)
(0.0144105 -1.85375e-06 0)
(0.0144106 -2.07015e-06 0)
(0.0144107 -2.28382e-06 0)
(0.0144108 -2.49151e-06 0)
(0.014411 -2.69532e-06 0)
(0.0144112 -2.89298e-06 0)
(0.0144114 -3.09295e-06 0)
(0.0144117 -3.28187e-06 0)
(0.0144101 -1.43289e-07 0)
(0.0144098 -3.26059e-07 0)
(0.0144098 -5.31181e-07 0)
(0.0144099 -7.38918e-07 0)
(0.0144099 -9.47625e-07 0)
(0.01441 -1.15617e-06 0)
(0.01441 -1.36391e-06 0)
(0.0144101 -1.57056e-06 0)
(0.0144102 -1.77558e-06 0)
(0.0144103 -1.97603e-06 0)
(0.0144105 -2.17264e-06 0)
(0.0144106 -2.36613e-06 0)
(0.0144108 -2.55802e-06 0)
(0.014411 -2.74536e-06 0)
(0.0144113 -2.93171e-06 0)
(0.0144115 -3.10997e-06 0)
(0.0144098 -1.39703e-07 0)
(0.0144095 -3.12658e-07 0)
(0.0144096 -5.08986e-07 0)
(0.0144096 -7.07278e-07 0)
(0.0144097 -9.05467e-07 0)
(0.0144097 -1.10224e-06 0)
(0.0144098 -1.29641e-06 0)
(0.0144099 -1.48891e-06 0)
(0.01441 -1.67988e-06 0)
(0.0144101 -1.8682e-06 0)
(0.0144103 -2.05344e-06 0)
(0.0144104 -2.23556e-06 0)
(0.0144106 -2.41493e-06 0)
(0.0144108 -2.5906e-06 0)
(0.0144111 -2.7636e-06 0)
(0.0144114 -2.932e-06 0)
(0.0144095 -1.3398e-07 0)
(0.0144093 -2.95623e-07 0)
(0.0144093 -4.80967e-07 0)
(0.0144094 -6.67923e-07 0)
(0.0144094 -8.54501e-07 0)
(0.0144095 -1.03983e-06 0)
(0.0144096 -1.22324e-06 0)
(0.0144097 -1.40457e-06 0)
(0.0144098 -1.58312e-06 0)
(0.0144099 -1.75944e-06 0)
(0.0144101 -1.93252e-06 0)
(0.0144102 -2.10286e-06 0)
(0.0144104 -2.26964e-06 0)
(0.0144107 -2.43392e-06 0)
(0.0144109 -2.59504e-06 0)
(0.0144112 -2.75427e-06 0)
(0.0144093 -1.26705e-07 0)
(0.0144091 -2.78321e-07 0)
(0.0144091 -4.52633e-07 0)
(0.0144092 -6.28288e-07 0)
(0.0144092 -8.03337e-07 0)
(0.0144093 -9.77158e-07 0)
(0.0144094 -1.14908e-06 0)
(0.0144095 -1.319e-06 0)
(0.0144096 -1.48576e-06 0)
(0.0144097 -1.65038e-06 0)
(0.0144099 -1.8115e-06 0)
(0.0144101 -1.97051e-06 0)
(0.0144103 -2.12584e-06 0)
(0.0144105 -2.27957e-06 0)
(0.0144108 -2.43006e-06 0)
(0.0144111 -2.58072e-06 0)
(0.0144091 -1.19296e-07 0)
(0.0144089 -2.60822e-07 0)
(0.0144089 -4.241e-07 0)
(0.014409 -5.88565e-07 0)
(0.014409 -7.52312e-07 0)
(0.0144091 -9.14806e-07 0)
(0.0144092 -1.07524e-06 0)
(0.0144093 -1.23382e-06 0)
(0.0144094 -1.38933e-06 0)
(0.0144096 -1.54296e-06 0)
(0.0144097 -1.69309e-06 0)
(0.0144099 -1.84155e-06 0)
(0.0144101 -1.98631e-06 0)
(0.0144104 -2.13036e-06 0)
(0.0144106 -2.27139e-06 0)
(0.0144109 -2.41406e-06 0)
(0.0144089 -1.11798e-07 0)
(0.0144087 -2.43486e-07 0)
(0.0144088 -3.95872e-07 0)
(0.0144088 -5.49347e-07 0)
(0.0144089 -7.02079e-07 0)
(0.0144089 -8.53649e-07 0)
(0.014409 -1.00319e-06 0)
(0.0144091 -1.15104e-06 0)
(0.0144093 -1.29593e-06 0)
(0.0144094 -1.43916e-06 0)
(0.0144096 -1.579e-06 0)
(0.0144098 -1.71765e-06 0)
(0.01441 -1.85285e-06 0)
(0.0144102 -1.98806e-06 0)
(0.0144105 -2.12058e-06 0)
(0.0144108 -2.25574e-06 0)
(0.0144087 -1.04368e-07 0)
(0.0144086 -2.26733e-07 0)
(0.0144086 -3.6862e-07 0)
(0.0144086 -5.11524e-07 0)
(0.0144087 -6.53692e-07 0)
(0.0144088 -7.94795e-07 0)
(0.0144089 -9.33939e-07 0)
(0.014409 -1.0716e-06 0)
(0.0144091 -1.20652e-06 0)
(0.0144093 -1.34006e-06 0)
(0.0144094 -1.47047e-06 0)
(0.0144096 -1.60011e-06 0)
(0.0144099 -1.72663e-06 0)
(0.0144101 -1.85376e-06 0)
(0.0144103 -1.97855e-06 0)
(0.0144106 -2.10665e-06 0)
(0.0144086 -9.71878e-08 0)
(0.0144084 -2.10712e-07 0)
(0.0144085 -3.42575e-07 0)
(0.0144085 -4.75409e-07 0)
(0.0144086 -6.07557e-07 0)
(0.0144086 -7.38778e-07 0)
(0.0144087 -8.6818e-07 0)
(0.0144089 -9.96328e-07 0)
(0.014409 -1.12197e-06 0)
(0.0144091 -1.24654e-06 0)
(0.0144093 -1.36827e-06 0)
(0.0144095 -1.48965e-06 0)
(0.0144097 -1.60827e-06 0)
(0.01441 -1.72798e-06 0)
(0.0144102 -1.84571e-06 0)
(0.0144105 -1.96712e-06 0)
(0.0144084 -9.03204e-08 0)
(0.0144083 -1.95587e-07 0)
(0.0144083 -3.18002e-07 0)
(0.0144084 -4.41354e-07 0)
(0.0144084 -5.64091e-07 0)
(0.0144085 -6.86049e-07 0)
(0.0144086 -8.0636e-07 0)
(0.0144087 -9.25654e-07 0)
(0.0144089 -1.04271e-06 0)
(0.014409 -1.15901e-06 0)
(0.0144092 -1.2728e-06 0)
(0.0144094 -1.38659e-06 0)
(0.0144096 -1.49802e-06 0)
(0.0144098 -1.61088e-06 0)
(0.0144101 -1.72208e-06 0)
(0.0144104 -1.83716e-06 0)
(0.0144083 -8.38376e-08 0)
(0.0144082 -1.81429e-07 0)
(0.0144082 -2.95005e-07 0)
(0.0144082 -4.09501e-07 0)
(0.0144083 -5.23469e-07 0)
(0.0144084 -6.36816e-07 0)
(0.0144085 -7.48708e-07 0)
(0.0144086 -8.59819e-07 0)
(0.0144088 -9.68976e-07 0)
(0.0144089 -1.07765e-06 0)
(0.0144091 -1.18418e-06 0)
(0.0144093 -1.291e-06 0)
(0.0144095 -1.39583e-06 0)
(0.0144097 -1.50235e-06 0)
(0.01441 -1.60749e-06 0)
(0.0144102 -1.71658e-06 0)
(0.0144082 -7.77682e-08 0)
(0.0144081 -1.68276e-07 0)
(0.0144081 -2.7365e-07 0)
(0.0144081 -3.79932e-07 0)
(0.0144082 -4.8578e-07 0)
(0.0144083 -5.91164e-07 0)
(0.0144084 -6.95289e-07 0)
(0.0144085 -7.9886e-07 0)
(0.0144087 -9.00756e-07 0)
(0.0144088 -1.00243e-06 0)
(0.014409 -1.10229e-06 0)
(0.0144092 -1.2027e-06 0)
(0.0144094 -1.30145e-06 0)
(0.0144096 -1.40208e-06 0)
(0.0144099 -1.50155e-06 0)
(0.0144101 -1.60492e-06 0)
(0.014408 -7.21301e-08 0)
(0.014408 -1.5613e-07 0)
(0.014408 -2.53932e-07 0)
(0.014408 -3.52636e-07 0)
(0.0144081 -4.51003e-07 0)
(0.0144082 -5.49055e-07 0)
(0.0144083 -6.46043e-07 0)
(0.0144084 -7.42685e-07 0)
(0.0144086 -8.37919e-07 0)
(0.0144087 -9.33164e-07 0)
(0.0144089 -1.0269e-06 0)
(0.0144091 -1.12139e-06 0)
(0.0144093 -1.21453e-06 0)
(0.0144095 -1.30964e-06 0)
(0.0144097 -1.40381e-06 0)
(0.01441 -1.50177e-06 0)
(0.0144079 -6.69228e-08 0)
(0.0144079 -1.44965e-07 0)
(0.0144079 -2.3581e-07 0)
(0.014408 -3.27552e-07 0)
(0.014408 -4.19052e-07 0)
(0.0144081 -5.10374e-07 0)
(0.0144082 -6.00817e-07 0)
(0.0144083 -6.91101e-07 0)
(0.0144085 -7.80223e-07 0)
(0.0144086 -8.69556e-07 0)
(0.0144088 -9.5765e-07 0)
(0.014409 -1.04667e-06 0)
(0.0144092 -1.13459e-06 0)
(0.0144094 -1.22454e-06 0)
(0.0144096 -1.31372e-06 0)
(0.0144099 -1.40652e-06 0)
(0.0144079 -6.21364e-08 0)
(0.0144078 -1.34738e-07 0)
(0.0144078 -2.19211e-07 0)
(0.0144079 -3.04578e-07 0)
(0.0144079 -3.89791e-07 0)
(0.014408 -4.74948e-07 0)
(0.0144081 -5.59397e-07 0)
(0.0144082 -6.4385e-07 0)
(0.0144084 -7.27363e-07 0)
(0.0144085 -8.11253e-07 0)
(0.0144087 -8.94149e-07 0)
(0.0144089 -9.78094e-07 0)
(0.0144091 -1.06115e-06 0)
(0.0144093 -1.14626e-06 0)
(0.0144095 -1.23072e-06 0)
(0.0144098 -1.31861e-06 0)
(0.0144078 -5.77521e-08 0)
(0.0144077 -1.25394e-07 0)
(0.0144077 -2.04045e-07 0)
(0.0144078 -2.83584e-07 0)
(0.0144079 -3.63049e-07 0)
(0.0144079 -4.42567e-07 0)
(0.0144081 -5.21528e-07 0)
(0.0144082 -6.00634e-07 0)
(0.0144083 -6.78995e-07 0)
(0.0144085 -7.57867e-07 0)
(0.0144086 -8.35955e-07 0)
(0.0144088 -9.15177e-07 0)
(0.014409 -9.93696e-07 0)
(0.0144092 -1.07423e-06 0)
(0.0144095 -1.15424e-06 0)
(0.0144097 -1.23748e-06 0)
(0.0144077 -5.37463e-08 0)
(0.0144076 -1.1687e-07 0)
(0.0144077 -1.90208e-07 0)
(0.0144077 -2.64426e-07 0)
(0.0144078 -3.38641e-07 0)
(0.0144079 -4.13e-07 0)
(0.014408 -4.86937e-07 0)
(0.0144081 -5.61134e-07 0)
(0.0144082 -6.34755e-07 0)
(0.0144084 -7.08993e-07 0)
(0.0144086 -7.82625e-07 0)
(0.0144087 -8.57442e-07 0)
(0.0144089 -9.31709e-07 0)
(0.0144091 -1.00794e-06 0)
(0.0144094 -1.08373e-06 0)
(0.0144096 -1.16254e-06 0)
(0.0144076 -5.00918e-08 0)
(0.0144076 -1.09098e-07 0)
(0.0144076 -1.77591e-07 0)
(0.0144077 -2.46952e-07 0)
(0.0144077 -3.16371e-07 0)
(0.0144078 -3.8601e-07 0)
(0.0144079 -4.55342e-07 0)
(0.014408 -5.25027e-07 0)
(0.0144082 -5.94282e-07 0)
(0.0144083 -6.6423e-07 0)
(0.0144085 -7.33721e-07 0)
(0.0144087 -8.04424e-07 0)
(0.0144089 -8.747e-07 0)
(0.0144091 -9.46877e-07 0)
(0.0144093 -1.01868e-06 0)
(0.0144095 -1.09329e-06 0)
(0.0144076 -4.676e-08 0)
(0.0144075 -1.02012e-07 0)
(0.0144076 -1.66084e-07 0)
(0.0144076 -2.3101e-07 0)
(0.0144077 -2.96044e-07 0)
(0.0144078 -3.61359e-07 0)
(0.0144079 -4.26466e-07 0)
(0.014408 -4.91997e-07 0)
(0.0144081 -5.57219e-07 0)
(0.0144083 -6.23189e-07 0)
(0.0144084 -6.88822e-07 0)
(0.0144086 -7.55673e-07 0)
(0.0144088 -8.22195e-07 0)
(0.014409 -8.90536e-07 0)
(0.0144092 -9.58551e-07 0)
(0.0144094 -1.02918e-06 0)
(0.0144075 -4.37219e-08 0)
(0.0144075 -9.5544e-08 0)
(0.0144075 -1.55578e-07 0)
(0.0144075 -2.1645e-07 0)
(0.0144076 -2.77471e-07 0)
(0.0144077 -3.38819e-07 0)
(0.0144078 -4.0004e-07 0)
(0.0144079 -4.6174e-07 0)
(0.014408 -5.23228e-07 0)
(0.0144082 -5.85501e-07 0)
(0.0144084 -6.47533e-07 0)
(0.0144085 -7.10772e-07 0)
(0.0144087 -7.73759e-07 0)
(0.0144089 -8.38475e-07 0)
(0.0144091 -9.02908e-07 0)
(0.0144094 -9.69756e-07 0)
(0.0144075 -4.09491e-08 0)
(0.0144074 -8.9632e-08 0)
(0.0144075 -1.45973e-07 0)
(0.0144075 -2.03131e-07 0)
(0.0144076 -2.60471e-07 0)
(0.0144076 -3.18173e-07 0)
(0.0144077 -3.75813e-07 0)
(0.0144079 -4.3397e-07 0)
(0.014408 -4.91995e-07 0)
(0.0144081 -5.50822e-07 0)
(0.0144083 -6.09485e-07 0)
(0.0144085 -6.6933e-07 0)
(0.0144086 -7.28981e-07 0)
(0.0144089 -7.90268e-07 0)
(0.0144091 -8.51301e-07 0)
(0.0144093 -9.14565e-07 0)
(0.0144074 -3.84147e-08 0)
(0.0144074 -8.42165e-08 0)
(0.0144074 -1.37172e-07 0)
(0.0144074 -1.90922e-07 0)
(0.0144075 -2.44878e-07 0)
(0.0144076 -2.99219e-07 0)
(0.0144077 -3.53551e-07 0)
(0.0144078 -4.08424e-07 0)
(0.0144079 -4.63227e-07 0)
(0.0144081 -5.18836e-07 0)
(0.0144082 -5.74341e-07 0)
(0.0144084 -6.30992e-07 0)
(0.0144086 -6.87492e-07 0)
(0.0144088 -7.45535e-07 0)
(0.014409 -8.03344e-07 0)
(0.0144092 -8.63213e-07 0)
(0.0144074 -3.60932e-08 0)
(0.0144073 -7.92431e-08 0)
(0.0144074 -1.29087e-07 0)
(0.0144074 -1.797e-07 0)
(0.0144075 -2.30536e-07 0)
(0.0144075 -2.81772e-07 0)
(0.0144076 -3.3304e-07 0)
(0.0144078 -3.84861e-07 0)
(0.0144079 -4.3666e-07 0)
(0.014408 -4.89257e-07 0)
(0.0144082 -5.41795e-07 0)
(0.0144084 -5.95435e-07 0)
(0.0144085 -6.48957e-07 0)
(0.0144087 -7.03927e-07 0)
(0.0144089 -7.58677e-07 0)
(0.0144091 -8.15331e-07 0)
(0.0144073 -3.39613e-08 0)
(0.0144073 -7.4662e-08 0)
(0.0144073 -1.21637e-07 0)
(0.0144074 -1.69354e-07 0)
(0.0144074 -2.17306e-07 0)
(0.0144075 -2.65665e-07 0)
(0.0144076 -3.14086e-07 0)
(0.0144077 -3.63062e-07 0)
(0.0144078 -4.12052e-07 0)
(0.014408 -4.61825e-07 0)
(0.0144081 -5.1157e-07 0)
(0.0144083 -5.6237e-07 0)
(0.0144085 -6.13072e-07 0)
(0.0144087 -6.6513e-07 0)
(0.0144089 -7.16978e-07 0)
(0.0144091 -7.70583e-07 0)
(0.0144073 -3.19976e-08 0)
(0.0144072 -7.04284e-08 0)
(0.0144073 -1.1475e-07 0)
(0.0144073 -1.59786e-07 0)
(0.0144074 -2.05063e-07 0)
(0.0144075 -2.50746e-07 0)
(0.0144076 -2.96514e-07 0)
(0.0144077 -3.42832e-07 0)
(0.0144078 -3.8919e-07 0)
(0.0144079 -4.36308e-07 0)
(0.0144081 -4.83419e-07 0)
(0.0144083 -5.31536e-07 0)
(0.0144084 -5.79568e-07 0)
(0.0144086 -6.28868e-07 0)
(0.0144088 -6.77964e-07 0)
(0.014409 -7.28686e-07 0)
(0.0144072 -3.01829e-08 0)
(0.0144072 -6.65022e-08 0)
(0.0144072 -1.08361e-07 0)
(0.0144073 -1.50905e-07 0)
(0.0144074 -1.93692e-07 0)
(0.0144074 -2.36881e-07 0)
(0.0144075 -2.8017e-07 0)
(0.0144076 -3.23998e-07 0)
(0.0144078 -3.67882e-07 0)
(0.0144079 -4.12499e-07 0)
(0.014408 -4.57124e-07 0)
(0.0144082 -5.02701e-07 0)
(0.0144084 -5.48202e-07 0)
(0.0144086 -5.94886e-07 0)
(0.0144088 -6.41368e-07 0)
(0.014409 -6.89355e-07 0)
(0.0144072 -2.85e-08 0)
(0.0144072 -6.28478e-08 0)
(0.0144072 -1.02412e-07 0)
(0.0144073 -1.42634e-07 0)
(0.0144073 -1.83096e-07 0)
(0.0144074 -2.23951e-07 0)
(0.0144075 -2.64916e-07 0)
(0.0144076 -3.06404e-07 0)
(0.0144077 -3.47958e-07 0)
(0.0144079 -3.90216e-07 0)
(0.014408 -4.32488e-07 0)
(0.0144082 -4.75661e-07 0)
(0.0144083 -5.1876e-07 0)
(0.0144085 -5.62965e-07 0)
(0.0144087 -6.06967e-07 0)
(0.0144089 -6.52368e-07 0)
(0.0144072 -2.69337e-08 0)
(0.0144071 -5.94341e-08 0)
(0.0144072 -9.68542e-08 0)
(0.0144072 -1.34902e-07 0)
(0.0144073 -1.73186e-07 0)
(0.0144074 -2.11851e-07 0)
(0.0144075 -2.5063e-07 0)
(0.0144076 -2.89914e-07 0)
(0.0144077 -3.2927e-07 0)
(0.0144078 -3.69297e-07 0)
(0.014408 -4.0934e-07 0)
(0.0144081 -4.50233e-07 0)
(0.0144083 -4.91051e-07 0)
(0.0144085 -5.32901e-07 0)
(0.0144087 -5.74547e-07 0)
(0.0144089 -6.17494e-07 0)
(0.0144071 -2.54706e-08 0)
(0.0144071 -5.62334e-08 0)
(0.0144071 -9.16417e-08 0)
(0.0144072 -1.27648e-07 0)
(0.0144073 -1.63884e-07 0)
(0.0144073 -2.00489e-07 0)
(0.0144074 -2.37207e-07 0)
(0.0144075 -2.74411e-07 0)
(0.0144076 -3.11686e-07 0)
(0.0144078 -3.496e-07 0)
(0.0144079 -3.87528e-07 0)
(0.0144081 -4.26257e-07 0)
(0.0144082 -4.64908e-07 0)
(0.0144084 -5.04522e-07 0)
(0.0144086 -5.4393e-07 0)
(0.0144088 -5.84551e-07 0)
(0.0144071 -2.40988e-08 0)
(0.0144071 -5.32218e-08 0)
(0.0144071 -8.67362e-08 0)
(0.0144072 -1.2082e-07 0)
(0.0144072 -1.55125e-07 0)
(0.0144073 -1.89784e-07 0)
(0.0144074 -2.24554e-07 0)
(0.0144075 -2.59788e-07 0)
(0.0144076 -2.95091e-07 0)
(0.0144077 -3.31e-07 0)
(0.0144079 -3.66919e-07 0)
(0.014408 -4.03592e-07 0)
(0.0144082 -4.40181e-07 0)
(0.0144084 -4.7767e-07 0)
(0.0144086 -5.14951e-07 0)
(0.0144088 -5.53367e-07 0)
(0.0144071 -2.28081e-08 0)
(0.0144071 -5.03784e-08 0)
(0.0144071 -8.2104e-08 0)
(0.0144071 -1.1437e-07 0)
(0.0144072 -1.46849e-07 0)
(0.0144073 -1.79666e-07 0)
(0.0144074 -2.1259e-07 0)
(0.0144075 -2.45955e-07 0)
(0.0144076 -2.79385e-07 0)
(0.0144077 -3.13389e-07 0)
(0.0144079 -3.47396e-07 0)
(0.014408 -3.82114e-07 0)
(0.0144082 -4.1674e-07 0)
(0.0144084 -4.52209e-07 0)
(0.0144085 -4.87466e-07 0)
(0.0144088 -5.23788e-07 0)
(0.014407 -2.15895e-08 0)
(0.014407 -4.76853e-08 0)
(0.0144071 -7.77159e-08 0)
(0.0144071 -1.0826e-07 0)
(0.0144072 -1.39006e-07 0)
(0.0144072 -1.70074e-07 0)
(0.0144073 -2.01244e-07 0)
(0.0144074 -2.32833e-07 0)
(0.0144075 -2.64481e-07 0)
(0.0144077 -2.96671e-07 0)
(0.0144078 -3.28858e-07 0)
(0.014408 -3.61714e-07 0)
(0.0144081 -3.94471e-07 0)
(0.0144083 -4.28019e-07 0)
(0.0144085 -4.61351e-07 0)
(0.0144087 -4.95688e-07 0)
(0.014407 -2.04353e-08 0)
(0.014407 -4.51267e-08 0)
(0.014407 -7.35466e-08 0)
(0.0144071 -1.02453e-07 0)
(0.0144071 -1.31552e-07 0)
(0.0144072 -1.60955e-07 0)
(0.0144073 -1.90456e-07 0)
(0.0144074 -2.20352e-07 0)
(0.0144075 -2.50302e-07 0)
(0.0144077 -2.80763e-07 0)
(0.0144078 -3.11215e-07 0)
(0.0144079 -3.42296e-07 0)
(0.0144081 -3.73271e-07 0)
(0.0144083 -4.0499e-07 0)
(0.0144085 -4.36488e-07 0)
(0.0144087 -4.68936e-07 0)
(0.014407 -1.93388e-08 0)
(0.014407 -4.26894e-08 0)
(0.014407 -6.95744e-08 0)
(0.0144071 -9.69205e-08 0)
(0.0144071 -1.24448e-07 0)
(0.0144072 -1.52265e-07 0)
(0.0144073 -1.80172e-07 0)
(0.0144074 -2.08454e-07 0)
(0.0144075 -2.36782e-07 0)
(0.0144076 -2.65594e-07 0)
(0.0144078 -2.94388e-07 0)
(0.0144079 -3.23776e-07 0)
(0.0144081 -3.53051e-07 0)
(0.0144083 -3.83029e-07 0)
(0.0144084 -4.12783e-07 0)
(0.0144086 -4.43437e-07 0)
(0.014407 -1.82942e-08 0)
(0.014407 -4.03617e-08 0)
(0.014407 -6.57808e-08 0)
(0.014407 -9.16362e-08 0)
(0.0144071 -1.17662e-07 0)
(0.0144072 -1.43963e-07 0)
(0.0144073 -1.70346e-07 0)
(0.0144074 -1.97085e-07 0)
(0.0144075 -2.23863e-07 0)
(0.0144076 -2.51099e-07 0)
(0.0144077 -2.78309e-07 0)
(0.0144079 -3.06081e-07 0)
(0.0144081 -3.33733e-07 0)
(0.0144082 -3.6205e-07 0)
(0.0144084 -3.90139e-07 0)
(0.0144086 -4.19087e-07 0)
(0.014407 -1.72967e-08 0)
(0.0144069 -3.81339e-08 0)
(0.014407 -6.21498e-08 0)
(0.014407 -8.65784e-08 0)
(0.0144071 -1.11167e-07 0)
(0.0144071 -1.36016e-07 0)
(0.0144072 -1.60941e-07 0)
(0.0144073 -1.86203e-07 0)
(0.0144075 -2.11496e-07 0)
(0.0144076 -2.37224e-07 0)
(0.0144077 -2.62918e-07 0)
(0.0144079 -2.89146e-07 0)
(0.014408 -3.15248e-07 0)
(0.0144082 -3.4198e-07 0)
(0.0144084 -3.68483e-07 0)
(0.0144086 -3.95806e-07 0)
(0.0144069 -1.6342e-08 0)
(0.0144069 -3.59977e-08 0)
(0.014407 -5.86681e-08 0)
(0.014407 -8.17285e-08 0)
(0.0144071 -1.04939e-07 0)
(0.0144071 -1.28396e-07 0)
(0.0144072 -1.51922e-07 0)
(0.0144073 -1.75768e-07 0)
(0.0144074 -1.99638e-07 0)
(0.0144076 -2.23921e-07 0)
(0.0144077 -2.48164e-07 0)
(0.0144078 -2.72915e-07 0)
(0.014408 -2.97533e-07 0)
(0.0144082 -3.22753e-07 0)
(0.0144084 -3.47741e-07 0)
(0.0144086 -3.73517e-07 0)
(0.0144069 -1.54265e-08 0)
(0.0144069 -3.39463e-08 0)
(0.0144069 -5.53244e-08 0)
(0.014407 -7.7071e-08 0)
(0.014407 -9.89579e-08 0)
(0.0144071 -1.21078e-07 0)
(0.0144072 -1.43261e-07 0)
(0.0144073 -1.65747e-07 0)
(0.0144074 -1.88253e-07 0)
(0.0144075 -2.1115e-07 0)
(0.0144077 -2.34002e-07 0)
(0.0144078 -2.57338e-07 0)
(0.014408 -2.80538e-07 0)
(0.0144082 -3.04313e-07 0)
(0.0144083 -3.27853e-07 0)
(0.0144085 -3.52154e-07 0)
(0.0144069 -1.45474e-08 0)
(0.0144069 -3.19741e-08 0)
(0.0144069 -5.21098e-08 0)
(0.014407 -7.25932e-08 0)
(0.014407 -9.32074e-08 0)
(0.0144071 -1.14043e-07 0)
(0.0144072 -1.34935e-07 0)
(0.0144073 -1.56115e-07 0)
(0.0144074 -1.77309e-07 0)
(0.0144075 -1.98876e-07 0)
(0.0144077 -2.20394e-07 0)
(0.0144078 -2.42375e-07 0)
(0.014408 -2.64215e-07 0)
(0.0144081 -2.8661e-07 0)
(0.0144083 -3.08768e-07 0)
(0.0144085 -3.31664e-07 0)
(0.0144069 -1.37022e-08 0)
(0.0144069 -3.00768e-08 0)
(0.0144069 -4.90172e-08 0)
(0.014407 -6.82853e-08 0)
(0.014407 -8.76751e-08 0)
(0.0144071 -1.07275e-07 0)
(0.0144072 -1.26925e-07 0)
(0.0144073 -1.46849e-07 0)
(0.0144074 -1.66782e-07 0)
(0.0144075 -1.87071e-07 0)
(0.0144076 -2.07307e-07 0)
(0.0144078 -2.27988e-07 0)
(0.0144079 -2.48526e-07 0)
(0.0144081 -2.69599e-07 0)
(0.0144083 -2.90435e-07 0)
(0.0144085 -3.11989e-07 0)
(0.0144069 -1.2889e-08 0)
(0.0144069 -2.82511e-08 0)
(0.0144069 -4.60413e-08 0)
(0.0144069 -6.414e-08 0)
(0.014407 -8.23513e-08 0)
(0.0144071 -1.00761e-07 0)
(0.0144072 -1.19216e-07 0)
(0.0144072 -1.37931e-07 0)
(0.0144074 -1.56651e-07 0)
(0.0144075 -1.75713e-07 0)
(0.0144076 -1.94717e-07 0)
(0.0144078 -2.1415e-07 0)
(0.0144079 -2.33438e-07 0)
(0.0144081 -2.53247e-07 0)
(0.0144083 -2.72818e-07 0)
(0.0144085 -2.93093e-07 0)
(0.0144069 -1.21066e-08 0)
(0.0144069 -2.64953e-08 0)
(0.0144069 -4.3179e-08 0)
(0.0144069 -6.01528e-08 0)
(0.014407 -7.72301e-08 0)
(0.0144071 -9.44951e-08 0)
(0.0144071 -1.118e-07 0)
(0.0144072 -1.29352e-07 0)
(0.0144073 -1.46904e-07 0)
(0.0144075 -1.64783e-07 0)
(0.0144076 -1.82602e-07 0)
(0.0144078 -2.00837e-07 0)
(0.0144079 -2.18925e-07 0)
(0.0144081 -2.37522e-07 0)
(0.0144083 -2.5588e-07 0)
(0.0144085 -2.74932e-07 0)
(0.0144068 -1.13542e-08 0)
(0.0144068 -2.48086e-08 0)
(0.0144069 -4.04291e-08 0)
(0.0144069 -5.63217e-08 0)
(0.014407 -7.23087e-08 0)
(0.014407 -8.84726e-08 0)
(0.0144071 -1.0467e-07 0)
(0.0144072 -1.21102e-07 0)
(0.0144073 -1.37531e-07 0)
(0.0144075 -1.54272e-07 0)
(0.0144076 -1.70951e-07 0)
(0.0144077 -1.88033e-07 0)
(0.0144079 -2.04967e-07 0)
(0.0144081 -2.22402e-07 0)
(0.0144082 -2.39597e-07 0)
(0.0144084 -2.57481e-07 0)
(0.0144068 -1.06313e-08 0)
(0.0144068 -2.31915e-08 0)
(0.0144069 -3.77926e-08 0)
(0.0144069 -5.26479e-08 0)
(0.014407 -6.75883e-08 0)
(0.014407 -8.26944e-08 0)
(0.0144071 -9.78279e-08 0)
(0.0144072 -1.13183e-07 0)
(0.0144073 -1.28529e-07 0)
(0.0144074 -1.44175e-07 0)
(0.0144076 -1.59756e-07 0)
(0.0144077 -1.75729e-07 0)
(0.0144079 -1.91552e-07 0)
(0.0144081 -2.07871e-07 0)
(0.0144082 -2.2395e-07 0)
(0.0144084 -2.40717e-07 0)
(0.0144068 -9.93835e-09 0)
(0.0144068 -2.16462e-08 0)
(0.0144069 -3.52725e-08 0)
(0.0144069 -4.91354e-08 0)
(0.014407 -6.30737e-08 0)
(0.014407 -7.71659e-08 0)
(0.0144071 -9.12782e-08 0)
(0.0144072 -1.05598e-07 0)
(0.0144073 -1.19904e-07 0)
(0.0144074 -1.34495e-07 0)
(0.0144076 -1.49018e-07 0)
(0.0144077 -1.63922e-07 0)
(0.0144079 -1.78676e-07 0)
(0.014408 -1.93921e-07 0)
(0.0144082 -2.08927e-07 0)
(0.0144084 -2.24624e-07 0)
(0.0144068 -9.27612e-09 0)
(0.0144068 -2.01761e-08 0)
(0.0144069 -3.28744e-08 0)
(0.0144069 -4.57917e-08 0)
(0.0144069 -5.8774e-08 0)
(0.014407 -7.18976e-08 0)
(0.0144071 -8.50327e-08 0)
(0.0144072 -9.83608e-08 0)
(0.0144073 -1.11667e-07 0)
(0.0144074 -1.25243e-07 0)
(0.0144076 -1.38747e-07 0)
(0.0144077 -1.52621e-07 0)
(0.0144079 -1.66343e-07 0)
(0.014408 -1.80555e-07 0)
(0.0144082 -1.94528e-07 0)
(0.0144084 -2.09202e-07 0)
(0.0144068 -8.6461e-09 0)
(0.0144068 -1.87859e-08 0)
(0.0144068 -3.0606e-08 0)
(0.0144069 -4.26275e-08 0)
(0.0144069 -5.47026e-08 0)
(0.014407 -6.69053e-08 0)
(0.0144071 -7.9109e-08 0)
(0.0144072 -9.14892e-08 0)
(0.0144073 -1.03838e-07 0)
(0.0144074 -1.1644e-07 0)
(0.0144076 -1.28963e-07 0)
(0.0144077 -1.41842e-07 0)
(0.0144079 -1.54569e-07 0)
(0.014408 -1.67782e-07 0)
(0.0144082 -1.80759e-07 0)
(0.0144084 -1.9445e-07 0)
(0.0144068 -8.05036e-09 0)
(0.0144068 -1.7482e-08 0)
(0.0144068 -2.84776e-08 0)
(0.0144069 -3.96569e-08 0)
(0.0144069 -5.08774e-08 0)
(0.014407 -6.22103e-08 0)
(0.0144071 -7.35316e-08 0)
(0.0144072 -8.50108e-08 0)
(0.0144073 -9.64461e-08 0)
(0.0144074 -1.08114e-07 0)
(0.0144075 -1.19695e-07 0)
(0.0144077 -1.31614e-07 0)
(0.0144078 -1.43379e-07 0)
(0.014408 -1.55628e-07 0)
(0.0144082 -1.67641e-07 0)
(0.0144084 -1.80388e-07 0)
(0.0144068 -7.49164e-09 0)
(0.0144068 -1.6272e-08 0)
(0.0144068 -2.65018e-08 0)
(0.0144069 -3.68972e-08 0)
(0.0144069 -4.73205e-08 0)
(0.014407 -5.78394e-08 0)
(0.0144071 -6.83318e-08 0)
(0.0144072 -7.89608e-08 0)
(0.0144073 -8.95299e-08 0)
(0.0144074 -1.00307e-07 0)
(0.0144075 -1.10985e-07 0)
(0.0144077 -1.2198e-07 0)
(0.0144078 -1.32815e-07 0)
(0.014408 -1.44127e-07 0)
(0.0144082 -1.55205e-07 0)
(0.0144084 -1.67041e-07 0)
(0.0144068 -6.97321e-09 0)
(0.0144068 -1.51649e-08 0)
(0.0144068 -2.46929e-08 0)
(0.0144069 -3.43687e-08 0)
(0.0144069 -4.4058e-08 0)
(0.014407 -5.38247e-08 0)
(0.0144071 -6.35475e-08 0)
(0.0144072 -7.33829e-08 0)
(0.0144073 -8.31382e-08 0)
(0.0144074 -9.30733e-08 0)
(0.0144075 -1.0289e-07 0)
(0.0144077 -1.12996e-07 0)
(0.0144078 -1.22933e-07 0)
(0.014408 -1.33334e-07 0)
(0.0144082 -1.43502e-07 0)
(0.0144084 -1.54454e-07 0)
(0.0144068 -6.49887e-09 0)
(0.0144068 -1.41702e-08 0)
(0.0144068 -2.30669e-08 0)
(0.0144069 -3.20937e-08 0)
(0.0144069 -4.1119e-08 0)
(0.014407 -5.02025e-08 0)
(0.0144071 -5.92223e-08 0)
(0.0144072 -6.83283e-08 0)
(0.0144073 -7.73295e-08 0)
(0.0144074 -8.64771e-08 0)
(0.0144075 -9.54817e-08 0)
(0.0144077 -1.04739e-07 0)
(0.0144078 -1.13812e-07 0)
(0.014408 -1.23324e-07 0)
(0.0144082 -1.32602e-07 0)
(0.0144084 -1.42692e-07 0)
(0.0144068 -6.07272e-09 0)
(0.0144068 -1.32979e-08 0)
(0.0144068 -2.164e-08 0)
(0.0144069 -3.00956e-08 0)
(0.0144069 -3.85345e-08 0)
(0.014407 -4.70117e-08 0)
(0.0144071 -5.54041e-08 0)
(0.0144072 -6.38544e-08 0)
(0.0144073 -7.21712e-08 0)
(0.0144074 -8.05965e-08 0)
(0.0144075 -8.88466e-08 0)
(0.0144077 -9.73031e-08 0)
(0.0144078 -1.0555e-07 0)
(0.014408 -1.14199e-07 0)
(0.0144082 -1.22607e-07 0)
(0.0144083 -1.31848e-07 0)
(0.0144068 -5.69902e-09 0)
(0.0144068 -1.25574e-08 0)
(0.0144068 -2.04283e-08 0)
(0.0144069 -2.83972e-08 0)
(0.0144069 -3.6335e-08 0)
(0.014407 -4.42919e-08 0)
(0.0144071 -5.21424e-08 0)
(0.0144072 -6.0022e-08 0)
(0.0144073 -6.77369e-08 0)
(0.0144074 -7.5519e-08 0)
(0.0144075 -8.30862e-08 0)
(0.0144077 -9.08037e-08 0)
(0.0144078 -9.82747e-08 0)
(0.014408 -1.06087e-07 0)
(0.0144082 -1.13646e-07 0)
(0.0144083 -1.22041e-07 0)
(0.0144068 -5.38185e-09 0)
(0.0144068 -1.19565e-08 0)
(0.0144068 -1.94446e-08 0)
(0.0144069 -2.70175e-08 0)
(0.0144069 -3.45464e-08 0)
(0.014407 -4.20772e-08 0)
(0.0144071 -4.94815e-08 0)
(0.0144072 -5.68878e-08 0)
(0.0144073 -6.40981e-08 0)
(0.0144074 -7.13337e-08 0)
(0.0144075 -7.83084e-08 0)
(0.0144077 -8.53689e-08 0)
(0.0144078 -9.21274e-08 0)
(0.014408 -9.91385e-08 0)
(0.0144081 -1.05864e-07 0)
(0.0144083 -1.13385e-07 0)
(0.0144068 -5.12449e-09 0)
(0.0144068 -1.14991e-08 0)
(0.0144068 -1.86956e-08 0)
(0.0144069 -2.59665e-08 0)
(0.0144069 -3.31832e-08 0)
(0.014407 -4.03881e-08 0)
(0.0144071 -4.74499e-08 0)
(0.0144072 -5.44916e-08 0)
(0.0144073 -6.131e-08 0)
(0.0144074 -6.81166e-08 0)
(0.0144075 -7.46171e-08 0)
(0.0144077 -8.11377e-08 0)
(0.0144078 -8.72847e-08 0)
(0.014408 -9.35671e-08 0)
(0.0144081 -9.94856e-08 0)
(0.0144083 -1.0608e-07 0)
(0.0144068 -4.92859e-09 0)
(0.0144068 -1.11889e-08 0)
(0.0144068 -1.81878e-08 0)
(0.0144069 -2.52541e-08 0)
(0.0144069 -3.22593e-08 0)
(0.014407 -3.92436e-08 0)
(0.0144071 -4.60741e-08 0)
(0.0144072 -5.28702e-08 0)
(0.0144073 -5.94251e-08 0)
(0.0144074 -6.59443e-08 0)
(0.0144075 -7.21261e-08 0)
(0.0144077 -7.82815e-08 0)
(0.0144078 -8.40022e-08 0)
(0.014408 -8.97505e-08 0)
(0.0144081 -9.50249e-08 0)
(0.0144083 -1.00755e-07 0)
(0.0144068 -4.79576e-09 0)
(0.0144068 -1.10402e-08 0)
(0.0144068 -1.79443e-08 0)
(0.0144069 -2.49126e-08 0)
(0.0144069 -3.1817e-08 0)
(0.014407 -3.86966e-08 0)
(0.0144071 -4.54181e-08 0)
(0.0144072 -5.20998e-08 0)
(0.0144073 -5.85346e-08 0)
(0.0144074 -6.49266e-08 0)
(0.0144075 -7.09732e-08 0)
(0.0144077 -7.69832e-08 0)
(0.0144078 -8.25442e-08 0)
(0.014408 -8.81011e-08 0)
(0.0144081 -9.31377e-08 0)
(0.0144083 -9.84259e-08 0)
(0.0144068 -4.73206e-09 0)
(0.0144068 -1.10388e-08 0)
(0.0144068 -1.7942e-08 0)
(0.0144069 -2.49094e-08 0)
(0.0144069 -3.1813e-08 0)
(0.014407 -3.86917e-08 0)
(0.0144071 -4.54124e-08 0)
(0.0144072 -5.20933e-08 0)
(0.0144073 -5.85274e-08 0)
(0.0144074 -6.49187e-08 0)
(0.0144075 -7.09649e-08 0)
(0.0144077 -7.69743e-08 0)
(0.0144078 -8.25349e-08 0)
(0.014408 -8.80915e-08 0)
(0.0144081 -9.31279e-08 0)
(0.0144083 -9.84156e-08 0)
(0.0144068 -4.73145e-09 0)
(0.0144068 -1.10388e-08 0)
(0.0144068 -1.7942e-08 0)
(0.0144069 -2.49094e-08 0)
(0.0144069 -3.1813e-08 0)
(0.014407 -3.86917e-08 0)
(0.0144071 -4.54124e-08 0)
(0.0144072 -5.20933e-08 0)
(0.0144073 -5.85274e-08 0)
(0.0144074 -6.49187e-08 0)
(0.0144075 -7.09649e-08 0)
(0.0144077 -7.69743e-08 0)
(0.0144078 -8.25349e-08 0)
(0.014408 -8.80915e-08 0)
(0.0144081 -9.31279e-08 0)
(0.0144083 -9.84156e-08 0)
(0.0144068 -4.73145e-09 0)
)
;

boundaryField
{
    wireUpstream
    {
        type            calculated;
        value           nonuniform List<vector> 
16
(
(0.0144068 0 0)
(0.0144068 0 0)
(0.0144069 0 0)
(0.0144069 0 0)
(0.014407 0 0)
(0.0144071 0 0)
(0.0144072 0 0)
(0.0144073 0 0)
(0.0144074 0 0)
(0.0144075 0 0)
(0.0144077 0 0)
(0.0144078 0 0)
(0.014408 0 0)
(0.0144081 0 0)
(0.0144083 0 0)
(0.0144068 0 0)
)
;
    }
    wireDownstream
    {
        type            calculated;
        value           nonuniform List<vector> 
16
(
(0.0144189 -5.90527e-08 0)
(0.0144189 -9.64792e-08 0)
(0.0144189 -1.34574e-07 0)
(0.014419 -1.73775e-07 0)
(0.014419 -2.13156e-07 0)
(0.0144191 -2.54077e-07 0)
(0.0144192 -2.948e-07 0)
(0.0144192 -3.37558e-07 0)
(0.0144193 -3.79609e-07 0)
(0.0144194 -4.24008e-07 0)
(0.0144195 -4.67249e-07 0)
(0.0144196 -5.12266e-07 0)
(0.0144197 -5.52717e-07 0)
(0.0144199 -5.93331e-07 0)
(0.01442 -6.34414e-07 0)
(0.0144189 -2.53083e-08 0)
)
;
    }
    wireTopContact
    {
        type            calculated;
        value           nonuniform List<vector> 
122
(
(0.0144199 -6.86736e-07 9.7851e-15)
(0.0144198 -7.09114e-07 1.01086e-14)
(0.0144197 -7.25219e-07 1.03356e-14)
(0.0144195 -7.36507e-07 1.04946e-14)
(0.0144194 -7.4415e-07 1.06016e-14)
(0.0144193 -7.48953e-07 1.06688e-14)
(0.0144192 -7.51572e-07 1.07052e-14)
(0.014419 -7.52531e-07 1.07182e-14)
(0.0144189 -7.5219e-07 1.0713e-14)
(0.0144188 -7.50873e-07 1.06941e-14)
(0.0144187 -7.48843e-07 1.06654e-14)
(0.0144185 -7.46282e-07 1.06291e-14)
(0.0144184 -7.43408e-07 1.05879e-14)
(0.0144183 -7.40274e-07 1.05432e-14)
(0.0144182 -7.36916e-07 1.04954e-14)
(0.014418 -7.33422e-07 1.04457e-14)
(0.0144179 -7.2981e-07 1.03945e-14)
(0.0144178 -7.26106e-07 1.0342e-14)
(0.0144177 -7.22341e-07 1.02885e-14)
(0.0144175 -7.18529e-07 1.02344e-14)
(0.0144174 -7.14668e-07 1.01798e-14)
(0.0144173 -7.10741e-07 1.01243e-14)
(0.0144172 -7.06742e-07 1.00678e-14)
(0.0144171 -7.02655e-07 1.001e-14)
(0.0144169 -6.98466e-07 9.95087e-15)
(0.0144168 -6.94166e-07 9.89011e-15)
(0.0144167 -6.89741e-07 9.82757e-15)
(0.0144166 -6.8519e-07 9.76324e-15)
(0.0144165 -6.80511e-07 9.69704e-15)
(0.0144164 -6.75723e-07 9.62925e-15)
(0.0144163 -6.70843e-07 9.56005e-15)
(0.0144161 -6.6593e-07 9.4902e-15)
(0.014416 -6.61046e-07 9.42036e-15)
(0.0144159 -6.56333e-07 9.35234e-15)
(0.0144158 -6.51953e-07 9.28767e-15)
(0.0144157 -6.4832e-07 9.2349e-15)
(0.0144156 -6.45955e-07 9.20405e-15)
(0.0144155 -6.44795e-07 9.18994e-15)
(0.0144153 -6.4519e-07 9.19613e-15)
(0.0144152 -6.47731e-07 9.23206e-15)
(0.0144151 -6.53148e-07 9.30812e-15)
(0.014415 -6.62428e-07 9.43834e-15)
(0.0144148 -6.76705e-07 9.63833e-15)
(0.0144147 -6.97571e-07 9.93055e-15)
(0.0144146 -7.27133e-07 1.0345e-14)
(0.0144144 -7.67852e-07 1.09155e-14)
(0.0144143 -8.22779e-07 1.16832e-14)
(0.0144141 -8.96815e-07 1.27246e-14)
(0.0144139 -9.98894e-07 1.41819e-14)
(0.0144138 -1.14095e-06 1.61814e-14)
(0.0144136 -1.32667e-06 1.88008e-14)
(0.0144134 -1.55849e-06 2.20661e-14)
(0.0144132 -1.83288e-06 2.59335e-14)
(0.014413 -2.14271e-06 3.03057e-14)
(0.0144129 -2.47815e-06 3.50612e-14)
(0.0144127 -2.82637e-06 3.99693e-14)
(0.0144126 -3.15995e-06 4.46808e-14)
(0.0144124 -3.45076e-06 4.88838e-14)
(0.0144123 -3.66944e-06 5.17485e-14)
(0.0144122 -3.72369e-06 5.26095e-14)
(0.0144121 -3.66029e-06 5.17798e-14)
(0.014412 -3.53489e-06 5.0061e-14)
(0.0144119 -3.37488e-06 4.77954e-14)
(0.0144117 -3.19791e-06 4.52793e-14)
(0.0144116 -3.01517e-06 4.26856e-14)
(0.0144114 -2.83302e-06 4.00998e-14)
(0.0144112 -2.65527e-06 3.75815e-14)
(0.0144111 -2.48469e-06 3.51652e-14)
(0.0144109 -2.32265e-06 3.28724e-14)
(0.0144108 -2.17006e-06 3.07141e-14)
(0.0144106 -2.02722e-06 2.86946e-14)
(0.0144105 -1.89409e-06 2.68138e-14)
(0.0144104 -1.77054e-06 2.50682e-14)
(0.0144103 -1.65604e-06 2.34518e-14)
(0.0144101 -1.5502e-06 2.19575e-14)
(0.01441 -1.45238e-06 2.05773e-14)
(0.0144099 -1.36204e-06 1.93029e-14)
(0.0144098 -1.27859e-06 1.81259e-14)
(0.0144097 -1.20146e-06 1.70384e-14)
(0.0144096 -1.13013e-06 1.60327e-14)
(0.0144095 -1.06403e-06 1.51013e-14)
(0.0144095 -1.00275e-06 1.42375e-14)
(0.0144094 -9.4578e-07 1.34349e-14)
(0.0144093 -8.92749e-07 1.26878e-14)
(0.0144093 -8.43277e-07 1.19909e-14)
(0.0144092 -7.97022e-07 1.13395e-14)
(0.0144091 -7.53704e-07 1.07293e-14)
(0.0144091 -7.13021e-07 1.01565e-14)
(0.014409 -6.74758e-07 9.61767e-15)
(0.014409 -6.38673e-07 9.10961e-15)
(0.0144089 -6.04582e-07 8.62962e-15)
(0.0144089 -5.7231e-07 8.17522e-15)
(0.0144089 -5.41697e-07 7.74428e-15)
(0.0144088 -5.12619e-07 7.33482e-15)
(0.0144088 -4.84934e-07 6.94514e-15)
(0.0144087 -4.58552e-07 6.57368e-15)
(0.0144087 -4.33359e-07 6.21904e-15)
(0.0144087 -4.09276e-07 5.88001e-15)
(0.0144087 -3.86225e-07 5.55547e-15)
(0.0144086 -3.64133e-07 5.24451e-15)
(0.0144086 -3.4295e-07 4.94626e-15)
(0.0144086 -3.22611e-07 4.65999e-15)
(0.0144086 -3.03083e-07 4.38506e-15)
(0.0144086 -2.84319e-07 4.12091e-15)
(0.0144085 -2.6629e-07 3.86713e-15)
(0.0144085 -2.48974e-07 3.62335e-15)
(0.0144085 -2.32353e-07 3.38939e-15)
(0.0144085 -2.16426e-07 3.16514e-15)
(0.0144085 -2.01188e-07 2.95065e-15)
(0.0144085 -1.86661e-07 2.74611e-15)
(0.0144085 -1.72864e-07 2.55188e-15)
(0.0144085 -1.59844e-07 2.36853e-15)
(0.0144084 -1.4766e-07 2.19692e-15)
(0.0144084 -1.364e-07 2.03839e-15)
(0.0144084 -1.2618e-07 1.8945e-15)
(0.0144084 -1.17106e-07 1.76641e-15)
(0.0144084 -1.09366e-07 1.65672e-15)
(0.0144084 -1.03583e-07 1.57831e-15)
(0.0144084 -1.00967e-07 1.5466e-15)
(0.0144084 -1.00787e-07 1.55535e-15)
(0.0144084 -1.00787e-07 1.55535e-15)
(0.01442 -6.55076e-07 9.31658e-15)
)
;
    }
    front
    {
        type            wedge;
    }
    back
    {
        type            wedge;
    }
}


// ************************************************************************* //
