202
(
(0.9240652300542687 0.0 0.0)
(0.9240736654576979 0.0 0.0)
(0.9240875589159764 0.0 0.0)
(0.9240974031391411 0.0 0.0)
(0.9241084310076805 0.0 0.0)
(0.9241206288081113 0.0 0.0)
(0.9241333755949098 0.0 0.0)
(0.9241456681073645 0.0 0.0)
(0.9241597886271381 0.0 0.0)
(0.9241735999831934 0.0 0.0)
(0.9241879191961461 0.0 0.0)
(0.9242038602636291 0.0 0.0)
(0.9242191805070191 0.0 0.0)
(0.9242358991538715 0.0 0.0)
(0.9242538354378003 0.0 0.0)
(0.9242727901384584 0.0 0.0)
(0.9242930004059637 0.0 0.0)
(0.9243144654941601 0.0 0.0)
(0.9243365026660076 0.0 0.0)
(0.9243588358563605 0.0 0.0)
(0.92438438362594 0.0 0.0)
(0.9244106228693714 0.0 0.0)
(0.9244377140484813 0.0 0.0)
(0.9244658972231586 0.0 0.0)
(0.9244963764681684 0.0 0.0)
(0.9245294374701549 0.0 0.0)
(0.9245641299550641 0.0 0.0)
(0.9246004219465758 0.0 0.0)
(0.9246402734159457 0.0 0.0)
(0.924682739488687 0.0 0.0)
(0.9247280492651392 0.0 0.0)
(0.9247763165936255 0.0 0.0)
(0.9248276747815432 0.0 0.0)
(0.9248836772354097 0.0 0.0)
(0.9249438482614943 0.0 0.0)
(0.9250084568998205 0.0 0.0)
(0.92507877454815 0.0 0.0)
(0.9251548924962009 0.0 0.0)
(0.9252368490651183 0.0 0.0)
(0.9253251199937146 0.0 0.0)
(0.9254210413686347 0.0 0.0)
(0.9255276009194549 0.0 0.0)
(0.925641187461302 0.0 0.0)
(0.925762740971089 0.0 0.0)
(0.9258953351273662 0.0 0.0)
(0.9260413273126217 0.0 0.0)
(0.9261983339793965 0.0 0.0)
(0.9263664959745501 0.0 0.0)
(0.9265466980021732 0.0 0.0)
(0.9267451705177918 0.0 0.0)
(0.9269572623126995 0.0 0.0)
(0.9271824045115098 0.0 0.0)
(0.9274204573408128 0.0 0.0)
(0.9276772293494215 0.0 0.0)
(0.9279455278610838 0.0 0.0)
(0.9282260446041182 0.0 0.0)
(0.928520151520438 0.0 0.0)
(0.9288264276075486 0.0 0.0)
(0.9291794609412284 0.0 0.0)
(0.9297168261233364 0.0 0.0)
(0.930597058897644 0.0 0.0)
(0.9322356253913353 0.0 0.0)
(0.9341761711969272 0.0 0.0)
(0.9362951636732525 0.0 0.0)
(0.9384655074267333 0.0 0.0)
(0.9405288349855119 0.0 0.0)
(0.9425310336342752 0.0 0.0)
(0.9444912231218606 0.0 0.0)
(0.9464338749767721 0.0 0.0)
(0.9483766553259072 0.0 0.0)
(0.9503281312276991 0.0 0.0)
(0.9522931856053878 0.0 0.0)
(0.9542875509254208 0.0 0.0)
(0.9563205520711259 0.0 0.0)
(0.9583933261079287 0.0 0.0)
(0.960510133476043 0.0 0.0)
(0.9626987163470917 0.0 0.0)
(0.9649522570312395 0.0 0.0)
(0.9672625832505043 0.0 0.0)
(0.9696287916582833 0.0 0.0)
(0.9720851963642277 0.0 0.0)
(0.9745950571748393 0.0 0.0)
(0.9771566169316505 0.0 0.0)
(0.9797717692780119 0.0 0.0)
(0.9824509142365749 0.0 0.0)
(0.9851445887988552 0.0 0.0)
(0.987819297399263 0.0 0.0)
(0.9903690794872725 0.0 0.0)
(0.9927693064777703 0.0 0.0)
(0.9949821658824946 0.0 0.0)
(0.9967425012601635 0.0 0.0)
(0.9980493167473695 0.0 0.0)
(0.9990286785766739 0.0 0.0)
(0.9996567425857147 0.0 0.0)
(1.000065327953424 0.0 0.0)
(1.000380510430566 0.0 0.0)
(1.0006197505825851 0.0 0.0)
(1.0008204815837012 0.0 0.0)
(1.0010228836258093 0.0 0.0)
(1.00121855820826 0.0 0.0)
(1.001350980675135 0.0 0.0)
(0.9240736654576979 0.0 0.0)
(0.9240652300542687 0.0 0.0)
(0.9240875589159764 0.0 0.0)
(0.9240974031391411 0.0 0.0)
(0.9241084310076805 0.0 0.0)
(0.9241206288081113 0.0 0.0)
(0.9241333755949098 0.0 0.0)
(0.9241456681073645 0.0 0.0)
(0.9241597886271381 0.0 0.0)
(0.9241735999831934 0.0 0.0)
(0.9241879191961461 0.0 0.0)
(0.9242038602636291 0.0 0.0)
(0.9242191805070191 0.0 0.0)
(0.9242358991538715 0.0 0.0)
(0.9242538354378003 0.0 0.0)
(0.9242727901384584 0.0 0.0)
(0.9242930004059637 0.0 0.0)
(0.9243144654941601 0.0 0.0)
(0.9243365026660076 0.0 0.0)
(0.9243588358563605 0.0 0.0)
(0.92438438362594 0.0 0.0)
(0.9244106228693714 0.0 0.0)
(0.9244377140484813 0.0 0.0)
(0.9244658972231586 0.0 0.0)
(0.9244963764681684 0.0 0.0)
(0.9245294374701549 0.0 0.0)
(0.9245641299550641 0.0 0.0)
(0.9246004219465758 0.0 0.0)
(0.9246402734159457 0.0 0.0)
(0.924682739488687 0.0 0.0)
(0.9247280492651392 0.0 0.0)
(0.9247763165936255 0.0 0.0)
(0.9248276747815432 0.0 0.0)
(0.9248836772354097 0.0 0.0)
(0.9249438482614943 0.0 0.0)
(0.9250084568998205 0.0 0.0)
(0.92507877454815 0.0 0.0)
(0.9251548924962009 0.0 0.0)
(0.9252368490651183 0.0 0.0)
(0.9253251199937146 0.0 0.0)
(0.9254210413686347 0.0 0.0)
(0.9255276009194549 0.0 0.0)
(0.925641187461302 0.0 0.0)
(0.925762740971089 0.0 0.0)
(0.9258953351273662 0.0 0.0)
(0.9260413273126217 0.0 0.0)
(0.9261983339793965 0.0 0.0)
(0.9263664959745501 0.0 0.0)
(0.9265466980021732 0.0 0.0)
(0.9267451705177918 0.0 0.0)
(0.9269572623126995 0.0 0.0)
(0.9271824045115098 0.0 0.0)
(0.9274204573408128 0.0 0.0)
(0.9276772293494215 0.0 0.0)
(0.9279455278610838 0.0 0.0)
(0.9282260446041182 0.0 0.0)
(0.928520151520438 0.0 0.0)
(0.9288264276075486 0.0 0.0)
(0.9291794609412284 0.0 0.0)
(0.9297168261233364 0.0 0.0)
(0.930597058897644 0.0 0.0)
(0.9322356253913353 0.0 0.0)
(0.9341761711969272 0.0 0.0)
(0.9362951636732525 0.0 0.0)
(0.9384655074267333 0.0 0.0)
(0.9405288349855119 0.0 0.0)
(0.9425310336342752 0.0 0.0)
(0.9444912231218606 0.0 0.0)
(0.9464338749767721 0.0 0.0)
(0.9483766553259072 0.0 0.0)
(0.9503281312276991 0.0 0.0)
(0.9522931856053878 0.0 0.0)
(0.9542875509254208 0.0 0.0)
(0.9563205520711259 0.0 0.0)
(0.9583933261079287 0.0 0.0)
(0.960510133476043 0.0 0.0)
(0.9626987163470917 0.0 0.0)
(0.9649522570312395 0.0 0.0)
(0.9672625832505043 0.0 0.0)
(0.9696287916582833 0.0 0.0)
(0.9720851963642277 0.0 0.0)
(0.9745950571748393 0.0 0.0)
(0.9771566169316505 0.0 0.0)
(0.9797717692780119 0.0 0.0)
(0.9824509142365749 0.0 0.0)
(0.9851445887988552 0.0 0.0)
(0.987819297399263 0.0 0.0)
(0.9903690794872725 0.0 0.0)
(0.9927693064777703 0.0 0.0)
(0.9949821658824946 0.0 0.0)
(0.9967425012601635 0.0 0.0)
(0.9980493167473695 0.0 0.0)
(0.9990286785766739 0.0 0.0)
(0.9996567425857147 0.0 0.0)
(1.000065327953424 0.0 0.0)
(1.000380510430566 0.0 0.0)
(1.0006197505825851 0.0 0.0)
(1.0008204815837012 0.0 0.0)
(1.0010228836258093 0.0 0.0)
(1.00121855820826 0.0 0.0)
(1.001350980675135 0.0 0.0)
)