202
(
(0 -2.9266170804537985e-06 1.2777886126476955e-07)
(0 -2.9266170804537985e-06 1.2777886126476955e-07)
(0 -2.9266170804537985e-06 1.2777886126476955e-07)
(0 -2.9266170804537985e-06 1.2777886126476955e-07)
(0 -2.9266170804537985e-06 1.2777886126476955e-07)
(0 -2.9266170804537985e-06 1.2777886126476955e-07)
(0 -2.9266170804537985e-06 1.2777886126476955e-07)
(0 -2.9266170804537985e-06 1.2777886126476955e-07)
(0 -2.9266170804537985e-06 1.2777886126476955e-07)
(0 -2.9266170804537985e-06 1.2777886126476955e-07)
(0 -2.9266170804537985e-06 1.2777886126476955e-07)
(0 -2.9266170804537985e-06 1.2777886126476955e-07)
(0 -2.9266170804537985e-06 1.2777886126476955e-07)
(0 -2.9266170804537985e-06 1.2777886126476955e-07)
(0 -2.9266170804537985e-06 1.2777886126476955e-07)
(0 -2.9266170804537985e-06 1.2777886126476955e-07)
(0 -2.9266170804537985e-06 1.2777886126476955e-07)
(0 -2.9266170804537985e-06 1.2777886126476955e-07)
(0 -2.9266170804537985e-06 1.2777886126476955e-07)
(0 -2.9266170804537985e-06 1.2777886126476955e-07)
(0 -2.9266170804537985e-06 1.2777886126476955e-07)
(0 -2.9266170804537985e-06 1.2777886126476955e-07)
(0 -2.9266170804537985e-06 1.2777886126476955e-07)
(0 -2.9266170804537985e-06 1.2777886126476955e-07)
(0 -2.9266170804537985e-06 1.2777886126476955e-07)
(0 -2.9266170804537985e-06 1.2777886126476955e-07)
(0 -2.9266170804537985e-06 1.2777886126476955e-07)
(0 -2.9266170804537985e-06 1.2777886126476955e-07)
(0 -2.9266170804537985e-06 1.2777886126476955e-07)
(0 -2.9266170804537985e-06 1.2777886126476955e-07)
(0 -2.9266170804537985e-06 1.2777886126476955e-07)
(0 -2.9266170804537985e-06 1.2777886126476955e-07)
(0 -2.9266170804537985e-06 1.2777886126476955e-07)
(0 -2.9266170804537985e-06 1.2777886126476955e-07)
(0 -2.9266170804537985e-06 1.2777886126476955e-07)
(0 -2.9266170804537985e-06 1.2777886126476955e-07)
(0 -2.9266170804537985e-06 1.2777886126476955e-07)
(0 -2.9266170804537985e-06 1.2777886126476955e-07)
(0 -2.9266170804537985e-06 1.2777886126476955e-07)
(0 -2.9266170804537985e-06 1.2777886126476955e-07)
(0 -2.9266170804537985e-06 1.2777886126476955e-07)
(0 -2.9266170804537985e-06 1.2777886126476955e-07)
(0 -2.9266170804537985e-06 1.2777886126476955e-07)
(0 -2.9266170804537985e-06 1.2777886126476955e-07)
(0 -2.9266170804537985e-06 1.2777886126476955e-07)
(0 -2.9266170804537985e-06 1.2777886126476955e-07)
(0 -2.9266170804537985e-06 1.2777886126476955e-07)
(0 -2.9266170804537985e-06 1.2777886126476955e-07)
(0 -2.9266170804537985e-06 1.2777886126476955e-07)
(0 -2.9266170804537985e-06 1.2777886126476955e-07)
(0 -2.9266170804537985e-06 1.2777886126476955e-07)
(0 -2.9266170804537985e-06 1.2777886126476955e-07)
(0 -2.9266170804537985e-06 1.2777886126476955e-07)
(0 -2.9266170804537985e-06 1.2777886126476955e-07)
(0 -2.9266170804537985e-06 1.2777886126476955e-07)
(0 -2.9266170804537985e-06 1.2777886126476955e-07)
(0 -2.9266170804537985e-06 1.2777886126476955e-07)
(0 -2.9266170804537985e-06 1.2777886126476955e-07)
(0 -2.9266170804537985e-06 1.2777886126476955e-07)
(0 -2.9266170804537985e-06 1.2777886126476955e-07)
(0 -2.9266170804537985e-06 1.2777886126476955e-07)
(0 -2.9266170804537985e-06 1.2777886126476955e-07)
(0 -2.9266170804537985e-06 1.2777886126476955e-07)
(0 -2.9266170804537985e-06 1.2777886126476955e-07)
(0 -2.9266170804537985e-06 1.2777886126476955e-07)
(0 -2.9266170804537985e-06 1.2777886126476955e-07)
(0 -2.9266170804537985e-06 1.2777886126476955e-07)
(0 -2.9266170804537985e-06 1.2777886126476955e-07)
(0 -2.9266170804537985e-06 1.2777886126476955e-07)
(0 -2.9266170804537985e-06 1.2777886126476955e-07)
(0 -2.9266170804537985e-06 1.2777886126476955e-07)
(0 -2.9266170804537985e-06 1.2777886126476955e-07)
(0 -2.9266170804537985e-06 1.2777886126476955e-07)
(0 -2.9266170804537985e-06 1.2777886126476955e-07)
(0 -2.9266170804537985e-06 1.2777886126476955e-07)
(0 -2.9266170804537985e-06 1.2777886126476955e-07)
(0 -2.9266170804537985e-06 1.2777886126476955e-07)
(0 -2.9266170804537985e-06 1.2777886126476955e-07)
(0 -2.9266170804537985e-06 1.2777886126476955e-07)
(0 -2.9266170804537985e-06 1.2777886126476955e-07)
(0 -2.9266170804537985e-06 1.2777886126476955e-07)
(0 -2.9266170804537985e-06 1.2777886126476955e-07)
(0 -2.9266170804537985e-06 1.2777886126476955e-07)
(0 -2.9266170804537985e-06 1.2777886126476955e-07)
(0 -2.9266170804537985e-06 1.2777886126476955e-07)
(0 -2.9266170804537985e-06 1.2777886126476955e-07)
(0 -2.9266170804537985e-06 1.2777886126476955e-07)
(0 -2.9266170804537985e-06 1.2777886126476955e-07)
(0 -2.9266170804537985e-06 1.2777886126476955e-07)
(0 -2.9266170804537985e-06 1.2777886126476955e-07)
(0 -2.9266170804537985e-06 1.2777886126476955e-07)
(0 -2.9266170804537985e-06 1.2777886126476955e-07)
(0 -2.9266170804537985e-06 1.2777886126476955e-07)
(0 -2.9266170804537985e-06 1.2777886126476955e-07)
(0 -2.9266170804537985e-06 1.2777886126476955e-07)
(0 -2.9266170804537985e-06 1.2777886126476955e-07)
(0 -2.9266170804537985e-06 1.2777886126476955e-07)
(0 -2.9266170804537985e-06 1.2777886126476955e-07)
(0 -2.9266170804537985e-06 1.2777886126476955e-07)
(0 -2.9266170804537985e-06 1.2777886126476955e-07)
(0 -2.9266170804537985e-06 1.2777886126476955e-07)
(0 -2.9266170804537985e-06 -1.2777886126476955e-07)
(0 -2.9266170804537985e-06 -1.2777886126476955e-07)
(0 -2.9266170804537985e-06 -1.2777886126476955e-07)
(0 -2.9266170804537985e-06 -1.2777886126476955e-07)
(0 -2.9266170804537985e-06 -1.2777886126476955e-07)
(0 -2.9266170804537985e-06 -1.2777886126476955e-07)
(0 -2.9266170804537985e-06 -1.2777886126476955e-07)
(0 -2.9266170804537985e-06 -1.2777886126476955e-07)
(0 -2.9266170804537985e-06 -1.2777886126476955e-07)
(0 -2.9266170804537985e-06 -1.2777886126476955e-07)
(0 -2.9266170804537985e-06 -1.2777886126476955e-07)
(0 -2.9266170804537985e-06 -1.2777886126476955e-07)
(0 -2.9266170804537985e-06 -1.2777886126476955e-07)
(0 -2.9266170804537985e-06 -1.2777886126476955e-07)
(0 -2.9266170804537985e-06 -1.2777886126476955e-07)
(0 -2.9266170804537985e-06 -1.2777886126476955e-07)
(0 -2.9266170804537985e-06 -1.2777886126476955e-07)
(0 -2.9266170804537985e-06 -1.2777886126476955e-07)
(0 -2.9266170804537985e-06 -1.2777886126476955e-07)
(0 -2.9266170804537985e-06 -1.2777886126476955e-07)
(0 -2.9266170804537985e-06 -1.2777886126476955e-07)
(0 -2.9266170804537985e-06 -1.2777886126476955e-07)
(0 -2.9266170804537985e-06 -1.2777886126476955e-07)
(0 -2.9266170804537985e-06 -1.2777886126476955e-07)
(0 -2.9266170804537985e-06 -1.2777886126476955e-07)
(0 -2.9266170804537985e-06 -1.2777886126476955e-07)
(0 -2.9266170804537985e-06 -1.2777886126476955e-07)
(0 -2.9266170804537985e-06 -1.2777886126476955e-07)
(0 -2.9266170804537985e-06 -1.2777886126476955e-07)
(0 -2.9266170804537985e-06 -1.2777886126476955e-07)
(0 -2.9266170804537985e-06 -1.2777886126476955e-07)
(0 -2.9266170804537985e-06 -1.2777886126476955e-07)
(0 -2.9266170804537985e-06 -1.2777886126476955e-07)
(0 -2.9266170804537985e-06 -1.2777886126476955e-07)
(0 -2.9266170804537985e-06 -1.2777886126476955e-07)
(0 -2.9266170804537985e-06 -1.2777886126476955e-07)
(0 -2.9266170804537985e-06 -1.2777886126476955e-07)
(0 -2.9266170804537985e-06 -1.2777886126476955e-07)
(0 -2.9266170804537985e-06 -1.2777886126476955e-07)
(0 -2.9266170804537985e-06 -1.2777886126476955e-07)
(0 -2.9266170804537985e-06 -1.2777886126476955e-07)
(0 -2.9266170804537985e-06 -1.2777886126476955e-07)
(0 -2.9266170804537985e-06 -1.2777886126476955e-07)
(0 -2.9266170804537985e-06 -1.2777886126476955e-07)
(0 -2.9266170804537985e-06 -1.2777886126476955e-07)
(0 -2.9266170804537985e-06 -1.2777886126476955e-07)
(0 -2.9266170804537985e-06 -1.2777886126476955e-07)
(0 -2.9266170804537985e-06 -1.2777886126476955e-07)
(0 -2.9266170804537985e-06 -1.2777886126476955e-07)
(0 -2.9266170804537985e-06 -1.2777886126476955e-07)
(0 -2.9266170804537985e-06 -1.2777886126476955e-07)
(0 -2.9266170804537985e-06 -1.2777886126476955e-07)
(0 -2.9266170804537985e-06 -1.2777886126476955e-07)
(0 -2.9266170804537985e-06 -1.2777886126476955e-07)
(0 -2.9266170804537985e-06 -1.2777886126476955e-07)
(0 -2.9266170804537985e-06 -1.2777886126476955e-07)
(0 -2.9266170804537985e-06 -1.2777886126476955e-07)
(0 -2.9266170804537985e-06 -1.2777886126476955e-07)
(0 -2.9266170804537985e-06 -1.2777886126476955e-07)
(0 -2.9266170804537985e-06 -1.2777886126476955e-07)
(0 -2.9266170804537985e-06 -1.2777886126476955e-07)
(0 -2.9266170804537985e-06 -1.2777886126476955e-07)
(0 -2.9266170804537985e-06 -1.2777886126476955e-07)
(0 -2.9266170804537985e-06 -1.2777886126476955e-07)
(0 -2.9266170804537985e-06 -1.2777886126476955e-07)
(0 -2.9266170804537985e-06 -1.2777886126476955e-07)
(0 -2.9266170804537985e-06 -1.2777886126476955e-07)
(0 -2.9266170804537985e-06 -1.2777886126476955e-07)
(0 -2.9266170804537985e-06 -1.2777886126476955e-07)
(0 -2.9266170804537985e-06 -1.2777886126476955e-07)
(0 -2.9266170804537985e-06 -1.2777886126476955e-07)
(0 -2.9266170804537985e-06 -1.2777886126476955e-07)
(0 -2.9266170804537985e-06 -1.2777886126476955e-07)
(0 -2.9266170804537985e-06 -1.2777886126476955e-07)
(0 -2.9266170804537985e-06 -1.2777886126476955e-07)
(0 -2.9266170804537985e-06 -1.2777886126476955e-07)
(0 -2.9266170804537985e-06 -1.2777886126476955e-07)
(0 -2.9266170804537985e-06 -1.2777886126476955e-07)
(0 -2.9266170804537985e-06 -1.2777886126476955e-07)
(0 -2.9266170804537985e-06 -1.2777886126476955e-07)
(0 -2.9266170804537985e-06 -1.2777886126476955e-07)
(0 -2.9266170804537985e-06 -1.2777886126476955e-07)
(0 -2.9266170804537985e-06 -1.2777886126476955e-07)
(0 -2.9266170804537985e-06 -1.2777886126476955e-07)
(0 -2.9266170804537985e-06 -1.2777886126476955e-07)
(0 -2.9266170804537985e-06 -1.2777886126476955e-07)
(0 -2.9266170804537985e-06 -1.2777886126476955e-07)
(0 -2.9266170804537985e-06 -1.2777886126476955e-07)
(0 -2.9266170804537985e-06 -1.2777886126476955e-07)
(0 -2.9266170804537985e-06 -1.2777886126476955e-07)
(0 -2.9266170804537985e-06 -1.2777886126476955e-07)
(0 -2.9266170804537985e-06 -1.2777886126476955e-07)
(0 -2.9266170804537985e-06 -1.2777886126476955e-07)
(0 -2.9266170804537985e-06 -1.2777886126476955e-07)
(0 -2.9266170804537985e-06 -1.2777886126476955e-07)
(0 -2.9266170804537985e-06 -1.2777886126476955e-07)
(0 -2.9266170804537985e-06 -1.2777886126476955e-07)
(0 -2.9266170804537985e-06 -1.2777886126476955e-07)
(0 -2.9266170804537985e-06 -1.2777886126476955e-07)
(0 -2.9266170804537985e-06 -1.2777886126476955e-07)
(0 -2.9266170804537985e-06 -1.2777886126476955e-07)
)