202
(
(0 -6.079810967136279e-06 2.6545027953068254e-07)
(0 -6.079810967136279e-06 2.6545027953068254e-07)
(0 -6.079810967136279e-06 2.6545027953068254e-07)
(0 -6.079810967136279e-06 2.6545027953068254e-07)
(0 -6.079810967136279e-06 2.6545027953068254e-07)
(0 -6.079810967136279e-06 2.6545027953068254e-07)
(0 -6.079810967136279e-06 2.6545027953068254e-07)
(0 -6.079810967136279e-06 2.6545027953068254e-07)
(0 -6.079810967136279e-06 2.6545027953068254e-07)
(0 -6.079810967136279e-06 2.6545027953068254e-07)
(0 -6.079810967136279e-06 2.6545027953068254e-07)
(0 -6.079810967136279e-06 2.6545027953068254e-07)
(0 -6.079810967136279e-06 2.6545027953068254e-07)
(0 -6.079810967136279e-06 2.6545027953068254e-07)
(0 -6.079810967136279e-06 2.6545027953068254e-07)
(0 -6.079810967136279e-06 2.6545027953068254e-07)
(0 -6.079810967136279e-06 2.6545027953068254e-07)
(0 -6.079810967136279e-06 2.6545027953068254e-07)
(0 -6.079810967136279e-06 2.6545027953068254e-07)
(0 -6.079810967136279e-06 2.6545027953068254e-07)
(0 -6.079810967136279e-06 2.6545027953068254e-07)
(0 -6.079810967136279e-06 2.6545027953068254e-07)
(0 -6.079810967136279e-06 2.6545027953068254e-07)
(0 -6.079810967136279e-06 2.6545027953068254e-07)
(0 -6.079810967136279e-06 2.6545027953068254e-07)
(0 -6.079810967136279e-06 2.6545027953068254e-07)
(0 -6.079810967136279e-06 2.6545027953068254e-07)
(0 -6.079810967136279e-06 2.6545027953068254e-07)
(0 -6.079810967136279e-06 2.6545027953068254e-07)
(0 -6.079810967136279e-06 2.6545027953068254e-07)
(0 -6.079810967136279e-06 2.6545027953068254e-07)
(0 -6.079810967136279e-06 2.6545027953068254e-07)
(0 -6.079810967136279e-06 2.6545027953068254e-07)
(0 -6.079810967136279e-06 2.6545027953068254e-07)
(0 -6.079810967136279e-06 2.6545027953068254e-07)
(0 -6.079810967136279e-06 2.6545027953068254e-07)
(0 -6.079810967136279e-06 2.6545027953068254e-07)
(0 -6.079810967136279e-06 2.6545027953068254e-07)
(0 -6.079810967136279e-06 2.6545027953068254e-07)
(0 -6.079810967136279e-06 2.6545027953068254e-07)
(0 -6.079810967136279e-06 2.6545027953068254e-07)
(0 -6.079810967136279e-06 2.6545027953068254e-07)
(0 -6.079810967136279e-06 2.6545027953068254e-07)
(0 -6.079810967136279e-06 2.6545027953068254e-07)
(0 -6.079810967136279e-06 2.6545027953068254e-07)
(0 -6.079810967136279e-06 2.6545027953068254e-07)
(0 -6.079810967136279e-06 2.6545027953068254e-07)
(0 -6.079810967136279e-06 2.6545027953068254e-07)
(0 -6.079810967136279e-06 2.6545027953068254e-07)
(0 -6.079810967136279e-06 2.6545027953068254e-07)
(0 -6.079810967136279e-06 2.6545027953068254e-07)
(0 -6.079810967136279e-06 2.6545027953068254e-07)
(0 -6.079810967136279e-06 2.6545027953068254e-07)
(0 -6.079810967136279e-06 2.6545027953068254e-07)
(0 -6.079810967136279e-06 2.6545027953068254e-07)
(0 -6.079810967136279e-06 2.6545027953068254e-07)
(0 -6.079810967136279e-06 2.6545027953068254e-07)
(0 -6.079810967136279e-06 2.6545027953068254e-07)
(0 -6.079810967136279e-06 2.6545027953068254e-07)
(0 -6.079810967136279e-06 2.6545027953068254e-07)
(0 -6.079810967136279e-06 2.6545027953068254e-07)
(0 -6.079810967136279e-06 2.6545027953068254e-07)
(0 -6.079810967136279e-06 2.6545027953068254e-07)
(0 -6.079810967136279e-06 2.6545027953068254e-07)
(0 -6.079810967136279e-06 2.6545027953068254e-07)
(0 -6.079810967136279e-06 2.6545027953068254e-07)
(0 -6.079810967136279e-06 2.6545027953068254e-07)
(0 -6.079810967136279e-06 2.6545027953068254e-07)
(0 -6.079810967136279e-06 2.6545027953068254e-07)
(0 -6.079810967136279e-06 2.6545027953068254e-07)
(0 -6.079810967136279e-06 2.6545027953068254e-07)
(0 -6.079810967136279e-06 2.6545027953068254e-07)
(0 -6.079810967136279e-06 2.6545027953068254e-07)
(0 -6.079810967136279e-06 2.6545027953068254e-07)
(0 -6.079810967136279e-06 2.6545027953068254e-07)
(0 -6.079810967136279e-06 2.6545027953068254e-07)
(0 -6.079810967136279e-06 2.6545027953068254e-07)
(0 -6.079810967136279e-06 2.6545027953068254e-07)
(0 -6.079810967136279e-06 2.6545027953068254e-07)
(0 -6.079810967136279e-06 2.6545027953068254e-07)
(0 -6.079810967136279e-06 2.6545027953068254e-07)
(0 -6.079810967136279e-06 2.6545027953068254e-07)
(0 -6.079810967136279e-06 2.6545027953068254e-07)
(0 -6.079810967136279e-06 2.6545027953068254e-07)
(0 -6.079810967136279e-06 2.6545027953068254e-07)
(0 -6.079810967136279e-06 2.6545027953068254e-07)
(0 -6.079810967136279e-06 2.6545027953068254e-07)
(0 -6.079810967136279e-06 2.6545027953068254e-07)
(0 -6.079810967136279e-06 2.6545027953068254e-07)
(0 -6.079810967136279e-06 2.6545027953068254e-07)
(0 -6.079810967136279e-06 2.6545027953068254e-07)
(0 -6.079810967136279e-06 2.6545027953068254e-07)
(0 -6.079810967136279e-06 2.6545027953068254e-07)
(0 -6.079810967136279e-06 2.6545027953068254e-07)
(0 -6.079810967136279e-06 2.6545027953068254e-07)
(0 -6.079810967136279e-06 2.6545027953068254e-07)
(0 -6.079810967136279e-06 2.6545027953068254e-07)
(0 -6.079810967136279e-06 2.6545027953068254e-07)
(0 -6.079810967136279e-06 2.6545027953068254e-07)
(0 -6.079810967136279e-06 2.6545027953068254e-07)
(0 -6.079810967136279e-06 2.6545027953068254e-07)
(0 -6.079810967136279e-06 -2.6545027953068254e-07)
(0 -6.079810967136279e-06 -2.6545027953068254e-07)
(0 -6.079810967136279e-06 -2.6545027953068254e-07)
(0 -6.079810967136279e-06 -2.6545027953068254e-07)
(0 -6.079810967136279e-06 -2.6545027953068254e-07)
(0 -6.079810967136279e-06 -2.6545027953068254e-07)
(0 -6.079810967136279e-06 -2.6545027953068254e-07)
(0 -6.079810967136279e-06 -2.6545027953068254e-07)
(0 -6.079810967136279e-06 -2.6545027953068254e-07)
(0 -6.079810967136279e-06 -2.6545027953068254e-07)
(0 -6.079810967136279e-06 -2.6545027953068254e-07)
(0 -6.079810967136279e-06 -2.6545027953068254e-07)
(0 -6.079810967136279e-06 -2.6545027953068254e-07)
(0 -6.079810967136279e-06 -2.6545027953068254e-07)
(0 -6.079810967136279e-06 -2.6545027953068254e-07)
(0 -6.079810967136279e-06 -2.6545027953068254e-07)
(0 -6.079810967136279e-06 -2.6545027953068254e-07)
(0 -6.079810967136279e-06 -2.6545027953068254e-07)
(0 -6.079810967136279e-06 -2.6545027953068254e-07)
(0 -6.079810967136279e-06 -2.6545027953068254e-07)
(0 -6.079810967136279e-06 -2.6545027953068254e-07)
(0 -6.079810967136279e-06 -2.6545027953068254e-07)
(0 -6.079810967136279e-06 -2.6545027953068254e-07)
(0 -6.079810967136279e-06 -2.6545027953068254e-07)
(0 -6.079810967136279e-06 -2.6545027953068254e-07)
(0 -6.079810967136279e-06 -2.6545027953068254e-07)
(0 -6.079810967136279e-06 -2.6545027953068254e-07)
(0 -6.079810967136279e-06 -2.6545027953068254e-07)
(0 -6.079810967136279e-06 -2.6545027953068254e-07)
(0 -6.079810967136279e-06 -2.6545027953068254e-07)
(0 -6.079810967136279e-06 -2.6545027953068254e-07)
(0 -6.079810967136279e-06 -2.6545027953068254e-07)
(0 -6.079810967136279e-06 -2.6545027953068254e-07)
(0 -6.079810967136279e-06 -2.6545027953068254e-07)
(0 -6.079810967136279e-06 -2.6545027953068254e-07)
(0 -6.079810967136279e-06 -2.6545027953068254e-07)
(0 -6.079810967136279e-06 -2.6545027953068254e-07)
(0 -6.079810967136279e-06 -2.6545027953068254e-07)
(0 -6.079810967136279e-06 -2.6545027953068254e-07)
(0 -6.079810967136279e-06 -2.6545027953068254e-07)
(0 -6.079810967136279e-06 -2.6545027953068254e-07)
(0 -6.079810967136279e-06 -2.6545027953068254e-07)
(0 -6.079810967136279e-06 -2.6545027953068254e-07)
(0 -6.079810967136279e-06 -2.6545027953068254e-07)
(0 -6.079810967136279e-06 -2.6545027953068254e-07)
(0 -6.079810967136279e-06 -2.6545027953068254e-07)
(0 -6.079810967136279e-06 -2.6545027953068254e-07)
(0 -6.079810967136279e-06 -2.6545027953068254e-07)
(0 -6.079810967136279e-06 -2.6545027953068254e-07)
(0 -6.079810967136279e-06 -2.6545027953068254e-07)
(0 -6.079810967136279e-06 -2.6545027953068254e-07)
(0 -6.079810967136279e-06 -2.6545027953068254e-07)
(0 -6.079810967136279e-06 -2.6545027953068254e-07)
(0 -6.079810967136279e-06 -2.6545027953068254e-07)
(0 -6.079810967136279e-06 -2.6545027953068254e-07)
(0 -6.079810967136279e-06 -2.6545027953068254e-07)
(0 -6.079810967136279e-06 -2.6545027953068254e-07)
(0 -6.079810967136279e-06 -2.6545027953068254e-07)
(0 -6.079810967136279e-06 -2.6545027953068254e-07)
(0 -6.079810967136279e-06 -2.6545027953068254e-07)
(0 -6.079810967136279e-06 -2.6545027953068254e-07)
(0 -6.079810967136279e-06 -2.6545027953068254e-07)
(0 -6.079810967136279e-06 -2.6545027953068254e-07)
(0 -6.079810967136279e-06 -2.6545027953068254e-07)
(0 -6.079810967136279e-06 -2.6545027953068254e-07)
(0 -6.079810967136279e-06 -2.6545027953068254e-07)
(0 -6.079810967136279e-06 -2.6545027953068254e-07)
(0 -6.079810967136279e-06 -2.6545027953068254e-07)
(0 -6.079810967136279e-06 -2.6545027953068254e-07)
(0 -6.079810967136279e-06 -2.6545027953068254e-07)
(0 -6.079810967136279e-06 -2.6545027953068254e-07)
(0 -6.079810967136279e-06 -2.6545027953068254e-07)
(0 -6.079810967136279e-06 -2.6545027953068254e-07)
(0 -6.079810967136279e-06 -2.6545027953068254e-07)
(0 -6.079810967136279e-06 -2.6545027953068254e-07)
(0 -6.079810967136279e-06 -2.6545027953068254e-07)
(0 -6.079810967136279e-06 -2.6545027953068254e-07)
(0 -6.079810967136279e-06 -2.6545027953068254e-07)
(0 -6.079810967136279e-06 -2.6545027953068254e-07)
(0 -6.079810967136279e-06 -2.6545027953068254e-07)
(0 -6.079810967136279e-06 -2.6545027953068254e-07)
(0 -6.079810967136279e-06 -2.6545027953068254e-07)
(0 -6.079810967136279e-06 -2.6545027953068254e-07)
(0 -6.079810967136279e-06 -2.6545027953068254e-07)
(0 -6.079810967136279e-06 -2.6545027953068254e-07)
(0 -6.079810967136279e-06 -2.6545027953068254e-07)
(0 -6.079810967136279e-06 -2.6545027953068254e-07)
(0 -6.079810967136279e-06 -2.6545027953068254e-07)
(0 -6.079810967136279e-06 -2.6545027953068254e-07)
(0 -6.079810967136279e-06 -2.6545027953068254e-07)
(0 -6.079810967136279e-06 -2.6545027953068254e-07)
(0 -6.079810967136279e-06 -2.6545027953068254e-07)
(0 -6.079810967136279e-06 -2.6545027953068254e-07)
(0 -6.079810967136279e-06 -2.6545027953068254e-07)
(0 -6.079810967136279e-06 -2.6545027953068254e-07)
(0 -6.079810967136279e-06 -2.6545027953068254e-07)
(0 -6.079810967136279e-06 -2.6545027953068254e-07)
(0 -6.079810967136279e-06 -2.6545027953068254e-07)
(0 -6.079810967136279e-06 -2.6545027953068254e-07)
(0 -6.079810967136279e-06 -2.6545027953068254e-07)
(0 -6.079810967136279e-06 -2.6545027953068254e-07)
)