202
(
(0 -1.812558752544978e-05 7.913802421319012e-07)
(0 -1.812558752544978e-05 7.913802421319012e-07)
(0 -1.812558752544978e-05 7.913802421319012e-07)
(0 -1.812558752544978e-05 7.913802421319012e-07)
(0 -1.812558752544978e-05 7.913802421319012e-07)
(0 -1.812558752544978e-05 7.913802421319012e-07)
(0 -1.812558752544978e-05 7.913802421319012e-07)
(0 -1.812558752544978e-05 7.913802421319012e-07)
(0 -1.812558752544978e-05 7.913802421319012e-07)
(0 -1.812558752544978e-05 7.913802421319012e-07)
(0 -1.812558752544978e-05 7.913802421319012e-07)
(0 -1.812558752544978e-05 7.913802421319012e-07)
(0 -1.812558752544978e-05 7.913802421319012e-07)
(0 -1.812558752544978e-05 7.913802421319012e-07)
(0 -1.812558752544978e-05 7.913802421319012e-07)
(0 -1.812558752544978e-05 7.913802421319012e-07)
(0 -1.812558752544978e-05 7.913802421319012e-07)
(0 -1.812558752544978e-05 7.913802421319012e-07)
(0 -1.812558752544978e-05 7.913802421319012e-07)
(0 -1.812558752544978e-05 7.913802421319012e-07)
(0 -1.812558752544978e-05 7.913802421319012e-07)
(0 -1.812558752544978e-05 7.913802421319012e-07)
(0 -1.812558752544978e-05 7.913802421319012e-07)
(0 -1.812558752544978e-05 7.913802421319012e-07)
(0 -1.812558752544978e-05 7.913802421319012e-07)
(0 -1.812558752544978e-05 7.913802421319012e-07)
(0 -1.812558752544978e-05 7.913802421319012e-07)
(0 -1.812558752544978e-05 7.913802421319012e-07)
(0 -1.812558752544978e-05 7.913802421319012e-07)
(0 -1.812558752544978e-05 7.913802421319012e-07)
(0 -1.812558752544978e-05 7.913802421319012e-07)
(0 -1.812558752544978e-05 7.913802421319012e-07)
(0 -1.812558752544978e-05 7.913802421319012e-07)
(0 -1.812558752544978e-05 7.913802421319012e-07)
(0 -1.812558752544978e-05 7.913802421319012e-07)
(0 -1.812558752544978e-05 7.913802421319012e-07)
(0 -1.812558752544978e-05 7.913802421319012e-07)
(0 -1.812558752544978e-05 7.913802421319012e-07)
(0 -1.812558752544978e-05 7.913802421319012e-07)
(0 -1.812558752544978e-05 7.913802421319012e-07)
(0 -1.812558752544978e-05 7.913802421319012e-07)
(0 -1.812558752544978e-05 7.913802421319012e-07)
(0 -1.812558752544978e-05 7.913802421319012e-07)
(0 -1.812558752544978e-05 7.913802421319012e-07)
(0 -1.812558752544978e-05 7.913802421319012e-07)
(0 -1.812558752544978e-05 7.913802421319012e-07)
(0 -1.812558752544978e-05 7.913802421319012e-07)
(0 -1.812558752544978e-05 7.913802421319012e-07)
(0 -1.812558752544978e-05 7.913802421319012e-07)
(0 -1.812558752544978e-05 7.913802421319012e-07)
(0 -1.812558752544978e-05 7.913802421319012e-07)
(0 -1.812558752544978e-05 7.913802421319012e-07)
(0 -1.812558752544978e-05 7.913802421319012e-07)
(0 -1.812558752544978e-05 7.913802421319012e-07)
(0 -1.812558752544978e-05 7.913802421319012e-07)
(0 -1.812558752544978e-05 7.913802421319012e-07)
(0 -1.812558752544978e-05 7.913802421319012e-07)
(0 -1.812558752544978e-05 7.913802421319012e-07)
(0 -1.812558752544978e-05 7.913802421319012e-07)
(0 -1.812558752544978e-05 7.913802421319012e-07)
(0 -1.812558752544978e-05 7.913802421319012e-07)
(0 -1.812558752544978e-05 7.913802421319012e-07)
(0 -1.812558752544978e-05 7.913802421319012e-07)
(0 -1.812558752544978e-05 7.913802421319012e-07)
(0 -1.812558752544978e-05 7.913802421319012e-07)
(0 -1.812558752544978e-05 7.913802421319012e-07)
(0 -1.812558752544978e-05 7.913802421319012e-07)
(0 -1.812558752544978e-05 7.913802421319012e-07)
(0 -1.812558752544978e-05 7.913802421319012e-07)
(0 -1.812558752544978e-05 7.913802421319012e-07)
(0 -1.812558752544978e-05 7.913802421319012e-07)
(0 -1.812558752544978e-05 7.913802421319012e-07)
(0 -1.812558752544978e-05 7.913802421319012e-07)
(0 -1.812558752544978e-05 7.913802421319012e-07)
(0 -1.812558752544978e-05 7.913802421319012e-07)
(0 -1.812558752544978e-05 7.913802421319012e-07)
(0 -1.812558752544978e-05 7.913802421319012e-07)
(0 -1.812558752544978e-05 7.913802421319012e-07)
(0 -1.812558752544978e-05 7.913802421319012e-07)
(0 -1.812558752544978e-05 7.913802421319012e-07)
(0 -1.812558752544978e-05 7.913802421319012e-07)
(0 -1.812558752544978e-05 7.913802421319012e-07)
(0 -1.812558752544978e-05 7.913802421319012e-07)
(0 -1.812558752544978e-05 7.913802421319012e-07)
(0 -1.812558752544978e-05 7.913802421319012e-07)
(0 -1.812558752544978e-05 7.913802421319012e-07)
(0 -1.812558752544978e-05 7.913802421319012e-07)
(0 -1.812558752544978e-05 7.913802421319012e-07)
(0 -1.812558752544978e-05 7.913802421319012e-07)
(0 -1.812558752544978e-05 7.913802421319012e-07)
(0 -1.812558752544978e-05 7.913802421319012e-07)
(0 -1.812558752544978e-05 7.913802421319012e-07)
(0 -1.812558752544978e-05 7.913802421319012e-07)
(0 -1.812558752544978e-05 7.913802421319012e-07)
(0 -1.812558752544978e-05 7.913802421319012e-07)
(0 -1.812558752544978e-05 7.913802421319012e-07)
(0 -1.812558752544978e-05 7.913802421319012e-07)
(0 -1.812558752544978e-05 7.913802421319012e-07)
(0 -1.812558752544978e-05 7.913802421319012e-07)
(0 -1.812558752544978e-05 7.913802421319012e-07)
(0 -1.812558752544978e-05 7.913802421319012e-07)
(0 -1.812558752544978e-05 -7.913802421319012e-07)
(0 -1.812558752544978e-05 -7.913802421319012e-07)
(0 -1.812558752544978e-05 -7.913802421319012e-07)
(0 -1.812558752544978e-05 -7.913802421319012e-07)
(0 -1.812558752544978e-05 -7.913802421319012e-07)
(0 -1.812558752544978e-05 -7.913802421319012e-07)
(0 -1.812558752544978e-05 -7.913802421319012e-07)
(0 -1.812558752544978e-05 -7.913802421319012e-07)
(0 -1.812558752544978e-05 -7.913802421319012e-07)
(0 -1.812558752544978e-05 -7.913802421319012e-07)
(0 -1.812558752544978e-05 -7.913802421319012e-07)
(0 -1.812558752544978e-05 -7.913802421319012e-07)
(0 -1.812558752544978e-05 -7.913802421319012e-07)
(0 -1.812558752544978e-05 -7.913802421319012e-07)
(0 -1.812558752544978e-05 -7.913802421319012e-07)
(0 -1.812558752544978e-05 -7.913802421319012e-07)
(0 -1.812558752544978e-05 -7.913802421319012e-07)
(0 -1.812558752544978e-05 -7.913802421319012e-07)
(0 -1.812558752544978e-05 -7.913802421319012e-07)
(0 -1.812558752544978e-05 -7.913802421319012e-07)
(0 -1.812558752544978e-05 -7.913802421319012e-07)
(0 -1.812558752544978e-05 -7.913802421319012e-07)
(0 -1.812558752544978e-05 -7.913802421319012e-07)
(0 -1.812558752544978e-05 -7.913802421319012e-07)
(0 -1.812558752544978e-05 -7.913802421319012e-07)
(0 -1.812558752544978e-05 -7.913802421319012e-07)
(0 -1.812558752544978e-05 -7.913802421319012e-07)
(0 -1.812558752544978e-05 -7.913802421319012e-07)
(0 -1.812558752544978e-05 -7.913802421319012e-07)
(0 -1.812558752544978e-05 -7.913802421319012e-07)
(0 -1.812558752544978e-05 -7.913802421319012e-07)
(0 -1.812558752544978e-05 -7.913802421319012e-07)
(0 -1.812558752544978e-05 -7.913802421319012e-07)
(0 -1.812558752544978e-05 -7.913802421319012e-07)
(0 -1.812558752544978e-05 -7.913802421319012e-07)
(0 -1.812558752544978e-05 -7.913802421319012e-07)
(0 -1.812558752544978e-05 -7.913802421319012e-07)
(0 -1.812558752544978e-05 -7.913802421319012e-07)
(0 -1.812558752544978e-05 -7.913802421319012e-07)
(0 -1.812558752544978e-05 -7.913802421319012e-07)
(0 -1.812558752544978e-05 -7.913802421319012e-07)
(0 -1.812558752544978e-05 -7.913802421319012e-07)
(0 -1.812558752544978e-05 -7.913802421319012e-07)
(0 -1.812558752544978e-05 -7.913802421319012e-07)
(0 -1.812558752544978e-05 -7.913802421319012e-07)
(0 -1.812558752544978e-05 -7.913802421319012e-07)
(0 -1.812558752544978e-05 -7.913802421319012e-07)
(0 -1.812558752544978e-05 -7.913802421319012e-07)
(0 -1.812558752544978e-05 -7.913802421319012e-07)
(0 -1.812558752544978e-05 -7.913802421319012e-07)
(0 -1.812558752544978e-05 -7.913802421319012e-07)
(0 -1.812558752544978e-05 -7.913802421319012e-07)
(0 -1.812558752544978e-05 -7.913802421319012e-07)
(0 -1.812558752544978e-05 -7.913802421319012e-07)
(0 -1.812558752544978e-05 -7.913802421319012e-07)
(0 -1.812558752544978e-05 -7.913802421319012e-07)
(0 -1.812558752544978e-05 -7.913802421319012e-07)
(0 -1.812558752544978e-05 -7.913802421319012e-07)
(0 -1.812558752544978e-05 -7.913802421319012e-07)
(0 -1.812558752544978e-05 -7.913802421319012e-07)
(0 -1.812558752544978e-05 -7.913802421319012e-07)
(0 -1.812558752544978e-05 -7.913802421319012e-07)
(0 -1.812558752544978e-05 -7.913802421319012e-07)
(0 -1.812558752544978e-05 -7.913802421319012e-07)
(0 -1.812558752544978e-05 -7.913802421319012e-07)
(0 -1.812558752544978e-05 -7.913802421319012e-07)
(0 -1.812558752544978e-05 -7.913802421319012e-07)
(0 -1.812558752544978e-05 -7.913802421319012e-07)
(0 -1.812558752544978e-05 -7.913802421319012e-07)
(0 -1.812558752544978e-05 -7.913802421319012e-07)
(0 -1.812558752544978e-05 -7.913802421319012e-07)
(0 -1.812558752544978e-05 -7.913802421319012e-07)
(0 -1.812558752544978e-05 -7.913802421319012e-07)
(0 -1.812558752544978e-05 -7.913802421319012e-07)
(0 -1.812558752544978e-05 -7.913802421319012e-07)
(0 -1.812558752544978e-05 -7.913802421319012e-07)
(0 -1.812558752544978e-05 -7.913802421319012e-07)
(0 -1.812558752544978e-05 -7.913802421319012e-07)
(0 -1.812558752544978e-05 -7.913802421319012e-07)
(0 -1.812558752544978e-05 -7.913802421319012e-07)
(0 -1.812558752544978e-05 -7.913802421319012e-07)
(0 -1.812558752544978e-05 -7.913802421319012e-07)
(0 -1.812558752544978e-05 -7.913802421319012e-07)
(0 -1.812558752544978e-05 -7.913802421319012e-07)
(0 -1.812558752544978e-05 -7.913802421319012e-07)
(0 -1.812558752544978e-05 -7.913802421319012e-07)
(0 -1.812558752544978e-05 -7.913802421319012e-07)
(0 -1.812558752544978e-05 -7.913802421319012e-07)
(0 -1.812558752544978e-05 -7.913802421319012e-07)
(0 -1.812558752544978e-05 -7.913802421319012e-07)
(0 -1.812558752544978e-05 -7.913802421319012e-07)
(0 -1.812558752544978e-05 -7.913802421319012e-07)
(0 -1.812558752544978e-05 -7.913802421319012e-07)
(0 -1.812558752544978e-05 -7.913802421319012e-07)
(0 -1.812558752544978e-05 -7.913802421319012e-07)
(0 -1.812558752544978e-05 -7.913802421319012e-07)
(0 -1.812558752544978e-05 -7.913802421319012e-07)
(0 -1.812558752544978e-05 -7.913802421319012e-07)
(0 -1.812558752544978e-05 -7.913802421319012e-07)
(0 -1.812558752544978e-05 -7.913802421319012e-07)
(0 -1.812558752544978e-05 -7.913802421319012e-07)
)