
                    FoamFile
                    {
                         version   2.0;
                         format    ascii;
                         class     vectorField;
                         object    values;
                    }
                    //***********************************************************************// //

                    244
(
(-8658437.0390245 30519.1299990757 7.37473842261802e-11)
(-8658437.0390245 30519.1299990757 7.37473842261802e-11)
(-8676145.12627224 28813.0108261453 7.614987787307879e-11)
(-8806201.41192297 22073.994142316937 6.284109616316793e-11)
(-8950123.984657466 23407.7325199908 4.753096764347589e-12)
(-9107573.614456866 24815.295298610454 2.6206978840812943e-10)
(-9272310.676635558 25739.769716470073 2.501002457830728e-10)
(-9443664.94422387 26466.158173407268 -1.9202628973835158e-10)
(-9621051.530469438 26999.66274396995 -6.811971922807729e-10)
(-9805284.36710896 27648.141209007554 -8.952026875742182e-10)
(-9996538.39809474 28350.36709704729 -1.344540517942769e-09)
(-10194867.809379807 29056.46190365925 -4.732006888378942e-10)
(-10401738.546640249 29802.402440505044 -3.223973460798188e-10)
(-10616178.459665494 30530.443587772097 -2.8437882692195403e-09)
(-10840478.654877529 31168.37961296474 -3.6583902878482618e-09)
(-11073853.26675256 31975.063398073587 -1.9598160121454896e-09)
(-11317408.469836349 32872.928951498536 -1.5889607469716652e-10)
(-11571728.805705328 33707.812367275925 1.2269299172309207e-09)
(-11837195.075961187 34492.787669349476 2.4321501565248703e-09)
(-12116004.615060998 35556.3426359726 3.361117145174225e-09)
(-12406480.94212268 36591.53408304244 8.364026618886314e-10)
(-12712486.38925185 37481.14899584203 7.313294441917041e-10)
(-13033017.549356762 38552.14356496189 2.8852804433246466e-09)
(-13369913.327326156 39867.26943528504 4.502053899684245e-09)
(-13724330.432783179 41127.48519384174 -1.1749565400104354e-09)
(-14096725.679442842 42297.69657508886 2.2188941630293744e-09)
(-14491477.650454398 43818.510197662545 1.4949188475233121e-09)
(-14905780.637851972 45432.7850314165 1.461848191914285e-09)
(-15346231.12325537 46949.482263615704 1.0833997385141478e-09)
(-15811256.124110786 48939.444322307274 6.389192407869802e-10)
(-16304041.257013028 51039.57239949338 -7.523705527233132e-09)
(-16828041.941389456 53183.190633990445 1.3825067832946051e-09)
(-17383180.120315664 55729.384724128206 2.7586268446054823e-09)
(-17977078.69569265 58674.89613867719 5.940564659869789e-09)
(-18606352.244278815 62195.27227821726 -5.463338859003413e-09)
(-19280658.483798724 66017.26005418648 -6.205098215381646e-09)
(-19999124.782659642 70412.5026580534 -6.068134922290416e-09)
(-20766777.052363466 76324.93079474368 -5.204809159441811e-09)
(-21587193.398959674 82440.3840512941 3.240199228638694e-10)
(-22462670.0294724 90120.2023813849 1.0802859150724243e-08)
(-23400507.57992845 99811.272665297 7.34969085214009e-09)
(-24396817.175737184 110300.38250709683 -2.5675768162054246e-09)
(-25461355.488936424 125297.56965842232 1.0221767011008795e-08)
(-26582576.761513606 141329.17646454056 4.316841404564327e-09)
(-27769995.143496964 161794.00692904842 -4.040392689258729e-09)
(-29001196.371708244 189013.14260072005 -2.2484102054721478e-10)
(-30266617.34159241 218898.56121000048 7.272471354141764e-09)
(-31513993.48376175 274109.8844654861 1.3170209988570934e-08)
(-32625669.42353118 343518.4939788386 4.384600842190634e-09)
(-33479462.111451298 436619.4330363616 6.301322104825271e-09)
(-33895130.19998619 538432.7225839625 6.0873905772567516e-09)
(-33833461.1470973 604285.3894130911 9.921509718412927e-09)
(-33228669.931644693 659992.7324311626 -1.0480284937627217e-08)
(-32071034.475412294 671287.4459394098 5.505297627900932e-09)
(-30343947.310921498 646142.9188083825 3.933018773479515e-09)
(-28140352.387913376 584660.6176709299 -7.737909115287928e-09)
(-25391077.059223223 487494.0083754222 -3.751614365000756e-09)
(-22161848.91060252 356264.3157252256 -3.084276518018088e-09)
(-18490196.86049713 219507.43014299666 3.243168243556032e-09)
(-14056887.4531126 68075.28077290126 -8.951390603927464e-10)
(-8227256.587268826 -101787.37485097752 4.0781622261338704e-09)
(-827734.9801891497 -206775.7201387337 2.522948232583276e-09)
(5678252.595603319 43102.99706746331 -5.678911751867725e-09)
(4516532.27661915 14271.472493605856 1.2605240524850583e-08)
(4425055.289509716 44090.38014996817 -4.2360474149544065e-09)
(4245110.689690529 44200.734581354525 1.0073702143162992e-08)
(3717845.0313967965 43534.63609280628 2.3368477238938643e-09)
(3194325.118084345 40473.89482379535 -8.791774331744178e-10)
(2693724.611169735 35889.4131188162 -9.71184497156653e-10)
(2138946.154496066 28459.79402500584 1.1429639010045103e-09)
(1547709.1552582288 28552.306982354716 -6.525063514748345e-11)
(946054.8459339996 89194.53163804843 3.628505528912385e-11)
(850474.321576894 103290.033964429 -1.71777231654902e-10)
(850474.321576894 103290.033964429 -1.71777231654902e-10)
(850474.321576894 103290.033964429 -1.71777231654902e-10)
(850474.321576894 103290.033964429 -1.71777231654902e-10)
(850474.321576894 103290.033964429 -1.71777231654902e-10)
(850474.321576894 103290.033964429 -1.71777231654902e-10)
(850474.321576894 103290.033964429 -1.71777231654902e-10)
(850474.321576894 103290.033964429 -1.71777231654902e-10)
(850474.321576894 103290.033964429 -1.71777231654902e-10)
(850474.321576894 103290.033964429 -1.71777231654902e-10)
(850474.321576894 103290.033964429 -1.71777231654902e-10)
(850474.321576894 103290.033964429 -1.71777231654902e-10)
(850474.321576894 103290.033964429 -1.71777231654902e-10)
(850474.321576894 103290.033964429 -1.71777231654902e-10)
(850474.321576894 103290.033964429 -1.71777231654902e-10)
(850474.321576894 103290.033964429 -1.71777231654902e-10)
(850474.321576894 103290.033964429 -1.71777231654902e-10)
(850474.321576894 103290.033964429 -1.71777231654902e-10)
(850474.321576894 103290.033964429 -1.71777231654902e-10)
(850474.321576894 103290.033964429 -1.71777231654902e-10)
(850474.321576894 103290.033964429 -1.71777231654902e-10)
(850474.321576894 103290.033964429 -1.71777231654902e-10)
(850474.321576894 103290.033964429 -1.71777231654902e-10)
(850474.321576894 103290.033964429 -1.71777231654902e-10)
(850474.321576894 103290.033964429 -1.71777231654902e-10)
(850474.321576894 103290.033964429 -1.71777231654902e-10)
(850474.321576894 103290.033964429 -1.71777231654902e-10)
(850474.321576894 103290.033964429 -1.71777231654902e-10)
(850474.321576894 103290.033964429 -1.71777231654902e-10)
(850474.321576894 103290.033964429 -1.71777231654902e-10)
(850474.321576894 103290.033964429 -1.71777231654902e-10)
(850474.321576894 103290.033964429 -1.71777231654902e-10)
(850474.321576894 103290.033964429 -1.71777231654902e-10)
(850474.321576894 103290.033964429 -1.71777231654902e-10)
(850474.321576894 103290.033964429 -1.71777231654902e-10)
(850474.321576894 103290.033964429 -1.71777231654902e-10)
(850474.321576894 103290.033964429 -1.71777231654902e-10)
(850474.321576894 103290.033964429 -1.71777231654902e-10)
(850474.321576894 103290.033964429 -1.71777231654902e-10)
(850474.321576894 103290.033964429 -1.71777231654902e-10)
(850474.321576894 103290.033964429 -1.71777231654902e-10)
(850474.321576894 103290.033964429 -1.71777231654902e-10)
(850474.321576894 103290.033964429 -1.71777231654902e-10)
(850474.321576894 103290.033964429 -1.71777231654902e-10)
(850474.321576894 103290.033964429 -1.71777231654902e-10)
(850474.321576894 103290.033964429 -1.71777231654902e-10)
(850474.321576894 103290.033964429 -1.71777231654902e-10)
(850474.321576894 103290.033964429 -1.71777231654902e-10)
(850474.321576894 103290.033964429 -1.71777231654902e-10)
(850474.321576894 103290.033964429 -1.71777231654902e-10)
(-8658437.0390245 30519.1299990757 7.37473842261802e-11)
(-8658437.0390245 30519.1299990757 7.37473842261802e-11)
(-8676145.12627224 28813.0108261453 7.614987787307879e-11)
(-8806201.41192297 22073.994142316937 6.284109616316793e-11)
(-8950123.984657466 23407.7325199908 4.753096764347589e-12)
(-9107573.614456866 24815.295298610454 2.6206978840812943e-10)
(-9272310.676635558 25739.769716470073 2.501002457830728e-10)
(-9443664.94422387 26466.158173407268 -1.9202628973835158e-10)
(-9621051.530469438 26999.66274396995 -6.811971922807729e-10)
(-9805284.36710896 27648.141209007554 -8.952026875742182e-10)
(-9996538.39809474 28350.36709704729 -1.344540517942769e-09)
(-10194867.809379807 29056.46190365925 -4.732006888378942e-10)
(-10401738.546640249 29802.402440505044 -3.223973460798188e-10)
(-10616178.459665494 30530.443587772097 -2.8437882692195403e-09)
(-10840478.654877529 31168.37961296474 -3.6583902878482618e-09)
(-11073853.26675256 31975.063398073587 -1.9598160121454896e-09)
(-11317408.469836349 32872.928951498536 -1.5889607469716652e-10)
(-11571728.805705328 33707.812367275925 1.2269299172309207e-09)
(-11837195.075961187 34492.787669349476 2.4321501565248703e-09)
(-12116004.615060998 35556.3426359726 3.361117145174225e-09)
(-12406480.94212268 36591.53408304244 8.364026618886314e-10)
(-12712486.38925185 37481.14899584203 7.313294441917041e-10)
(-13033017.549356762 38552.14356496189 2.8852804433246466e-09)
(-13369913.327326156 39867.26943528504 4.502053899684245e-09)
(-13724330.432783179 41127.48519384174 -1.1749565400104354e-09)
(-14096725.679442842 42297.69657508886 2.2188941630293744e-09)
(-14491477.650454398 43818.510197662545 1.4949188475233121e-09)
(-14905780.637851972 45432.7850314165 1.461848191914285e-09)
(-15346231.12325537 46949.482263615704 1.0833997385141478e-09)
(-15811256.124110786 48939.444322307274 6.389192407869802e-10)
(-16304041.257013028 51039.57239949338 -7.523705527233132e-09)
(-16828041.941389456 53183.190633990445 1.3825067832946051e-09)
(-17383180.120315664 55729.384724128206 2.7586268446054823e-09)
(-17977078.69569265 58674.89613867719 5.940564659869789e-09)
(-18606352.244278815 62195.27227821726 -5.463338859003413e-09)
(-19280658.483798724 66017.26005418648 -6.205098215381646e-09)
(-19999124.782659642 70412.5026580534 -6.068134922290416e-09)
(-20766777.052363466 76324.93079474368 -5.204809159441811e-09)
(-21587193.398959674 82440.3840512941 3.240199228638694e-10)
(-22462670.0294724 90120.2023813849 1.0802859150724243e-08)
(-23400507.57992845 99811.272665297 7.34969085214009e-09)
(-24396817.175737184 110300.38250709683 -2.5675768162054246e-09)
(-25461355.488936424 125297.56965842232 1.0221767011008795e-08)
(-26582576.761513606 141329.17646454056 4.316841404564327e-09)
(-27769995.143496964 161794.00692904842 -4.040392689258729e-09)
(-29001196.371708244 189013.14260072005 -2.2484102054721478e-10)
(-30266617.34159241 218898.56121000048 7.272471354141764e-09)
(-31513993.48376175 274109.8844654861 1.3170209988570934e-08)
(-32625669.42353118 343518.4939788386 4.384600842190634e-09)
(-33479462.111451298 436619.4330363616 6.301322104825271e-09)
(-33895130.19998619 538432.7225839625 6.0873905772567516e-09)
(-33833461.1470973 604285.3894130911 9.921509718412927e-09)
(-33228669.931644693 659992.7324311626 -1.0480284937627217e-08)
(-32071034.475412294 671287.4459394098 5.505297627900932e-09)
(-30343947.310921498 646142.9188083825 3.933018773479515e-09)
(-28140352.387913376 584660.6176709299 -7.737909115287928e-09)
(-25391077.059223223 487494.0083754222 -3.751614365000756e-09)
(-22161848.91060252 356264.3157252256 -3.084276518018088e-09)
(-18490196.86049713 219507.43014299666 3.243168243556032e-09)
(-14056887.4531126 68075.28077290126 -8.951390603927464e-10)
(-8227256.587268826 -101787.37485097752 4.0781622261338704e-09)
(-827734.9801891497 -206775.7201387337 2.522948232583276e-09)
(5678252.595603319 43102.99706746331 -5.678911751867725e-09)
(4516532.27661915 14271.472493605856 1.2605240524850583e-08)
(4425055.289509716 44090.38014996817 -4.2360474149544065e-09)
(4245110.689690529 44200.734581354525 1.0073702143162992e-08)
(3717845.0313967965 43534.63609280628 2.3368477238938643e-09)
(3194325.118084345 40473.89482379535 -8.791774331744178e-10)
(2693724.611169735 35889.4131188162 -9.71184497156653e-10)
(2138946.154496066 28459.79402500584 1.1429639010045103e-09)
(1547709.1552582288 28552.306982354716 -6.525063514748345e-11)
(946054.8459339996 89194.53163804843 3.628505528912385e-11)
(850474.321576894 103290.033964429 -1.71777231654902e-10)
(850474.321576894 103290.033964429 -1.71777231654902e-10)
(850474.321576894 103290.033964429 -1.71777231654902e-10)
(850474.321576894 103290.033964429 -1.71777231654902e-10)
(850474.321576894 103290.033964429 -1.71777231654902e-10)
(850474.321576894 103290.033964429 -1.71777231654902e-10)
(850474.321576894 103290.033964429 -1.71777231654902e-10)
(850474.321576894 103290.033964429 -1.71777231654902e-10)
(850474.321576894 103290.033964429 -1.71777231654902e-10)
(850474.321576894 103290.033964429 -1.71777231654902e-10)
(850474.321576894 103290.033964429 -1.71777231654902e-10)
(850474.321576894 103290.033964429 -1.71777231654902e-10)
(850474.321576894 103290.033964429 -1.71777231654902e-10)
(850474.321576894 103290.033964429 -1.71777231654902e-10)
(850474.321576894 103290.033964429 -1.71777231654902e-10)
(850474.321576894 103290.033964429 -1.71777231654902e-10)
(850474.321576894 103290.033964429 -1.71777231654902e-10)
(850474.321576894 103290.033964429 -1.71777231654902e-10)
(850474.321576894 103290.033964429 -1.71777231654902e-10)
(850474.321576894 103290.033964429 -1.71777231654902e-10)
(850474.321576894 103290.033964429 -1.71777231654902e-10)
(850474.321576894 103290.033964429 -1.71777231654902e-10)
(850474.321576894 103290.033964429 -1.71777231654902e-10)
(850474.321576894 103290.033964429 -1.71777231654902e-10)
(850474.321576894 103290.033964429 -1.71777231654902e-10)
(850474.321576894 103290.033964429 -1.71777231654902e-10)
(850474.321576894 103290.033964429 -1.71777231654902e-10)
(850474.321576894 103290.033964429 -1.71777231654902e-10)
(850474.321576894 103290.033964429 -1.71777231654902e-10)
(850474.321576894 103290.033964429 -1.71777231654902e-10)
(850474.321576894 103290.033964429 -1.71777231654902e-10)
(850474.321576894 103290.033964429 -1.71777231654902e-10)
(850474.321576894 103290.033964429 -1.71777231654902e-10)
(850474.321576894 103290.033964429 -1.71777231654902e-10)
(850474.321576894 103290.033964429 -1.71777231654902e-10)
(850474.321576894 103290.033964429 -1.71777231654902e-10)
(850474.321576894 103290.033964429 -1.71777231654902e-10)
(850474.321576894 103290.033964429 -1.71777231654902e-10)
(850474.321576894 103290.033964429 -1.71777231654902e-10)
(850474.321576894 103290.033964429 -1.71777231654902e-10)
(850474.321576894 103290.033964429 -1.71777231654902e-10)
(850474.321576894 103290.033964429 -1.71777231654902e-10)
(850474.321576894 103290.033964429 -1.71777231654902e-10)
(850474.321576894 103290.033964429 -1.71777231654902e-10)
(850474.321576894 103290.033964429 -1.71777231654902e-10)
(850474.321576894 103290.033964429 -1.71777231654902e-10)
(850474.321576894 103290.033964429 -1.71777231654902e-10)
(850474.321576894 103290.033964429 -1.71777231654902e-10)
(850474.321576894 103290.033964429 -1.71777231654902e-10)
(850474.321576894 103290.033964429 -1.71777231654902e-10)
)