202
(
(0.9980580000000001 0.0 0.0)
(0.9980608757514162 0.0 0.0)
(0.9980706953906592 0.0 0.0)
(0.9980780809454327 0.0 0.0)
(0.998085403606648 0.0 0.0)
(0.9980931514715553 0.0 0.0)
(0.9981029691430446 0.0 0.0)
(0.9981132014007139 0.0 0.0)
(0.9981237220970064 0.0 0.0)
(0.9981342410305762 0.0 0.0)
(0.9981457946255977 0.0 0.0)
(0.9981579354646933 0.0 0.0)
(0.9981705607143359 0.0 0.0)
(0.9981838050399707 0.0 0.0)
(0.9981977728253049 0.0 0.0)
(0.998212520122325 0.0 0.0)
(0.9982279478909148 0.0 0.0)
(0.9982438018246179 0.0 0.0)
(0.9982601850740314 0.0 0.0)
(0.9982777131170991 0.0 0.0)
(0.9982957735656955 0.0 0.0)
(0.9983142361443393 0.0 0.0)
(0.9983331664303349 0.0 0.0)
(0.9983533631397624 0.0 0.0)
(0.9983743643306143 0.0 0.0)
(0.9983961345576875 0.0 0.0)
(0.9984185704515154 0.0 0.0)
(0.998441444043635 0.0 0.0)
(0.9984649965103838 0.0 0.0)
(0.9984902318349365 0.0 0.0)
(0.9985160079139194 0.0 0.0)
(0.9985424276810568 0.0 0.0)
(0.9985697659483114 0.0 0.0)
(0.9985983916112361 0.0 0.0)
(0.998627821186124 0.0 0.0)
(0.998658054285478 0.0 0.0)
(0.9986895921223278 0.0 0.0)
(0.9987224719398083 0.0 0.0)
(0.9987564086255498 0.0 0.0)
(0.998791450663341 0.0 0.0)
(0.9988281422525739 0.0 0.0)
(0.9988660360618337 0.0 0.0)
(0.9989052752839136 0.0 0.0)
(0.9989458261414691 0.0 0.0)
(0.9989878781711167 0.0 0.0)
(0.999031473860024 0.0 0.0)
(0.9990770193777514 0.0 0.0)
(0.9991239232014688 0.0 0.0)
(0.9991720271592301 0.0 0.0)
(0.99922176691241 0.0 0.0)
(0.9992731676522494 0.0 0.0)
(0.9993260255621337 0.0 0.0)
(0.9993806582847853 0.0 0.0)
(0.9994372636805164 0.0 0.0)
(0.9994947075512332 0.0 0.0)
(0.9995530051966228 0.0 0.0)
(0.9996132291934078 0.0 0.0)
(0.9996743657117357 0.0 0.0)
(0.9997362984515359 0.0 0.0)
(0.9997993071454427 0.0 0.0)
(0.999862312601067 0.0 0.0)
(0.9999253153598662 0.0 0.0)
(0.9999883151900995 0.0 0.0)
(1.000049991972766 0.0 0.0)
(1.000112301840899 0.0 0.0)
(1.000174702787807 0.0 0.0)
(1.0002306880028338 0.0 0.0)
(1.0002820855774808 0.0 0.0)
(1.0003310669401235 0.0 0.0)
(1.0003800470930613 0.0 0.0)
(1.0004178741442442 0.0 0.0)
(1.0004732287272764 0.0 0.0)
(1.0005636423491546 0.0 0.0)
(1.0005172290385647 0.0 0.0)
(1.00049 0.0 0.0)
(1.000488334283298 0.0 0.0)
(1.0004673461898388 0.0 0.0)
(1.0004327154015369 0.0 0.0)
(1.0003861061398154 0.0 0.0)
(1.0003231367592362 0.0 0.0)
(1.000238010293663 0.0 0.0)
(1.0001445022329043 0.0 0.0)
(1.0000465280033177 0.0 0.0)
(0.9999204394392875 0.0 0.0)
(0.9997923277267161 0.0 0.0)
(0.9996785531824283 0.0 0.0)
(0.9997380656425549 0.0 0.0)
(0.999814835381573 0.0 0.0)
(0.9999094321856016 0.0 0.0)
(1.0000340370430012 0.0 0.0)
(1.0001375842313982 0.0 0.0)
(1.0002254376672108 0.0 0.0)
(1.000295491631626 0.0 0.0)
(1.0003396663149131 0.0 0.0)
(1.000375907227282 0.0 0.0)
(1.000403204111967 0.0 0.0)
(1.000418328440074 0.0 0.0)
(1.0004262113372928 0.0 0.0)
(1.0004268055747487 0.0 0.0)
(1.0004191127118278 0.0 0.0)
(1.0003841975248564 0.0 0.0)
(0.9980608757514162 0.0 0.0)
(0.9980580000000001 0.0 0.0)
(0.9980706953906592 0.0 0.0)
(0.9980780809454327 0.0 0.0)
(0.998085403606648 0.0 0.0)
(0.9980931514715553 0.0 0.0)
(0.9981029691430446 0.0 0.0)
(0.9981132014007139 0.0 0.0)
(0.9981237220970064 0.0 0.0)
(0.9981342410305762 0.0 0.0)
(0.9981457946255977 0.0 0.0)
(0.9981579354646933 0.0 0.0)
(0.9981705607143359 0.0 0.0)
(0.9981838050399707 0.0 0.0)
(0.9981977728253049 0.0 0.0)
(0.998212520122325 0.0 0.0)
(0.9982279478909148 0.0 0.0)
(0.9982438018246179 0.0 0.0)
(0.9982601850740314 0.0 0.0)
(0.9982777131170991 0.0 0.0)
(0.9982957735656955 0.0 0.0)
(0.9983142361443393 0.0 0.0)
(0.9983331664303349 0.0 0.0)
(0.9983533631397624 0.0 0.0)
(0.9983743643306143 0.0 0.0)
(0.9983961345576875 0.0 0.0)
(0.9984185704515154 0.0 0.0)
(0.998441444043635 0.0 0.0)
(0.9984649965103838 0.0 0.0)
(0.9984902318349365 0.0 0.0)
(0.9985160079139194 0.0 0.0)
(0.9985424276810568 0.0 0.0)
(0.9985697659483114 0.0 0.0)
(0.9985983916112361 0.0 0.0)
(0.998627821186124 0.0 0.0)
(0.998658054285478 0.0 0.0)
(0.9986895921223278 0.0 0.0)
(0.9987224719398083 0.0 0.0)
(0.9987564086255498 0.0 0.0)
(0.998791450663341 0.0 0.0)
(0.9988281422525739 0.0 0.0)
(0.9988660360618337 0.0 0.0)
(0.9989052752839136 0.0 0.0)
(0.9989458261414691 0.0 0.0)
(0.9989878781711167 0.0 0.0)
(0.999031473860024 0.0 0.0)
(0.9990770193777514 0.0 0.0)
(0.9991239232014688 0.0 0.0)
(0.9991720271592301 0.0 0.0)
(0.99922176691241 0.0 0.0)
(0.9992731676522494 0.0 0.0)
(0.9993260255621337 0.0 0.0)
(0.9993806582847853 0.0 0.0)
(0.9994372636805164 0.0 0.0)
(0.9994947075512332 0.0 0.0)
(0.9995530051966228 0.0 0.0)
(0.9996132291934078 0.0 0.0)
(0.9996743657117357 0.0 0.0)
(0.9997362984515359 0.0 0.0)
(0.9997993071454427 0.0 0.0)
(0.999862312601067 0.0 0.0)
(0.9999253153598662 0.0 0.0)
(0.9999883151900995 0.0 0.0)
(1.000049991972766 0.0 0.0)
(1.000112301840899 0.0 0.0)
(1.000174702787807 0.0 0.0)
(1.0002306880028338 0.0 0.0)
(1.0002820855774808 0.0 0.0)
(1.0003310669401235 0.0 0.0)
(1.0003800470930613 0.0 0.0)
(1.0004178741442442 0.0 0.0)
(1.0004732287272764 0.0 0.0)
(1.0005636423491546 0.0 0.0)
(1.0005172290385647 0.0 0.0)
(1.00049 0.0 0.0)
(1.000488334283298 0.0 0.0)
(1.0004673461898388 0.0 0.0)
(1.0004327154015369 0.0 0.0)
(1.0003861061398154 0.0 0.0)
(1.0003231367592362 0.0 0.0)
(1.000238010293663 0.0 0.0)
(1.0001445022329043 0.0 0.0)
(1.0000465280033177 0.0 0.0)
(0.9999204394392875 0.0 0.0)
(0.9997923277267161 0.0 0.0)
(0.9996785531824283 0.0 0.0)
(0.9997380656425549 0.0 0.0)
(0.999814835381573 0.0 0.0)
(0.9999094321856016 0.0 0.0)
(1.0000340370430012 0.0 0.0)
(1.0001375842313982 0.0 0.0)
(1.0002254376672108 0.0 0.0)
(1.000295491631626 0.0 0.0)
(1.0003396663149131 0.0 0.0)
(1.000375907227282 0.0 0.0)
(1.000403204111967 0.0 0.0)
(1.000418328440074 0.0 0.0)
(1.0004262113372928 0.0 0.0)
(1.0004268055747487 0.0 0.0)
(1.0004191127118278 0.0 0.0)
(1.0003841975248564 0.0 0.0)
)