202
(
(0 -1.635129284950316e-05 7.13912863582519e-07)
(0 -1.635129284950316e-05 7.13912863582519e-07)
(0 -1.635129284950316e-05 7.13912863582519e-07)
(0 -1.635129284950316e-05 7.13912863582519e-07)
(0 -1.635129284950316e-05 7.13912863582519e-07)
(0 -1.635129284950316e-05 7.13912863582519e-07)
(0 -1.635129284950316e-05 7.13912863582519e-07)
(0 -1.635129284950316e-05 7.13912863582519e-07)
(0 -1.635129284950316e-05 7.13912863582519e-07)
(0 -1.635129284950316e-05 7.13912863582519e-07)
(0 -1.635129284950316e-05 7.13912863582519e-07)
(0 -1.635129284950316e-05 7.13912863582519e-07)
(0 -1.635129284950316e-05 7.13912863582519e-07)
(0 -1.635129284950316e-05 7.13912863582519e-07)
(0 -1.635129284950316e-05 7.13912863582519e-07)
(0 -1.635129284950316e-05 7.13912863582519e-07)
(0 -1.635129284950316e-05 7.13912863582519e-07)
(0 -1.635129284950316e-05 7.13912863582519e-07)
(0 -1.635129284950316e-05 7.13912863582519e-07)
(0 -1.635129284950316e-05 7.13912863582519e-07)
(0 -1.635129284950316e-05 7.13912863582519e-07)
(0 -1.635129284950316e-05 7.13912863582519e-07)
(0 -1.635129284950316e-05 7.13912863582519e-07)
(0 -1.635129284950316e-05 7.13912863582519e-07)
(0 -1.635129284950316e-05 7.13912863582519e-07)
(0 -1.635129284950316e-05 7.13912863582519e-07)
(0 -1.635129284950316e-05 7.13912863582519e-07)
(0 -1.635129284950316e-05 7.13912863582519e-07)
(0 -1.635129284950316e-05 7.13912863582519e-07)
(0 -1.635129284950316e-05 7.13912863582519e-07)
(0 -1.635129284950316e-05 7.13912863582519e-07)
(0 -1.635129284950316e-05 7.13912863582519e-07)
(0 -1.635129284950316e-05 7.13912863582519e-07)
(0 -1.635129284950316e-05 7.13912863582519e-07)
(0 -1.635129284950316e-05 7.13912863582519e-07)
(0 -1.635129284950316e-05 7.13912863582519e-07)
(0 -1.635129284950316e-05 7.13912863582519e-07)
(0 -1.635129284950316e-05 7.13912863582519e-07)
(0 -1.635129284950316e-05 7.13912863582519e-07)
(0 -1.635129284950316e-05 7.13912863582519e-07)
(0 -1.635129284950316e-05 7.13912863582519e-07)
(0 -1.635129284950316e-05 7.13912863582519e-07)
(0 -1.635129284950316e-05 7.13912863582519e-07)
(0 -1.635129284950316e-05 7.13912863582519e-07)
(0 -1.635129284950316e-05 7.13912863582519e-07)
(0 -1.635129284950316e-05 7.13912863582519e-07)
(0 -1.635129284950316e-05 7.13912863582519e-07)
(0 -1.635129284950316e-05 7.13912863582519e-07)
(0 -1.635129284950316e-05 7.13912863582519e-07)
(0 -1.635129284950316e-05 7.13912863582519e-07)
(0 -1.635129284950316e-05 7.13912863582519e-07)
(0 -1.635129284950316e-05 7.13912863582519e-07)
(0 -1.635129284950316e-05 7.13912863582519e-07)
(0 -1.635129284950316e-05 7.13912863582519e-07)
(0 -1.635129284950316e-05 7.13912863582519e-07)
(0 -1.635129284950316e-05 7.13912863582519e-07)
(0 -1.635129284950316e-05 7.13912863582519e-07)
(0 -1.635129284950316e-05 7.13912863582519e-07)
(0 -1.635129284950316e-05 7.13912863582519e-07)
(0 -1.635129284950316e-05 7.13912863582519e-07)
(0 -1.635129284950316e-05 7.13912863582519e-07)
(0 -1.635129284950316e-05 7.13912863582519e-07)
(0 -1.635129284950316e-05 7.13912863582519e-07)
(0 -1.635129284950316e-05 7.13912863582519e-07)
(0 -1.635129284950316e-05 7.13912863582519e-07)
(0 -1.635129284950316e-05 7.13912863582519e-07)
(0 -1.635129284950316e-05 7.13912863582519e-07)
(0 -1.635129284950316e-05 7.13912863582519e-07)
(0 -1.635129284950316e-05 7.13912863582519e-07)
(0 -1.635129284950316e-05 7.13912863582519e-07)
(0 -1.635129284950316e-05 7.13912863582519e-07)
(0 -1.635129284950316e-05 7.13912863582519e-07)
(0 -1.635129284950316e-05 7.13912863582519e-07)
(0 -1.635129284950316e-05 7.13912863582519e-07)
(0 -1.635129284950316e-05 7.13912863582519e-07)
(0 -1.635129284950316e-05 7.13912863582519e-07)
(0 -1.635129284950316e-05 7.13912863582519e-07)
(0 -1.635129284950316e-05 7.13912863582519e-07)
(0 -1.635129284950316e-05 7.13912863582519e-07)
(0 -1.635129284950316e-05 7.13912863582519e-07)
(0 -1.635129284950316e-05 7.13912863582519e-07)
(0 -1.635129284950316e-05 7.13912863582519e-07)
(0 -1.635129284950316e-05 7.13912863582519e-07)
(0 -1.635129284950316e-05 7.13912863582519e-07)
(0 -1.635129284950316e-05 7.13912863582519e-07)
(0 -1.635129284950316e-05 7.13912863582519e-07)
(0 -1.635129284950316e-05 7.13912863582519e-07)
(0 -1.635129284950316e-05 7.13912863582519e-07)
(0 -1.635129284950316e-05 7.13912863582519e-07)
(0 -1.635129284950316e-05 7.13912863582519e-07)
(0 -1.635129284950316e-05 7.13912863582519e-07)
(0 -1.635129284950316e-05 7.13912863582519e-07)
(0 -1.635129284950316e-05 7.13912863582519e-07)
(0 -1.635129284950316e-05 7.13912863582519e-07)
(0 -1.635129284950316e-05 7.13912863582519e-07)
(0 -1.635129284950316e-05 7.13912863582519e-07)
(0 -1.635129284950316e-05 7.13912863582519e-07)
(0 -1.635129284950316e-05 7.13912863582519e-07)
(0 -1.635129284950316e-05 7.13912863582519e-07)
(0 -1.635129284950316e-05 7.13912863582519e-07)
(0 -1.635129284950316e-05 7.13912863582519e-07)
(0 -1.635129284950316e-05 -7.13912863582519e-07)
(0 -1.635129284950316e-05 -7.13912863582519e-07)
(0 -1.635129284950316e-05 -7.13912863582519e-07)
(0 -1.635129284950316e-05 -7.13912863582519e-07)
(0 -1.635129284950316e-05 -7.13912863582519e-07)
(0 -1.635129284950316e-05 -7.13912863582519e-07)
(0 -1.635129284950316e-05 -7.13912863582519e-07)
(0 -1.635129284950316e-05 -7.13912863582519e-07)
(0 -1.635129284950316e-05 -7.13912863582519e-07)
(0 -1.635129284950316e-05 -7.13912863582519e-07)
(0 -1.635129284950316e-05 -7.13912863582519e-07)
(0 -1.635129284950316e-05 -7.13912863582519e-07)
(0 -1.635129284950316e-05 -7.13912863582519e-07)
(0 -1.635129284950316e-05 -7.13912863582519e-07)
(0 -1.635129284950316e-05 -7.13912863582519e-07)
(0 -1.635129284950316e-05 -7.13912863582519e-07)
(0 -1.635129284950316e-05 -7.13912863582519e-07)
(0 -1.635129284950316e-05 -7.13912863582519e-07)
(0 -1.635129284950316e-05 -7.13912863582519e-07)
(0 -1.635129284950316e-05 -7.13912863582519e-07)
(0 -1.635129284950316e-05 -7.13912863582519e-07)
(0 -1.635129284950316e-05 -7.13912863582519e-07)
(0 -1.635129284950316e-05 -7.13912863582519e-07)
(0 -1.635129284950316e-05 -7.13912863582519e-07)
(0 -1.635129284950316e-05 -7.13912863582519e-07)
(0 -1.635129284950316e-05 -7.13912863582519e-07)
(0 -1.635129284950316e-05 -7.13912863582519e-07)
(0 -1.635129284950316e-05 -7.13912863582519e-07)
(0 -1.635129284950316e-05 -7.13912863582519e-07)
(0 -1.635129284950316e-05 -7.13912863582519e-07)
(0 -1.635129284950316e-05 -7.13912863582519e-07)
(0 -1.635129284950316e-05 -7.13912863582519e-07)
(0 -1.635129284950316e-05 -7.13912863582519e-07)
(0 -1.635129284950316e-05 -7.13912863582519e-07)
(0 -1.635129284950316e-05 -7.13912863582519e-07)
(0 -1.635129284950316e-05 -7.13912863582519e-07)
(0 -1.635129284950316e-05 -7.13912863582519e-07)
(0 -1.635129284950316e-05 -7.13912863582519e-07)
(0 -1.635129284950316e-05 -7.13912863582519e-07)
(0 -1.635129284950316e-05 -7.13912863582519e-07)
(0 -1.635129284950316e-05 -7.13912863582519e-07)
(0 -1.635129284950316e-05 -7.13912863582519e-07)
(0 -1.635129284950316e-05 -7.13912863582519e-07)
(0 -1.635129284950316e-05 -7.13912863582519e-07)
(0 -1.635129284950316e-05 -7.13912863582519e-07)
(0 -1.635129284950316e-05 -7.13912863582519e-07)
(0 -1.635129284950316e-05 -7.13912863582519e-07)
(0 -1.635129284950316e-05 -7.13912863582519e-07)
(0 -1.635129284950316e-05 -7.13912863582519e-07)
(0 -1.635129284950316e-05 -7.13912863582519e-07)
(0 -1.635129284950316e-05 -7.13912863582519e-07)
(0 -1.635129284950316e-05 -7.13912863582519e-07)
(0 -1.635129284950316e-05 -7.13912863582519e-07)
(0 -1.635129284950316e-05 -7.13912863582519e-07)
(0 -1.635129284950316e-05 -7.13912863582519e-07)
(0 -1.635129284950316e-05 -7.13912863582519e-07)
(0 -1.635129284950316e-05 -7.13912863582519e-07)
(0 -1.635129284950316e-05 -7.13912863582519e-07)
(0 -1.635129284950316e-05 -7.13912863582519e-07)
(0 -1.635129284950316e-05 -7.13912863582519e-07)
(0 -1.635129284950316e-05 -7.13912863582519e-07)
(0 -1.635129284950316e-05 -7.13912863582519e-07)
(0 -1.635129284950316e-05 -7.13912863582519e-07)
(0 -1.635129284950316e-05 -7.13912863582519e-07)
(0 -1.635129284950316e-05 -7.13912863582519e-07)
(0 -1.635129284950316e-05 -7.13912863582519e-07)
(0 -1.635129284950316e-05 -7.13912863582519e-07)
(0 -1.635129284950316e-05 -7.13912863582519e-07)
(0 -1.635129284950316e-05 -7.13912863582519e-07)
(0 -1.635129284950316e-05 -7.13912863582519e-07)
(0 -1.635129284950316e-05 -7.13912863582519e-07)
(0 -1.635129284950316e-05 -7.13912863582519e-07)
(0 -1.635129284950316e-05 -7.13912863582519e-07)
(0 -1.635129284950316e-05 -7.13912863582519e-07)
(0 -1.635129284950316e-05 -7.13912863582519e-07)
(0 -1.635129284950316e-05 -7.13912863582519e-07)
(0 -1.635129284950316e-05 -7.13912863582519e-07)
(0 -1.635129284950316e-05 -7.13912863582519e-07)
(0 -1.635129284950316e-05 -7.13912863582519e-07)
(0 -1.635129284950316e-05 -7.13912863582519e-07)
(0 -1.635129284950316e-05 -7.13912863582519e-07)
(0 -1.635129284950316e-05 -7.13912863582519e-07)
(0 -1.635129284950316e-05 -7.13912863582519e-07)
(0 -1.635129284950316e-05 -7.13912863582519e-07)
(0 -1.635129284950316e-05 -7.13912863582519e-07)
(0 -1.635129284950316e-05 -7.13912863582519e-07)
(0 -1.635129284950316e-05 -7.13912863582519e-07)
(0 -1.635129284950316e-05 -7.13912863582519e-07)
(0 -1.635129284950316e-05 -7.13912863582519e-07)
(0 -1.635129284950316e-05 -7.13912863582519e-07)
(0 -1.635129284950316e-05 -7.13912863582519e-07)
(0 -1.635129284950316e-05 -7.13912863582519e-07)
(0 -1.635129284950316e-05 -7.13912863582519e-07)
(0 -1.635129284950316e-05 -7.13912863582519e-07)
(0 -1.635129284950316e-05 -7.13912863582519e-07)
(0 -1.635129284950316e-05 -7.13912863582519e-07)
(0 -1.635129284950316e-05 -7.13912863582519e-07)
(0 -1.635129284950316e-05 -7.13912863582519e-07)
(0 -1.635129284950316e-05 -7.13912863582519e-07)
(0 -1.635129284950316e-05 -7.13912863582519e-07)
(0 -1.635129284950316e-05 -7.13912863582519e-07)
)