202
(
(0 -1.4463152797597481e-05 6.314748885729901e-07)
(0 -1.4463152797597481e-05 6.314748885729901e-07)
(0 -1.4463152797597481e-05 6.314748885729901e-07)
(0 -1.4463152797597481e-05 6.314748885729901e-07)
(0 -1.4463152797597481e-05 6.314748885729901e-07)
(0 -1.4463152797597481e-05 6.314748885729901e-07)
(0 -1.4463152797597481e-05 6.314748885729901e-07)
(0 -1.4463152797597481e-05 6.314748885729901e-07)
(0 -1.4463152797597481e-05 6.314748885729901e-07)
(0 -1.4463152797597481e-05 6.314748885729901e-07)
(0 -1.4463152797597481e-05 6.314748885729901e-07)
(0 -1.4463152797597481e-05 6.314748885729901e-07)
(0 -1.4463152797597481e-05 6.314748885729901e-07)
(0 -1.4463152797597481e-05 6.314748885729901e-07)
(0 -1.4463152797597481e-05 6.314748885729901e-07)
(0 -1.4463152797597481e-05 6.314748885729901e-07)
(0 -1.4463152797597481e-05 6.314748885729901e-07)
(0 -1.4463152797597481e-05 6.314748885729901e-07)
(0 -1.4463152797597481e-05 6.314748885729901e-07)
(0 -1.4463152797597481e-05 6.314748885729901e-07)
(0 -1.4463152797597481e-05 6.314748885729901e-07)
(0 -1.4463152797597481e-05 6.314748885729901e-07)
(0 -1.4463152797597481e-05 6.314748885729901e-07)
(0 -1.4463152797597481e-05 6.314748885729901e-07)
(0 -1.4463152797597481e-05 6.314748885729901e-07)
(0 -1.4463152797597481e-05 6.314748885729901e-07)
(0 -1.4463152797597481e-05 6.314748885729901e-07)
(0 -1.4463152797597481e-05 6.314748885729901e-07)
(0 -1.4463152797597481e-05 6.314748885729901e-07)
(0 -1.4463152797597481e-05 6.314748885729901e-07)
(0 -1.4463152797597481e-05 6.314748885729901e-07)
(0 -1.4463152797597481e-05 6.314748885729901e-07)
(0 -1.4463152797597481e-05 6.314748885729901e-07)
(0 -1.4463152797597481e-05 6.314748885729901e-07)
(0 -1.4463152797597481e-05 6.314748885729901e-07)
(0 -1.4463152797597481e-05 6.314748885729901e-07)
(0 -1.4463152797597481e-05 6.314748885729901e-07)
(0 -1.4463152797597481e-05 6.314748885729901e-07)
(0 -1.4463152797597481e-05 6.314748885729901e-07)
(0 -1.4463152797597481e-05 6.314748885729901e-07)
(0 -1.4463152797597481e-05 6.314748885729901e-07)
(0 -1.4463152797597481e-05 6.314748885729901e-07)
(0 -1.4463152797597481e-05 6.314748885729901e-07)
(0 -1.4463152797597481e-05 6.314748885729901e-07)
(0 -1.4463152797597481e-05 6.314748885729901e-07)
(0 -1.4463152797597481e-05 6.314748885729901e-07)
(0 -1.4463152797597481e-05 6.314748885729901e-07)
(0 -1.4463152797597481e-05 6.314748885729901e-07)
(0 -1.4463152797597481e-05 6.314748885729901e-07)
(0 -1.4463152797597481e-05 6.314748885729901e-07)
(0 -1.4463152797597481e-05 6.314748885729901e-07)
(0 -1.4463152797597481e-05 6.314748885729901e-07)
(0 -1.4463152797597481e-05 6.314748885729901e-07)
(0 -1.4463152797597481e-05 6.314748885729901e-07)
(0 -1.4463152797597481e-05 6.314748885729901e-07)
(0 -1.4463152797597481e-05 6.314748885729901e-07)
(0 -1.4463152797597481e-05 6.314748885729901e-07)
(0 -1.4463152797597481e-05 6.314748885729901e-07)
(0 -1.4463152797597481e-05 6.314748885729901e-07)
(0 -1.4463152797597481e-05 6.314748885729901e-07)
(0 -1.4463152797597481e-05 6.314748885729901e-07)
(0 -1.4463152797597481e-05 6.314748885729901e-07)
(0 -1.4463152797597481e-05 6.314748885729901e-07)
(0 -1.4463152797597481e-05 6.314748885729901e-07)
(0 -1.4463152797597481e-05 6.314748885729901e-07)
(0 -1.4463152797597481e-05 6.314748885729901e-07)
(0 -1.4463152797597481e-05 6.314748885729901e-07)
(0 -1.4463152797597481e-05 6.314748885729901e-07)
(0 -1.4463152797597481e-05 6.314748885729901e-07)
(0 -1.4463152797597481e-05 6.314748885729901e-07)
(0 -1.4463152797597481e-05 6.314748885729901e-07)
(0 -1.4463152797597481e-05 6.314748885729901e-07)
(0 -1.4463152797597481e-05 6.314748885729901e-07)
(0 -1.4463152797597481e-05 6.314748885729901e-07)
(0 -1.4463152797597481e-05 6.314748885729901e-07)
(0 -1.4463152797597481e-05 6.314748885729901e-07)
(0 -1.4463152797597481e-05 6.314748885729901e-07)
(0 -1.4463152797597481e-05 6.314748885729901e-07)
(0 -1.4463152797597481e-05 6.314748885729901e-07)
(0 -1.4463152797597481e-05 6.314748885729901e-07)
(0 -1.4463152797597481e-05 6.314748885729901e-07)
(0 -1.4463152797597481e-05 6.314748885729901e-07)
(0 -1.4463152797597481e-05 6.314748885729901e-07)
(0 -1.4463152797597481e-05 6.314748885729901e-07)
(0 -1.4463152797597481e-05 6.314748885729901e-07)
(0 -1.4463152797597481e-05 6.314748885729901e-07)
(0 -1.4463152797597481e-05 6.314748885729901e-07)
(0 -1.4463152797597481e-05 6.314748885729901e-07)
(0 -1.4463152797597481e-05 6.314748885729901e-07)
(0 -1.4463152797597481e-05 6.314748885729901e-07)
(0 -1.4463152797597481e-05 6.314748885729901e-07)
(0 -1.4463152797597481e-05 6.314748885729901e-07)
(0 -1.4463152797597481e-05 6.314748885729901e-07)
(0 -1.4463152797597481e-05 6.314748885729901e-07)
(0 -1.4463152797597481e-05 6.314748885729901e-07)
(0 -1.4463152797597481e-05 6.314748885729901e-07)
(0 -1.4463152797597481e-05 6.314748885729901e-07)
(0 -1.4463152797597481e-05 6.314748885729901e-07)
(0 -1.4463152797597481e-05 6.314748885729901e-07)
(0 -1.4463152797597481e-05 6.314748885729901e-07)
(0 -1.4463152797597481e-05 6.314748885729901e-07)
(0 -1.4463152797597481e-05 -6.314748885729901e-07)
(0 -1.4463152797597481e-05 -6.314748885729901e-07)
(0 -1.4463152797597481e-05 -6.314748885729901e-07)
(0 -1.4463152797597481e-05 -6.314748885729901e-07)
(0 -1.4463152797597481e-05 -6.314748885729901e-07)
(0 -1.4463152797597481e-05 -6.314748885729901e-07)
(0 -1.4463152797597481e-05 -6.314748885729901e-07)
(0 -1.4463152797597481e-05 -6.314748885729901e-07)
(0 -1.4463152797597481e-05 -6.314748885729901e-07)
(0 -1.4463152797597481e-05 -6.314748885729901e-07)
(0 -1.4463152797597481e-05 -6.314748885729901e-07)
(0 -1.4463152797597481e-05 -6.314748885729901e-07)
(0 -1.4463152797597481e-05 -6.314748885729901e-07)
(0 -1.4463152797597481e-05 -6.314748885729901e-07)
(0 -1.4463152797597481e-05 -6.314748885729901e-07)
(0 -1.4463152797597481e-05 -6.314748885729901e-07)
(0 -1.4463152797597481e-05 -6.314748885729901e-07)
(0 -1.4463152797597481e-05 -6.314748885729901e-07)
(0 -1.4463152797597481e-05 -6.314748885729901e-07)
(0 -1.4463152797597481e-05 -6.314748885729901e-07)
(0 -1.4463152797597481e-05 -6.314748885729901e-07)
(0 -1.4463152797597481e-05 -6.314748885729901e-07)
(0 -1.4463152797597481e-05 -6.314748885729901e-07)
(0 -1.4463152797597481e-05 -6.314748885729901e-07)
(0 -1.4463152797597481e-05 -6.314748885729901e-07)
(0 -1.4463152797597481e-05 -6.314748885729901e-07)
(0 -1.4463152797597481e-05 -6.314748885729901e-07)
(0 -1.4463152797597481e-05 -6.314748885729901e-07)
(0 -1.4463152797597481e-05 -6.314748885729901e-07)
(0 -1.4463152797597481e-05 -6.314748885729901e-07)
(0 -1.4463152797597481e-05 -6.314748885729901e-07)
(0 -1.4463152797597481e-05 -6.314748885729901e-07)
(0 -1.4463152797597481e-05 -6.314748885729901e-07)
(0 -1.4463152797597481e-05 -6.314748885729901e-07)
(0 -1.4463152797597481e-05 -6.314748885729901e-07)
(0 -1.4463152797597481e-05 -6.314748885729901e-07)
(0 -1.4463152797597481e-05 -6.314748885729901e-07)
(0 -1.4463152797597481e-05 -6.314748885729901e-07)
(0 -1.4463152797597481e-05 -6.314748885729901e-07)
(0 -1.4463152797597481e-05 -6.314748885729901e-07)
(0 -1.4463152797597481e-05 -6.314748885729901e-07)
(0 -1.4463152797597481e-05 -6.314748885729901e-07)
(0 -1.4463152797597481e-05 -6.314748885729901e-07)
(0 -1.4463152797597481e-05 -6.314748885729901e-07)
(0 -1.4463152797597481e-05 -6.314748885729901e-07)
(0 -1.4463152797597481e-05 -6.314748885729901e-07)
(0 -1.4463152797597481e-05 -6.314748885729901e-07)
(0 -1.4463152797597481e-05 -6.314748885729901e-07)
(0 -1.4463152797597481e-05 -6.314748885729901e-07)
(0 -1.4463152797597481e-05 -6.314748885729901e-07)
(0 -1.4463152797597481e-05 -6.314748885729901e-07)
(0 -1.4463152797597481e-05 -6.314748885729901e-07)
(0 -1.4463152797597481e-05 -6.314748885729901e-07)
(0 -1.4463152797597481e-05 -6.314748885729901e-07)
(0 -1.4463152797597481e-05 -6.314748885729901e-07)
(0 -1.4463152797597481e-05 -6.314748885729901e-07)
(0 -1.4463152797597481e-05 -6.314748885729901e-07)
(0 -1.4463152797597481e-05 -6.314748885729901e-07)
(0 -1.4463152797597481e-05 -6.314748885729901e-07)
(0 -1.4463152797597481e-05 -6.314748885729901e-07)
(0 -1.4463152797597481e-05 -6.314748885729901e-07)
(0 -1.4463152797597481e-05 -6.314748885729901e-07)
(0 -1.4463152797597481e-05 -6.314748885729901e-07)
(0 -1.4463152797597481e-05 -6.314748885729901e-07)
(0 -1.4463152797597481e-05 -6.314748885729901e-07)
(0 -1.4463152797597481e-05 -6.314748885729901e-07)
(0 -1.4463152797597481e-05 -6.314748885729901e-07)
(0 -1.4463152797597481e-05 -6.314748885729901e-07)
(0 -1.4463152797597481e-05 -6.314748885729901e-07)
(0 -1.4463152797597481e-05 -6.314748885729901e-07)
(0 -1.4463152797597481e-05 -6.314748885729901e-07)
(0 -1.4463152797597481e-05 -6.314748885729901e-07)
(0 -1.4463152797597481e-05 -6.314748885729901e-07)
(0 -1.4463152797597481e-05 -6.314748885729901e-07)
(0 -1.4463152797597481e-05 -6.314748885729901e-07)
(0 -1.4463152797597481e-05 -6.314748885729901e-07)
(0 -1.4463152797597481e-05 -6.314748885729901e-07)
(0 -1.4463152797597481e-05 -6.314748885729901e-07)
(0 -1.4463152797597481e-05 -6.314748885729901e-07)
(0 -1.4463152797597481e-05 -6.314748885729901e-07)
(0 -1.4463152797597481e-05 -6.314748885729901e-07)
(0 -1.4463152797597481e-05 -6.314748885729901e-07)
(0 -1.4463152797597481e-05 -6.314748885729901e-07)
(0 -1.4463152797597481e-05 -6.314748885729901e-07)
(0 -1.4463152797597481e-05 -6.314748885729901e-07)
(0 -1.4463152797597481e-05 -6.314748885729901e-07)
(0 -1.4463152797597481e-05 -6.314748885729901e-07)
(0 -1.4463152797597481e-05 -6.314748885729901e-07)
(0 -1.4463152797597481e-05 -6.314748885729901e-07)
(0 -1.4463152797597481e-05 -6.314748885729901e-07)
(0 -1.4463152797597481e-05 -6.314748885729901e-07)
(0 -1.4463152797597481e-05 -6.314748885729901e-07)
(0 -1.4463152797597481e-05 -6.314748885729901e-07)
(0 -1.4463152797597481e-05 -6.314748885729901e-07)
(0 -1.4463152797597481e-05 -6.314748885729901e-07)
(0 -1.4463152797597481e-05 -6.314748885729901e-07)
(0 -1.4463152797597481e-05 -6.314748885729901e-07)
(0 -1.4463152797597481e-05 -6.314748885729901e-07)
(0 -1.4463152797597481e-05 -6.314748885729901e-07)
(0 -1.4463152797597481e-05 -6.314748885729901e-07)
(0 -1.4463152797597481e-05 -6.314748885729901e-07)
)