
                    FoamFile
                    {
                         version   2.0;
                         format    ascii;
                         class     vectorField;
                         object    values;
                    }
                    //***********************************************************************// //

                    244
(
(-8889935.03275118 40236.5467513428 6.84401463128645e-11)
(-8889935.03275118 40236.5467513428 6.84401463128645e-11)
(-8909344.348058127 38324.43920934905 2.923245144903657e-11)
(-9052201.530341431 32156.95458268011 -3.5844467936580535e-10)
(-9216757.123392954 35264.716661010396 -9.291790023959045e-10)
(-9396104.243057188 37813.08617623296 -7.721438725233722e-10)
(-9584543.07306476 39249.522287186606 -1.1082669404324084e-10)
(-9781649.8414089 40314.29785608096 4.0375214892556884e-10)
(-9986303.016490482 41366.59647020293 -1.7641226016535932e-10)
(-10199623.723649956 42449.97133757205 2.854538827934569e-10)
(-10422164.573141336 43585.421692545526 1.603263991011545e-09)
(-10653814.05276645 44761.83532048504 6.139681949934295e-10)
(-10896744.983607247 45975.3807588997 -5.973425666114143e-10)
(-11149737.140099335 47238.73721742469 -2.410616381691154e-10)
(-11415556.5864692 48563.170484866656 1.217075012045597e-09)
(-11693413.026566278 49948.25943743766 -1.0103428509425607e-10)
(-11985064.79116382 51397.02830906799 -1.27340978062634e-09)
(-12291534.407985 52920.835899817146 1.2645291634476129e-09)
(-12612902.196304204 54529.01289471899 4.2603719736652726e-09)
(-12952622.227883 56235.41142925069 2.4393811560968193e-09)
(-13308962.128947223 58026.092265821615 1.6107773814553434e-09)
(-13686819.62003715 59948.71029629208 6.081743639551338e-09)
(-14084882.288925542 62003.92956341036 -2.2080772403667888e-10)
(-14506447.380651936 64194.94944423359 1.1658699912723047e-09)
(-14953684.559858494 66554.63171259646 -2.5337222855515284e-09)
(-15426756.366985714 69130.50509360255 -3.77435739440111e-09)
(-15932031.433528248 71931.67665116585 -1.1087209435565384e-08)
(-16467121.863777857 74983.31280952493 -6.51665947303955e-11)
(-17040542.16039282 78459.08270883585 -7.035488075831824e-09)
(-17650367.769005377 82231.82190642979 5.051845990279238e-09)
(-18303448.83147127 86524.77039395442 1.3842565177466109e-09)
(-19002981.34651608 91546.64377399324 -1.946277973375012e-09)
(-19749493.556788653 97121.1170335891 3.194374420532132e-09)
(-20555783.422016896 103692.60109730349 -8.27507028845195e-09)
(-21415233.416993015 111563.24635497166 6.8547225688080416e-09)
(-22342842.000344515 120536.15225891741 -3.146454728292881e-09)
(-23336362.677611753 131210.68233026055 -9.893156435595537e-10)
(-24401034.447257735 144802.92790797818 3.4154294390650535e-09)
(-25539685.655833386 159920.09581855577 4.481323703301109e-09)
(-26754212.59594581 178474.00698536198 1.1068411282187811e-08)
(-28043120.16358225 203541.1513598425 7.718847852063246e-10)
(-29388030.073083453 231433.59303503943 -5.25570215005428e-09)
(-30779922.64122253 275362.3477276685 2.4561821466810784e-09)
(-32103149.052203793 347420.57973533904 -2.5649422854395193e-09)
(-33214050.817180865 438385.3930592998 1.4701553770688814e-08)
(-33955427.05584493 563004.318265345 5.216398483474326e-09)
(-34111078.963948116 691323.3089447474 2.3167525919356002e-08)
(-33576083.0745824 780331.8655778891 -9.7544832676925e-10)
(-32408274.23123095 864294.6003896182 2.665107543560385e-10)
(-30426751.243849415 888028.2014452795 -9.867563757719992e-09)
(-27918685.596117273 859223.7564984917 -1.4867882250139134e-09)
(-24921437.600212485 793218.1201106096 6.447227198970583e-09)
(-21608649.617868148 672615.6805274371 8.948904201174943e-09)
(-18164543.453269787 526676.1781167976 6.498443080730502e-11)
(-14688827.31871315 360701.1570228825 3.93705057049545e-10)
(-11242654.560051942 194020.4891497646 4.9348603140511725e-08)
(-7838692.623973655 32255.124473637446 1.2626674306536997e-08)
(-4451015.796357004 -114520.26917138176 -3.503426508843723e-09)
(-938744.7857903832 -243164.02550271785 -5.348884094243918e-09)
(2819286.217641363 -341982.0148891001 2.0376486668504335e-08)
(7148784.314194544 -435363.6049685801 1.814110345687284e-08)
(12398644.880700659 -458544.70478505705 3.0831870537223416e-09)
(16243170.999958891 -35581.99040831902 -3.0455803189128757e-09)
(15670429.93423645 -2555.017127231591 -2.92343570602292e-09)
(15611538.53489004 49530.45608345677 5.053866785437466e-09)
(15558109.46921225 69875.38541594283 -4.282799254880084e-09)
(15537492.286161885 85568.28270018914 -1.6730684115042435e-09)
(15564450.881468106 88352.86785727297 -5.661578494243796e-09)
(15613280.035416398 86659.86495646354 2.366581517063255e-09)
(15668170.699907443 80167.95866447622 -3.3444893818187387e-10)
(15719923.53623615 75585.50938323916 -3.304123681781314e-10)
(15762761.783889936 73935.01974667759 -8.645414920319814e-10)
(15767250.3406306 73994.4820005842 -2.61473277333957e-10)
(15767250.3406306 73994.4820005842 -2.61473277333957e-10)
(15767250.3406306 73994.4820005842 -2.61473277333957e-10)
(15767250.3406306 73994.4820005842 -2.61473277333957e-10)
(15767250.3406306 73994.4820005842 -2.61473277333957e-10)
(15767250.3406306 73994.4820005842 -2.61473277333957e-10)
(15767250.3406306 73994.4820005842 -2.61473277333957e-10)
(15767250.3406306 73994.4820005842 -2.61473277333957e-10)
(15767250.3406306 73994.4820005842 -2.61473277333957e-10)
(15767250.3406306 73994.4820005842 -2.61473277333957e-10)
(15767250.3406306 73994.4820005842 -2.61473277333957e-10)
(15767250.3406306 73994.4820005842 -2.61473277333957e-10)
(15767250.3406306 73994.4820005842 -2.61473277333957e-10)
(15767250.3406306 73994.4820005842 -2.61473277333957e-10)
(15767250.3406306 73994.4820005842 -2.61473277333957e-10)
(15767250.3406306 73994.4820005842 -2.61473277333957e-10)
(15767250.3406306 73994.4820005842 -2.61473277333957e-10)
(15767250.3406306 73994.4820005842 -2.61473277333957e-10)
(15767250.3406306 73994.4820005842 -2.61473277333957e-10)
(15767250.3406306 73994.4820005842 -2.61473277333957e-10)
(15767250.3406306 73994.4820005842 -2.61473277333957e-10)
(15767250.3406306 73994.4820005842 -2.61473277333957e-10)
(15767250.3406306 73994.4820005842 -2.61473277333957e-10)
(15767250.3406306 73994.4820005842 -2.61473277333957e-10)
(15767250.3406306 73994.4820005842 -2.61473277333957e-10)
(15767250.3406306 73994.4820005842 -2.61473277333957e-10)
(15767250.3406306 73994.4820005842 -2.61473277333957e-10)
(15767250.3406306 73994.4820005842 -2.61473277333957e-10)
(15767250.3406306 73994.4820005842 -2.61473277333957e-10)
(15767250.3406306 73994.4820005842 -2.61473277333957e-10)
(15767250.3406306 73994.4820005842 -2.61473277333957e-10)
(15767250.3406306 73994.4820005842 -2.61473277333957e-10)
(15767250.3406306 73994.4820005842 -2.61473277333957e-10)
(15767250.3406306 73994.4820005842 -2.61473277333957e-10)
(15767250.3406306 73994.4820005842 -2.61473277333957e-10)
(15767250.3406306 73994.4820005842 -2.61473277333957e-10)
(15767250.3406306 73994.4820005842 -2.61473277333957e-10)
(15767250.3406306 73994.4820005842 -2.61473277333957e-10)
(15767250.3406306 73994.4820005842 -2.61473277333957e-10)
(15767250.3406306 73994.4820005842 -2.61473277333957e-10)
(15767250.3406306 73994.4820005842 -2.61473277333957e-10)
(15767250.3406306 73994.4820005842 -2.61473277333957e-10)
(15767250.3406306 73994.4820005842 -2.61473277333957e-10)
(15767250.3406306 73994.4820005842 -2.61473277333957e-10)
(15767250.3406306 73994.4820005842 -2.61473277333957e-10)
(15767250.3406306 73994.4820005842 -2.61473277333957e-10)
(15767250.3406306 73994.4820005842 -2.61473277333957e-10)
(15767250.3406306 73994.4820005842 -2.61473277333957e-10)
(15767250.3406306 73994.4820005842 -2.61473277333957e-10)
(15767250.3406306 73994.4820005842 -2.61473277333957e-10)
(-8889935.03275118 40236.5467513428 6.84401463128645e-11)
(-8889935.03275118 40236.5467513428 6.84401463128645e-11)
(-8909344.348058127 38324.43920934905 2.923245144903657e-11)
(-9052201.530341431 32156.95458268011 -3.5844467936580535e-10)
(-9216757.123392954 35264.716661010396 -9.291790023959045e-10)
(-9396104.243057188 37813.08617623296 -7.721438725233722e-10)
(-9584543.07306476 39249.522287186606 -1.1082669404324084e-10)
(-9781649.8414089 40314.29785608096 4.0375214892556884e-10)
(-9986303.016490482 41366.59647020293 -1.7641226016535932e-10)
(-10199623.723649956 42449.97133757205 2.854538827934569e-10)
(-10422164.573141336 43585.421692545526 1.603263991011545e-09)
(-10653814.05276645 44761.83532048504 6.139681949934295e-10)
(-10896744.983607247 45975.3807588997 -5.973425666114143e-10)
(-11149737.140099335 47238.73721742469 -2.410616381691154e-10)
(-11415556.5864692 48563.170484866656 1.217075012045597e-09)
(-11693413.026566278 49948.25943743766 -1.0103428509425607e-10)
(-11985064.79116382 51397.02830906799 -1.27340978062634e-09)
(-12291534.407985 52920.835899817146 1.2645291634476129e-09)
(-12612902.196304204 54529.01289471899 4.2603719736652726e-09)
(-12952622.227883 56235.41142925069 2.4393811560968193e-09)
(-13308962.128947223 58026.092265821615 1.6107773814553434e-09)
(-13686819.62003715 59948.71029629208 6.081743639551338e-09)
(-14084882.288925542 62003.92956341036 -2.2080772403667888e-10)
(-14506447.380651936 64194.94944423359 1.1658699912723047e-09)
(-14953684.559858494 66554.63171259646 -2.5337222855515284e-09)
(-15426756.366985714 69130.50509360255 -3.77435739440111e-09)
(-15932031.433528248 71931.67665116585 -1.1087209435565384e-08)
(-16467121.863777857 74983.31280952493 -6.51665947303955e-11)
(-17040542.16039282 78459.08270883585 -7.035488075831824e-09)
(-17650367.769005377 82231.82190642979 5.051845990279238e-09)
(-18303448.83147127 86524.77039395442 1.3842565177466109e-09)
(-19002981.34651608 91546.64377399324 -1.946277973375012e-09)
(-19749493.556788653 97121.1170335891 3.194374420532132e-09)
(-20555783.422016896 103692.60109730349 -8.27507028845195e-09)
(-21415233.416993015 111563.24635497166 6.8547225688080416e-09)
(-22342842.000344515 120536.15225891741 -3.146454728292881e-09)
(-23336362.677611753 131210.68233026055 -9.893156435595537e-10)
(-24401034.447257735 144802.92790797818 3.4154294390650535e-09)
(-25539685.655833386 159920.09581855577 4.481323703301109e-09)
(-26754212.59594581 178474.00698536198 1.1068411282187811e-08)
(-28043120.16358225 203541.1513598425 7.718847852063246e-10)
(-29388030.073083453 231433.59303503943 -5.25570215005428e-09)
(-30779922.64122253 275362.3477276685 2.4561821466810784e-09)
(-32103149.052203793 347420.57973533904 -2.5649422854395193e-09)
(-33214050.817180865 438385.3930592998 1.4701553770688814e-08)
(-33955427.05584493 563004.318265345 5.216398483474326e-09)
(-34111078.963948116 691323.3089447474 2.3167525919356002e-08)
(-33576083.0745824 780331.8655778891 -9.7544832676925e-10)
(-32408274.23123095 864294.6003896182 2.665107543560385e-10)
(-30426751.243849415 888028.2014452795 -9.867563757719992e-09)
(-27918685.596117273 859223.7564984917 -1.4867882250139134e-09)
(-24921437.600212485 793218.1201106096 6.447227198970583e-09)
(-21608649.617868148 672615.6805274371 8.948904201174943e-09)
(-18164543.453269787 526676.1781167976 6.498443080730502e-11)
(-14688827.31871315 360701.1570228825 3.93705057049545e-10)
(-11242654.560051942 194020.4891497646 4.9348603140511725e-08)
(-7838692.623973655 32255.124473637446 1.2626674306536997e-08)
(-4451015.796357004 -114520.26917138176 -3.503426508843723e-09)
(-938744.7857903832 -243164.02550271785 -5.348884094243918e-09)
(2819286.217641363 -341982.0148891001 2.0376486668504335e-08)
(7148784.314194544 -435363.6049685801 1.814110345687284e-08)
(12398644.880700659 -458544.70478505705 3.0831870537223416e-09)
(16243170.999958891 -35581.99040831902 -3.0455803189128757e-09)
(15670429.93423645 -2555.017127231591 -2.92343570602292e-09)
(15611538.53489004 49530.45608345677 5.053866785437466e-09)
(15558109.46921225 69875.38541594283 -4.282799254880084e-09)
(15537492.286161885 85568.28270018914 -1.6730684115042435e-09)
(15564450.881468106 88352.86785727297 -5.661578494243796e-09)
(15613280.035416398 86659.86495646354 2.366581517063255e-09)
(15668170.699907443 80167.95866447622 -3.3444893818187387e-10)
(15719923.53623615 75585.50938323916 -3.304123681781314e-10)
(15762761.783889936 73935.01974667759 -8.645414920319814e-10)
(15767250.3406306 73994.4820005842 -2.61473277333957e-10)
(15767250.3406306 73994.4820005842 -2.61473277333957e-10)
(15767250.3406306 73994.4820005842 -2.61473277333957e-10)
(15767250.3406306 73994.4820005842 -2.61473277333957e-10)
(15767250.3406306 73994.4820005842 -2.61473277333957e-10)
(15767250.3406306 73994.4820005842 -2.61473277333957e-10)
(15767250.3406306 73994.4820005842 -2.61473277333957e-10)
(15767250.3406306 73994.4820005842 -2.61473277333957e-10)
(15767250.3406306 73994.4820005842 -2.61473277333957e-10)
(15767250.3406306 73994.4820005842 -2.61473277333957e-10)
(15767250.3406306 73994.4820005842 -2.61473277333957e-10)
(15767250.3406306 73994.4820005842 -2.61473277333957e-10)
(15767250.3406306 73994.4820005842 -2.61473277333957e-10)
(15767250.3406306 73994.4820005842 -2.61473277333957e-10)
(15767250.3406306 73994.4820005842 -2.61473277333957e-10)
(15767250.3406306 73994.4820005842 -2.61473277333957e-10)
(15767250.3406306 73994.4820005842 -2.61473277333957e-10)
(15767250.3406306 73994.4820005842 -2.61473277333957e-10)
(15767250.3406306 73994.4820005842 -2.61473277333957e-10)
(15767250.3406306 73994.4820005842 -2.61473277333957e-10)
(15767250.3406306 73994.4820005842 -2.61473277333957e-10)
(15767250.3406306 73994.4820005842 -2.61473277333957e-10)
(15767250.3406306 73994.4820005842 -2.61473277333957e-10)
(15767250.3406306 73994.4820005842 -2.61473277333957e-10)
(15767250.3406306 73994.4820005842 -2.61473277333957e-10)
(15767250.3406306 73994.4820005842 -2.61473277333957e-10)
(15767250.3406306 73994.4820005842 -2.61473277333957e-10)
(15767250.3406306 73994.4820005842 -2.61473277333957e-10)
(15767250.3406306 73994.4820005842 -2.61473277333957e-10)
(15767250.3406306 73994.4820005842 -2.61473277333957e-10)
(15767250.3406306 73994.4820005842 -2.61473277333957e-10)
(15767250.3406306 73994.4820005842 -2.61473277333957e-10)
(15767250.3406306 73994.4820005842 -2.61473277333957e-10)
(15767250.3406306 73994.4820005842 -2.61473277333957e-10)
(15767250.3406306 73994.4820005842 -2.61473277333957e-10)
(15767250.3406306 73994.4820005842 -2.61473277333957e-10)
(15767250.3406306 73994.4820005842 -2.61473277333957e-10)
(15767250.3406306 73994.4820005842 -2.61473277333957e-10)
(15767250.3406306 73994.4820005842 -2.61473277333957e-10)
(15767250.3406306 73994.4820005842 -2.61473277333957e-10)
(15767250.3406306 73994.4820005842 -2.61473277333957e-10)
(15767250.3406306 73994.4820005842 -2.61473277333957e-10)
(15767250.3406306 73994.4820005842 -2.61473277333957e-10)
(15767250.3406306 73994.4820005842 -2.61473277333957e-10)
(15767250.3406306 73994.4820005842 -2.61473277333957e-10)
(15767250.3406306 73994.4820005842 -2.61473277333957e-10)
(15767250.3406306 73994.4820005842 -2.61473277333957e-10)
(15767250.3406306 73994.4820005842 -2.61473277333957e-10)
(15767250.3406306 73994.4820005842 -2.61473277333957e-10)
(15767250.3406306 73994.4820005842 -2.61473277333957e-10)
)