202
(
(0 -8.713766339544697e-06 3.804512546689752e-07)
(0 -8.713766339544697e-06 3.804512546689752e-07)
(0 -8.713766339544697e-06 3.804512546689752e-07)
(0 -8.713766339544697e-06 3.804512546689752e-07)
(0 -8.713766339544697e-06 3.804512546689752e-07)
(0 -8.713766339544697e-06 3.804512546689752e-07)
(0 -8.713766339544697e-06 3.804512546689752e-07)
(0 -8.713766339544697e-06 3.804512546689752e-07)
(0 -8.713766339544697e-06 3.804512546689752e-07)
(0 -8.713766339544697e-06 3.804512546689752e-07)
(0 -8.713766339544697e-06 3.804512546689752e-07)
(0 -8.713766339544697e-06 3.804512546689752e-07)
(0 -8.713766339544697e-06 3.804512546689752e-07)
(0 -8.713766339544697e-06 3.804512546689752e-07)
(0 -8.713766339544697e-06 3.804512546689752e-07)
(0 -8.713766339544697e-06 3.804512546689752e-07)
(0 -8.713766339544697e-06 3.804512546689752e-07)
(0 -8.713766339544697e-06 3.804512546689752e-07)
(0 -8.713766339544697e-06 3.804512546689752e-07)
(0 -8.713766339544697e-06 3.804512546689752e-07)
(0 -8.713766339544697e-06 3.804512546689752e-07)
(0 -8.713766339544697e-06 3.804512546689752e-07)
(0 -8.713766339544697e-06 3.804512546689752e-07)
(0 -8.713766339544697e-06 3.804512546689752e-07)
(0 -8.713766339544697e-06 3.804512546689752e-07)
(0 -8.713766339544697e-06 3.804512546689752e-07)
(0 -8.713766339544697e-06 3.804512546689752e-07)
(0 -8.713766339544697e-06 3.804512546689752e-07)
(0 -8.713766339544697e-06 3.804512546689752e-07)
(0 -8.713766339544697e-06 3.804512546689752e-07)
(0 -8.713766339544697e-06 3.804512546689752e-07)
(0 -8.713766339544697e-06 3.804512546689752e-07)
(0 -8.713766339544697e-06 3.804512546689752e-07)
(0 -8.713766339544697e-06 3.804512546689752e-07)
(0 -8.713766339544697e-06 3.804512546689752e-07)
(0 -8.713766339544697e-06 3.804512546689752e-07)
(0 -8.713766339544697e-06 3.804512546689752e-07)
(0 -8.713766339544697e-06 3.804512546689752e-07)
(0 -8.713766339544697e-06 3.804512546689752e-07)
(0 -8.713766339544697e-06 3.804512546689752e-07)
(0 -8.713766339544697e-06 3.804512546689752e-07)
(0 -8.713766339544697e-06 3.804512546689752e-07)
(0 -8.713766339544697e-06 3.804512546689752e-07)
(0 -8.713766339544697e-06 3.804512546689752e-07)
(0 -8.713766339544697e-06 3.804512546689752e-07)
(0 -8.713766339544697e-06 3.804512546689752e-07)
(0 -8.713766339544697e-06 3.804512546689752e-07)
(0 -8.713766339544697e-06 3.804512546689752e-07)
(0 -8.713766339544697e-06 3.804512546689752e-07)
(0 -8.713766339544697e-06 3.804512546689752e-07)
(0 -8.713766339544697e-06 3.804512546689752e-07)
(0 -8.713766339544697e-06 3.804512546689752e-07)
(0 -8.713766339544697e-06 3.804512546689752e-07)
(0 -8.713766339544697e-06 3.804512546689752e-07)
(0 -8.713766339544697e-06 3.804512546689752e-07)
(0 -8.713766339544697e-06 3.804512546689752e-07)
(0 -8.713766339544697e-06 3.804512546689752e-07)
(0 -8.713766339544697e-06 3.804512546689752e-07)
(0 -8.713766339544697e-06 3.804512546689752e-07)
(0 -8.713766339544697e-06 3.804512546689752e-07)
(0 -8.713766339544697e-06 3.804512546689752e-07)
(0 -8.713766339544697e-06 3.804512546689752e-07)
(0 -8.713766339544697e-06 3.804512546689752e-07)
(0 -8.713766339544697e-06 3.804512546689752e-07)
(0 -8.713766339544697e-06 3.804512546689752e-07)
(0 -8.713766339544697e-06 3.804512546689752e-07)
(0 -8.713766339544697e-06 3.804512546689752e-07)
(0 -8.713766339544697e-06 3.804512546689752e-07)
(0 -8.713766339544697e-06 3.804512546689752e-07)
(0 -8.713766339544697e-06 3.804512546689752e-07)
(0 -8.713766339544697e-06 3.804512546689752e-07)
(0 -8.713766339544697e-06 3.804512546689752e-07)
(0 -8.713766339544697e-06 3.804512546689752e-07)
(0 -8.713766339544697e-06 3.804512546689752e-07)
(0 -8.713766339544697e-06 3.804512546689752e-07)
(0 -8.713766339544697e-06 3.804512546689752e-07)
(0 -8.713766339544697e-06 3.804512546689752e-07)
(0 -8.713766339544697e-06 3.804512546689752e-07)
(0 -8.713766339544697e-06 3.804512546689752e-07)
(0 -8.713766339544697e-06 3.804512546689752e-07)
(0 -8.713766339544697e-06 3.804512546689752e-07)
(0 -8.713766339544697e-06 3.804512546689752e-07)
(0 -8.713766339544697e-06 3.804512546689752e-07)
(0 -8.713766339544697e-06 3.804512546689752e-07)
(0 -8.713766339544697e-06 3.804512546689752e-07)
(0 -8.713766339544697e-06 3.804512546689752e-07)
(0 -8.713766339544697e-06 3.804512546689752e-07)
(0 -8.713766339544697e-06 3.804512546689752e-07)
(0 -8.713766339544697e-06 3.804512546689752e-07)
(0 -8.713766339544697e-06 3.804512546689752e-07)
(0 -8.713766339544697e-06 3.804512546689752e-07)
(0 -8.713766339544697e-06 3.804512546689752e-07)
(0 -8.713766339544697e-06 3.804512546689752e-07)
(0 -8.713766339544697e-06 3.804512546689752e-07)
(0 -8.713766339544697e-06 3.804512546689752e-07)
(0 -8.713766339544697e-06 3.804512546689752e-07)
(0 -8.713766339544697e-06 3.804512546689752e-07)
(0 -8.713766339544697e-06 3.804512546689752e-07)
(0 -8.713766339544697e-06 3.804512546689752e-07)
(0 -8.713766339544697e-06 3.804512546689752e-07)
(0 -8.713766339544697e-06 3.804512546689752e-07)
(0 -8.713766339544697e-06 -3.804512546689752e-07)
(0 -8.713766339544697e-06 -3.804512546689752e-07)
(0 -8.713766339544697e-06 -3.804512546689752e-07)
(0 -8.713766339544697e-06 -3.804512546689752e-07)
(0 -8.713766339544697e-06 -3.804512546689752e-07)
(0 -8.713766339544697e-06 -3.804512546689752e-07)
(0 -8.713766339544697e-06 -3.804512546689752e-07)
(0 -8.713766339544697e-06 -3.804512546689752e-07)
(0 -8.713766339544697e-06 -3.804512546689752e-07)
(0 -8.713766339544697e-06 -3.804512546689752e-07)
(0 -8.713766339544697e-06 -3.804512546689752e-07)
(0 -8.713766339544697e-06 -3.804512546689752e-07)
(0 -8.713766339544697e-06 -3.804512546689752e-07)
(0 -8.713766339544697e-06 -3.804512546689752e-07)
(0 -8.713766339544697e-06 -3.804512546689752e-07)
(0 -8.713766339544697e-06 -3.804512546689752e-07)
(0 -8.713766339544697e-06 -3.804512546689752e-07)
(0 -8.713766339544697e-06 -3.804512546689752e-07)
(0 -8.713766339544697e-06 -3.804512546689752e-07)
(0 -8.713766339544697e-06 -3.804512546689752e-07)
(0 -8.713766339544697e-06 -3.804512546689752e-07)
(0 -8.713766339544697e-06 -3.804512546689752e-07)
(0 -8.713766339544697e-06 -3.804512546689752e-07)
(0 -8.713766339544697e-06 -3.804512546689752e-07)
(0 -8.713766339544697e-06 -3.804512546689752e-07)
(0 -8.713766339544697e-06 -3.804512546689752e-07)
(0 -8.713766339544697e-06 -3.804512546689752e-07)
(0 -8.713766339544697e-06 -3.804512546689752e-07)
(0 -8.713766339544697e-06 -3.804512546689752e-07)
(0 -8.713766339544697e-06 -3.804512546689752e-07)
(0 -8.713766339544697e-06 -3.804512546689752e-07)
(0 -8.713766339544697e-06 -3.804512546689752e-07)
(0 -8.713766339544697e-06 -3.804512546689752e-07)
(0 -8.713766339544697e-06 -3.804512546689752e-07)
(0 -8.713766339544697e-06 -3.804512546689752e-07)
(0 -8.713766339544697e-06 -3.804512546689752e-07)
(0 -8.713766339544697e-06 -3.804512546689752e-07)
(0 -8.713766339544697e-06 -3.804512546689752e-07)
(0 -8.713766339544697e-06 -3.804512546689752e-07)
(0 -8.713766339544697e-06 -3.804512546689752e-07)
(0 -8.713766339544697e-06 -3.804512546689752e-07)
(0 -8.713766339544697e-06 -3.804512546689752e-07)
(0 -8.713766339544697e-06 -3.804512546689752e-07)
(0 -8.713766339544697e-06 -3.804512546689752e-07)
(0 -8.713766339544697e-06 -3.804512546689752e-07)
(0 -8.713766339544697e-06 -3.804512546689752e-07)
(0 -8.713766339544697e-06 -3.804512546689752e-07)
(0 -8.713766339544697e-06 -3.804512546689752e-07)
(0 -8.713766339544697e-06 -3.804512546689752e-07)
(0 -8.713766339544697e-06 -3.804512546689752e-07)
(0 -8.713766339544697e-06 -3.804512546689752e-07)
(0 -8.713766339544697e-06 -3.804512546689752e-07)
(0 -8.713766339544697e-06 -3.804512546689752e-07)
(0 -8.713766339544697e-06 -3.804512546689752e-07)
(0 -8.713766339544697e-06 -3.804512546689752e-07)
(0 -8.713766339544697e-06 -3.804512546689752e-07)
(0 -8.713766339544697e-06 -3.804512546689752e-07)
(0 -8.713766339544697e-06 -3.804512546689752e-07)
(0 -8.713766339544697e-06 -3.804512546689752e-07)
(0 -8.713766339544697e-06 -3.804512546689752e-07)
(0 -8.713766339544697e-06 -3.804512546689752e-07)
(0 -8.713766339544697e-06 -3.804512546689752e-07)
(0 -8.713766339544697e-06 -3.804512546689752e-07)
(0 -8.713766339544697e-06 -3.804512546689752e-07)
(0 -8.713766339544697e-06 -3.804512546689752e-07)
(0 -8.713766339544697e-06 -3.804512546689752e-07)
(0 -8.713766339544697e-06 -3.804512546689752e-07)
(0 -8.713766339544697e-06 -3.804512546689752e-07)
(0 -8.713766339544697e-06 -3.804512546689752e-07)
(0 -8.713766339544697e-06 -3.804512546689752e-07)
(0 -8.713766339544697e-06 -3.804512546689752e-07)
(0 -8.713766339544697e-06 -3.804512546689752e-07)
(0 -8.713766339544697e-06 -3.804512546689752e-07)
(0 -8.713766339544697e-06 -3.804512546689752e-07)
(0 -8.713766339544697e-06 -3.804512546689752e-07)
(0 -8.713766339544697e-06 -3.804512546689752e-07)
(0 -8.713766339544697e-06 -3.804512546689752e-07)
(0 -8.713766339544697e-06 -3.804512546689752e-07)
(0 -8.713766339544697e-06 -3.804512546689752e-07)
(0 -8.713766339544697e-06 -3.804512546689752e-07)
(0 -8.713766339544697e-06 -3.804512546689752e-07)
(0 -8.713766339544697e-06 -3.804512546689752e-07)
(0 -8.713766339544697e-06 -3.804512546689752e-07)
(0 -8.713766339544697e-06 -3.804512546689752e-07)
(0 -8.713766339544697e-06 -3.804512546689752e-07)
(0 -8.713766339544697e-06 -3.804512546689752e-07)
(0 -8.713766339544697e-06 -3.804512546689752e-07)
(0 -8.713766339544697e-06 -3.804512546689752e-07)
(0 -8.713766339544697e-06 -3.804512546689752e-07)
(0 -8.713766339544697e-06 -3.804512546689752e-07)
(0 -8.713766339544697e-06 -3.804512546689752e-07)
(0 -8.713766339544697e-06 -3.804512546689752e-07)
(0 -8.713766339544697e-06 -3.804512546689752e-07)
(0 -8.713766339544697e-06 -3.804512546689752e-07)
(0 -8.713766339544697e-06 -3.804512546689752e-07)
(0 -8.713766339544697e-06 -3.804512546689752e-07)
(0 -8.713766339544697e-06 -3.804512546689752e-07)
(0 -8.713766339544697e-06 -3.804512546689752e-07)
(0 -8.713766339544697e-06 -3.804512546689752e-07)
(0 -8.713766339544697e-06 -3.804512546689752e-07)
(0 -8.713766339544697e-06 -3.804512546689752e-07)
)