/*--------------------------------*- C++ -*----------------------------------*\
  =========                 |
  \\      /  F ield         | OpenFOAM: The Open Source CFD Toolbox
   \\    /   O peration     | Website:  https://openfoam.org
    \\  /    A nd           | Version:  8
     \\/     M anipulation  |
\*---------------------------------------------------------------------------*/
FoamFile
{
    version     2.0;
    format      ascii;
    class       volVectorField;
    location    "0.0470000";
    object      cellDisplacement;
}
// * * * * * * * * * * * * * * * * * * * * * * * * * * * * * * * * * * * * * //

dimensions      [0 1 0 0 0 0 0];

internalField   nonuniform List<vector> 
600
(
(4.06876496690523e-28 -1.18023568721987e-06 -8.32430127755283e-14)
(3.95187494518038e-28 -1.18201980479684e-06 -7.83360426022454e-14)
(3.8657183200445e-28 -1.18563033709909e-06 -9.32999965565226e-15)
(3.78312704158535e-28 -1.19026831292745e-06 -9.82114302074508e-14)
(3.70001457182393e-28 -1.19560633755549e-06 1.29051978992676e-13)
(3.61973824721201e-28 -1.20150801645388e-06 3.5166122981031e-13)
(3.53901576088846e-28 -1.20801276869801e-06 2.0469088757338e-13)
(3.461029830343e-28 -1.21511852098148e-06 7.22519508923247e-14)
(3.38242773586912e-28 -1.22270368360597e-06 1.56289258719768e-13)
(3.30638903615803e-28 -1.23069821535438e-06 1.35207423310073e-13)
(3.22978506268394e-28 -1.2391477433846e-06 -2.43634508997817e-14)
(3.15566852424029e-28 -1.24805523098165e-06 -3.03351830340811e-15)
(3.08087300645349e-28 -1.25733560549113e-06 1.25054868324281e-13)
(3.0084700692904e-28 -1.26695199693849e-06 -9.08851340655271e-14)
(2.93548356260728e-28 -1.27695993822954e-06 -2.06949156507109e-13)
(2.86483370330271e-28 -1.28737061091177e-06 2.99056119362605e-14)
(2.79350626562823e-28 -1.29811619852848e-06 1.90627443959239e-14)
(2.72446435790037e-28 -1.30917584174262e-06 -1.84585142683202e-13)
(2.65486572987642e-28 -1.32062348794636e-06 -1.71888692804396e-13)
(2.58749353999545e-28 -1.33247280093282e-06 1.15059078548633e-13)
(2.51949974031407e-28 -1.34465473026383e-06 7.16606479691214e-14)
(2.45370735803513e-28 -1.35716401840174e-06 2.2449712711138e-14)
(2.38740920390137e-28 -1.37009417059672e-06 -7.55228874036428e-15)
(2.32324934401742e-28 -1.38346068754355e-06 -5.17423651909016e-14)
(2.25855100098699e-28 -1.39718899570902e-06 1.75697530656274e-13)
(2.19598517646198e-28 -1.41129060865753e-06 3.43496129180722e-13)
(2.1329857501665e-28 -1.4258839560045e-06 1.79899073442313e-13)
(2.07205064378256e-28 -1.44098783141109e-06 -3.79443298247054e-15)
(2.01066406389562e-28 -1.45652376019733e-06 -2.70252119306413e-14)
(1.95135878937689e-28 -1.47253687740244e-06 -1.52626699381136e-14)
(1.89172173728262e-28 -1.48917512721338e-06 1.08778386623278e-14)
(1.83408930824436e-28 -1.50646472553496e-06 -2.70369384394974e-15)
(1.77610578254269e-28 -1.52433529637147e-06 -1.0386482115883e-13)
(1.72016574895551e-28 -1.54287571191866e-06 -1.02531411795231e-13)
(1.66401735730849e-28 -1.56229860398173e-06 -1.16536548046348e-13)
(1.60982788117248e-28 -1.58264861782635e-06 -1.35658343998102e-13)
(1.55541503292408e-28 -1.60385990654183e-06 8.04462632255017e-15)
(1.50302780887454e-28 -1.62611536951511e-06 -1.80455242120853e-13)
(1.450589514144e-28 -1.64973527255744e-06 -1.07596643375305e-13)
(1.40007559654828e-28 -1.67478484628047e-06 2.07138159306626e-13)
(1.34949898841693e-28 -1.70121415828636e-06 1.72287245894489e-13)
(1.30095222908321e-28 -1.72938936137529e-06 -1.61423095584753e-13)
(1.25253328639131e-28 -1.75983080700871e-06 -3.22921519177199e-13)
(1.20602262952414e-28 -1.79262523166731e-06 3.29781366375623e-14)
(1.1596613785454e-28 -1.82774148581398e-06 3.41878316255587e-14)
(1.11535648875695e-28 -1.86593116241896e-06 -8.43054350212745e-14)
(1.07139118586169e-28 -1.90801219567739e-06 -8.86896383075434e-14)
(1.02931824555491e-28 -1.95400897875271e-06 2.98284432064518e-14)
(9.87661122067021e-29 -2.00393159724816e-06 7.85553940946976e-14)
(9.4810968748572e-29 -2.05929912549001e-06 8.44034346033764e-14)
(9.09118894656502e-29 -2.12136089934042e-06 1.31404047830827e-13)
(8.71989749662859e-29 -2.1899561266831e-06 -5.99461419714576e-14)
(8.35577429664647e-29 -2.2652875801636e-06 -2.10777793904338e-13)
(8.01327640369128e-29 -2.35035062163829e-06 -1.48182516667405e-13)
(7.67859884912651e-29 -2.44689533591595e-06 2.26742369353135e-13)
(7.36186586765704e-29 -2.55414959191038e-06 3.4320920783407e-13)
(7.05608699158795e-29 -2.67294377898738e-06 3.47701836555024e-13)
(6.7724973681963e-29 -2.80873660975438e-06 1.21354547269415e-13)
(6.49080841197174e-29 -2.96398336324472e-06 -1.21464116889002e-13)
(6.23155545420685e-29 -3.1379721317363e-06 -5.6792666377413e-14)
(5.99141178153334e-29 -3.3360234798794e-06 -1.7847109941666e-13)
(5.77813684859633e-29 -3.57712105885484e-06 -1.39511855671222e-13)
(5.58930301851582e-29 -3.87668935257339e-06 -2.00403051233296e-13)
(5.43588940209423e-29 -4.23854656979925e-06 -2.5735122398104e-13)
(5.34034450567887e-29 -4.68211306149502e-06 7.79826559665587e-14)
(5.29839498953874e-29 -5.23069349345387e-06 1.34491461062939e-13)
(5.29765353471623e-29 -5.87699891757346e-06 -2.19634734203455e-15)
(5.34881860621664e-29 -6.60542046774388e-06 -4.96377577657456e-14)
(5.45701531979622e-29 -7.43066052020359e-06 3.53669381745138e-14)
(5.59495498995666e-29 -8.35337119449479e-06 1.97501188434897e-13)
(5.76007834366049e-29 -9.34939690563141e-06 3.77424004006867e-14)
(5.96353713998718e-29 -1.04078206329395e-05 -3.9127948113154e-13)
(6.19071492720001e-29 -1.15306018315666e-05 -3.20534566818301e-13)
(6.41472628626846e-29 -1.26987680355244e-05 1.03499646662123e-13)
(6.64496621701529e-29 -1.38867196662867e-05 -1.06410627951549e-13)
(6.85460180537379e-29 -1.50842071559843e-05 -9.11388254918413e-14)
(7.03354319437448e-29 -1.62690604485934e-05 5.72782176433224e-16)
(7.17364533863884e-29 -1.74216236046796e-05 -6.44699370092217e-14)
(7.23942033179505e-29 -1.85332921330426e-05 2.85905689767589e-13)
(7.21988426812423e-29 -1.9571525400143e-05 2.2376642864986e-13)
(7.12527465774218e-29 -2.05150192184911e-05 -9.26742788356497e-14)
(6.93120376071246e-29 -2.13681537491287e-05 -4.00393909273994e-14)
(6.60458719600082e-29 -2.21117940683344e-05 9.76151932630005e-14)
(6.18304863444909e-29 -2.27162270561402e-05 -1.06214567192591e-13)
(5.69179262480966e-29 -2.31871015291236e-05 -1.71819720226386e-13)
(5.09960109389957e-29 -2.3541374389868e-05 -1.49598468732127e-14)
(4.71834128434662e-29 -2.37595476330622e-05 2.81975276894889e-13)
(4.77329384393875e-29 -2.38595136453028e-05 4.00025126932788e-13)
(4.7696355357647e-29 -2.38837900136866e-05 1.19464835400515e-13)
(4.7125458245438e-29 -2.3840240789919e-05 -1.02134398488514e-13)
(4.63179104788343e-29 -2.37427576973799e-05 -6.41877669709045e-14)
(4.53791187770836e-29 -2.36132955209904e-05 1.5766023142794e-13)
(4.42795371095114e-29 -2.34627075886825e-05 1.84151209957146e-13)
(4.31189959562038e-29 -2.32959387835326e-05 6.36104877800153e-14)
(4.19463882319743e-29 -2.31201339149888e-05 2.74659870268228e-14)
(4.07746330439139e-29 -2.29405940531888e-05 -1.45681974122276e-13)
(3.96179247708109e-29 -2.27612573121478e-05 -1.89739897053092e-15)
(3.8511578388854e-29 -2.2587330000498e-05 1.83272000072257e-13)
(3.74026315654084e-29 -2.24238165256522e-05 9.97435246396177e-14)
(3.61947457983117e-29 -2.22862796200067e-05 1.27956203338259e-14)
(1.11568093629123e-27 -3.24494960761223e-06 -2.43584488199782e-13)
(1.08576543568964e-27 -3.24463822910979e-06 -2.29832284156895e-13)
(1.06232993886951e-27 -3.24600702708534e-06 -2.69273969786325e-14)
(1.03966324589163e-27 -3.24819846694284e-06 -2.88964338726307e-13)
(1.01696280269938e-27 -3.25095365594944e-06 3.75235749595393e-13)
(9.94861368872751e-28 -3.2541627715898e-06 1.0304949877032e-12)
(9.72744554742215e-28 -3.25785937177788e-06 6.01639573918634e-13)
(9.51207939305033e-28 -3.26204251738061e-06 2.11816219613305e-13)
(9.29623155260142e-28 -3.26661295060027e-06 4.58117945537615e-13)
(9.08586110536187e-28 -3.27151386040992e-06 3.97926046924564e-13)
(8.87510554550926e-28 -3.27678344905586e-06 -7.0902754094852e-14)
(8.66968657321117e-28 -3.28242462871609e-06 -9.93676229527676e-15)
(8.46366279848477e-28 -3.2883677273015e-06 3.68143990487324e-13)
(8.26280253549893e-28 -3.29458275739632e-06 -2.65101126918805e-13)
(8.06152559918408e-28 -3.30111593328911e-06 -6.09141097591535e-13)
(7.86531646810789e-28 -3.30797675345753e-06 8.68565723333973e-14)
(7.66850439359706e-28 -3.31510939111183e-06 5.74966586783905e-14)
(7.47667332481248e-28 -3.32249681270129e-06 -5.41928957168604e-13)
(7.28448498006253e-28 -3.33020028676359e-06 -5.07612152564888e-13)
(7.09717560236558e-28 -3.33823132431503e-06 3.3750207439691e-13)
(6.90937891074334e-28 -3.34653290600928e-06 2.11441477833073e-13)
(6.72642819093275e-28 -3.35510060962146e-06 6.65201984926271e-14)
(6.54322327384834e-28 -3.36401189632302e-06 -2.18130489123098e-14)
(6.36474925859436e-28 -3.37327975142887e-06 -1.53683719955229e-13)
(6.18596750829662e-28 -3.38284227772627e-06 5.15621914910596e-13)
(6.01192422473128e-28 -3.39270879203008e-06 1.0127617689838e-12)
(5.8377724493109e-28 -3.40297744824847e-06 5.32335189459208e-13)
(5.66823685041246e-28 -3.41366386878454e-06 -1.02032640068685e-14)
(5.49857535798251e-28 -3.4247023942642e-06 -7.96963429696615e-14)
(5.33358332013976e-28 -3.43612997777728e-06 -4.52543887470844e-14)
(5.16869614493602e-28 -3.44806931341864e-06 3.2072960824445e-14)
(5.00834011604438e-28 -3.46054192739254e-06 -7.32462897020198e-15)
(4.84806657882489e-28 -3.47348807063616e-06 -3.06346950919599e-13)
(4.69241921566078e-28 -3.48698060977668e-06 -3.02875557649087e-13)
(4.53713159808267e-28 -3.50119586119235e-06 -3.44261057582188e-13)
(4.38632209495036e-28 -3.51617008578809e-06 -4.01799521030086e-13)
(4.2358668911565e-28 -3.5318459073639e-06 2.42006373689368e-14)
(4.09003337013628e-28 -3.54837364957576e-06 -5.33386421860278e-13)
(3.94488791276305e-28 -3.56601901894231e-06 -3.20448601263376e-13)
(3.80419690956147e-28 -3.58483424526295e-06 6.11906740484627e-13)
(3.66419440731262e-28 -3.60477240092624e-06 5.12075595720522e-13)
(3.52886127028997e-28 -3.62613515747784e-06 -4.75743265822577e-13)
(3.39459114501941e-28 -3.64935466404875e-06 -9.57868434605045e-13)
(3.26479681610074e-28 -3.67449872460027e-06 9.61371150229341e-14)
(3.1361384197279e-28 -3.70153021567402e-06 1.01956689623792e-13)
(3.01224656564004e-28 -3.73107134855221e-06 -2.49439719640486e-13)
(2.88987109594216e-28 -3.76380246900001e-06 -2.63658278568159e-13)
(2.77199906950068e-28 -3.79973446378079e-06 8.77237771326415e-14)
(2.65582221941004e-28 -3.8388533915034e-06 2.32900521435635e-13)
(2.54456073639345e-28 -3.88242382144922e-06 2.50315334733795e-13)
(2.43529874510411e-28 -3.93148681090832e-06 3.90980620304147e-13)
(2.33055297442948e-28 -3.98588591495274e-06 -1.7644903377574e-13)
(2.2281311944298e-28 -4.04574633986827e-06 -6.25945099411019e-13)
(2.13079439804851e-28 -4.11357512518433e-06 -4.42620539427315e-13)
(2.03595492975394e-28 -4.19083456514392e-06 6.71823868574596e-13)
(1.94559755362527e-28 -4.27682516753551e-06 1.02014380671018e-12)
(1.85831484407484e-28 -4.37217138909152e-06 1.03552503200765e-12)
(1.77629364819506e-28 -4.48145235646255e-06 3.63459456790524e-13)
(1.69567492838119e-28 -4.60670509338993e-06 -3.60710636157048e-13)
(1.62047081074249e-28 -4.74717468098697e-06 -1.68795279721604e-13)
(1.54998335684577e-28 -4.90705299172073e-06 -5.31261063674357e-13)
(1.48588243689802e-28 -5.10210272594425e-06 -4.1565748025755e-13)
(1.42784105799915e-28 -5.34515353699903e-06 -5.96769636473283e-13)
(1.37802503374594e-28 -5.63879690350722e-06 -7.69209177092799e-13)
(1.3401613953163e-28 -5.99903195341142e-06 2.30275192210232e-13)
(1.31430547830038e-28 -6.44553123947987e-06 4.01929060549091e-13)
(1.29836921147368e-28 -6.97212784515183e-06 -5.25994061073329e-15)
(1.29272053734668e-28 -7.56531522218816e-06 -1.48455876510549e-13)
(1.29924362664438e-28 -8.23754619144488e-06 1.03657604015178e-13)
(1.31308533804977e-28 -8.9897807423914e-06 5.89473715009737e-13)
(1.33344685290704e-28 -9.8016610157441e-06 1.17491930474789e-13)
(1.35934386889853e-28 -1.06642239958517e-05 -1.16472052554283e-12)
(1.39246737635359e-28 -1.15789937240955e-05 -9.60606588118071e-13)
(1.42553568264057e-28 -1.25307805598222e-05 3.06762765565722e-13)
(1.45931831715833e-28 -1.34982588784019e-05 -3.15509196675082e-13)
(1.49062087574101e-28 -1.44729381103602e-05 -2.7246350077695e-13)
(1.51698544710257e-28 -1.54369856209472e-05 1.48597247134702e-15)
(1.53437555779592e-28 -1.63742737884417e-05 -1.94277849407063e-13)
(1.5419042198734e-28 -1.72768233164038e-05 8.47861712341423e-13)
(1.53197881521698e-28 -1.8119596215164e-05 6.67843712104491e-13)
(1.50547098820912e-28 -1.88852848610754e-05 -2.7342788489829e-13)
(1.46127077264762e-28 -1.95755415132432e-05 -1.20193965371712e-13)
(1.39462491437248e-28 -2.01753131805e-05 2.89893706493131e-13)
(1.30470320029275e-28 -2.06632627100217e-05 -3.13365965985386e-13)
(1.19724733707256e-28 -2.10425053432655e-05 -5.09756268027827e-13)
(1.07889838679321e-28 -2.13236276054835e-05 -4.65348941753568e-14)
(1.0011359195258e-28 -2.14989903017639e-05 8.33738621767984e-13)
(1.01445404303245e-28 -2.15835560156417e-05 1.18616899740337e-12)
(1.0158523300594e-28 -2.16045719675546e-05 3.55322023841824e-13)
(1.00622867439653e-28 -2.15713449348377e-05 -3.02685876575829e-13)
(9.90598951413976e-29 -2.14953921071105e-05 -1.90920091051893e-13)
(9.7137317268695e-29 -2.13925057056548e-05 4.67951309929963e-13)
(9.48787528346187e-29 -2.12718055240502e-05 5.4715278841226e-13)
(9.2488961131975e-29 -2.11381390795698e-05 1.89134587157729e-13)
(9.00297683957635e-29 -2.09969888488492e-05 8.17616127625458e-14)
(8.75751528038354e-29 -2.08526109661179e-05 -4.33134254883925e-13)
(8.5154293289114e-29 -2.07084813753666e-05 -5.69398868256351e-15)
(8.28419997245003e-29 -2.05688447248677e-05 5.45207599614176e-13)
(8.05962282142437e-29 -2.04391845688403e-05 2.96868863199294e-13)
(7.84469130590297e-29 -2.0336905468006e-05 3.80884975508737e-14)
(1.60720845591133e-27 -5.24854975059853e-06 -3.99283931626213e-13)
(1.56994608779846e-27 -5.24699668631403e-06 -3.7858924203278e-13)
(1.53636949352622e-27 -5.24690298232403e-06 -4.28694345235868e-14)
(1.50380177731618e-27 -5.24743848413635e-06 -4.78221985128548e-13)
(1.47121494764603e-27 -5.24840617930948e-06 6.06422554474106e-13)
(1.43939602563202e-27 -5.24972158763034e-06 1.69069662763164e-12)
(1.40757748458453e-27 -5.25141021137696e-06 9.92528856151481e-13)
(1.37650508546061e-27 -5.25347150631967e-06 3.47536657817646e-13)
(1.345398662597e-27 -5.25582967549948e-06 7.51202338771416e-13)
(1.31500313176155e-27 -5.25844117196567e-06 6.57334131064679e-13)
(1.2845857475789e-27 -5.26133521115085e-06 -1.14582064439691e-13)
(1.25486362124836e-27 -5.26451420327019e-06 -1.95743114189262e-14)
(1.22509668968677e-27 -5.26792492789813e-06 6.07769787467761e-13)
(1.19600601681807e-27 -5.27154440121418e-06 -4.29879435604527e-13)
(1.16689388129539e-27 -5.27540807717526e-06 -1.00458728420518e-12)
(1.13844826915935e-27 -5.27952343999809e-06 1.39635840601297e-13)
(1.10996111510932e-27 -5.28384784338064e-06 9.90158423508959e-14)
(1.08213112139721e-27 -5.28836825346339e-06 -8.8852757822664e-13)
(1.05429028333186e-27 -5.29313173626415e-06 -8.41003795867326e-13)
(1.02709586086214e-27 -5.29814736825903e-06 5.52130297087011e-13)
(9.9987661596641e-28 -5.30337157218054e-06 3.49470009603749e-13)
(9.73300958997594e-28 -5.30880099575534e-06 1.1073829311162e-13)
(9.46729754145787e-28 -5.31449521566043e-06 -3.46102441789513e-14)
(9.20789229323916e-28 -5.32046449655274e-06 -2.56801317201196e-13)
(8.94849035288301e-28 -5.32666150801145e-06 8.42856840192282e-13)
(8.69541616606975e-28 -5.33309346605044e-06 1.66889748882458e-12)
(8.44258845693256e-28 -5.33983595718655e-06 8.82491631256988e-13)
(8.19595249349475e-28 -5.34690135927752e-06 -1.39879852339316e-14)
(7.94956654080934e-28 -5.35423944614155e-06 -1.3124344401155e-13)
(7.70944635498289e-28 -5.36187872418482e-06 -7.52079763800978e-14)
(7.46986255124521e-28 -5.36991383519892e-06 5.2774653459112e-14)
(7.23639002265145e-28 -5.37836181538056e-06 -1.01870828976653e-14)
(7.00344718801335e-28 -5.38717702056847e-06 -5.0405459396007e-13)
(6.77673824682095e-28 -5.39641571968996e-06 -4.99455117433342e-13)
(6.55090246333476e-28 -5.40621407195875e-06 -5.67574044769828e-13)
(6.33113600312961e-28 -5.41660067731554e-06 -6.65213154669069e-13)
(6.11226138902773e-28 -5.42753184012255e-06 4.11754309681327e-14)
(5.89963057676762e-28 -5.43912368614715e-06 -8.79541231486191e-13)
(5.68830142112894e-28 -5.45158166574191e-06 -5.34823814168675e-13)
(5.48303905265908e-28 -5.46494706171788e-06 1.00755153452455e-12)
(5.27910182597502e-28 -5.47918444684117e-06 8.51273354073456e-13)
(5.08148619488424e-28 -5.49452698724482e-06 -7.79979914388384e-13)
(4.88565940168595e-28 -5.51130919204347e-06 -1.58634378068692e-12)
(4.69595252729657e-28 -5.52958502857743e-06 1.54906772700386e-13)
(4.50814736569174e-28 -5.54932702890088e-06 1.70169276453654e-13)
(4.32680425140179e-28 -5.57101627570707e-06 -4.11158257839771e-13)
(4.14783741784409e-28 -5.59518007719414e-06 -4.37635688069377e-13)
(3.97505522124004e-28 -5.62182955892619e-06 1.43228211104148e-13)
(3.80489309893453e-28 -5.65095564461472e-06 3.8481388414173e-13)
(3.64139738375375e-28 -5.68353637615899e-06 4.13657642512608e-13)
(3.4809134908076e-28 -5.72037994528419e-06 6.4911484738881e-13)
(3.32667063597932e-28 -5.76136988852394e-06 -2.88361245883944e-13)
(3.17585720925562e-28 -5.80660511963049e-06 -1.03584417855678e-12)
(3.03194303452965e-28 -5.85802533825236e-06 -7.3821276222249e-13)
(2.8917066999556e-28 -5.91676827594528e-06 1.10795830320989e-12)
(2.75772956948354e-28 -5.98230011289005e-06 1.68928949489239e-12)
(2.62813726355197e-28 -6.05510563122708e-06 1.7188746005885e-12)
(2.50567811282764e-28 -6.1387295097936e-06 6.07479482787723e-13)
(2.38563053923997e-28 -6.23476047793746e-06 -5.96414079867662e-13)
(2.27309205591213e-28 -6.3426257937048e-06 -2.79267434072805e-13)
(2.16704665382781e-28 -6.46556962387621e-06 -8.80609269115292e-13)
(2.06947349718908e-28 -6.61579406694041e-06 -6.89542282211618e-13)
(1.98018594783148e-28 -6.80326213893505e-06 -9.89324777881264e-13)
(1.90182136573643e-28 -7.03000759404098e-06 -1.28028807756805e-12)
(1.83862567507634e-28 -7.30840197618071e-06 3.78316949611915e-13)
(1.79055044126784e-28 -7.65370136857665e-06 6.68563432176403e-13)
(1.75560494308667e-28 -8.06119200002862e-06 -6.67535646477089e-15)
(1.73390826714748e-28 -8.52038128295021e-06 -2.47083849438664e-13)
(1.72722756673279e-28 -9.0408484305629e-06 1.69309266178238e-13)
(1.7302057821162e-28 -9.62336877104793e-06 9.79099515320374e-13)
(1.74187132698717e-28 -1.02521695607948e-05 2.0227346413264e-13)
(1.76091582765425e-28 -1.0920210667635e-05 -1.92983899969733e-12)
(1.78837565561097e-28 -1.16286338572431e-05 -1.60075393894275e-12)
(1.81700268878536e-28 -1.23656821123531e-05 5.06468481688778e-13)
(1.84701455956419e-28 -1.31147767636123e-05 -5.21030489451205e-13)
(1.87421203640034e-28 -1.38692843709727e-05 -4.53009200579086e-13)
(1.89630836181951e-28 -1.46153815313496e-05 2.18511888288252e-15)
(1.90847523309222e-28 -1.53405235032632e-05 -3.25174189341998e-13)
(1.90869585367852e-28 -1.60385067488371e-05 1.39995551121415e-12)
(1.88975920882963e-28 -1.66900099430773e-05 1.10860743574485e-12)
(1.85141332525951e-28 -1.72815815658277e-05 -4.4927928355035e-13)
(1.79192134350274e-28 -1.78143830414422e-05 -2.004189596427e-13)
(1.70650834102062e-28 -1.82768247259582e-05 4.78945308912207e-13)
(1.59490114960691e-28 -1.86525417200916e-05 -5.14368306837868e-13)
(1.46177193312933e-28 -1.89438138970555e-05 -8.41076008757763e-13)
(1.3157626827249e-28 -1.91589325180075e-05 -7.98429349736135e-14)
(1.22494481204927e-28 -1.9292992184335e-05 1.37084237608272e-12)
(1.24155520207249e-28 -1.93580471700832e-05 1.95536952843498e-12)
(1.24422440571931e-28 -1.93745267131449e-05 5.87192346998098e-13)
(1.23407620551634e-28 -1.93494137242975e-05 -4.98737036203852e-13)
(1.21619901432743e-28 -1.92915550961103e-05 -3.15675232472591e-13)
(1.19364166511615e-28 -1.92129038209195e-05 7.72152287479195e-13)
(1.16709052667965e-28 -1.9120451408474e-05 9.03732273088882e-13)
(1.1387986466507e-28 -1.90179958716617e-05 3.12619867259419e-13)
(1.10952017599448e-28 -1.89097487307975e-05 1.35319628611498e-13)
(1.08029682937058e-28 -1.87989782964424e-05 -7.15876212226656e-13)
(1.05141786460156e-28 -1.86883882462756e-05 -9.57254553668108e-15)
(1.02393639489522e-28 -1.85813067574361e-05 9.0160233477079e-13)
(9.97804472663089e-29 -1.84821534241821e-05 4.91289844616832e-13)
(9.75071474297154e-29 -1.84040383057119e-05 6.32593622485699e-14)
(1.75101597248681e-27 -7.19413491873203e-06 -5.50620597375889e-13)
(1.7205495560911e-27 -7.19215552505224e-06 -5.25910246183149e-13)
(1.68424128699592e-27 -7.19130480381718e-06 -5.64233825807904e-14)
(1.64887387369515e-27 -7.19089763781697e-06 -6.68580379401272e-13)
(1.61355610749733e-27 -7.19079439219045e-06 8.17857822886399e-13)
(1.57893821747099e-27 -7.19093510035596e-06 2.33315571960888e-12)
(1.54438502710773e-27 -7.19133749190512e-06 1.38088732791571e-12)
(1.51051512152563e-27 -7.19200146832763e-06 4.79611672629578e-13)
(1.47668245001501e-27 -7.19287388062853e-06 1.03544526428075e-12)
(1.44350353683393e-27 -7.19392390890687e-06 9.1595913002351e-13)
(1.41037203825922e-27 -7.19517204928652e-06 -1.54363052759157e-13)
(1.37788329992332e-27 -7.1966202414367e-06 -3.37722267330335e-14)
(1.34542373133229e-27 -7.19823114563993e-06 8.4576913876453e-13)
(1.31359095697038e-27 -7.19998845214639e-06 -5.82216019279875e-13)
(1.28180814919173e-27 -7.20191713393501e-06 -1.39555972580182e-12)
(1.25064706840677e-27 -7.2040227105134e-06 1.86526749694169e-13)
(1.21951923771463e-27 -7.20627525432628e-06 1.46051769518004e-13)
(1.18900564288676e-27 -7.20866548193093e-06 -1.22319953854434e-12)
(1.15855346433709e-27 -7.21122660577512e-06 -1.17563513356799e-12)
(1.12870925274241e-27 -7.21396530306453e-06 7.57437118323572e-13)
(1.0989148147663e-27 -7.21685097025942e-06 4.86659941424036e-13)
(1.06972713858232e-27 -7.21988114945561e-06 1.55812417112199e-13)
(1.04061609748663e-27 -7.22309794003272e-06 -4.521039129895e-14)
(1.01210294184142e-27 -7.22650890550368e-06 -3.63132169608898e-13)
(9.83664602560644e-28 -7.23008077890534e-06 1.15430791302659e-12)
(9.55827763528362e-28 -7.23381855715709e-06 2.31271451516821e-12)
(9.28087090137405e-28 -7.23777573091822e-06 1.23347650657788e-12)
(9.00938561014381e-28 -7.241961428906e-06 -1.36520563590406e-14)
(8.73888670501407e-28 -7.24634030563554e-06 -1.81619973984606e-13)
(8.47439431830766e-28 -7.25093241730192e-06 -1.05456831543604e-13)
(8.2111470378471e-28 -7.25580486540272e-06 7.29227071269745e-14)
(7.95379647514155e-28 -7.26097015625664e-06 -1.03207519400226e-14)
(7.69770067345407e-28 -7.26639617929683e-06 -6.96454044433376e-13)
(7.44763135661084e-28 -7.272122679765e-06 -6.92244405664861e-13)
(7.19913003632562e-28 -7.27824631294638e-06 -7.86305774614186e-13)
(6.95653875126894e-28 -7.28478793462624e-06 -9.27081795712983e-13)
(6.71555190904332e-28 -7.29171683611587e-06 5.96143071846318e-14)
(6.4806479631235e-28 -7.29911521526878e-06 -1.21846670676649e-12)
(6.24772264669296e-28 -7.30712912627108e-06 -7.53570688056697e-13)
(6.02076285821794e-28 -7.31578868901045e-06 1.39261459817035e-12)
(5.79581748344739e-28 -7.32506907951508e-06 1.192514660282e-12)
(5.5770824580812e-28 -7.33513558109808e-06 -1.07121189502633e-12)
(5.3607913201833e-28 -7.34622628147255e-06 -2.21003544979409e-12)
(5.15057726747238e-28 -7.35838079095106e-06 2.07422419069205e-13)
(4.94292564020089e-28 -7.37157996192729e-06 2.39566104744467e-13)
(4.74167682154201e-28 -7.38616518907914e-06 -5.68853684490262e-13)
(4.54343489536165e-28 -7.40251238989874e-06 -6.11337285756551e-13)
(4.35139749062683e-28 -7.42063152457994e-06 1.95492859738692e-13)
(4.16260587736921e-28 -7.44051634010746e-06 5.34046949511135e-13)
(3.9804772159478e-28 -7.46286152091006e-06 5.74133723275475e-13)
(3.80197178691114e-28 -7.48824435531088e-06 9.06632961796595e-13)
(3.62980284783856e-28 -7.51658517661422e-06 -3.94074634014037e-13)
(3.46165134914626e-28 -7.54795387102775e-06 -1.44011411215897e-12)
(3.30046109241525e-28 -7.5837293887768e-06 -1.03700215252331e-12)
(3.14354979155623e-28 -7.62472657658426e-06 1.53311006334218e-12)
(2.99308724529295e-28 -7.67057015793678e-06 2.35010274161412e-12)
(2.84754881878838e-28 -7.721602911812e-06 2.3985755055497e-12)
(2.7092803623749e-28 -7.78034688056715e-06 8.55170615160601e-13)
(2.57431925848856e-28 -7.84794211687973e-06 -8.27958247426074e-13)
(2.44695433843707e-28 -7.92398484596608e-06 -3.87914575848727e-13)
(2.32643232978641e-28 -8.01077350666715e-06 -1.22608149056721e-12)
(2.21457567575455e-28 -8.11698776412381e-06 -9.60826213032637e-13)
(2.11134502115025e-28 -8.24974058446794e-06 -1.37732480367517e-12)
(2.01916796908908e-28 -8.4104879383601e-06 -1.79064692028004e-12)
(1.94189413209012e-28 -8.60801799054343e-06 5.20980979752253e-13)
(1.87964954878058e-28 -8.85321299851495e-06 9.34102802121693e-13)
(1.83071791696231e-28 -9.14276000421361e-06 -6.11261128361798e-15)
(1.79504955298457e-28 -9.46915802516205e-06 -3.45399995919003e-13)
(1.77407334121736e-28 -9.8391812719128e-06 2.31804524724029e-13)
(1.76314031557128e-28 -1.02534071902088e-05 1.36585616734437e-12)
(1.76106985407556e-28 -1.07006030190587e-05 2.92664740906098e-13)
(1.76660732975318e-28 -1.11756915890952e-05 -2.6854948833377e-12)
(1.78031245189585e-28 -1.16794584257377e-05 -2.2411250218307e-12)
(1.79605445886357e-28 -1.22035462318528e-05 7.02548511221142e-13)
(1.81351732528639e-28 -1.2736123125099e-05 -7.2298256558443e-13)
(1.82883343153133e-28 -1.32724376424579e-05 -6.33096100746504e-13)
(1.83993089439732e-28 -1.38026541922173e-05 2.6847482626969e-15)
(1.84244663669465e-28 -1.43178250862549e-05 -4.57743357057234e-13)
(1.83410283669237e-28 -1.48135489153369e-05 1.94401391768753e-12)
(1.80895447315691e-28 -1.52761170130341e-05 1.54846035802638e-12)
(1.76625981573566e-28 -1.56959371863333e-05 -6.20894043634747e-13)
(1.70432065951638e-28 -1.60738265406279e-05 -2.81424180813371e-13)
(1.61909629490645e-28 -1.64015887059856e-05 6.66335210579187e-13)
(1.5105596466814e-28 -1.66675913762166e-05 -7.10621829994551e-13)
(1.38224951678597e-28 -1.68734524970216e-05 -1.16867512331069e-12)
(1.24325574408555e-28 -1.7025295162377e-05 -1.15820417795362e-13)
(1.16299370044053e-28 -1.71196366548924e-05 1.898914447113e-12)
(1.17849592060291e-28 -1.71652301400478e-05 2.71376842375222e-12)
(1.18138031922881e-28 -1.71768746534756e-05 8.1680424696162e-13)
(1.17260449648338e-28 -1.71592368412302e-05 -6.91662629524954e-13)
(1.15645002633101e-28 -1.71185070794628e-05 -4.39196058044963e-13)
(1.13578613467303e-28 -1.70630986039443e-05 1.07183472510504e-12)
(1.11144562243559e-28 -1.69979334596469e-05 1.25568722791278e-12)
(1.08538917699864e-28 -1.6925690664909e-05 4.34652385937224e-13)
(1.05835527122089e-28 -1.68493430770894e-05 1.884210674273e-13)
(1.0313405556564e-28 -1.67711966312411e-05 -9.95093175742837e-13)
(1.00462929475394e-28 -1.6693162962346e-05 -1.3609365777478e-14)
(9.79233967566364e-29 -1.661759786289e-05 1.2537288865127e-12)
(9.55358766738227e-29 -1.65475838343027e-05 6.83538297182798e-13)
(9.35465497756505e-29 -1.64920419488866e-05 8.81622301215967e-14)
(1.46369976838413e-27 -9.08481820120798e-06 -6.97834025862802e-13)
(1.4501131799939e-27 -9.08318464474095e-06 -6.7309872128711e-13)
(1.41999524140935e-27 -9.08221260126232e-06 -6.68239145881252e-14)
(1.39050280973213e-27 -9.08150447609883e-06 -8.62360517719975e-13)
(1.3610967533245e-27 -9.08097560792661e-06 1.00485204720292e-12)
(1.33218026222558e-27 -9.08059006482557e-06 2.95851467269181e-12)
(1.30335719637644e-27 -9.08035813136955e-06 1.77017816098167e-12)
(1.27501492376408e-27 -9.080280022069e-06 6.08346385649803e-13)
(1.24675010278921e-27 -9.08032446870828e-06 1.31069089590289e-12)
(1.21894697650543e-27 -9.0804730577558e-06 1.17623246096751e-12)
(1.19122769540935e-27 -9.08073783901054e-06 -1.89111035732593e-13)
(1.1639653831391e-27 -9.08112017858778e-06 -5.43366032601503e-14)
(1.13677641530689e-27 -9.08159809062484e-06 1.08379573071931e-12)
(1.1100338819184e-27 -9.08216177742253e-06 -7.19083689234741e-13)
(1.08337907673302e-27 -9.08282599833148e-06 -1.78416597191957e-12)
(1.05717068315795e-27 -9.08359423437714e-06 2.25727603458079e-13)
(1.03103965467131e-27 -9.08444885814804e-06 2.00893181449594e-13)
(1.0053502902697e-27 -9.0853842416525e-06 -1.54465444865891e-12)
(9.79758477910963e-28 -9.08642006057146e-06 -1.51493891080279e-12)
(9.54607159951983e-28 -9.08756050501067e-06 9.51857518710393e-13)
(9.295462108603e-28 -9.08878753236341e-06 6.23858373218811e-13)
(9.04925827223539e-28 -9.09009955642066e-06 2.02439056100011e-13)
(8.80415150143074e-28 -9.09152155424228e-06 -5.28246494434738e-14)
(8.56341481814467e-28 -9.09305827588158e-06 -4.74570724248215e-13)
(8.32377892711287e-28 -9.0946900946068e-06 1.44691494610268e-12)
(8.08855148354316e-28 -9.0964198289967e-06 2.94491639202346e-12)
(7.85457200798019e-28 -9.09827926823519e-06 1.58834363627211e-12)
(7.62496272158143e-28 -9.10027414764585e-06 -7.66343768685142e-15)
(7.39663622156361e-28 -9.10238356565897e-06 -2.30744663449762e-13)
(7.17275392487662e-28 -9.10461928300039e-06 -1.36328279070688e-13)
(6.95033969774221e-28 -9.1070212678526e-06 9.2429080484414e-14)
(6.73232038819492e-28 -9.10959731533352e-06 -6.78926413435701e-15)
(6.51578775492941e-28 -9.1123284314635e-06 -8.83023532867597e-13)
(6.30375706263127e-28 -9.11523808905563e-06 -8.81233310868263e-13)
(6.09344010122582e-28 -9.11838393423841e-06 -1.00028722479822e-12)
(5.88757214482358e-28 -9.12177884179163e-06 -1.18860760353671e-12)
(5.6834570009499e-28 -9.12540464393771e-06 8.01195944403748e-14)
(5.48392645467216e-28 -9.12931006443872e-06 -1.54968315903456e-12)
(5.28642108616414e-28 -9.13358235916239e-06 -9.794772606722e-13)
(5.09345378752648e-28 -9.13824011267095e-06 1.76559898524351e-12)
(4.90254505279338e-28 -9.14326862200962e-06 1.53834930127334e-12)
(4.71636204261777e-28 -9.14876610110737e-06 -1.34651785883529e-12)
(4.5325551694125e-28 -9.15487497297904e-06 -2.83060051273858e-12)
(4.35341913329245e-28 -9.16161982446825e-06 2.51807680695278e-13)
(4.17675098237156e-28 -9.16898925372458e-06 3.10844345605122e-13)
(4.0050034473803e-28 -9.17718648740393e-06 -7.21924141538152e-13)
(3.83605626973142e-28 -9.1864368211956e-06 -7.85470182537102e-13)
(3.67192831372258e-28 -9.19674768068403e-06 2.43679533771176e-13)
(3.51077957844956e-28 -9.20811507364123e-06 6.80370605128573e-13)
(3.35480378537865e-28 -9.22095306256716e-06 7.31462030255605e-13)
(3.20209768821748e-28 -9.23560841025025e-06 1.16436816675167e-12)
(3.05437148823253e-28 -9.25203577292802e-06 -4.92009634050183e-13)
(2.91020327981448e-28 -9.27027588640089e-06 -1.83843072378894e-12)
(2.77149952566717e-28 -9.29115164951754e-06 -1.34104881395905e-12)
(2.636571096738e-28 -9.31515404060467e-06 1.94534234566363e-12)
(2.50677901931624e-28 -9.34206188324248e-06 3.00217048502615e-12)
(2.38122601933015e-28 -9.37207750585089e-06 3.07564574087399e-12)
(2.26144913538717e-28 -9.40670750216364e-06 1.10836606427058e-12)
(2.14492171841589e-28 -9.44664010909519e-06 -1.05479549607574e-12)
(2.0343510116871e-28 -9.49163610474088e-06 -4.94489199106012e-13)
(1.92937413052369e-28 -9.54305986901884e-06 -1.56750653441873e-12)
(1.83130526471441e-28 -9.60609459029504e-06 -1.22946496228462e-12)
(1.74021338434554e-28 -9.68500705781175e-06 -1.76047089369385e-12)
(1.65783477534905e-28 -9.78067241118079e-06 -2.3011481927709e-12)
(1.58698867836135e-28 -9.89833064891117e-06 6.57414000571505e-13)
(1.52790805197279e-28 -1.00445021680198e-05 1.19875460792607e-12)
(1.47930481810492e-28 -1.02172342954365e-05 -3.24449921754428e-15)
(1.44109787972209e-28 -1.04120222629025e-05 -4.43474492067057e-13)
(1.41423943646255e-28 -1.06328867956012e-05 2.9079163094973e-13)
(1.39551582872127e-28 -1.08801883601542e-05 1.74979158616958e-12)
(1.38379969318985e-28 -1.11472092675653e-05 3.893260619336e-13)
(1.37823215514707e-28 -1.14308749458748e-05 -3.43144953174719e-12)
(1.37903946126054e-28 -1.1731638116738e-05 -2.88221216613054e-12)
(1.38198718099771e-28 -1.20445105495549e-05 8.94921784523209e-13)
(1.38652529009977e-28 -1.23624032918905e-05 -9.21288122149264e-13)
(1.38997740831712e-28 -1.26824604415709e-05 -8.12821457634149e-13)
(1.39072907274458e-28 -1.29988082789272e-05 2.99969235911674e-15)
(1.38573955815987e-28 -1.33060916506949e-05 -5.92271163877064e-13)
(1.37319795672766e-28 -1.36016925625737e-05 2.4799901108543e-12)
(1.349042435416e-28 -1.38774485007996e-05 1.98793830977871e-12)
(1.31258009139382e-28 -1.41276210143204e-05 -7.88114597973882e-13)
(1.26262148877745e-28 -1.43526998502749e-05 -3.63481827726379e-13)
(1.19637072479059e-28 -1.45478236658275e-05 8.52342844231617e-13)
(1.11379029996628e-28 -1.47060504337999e-05 -9.02031780232777e-13)
(1.01728976274992e-28 -1.48283789740531e-05 -1.49315905025037e-12)
(9.15721111116793e-29 -1.49187062189801e-05 -1.55084401231297e-13)
(8.66377940957495e-29 -1.49745669053328e-05 2.41913599138836e-12)
(8.77606277359023e-29 -1.50012321996407e-05 3.46271039980738e-12)
(8.79920004566887e-29 -1.50081024503042e-05 1.04449776235903e-12)
(8.73890142458928e-29 -1.49976614890831e-05 -8.81758391543877e-13)
(8.62443981213474e-29 -1.4973535867821e-05 -5.61664941642352e-13)
(8.4764676978537e-29 -1.49407079609846e-05 1.36731651068976e-12)
(8.30193079103613e-29 -1.49020915032745e-05 1.6033976454007e-12)
(8.11435956489736e-29 -1.48592710468863e-05 5.55362843283901e-13)
(7.9194741875525e-29 -1.48140086997885e-05 2.41154786387348e-13)
(7.72437265759585e-29 -1.47676710303022e-05 -1.27101967426977e-12)
(7.53141635535079e-29 -1.47213907719355e-05 -1.78639744635426e-14)
(7.34779562188642e-29 -1.46765598215199e-05 1.60179534080679e-12)
(7.17624000414442e-29 -1.46349531134823e-05 8.73676471366062e-13)
(7.03594435741132e-29 -1.46014599927991e-05 1.12779795964687e-13)
(6.63300455929135e-28 -1.09234218127256e-05 -8.41084335066065e-13)
(6.65607224684015e-28 -1.09226797907252e-05 -8.21438818335465e-13)
(6.52064819025669e-28 -1.09221577798878e-05 -7.32511615509434e-14)
(6.38670918692359e-28 -1.09217230048669e-05 -1.06149247379837e-12)
(6.25330266251686e-28 -1.09213464480964e-05 1.16269101898781e-12)
(6.12173110504566e-28 -1.09210160744236e-05 3.56691156001231e-12)
(5.99070547610397e-28 -1.09207351322641e-05 2.16370385951186e-12)
(5.86149591060353e-28 -1.09205038504022e-05 7.34156786475187e-13)
(5.73279006874945e-28 -1.09203120952545e-05 1.57662405215959e-12)
(5.60583698807757e-28 -1.09201537294774e-05 1.4404071235106e-12)
(5.47940925069742e-28 -1.09200326470129e-05 -2.17536397597855e-13)
(5.35473125431053e-28 -1.09199494191475e-05 -8.30591327738922e-14)
(5.23055200423271e-28 -1.09198969093329e-05 1.32320240814011e-12)
(5.10808668406561e-28 -1.09198718163813e-05 -8.37347898545293e-13)
(4.98617442393435e-28 -1.09198789493998e-05 -2.17219052623007e-12)
(4.86599358453362e-28 -1.09199195669592e-05 2.55292592867511e-13)
(4.74633528400407e-28 -1.0919987943234e-05 2.65641090964906e-13)
(4.62839344877558e-28 -1.09200821463092e-05 -1.85133652080805e-12)
(4.51105348494237e-28 -1.09202086128677e-05 -1.86208311920615e-12)
(4.39544188053263e-28 -1.09203688438149e-05 1.13366737654655e-12)
(4.28041168223791e-28 -1.09205569686824e-05 7.61782780868226e-13)
(4.16711507395106e-28 -1.09207723769268e-05 2.51287355324745e-13)
(4.05447664068255e-28 -1.09210232592602e-05 -5.6579942922069e-14)
(3.94357209769294e-28 -1.09213113173075e-05 -5.92798185980568e-13)
(3.83333662056216e-28 -1.09216301548851e-05 1.71752987538124e-12)
(3.72485647544966e-28 -1.09219805952777e-05 3.56583599270916e-12)
(3.61710159211514e-28 -1.09223730899287e-05 1.9499688643628e-12)
(3.51110169087709e-28 -1.09228096915239e-05 5.56950364238913e-15)
(3.40585005210496e-28 -1.09232835626419e-05 -2.78468750550744e-13)
(3.30238885542868e-28 -1.09237984589559e-05 -1.68131347699424e-13)
(3.19974965307794e-28 -1.09243675635021e-05 1.11160031212988e-13)
(3.09889690308347e-28 -1.09249936309267e-05 1.30479997999428e-15)
(2.99888040695767e-28 -1.092567043837e-05 -1.06317711788198e-12)
(2.90069887342296e-28 -1.09264055896706e-05 -1.06635429076094e-12)
(2.80344494603367e-28 -1.09272181349774e-05 -1.20925815986771e-12)
(2.70802137769308e-28 -1.09281125561779e-05 -1.45091708524207e-12)
(2.61354801170447e-28 -1.09290828864708e-05 1.03230913466599e-13)
(2.52096338471534e-28 -1.09301450298545e-05 -1.87252420274663e-12)
(2.42943889572441e-28 -1.09313278927706e-05 -1.21516868120071e-12)
(2.33980453878184e-28 -1.09326379348696e-05 2.12477317577715e-12)
(2.25124818015785e-28 -1.09340702913528e-05 1.89106773561004e-12)
(2.16466053580918e-28 -1.09356571680301e-05 -1.60282104247774e-12)
(2.0792813509117e-28 -1.09374458397826e-05 -3.44935699134584e-12)
(1.99587050666576e-28 -1.09394449192206e-05 2.8613506094918e-13)
(1.91370758418184e-28 -1.09416505509689e-05 3.84610038337364e-13)
(1.83361762771159e-28 -1.09441296016288e-05 -8.69687334704445e-13)
(1.75491456917311e-28 -1.09469570731874e-05 -9.60638210677894e-13)
(1.67826612608436e-28 -1.09501361642835e-05 2.86930719179235e-13)
(1.60307716133713e-28 -1.09536652580601e-05 8.23491602527319e-13)
(1.53009222375978e-28 -1.09576809142854e-05 8.85278575542844e-13)
(1.45869384966865e-28 -1.09622989729628e-05 1.42300198316524e-12)
(1.38944523134384e-28 -1.09675055323189e-05 -5.80547553686223e-13)
(1.32189569478711e-28 -1.09733133098093e-05 -2.23022514510062e-12)
(1.25670232471924e-28 -1.09799942765849e-05 -1.65221817206297e-12)
(1.19331352898328e-28 -1.09877132383006e-05 2.34250642351184e-12)
(1.13217173810006e-28 -1.09963984060345e-05 3.64471270841292e-12)
(1.07301058947653e-28 -1.10061151998807e-05 3.75071716922313e-12)
(1.01637323284849e-28 -1.10173624322685e-05 1.36877009292973e-12)
(9.61417318249477e-29 -1.10303717092029e-05 -1.27622750340679e-12)
(9.090282962651e-29 -1.1045064561772e-05 -5.98678047525322e-13)
(8.59133998563964e-29 -1.10618877032783e-05 -1.90450121054625e-12)
(8.12250585330422e-29 -1.10825563626007e-05 -1.49524237394749e-12)
(7.6844275427247e-29 -1.11084925922191e-05 -2.13818444682484e-12)
(7.28361660360238e-29 -1.11399889482736e-05 -2.81226305614994e-12)
(6.93136557193007e-29 -1.11787768674767e-05 7.86629023856264e-13)
(6.62949931124866e-29 -1.12270269540349e-05 1.46249449105538e-12)
(6.37262894914349e-29 -1.12841063588155e-05 2.26486674970119e-15)
(6.16015642729502e-29 -1.13485139206881e-05 -5.41280981498779e-13)
(5.99575119763309e-29 -1.14215723772383e-05 3.45851687117946e-13)
(5.86744104582653e-29 -1.15034102582234e-05 2.1305745755145e-12)
(5.76945891898815e-29 -1.15918012468264e-05 4.92843932704373e-13)
(5.69863572652499e-29 -1.16857121021676e-05 -4.16668489665427e-12)
(5.65544941800788e-29 -1.17852888364866e-05 -3.52385938014834e-12)
(5.62381090633261e-29 -1.18888829253555e-05 1.08328385048476e-12)
(5.60030277690832e-29 -1.19941396074047e-05 -1.11564381282988e-12)
(5.57515440457367e-29 -1.21001081616028e-05 -9.92073190486688e-13)
(5.54143489295695e-29 -1.22048449471737e-05 3.14545785535407e-15)
(5.48781418412233e-29 -1.230657315133e-05 -7.2886229551423e-13)
(5.40691510599888e-29 -1.24044310418318e-05 3.00706457762114e-12)
(5.28343440781702e-29 -1.24957240258736e-05 2.42688199550194e-12)
(5.11441459911384e-29 -1.25785467872768e-05 -9.50497499312181e-13)
(4.89567234900682e-29 -1.26530629025037e-05 -4.46700075923817e-13)
(4.61667165483178e-29 -1.27176742058006e-05 1.0368439028402e-12)
(4.27690510190137e-29 -1.27700798802375e-05 -1.08806154939429e-12)
(3.88621626464579e-29 -1.28106210437622e-05 -1.81431294541446e-12)
(3.52821794988927e-29 -1.28406689352531e-05 -1.98038832211688e-13)
(3.52443374021274e-29 -1.28591296706045e-05 2.93117608978781e-12)
(3.56813965953333e-29 -1.28677853547499e-05 4.2016076089853e-12)
(3.57798008028061e-29 -1.28700397650266e-05 1.27006512859082e-12)
(3.55542126130217e-29 -1.28666026565785e-05 -1.06886508284607e-12)
(3.51144550737964e-29 -1.28586561595602e-05 -6.83003295678495e-13)
(3.45403573330496e-29 -1.28478412400393e-05 1.65828411987352e-12)
(3.38620303028935e-29 -1.28351174075558e-05 1.94652286844784e-12)
(3.31302673493313e-29 -1.28210059265796e-05 6.74639110375125e-13)
(3.23690751528044e-29 -1.28060874066831e-05 2.93506120653306e-13)
(3.16053457225416e-29 -1.27908120911515e-05 -1.54333698461008e-12)
(3.08498045237734e-29 -1.2775553010041e-05 -2.23917495951466e-14)
(3.01295115281628e-29 -1.27607672648791e-05 1.94533838781138e-12)
(2.94592398291423e-29 -1.27470229437704e-05 1.06145410740579e-12)
(2.89154933575146e-29 -1.27357717089727e-05 1.37103177747698e-13)
)
;

boundaryField
{
    dieWall
    {
        type            cellMotion;
        value           nonuniform List<vector> 
100
(
(0 -1.18129061339581e-05 -9.10233344149359e-13)
(0 -1.18129061339581e-05 -8.88510603805157e-13)
(0 -1.18129061339581e-05 -7.64603757453649e-14)
(0 -1.18129061339581e-05 -1.15201681117351e-12)
(0 -1.18129061339581e-05 1.27047092209361e-12)
(0 -1.18129061339581e-05 3.87139212594453e-12)
(0 -1.18129061339581e-05 2.33561417289502e-12)
(0 -1.18129061339581e-05 7.89613479959151e-13)
(0 -1.18129061339581e-05 1.71091920972203e-12)
(0 -1.18129061339581e-05 1.55814125093748e-12)
(0 -1.18129061339581e-05 -2.4222826075386e-13)
(0 -1.18129061339581e-05 -8.82301194374373e-14)
(0 -1.18129061339581e-05 1.43714557012781e-12)
(0 -1.18129061339581e-05 -9.16750495209789e-13)
(0 -1.18129061339581e-05 -2.35652542005784e-12)
(0 -1.18129061339581e-05 2.85712796392778e-13)
(0 -1.18129061339581e-05 2.85911891423637e-13)
(0 -1.18129061339581e-05 -2.01413721287759e-12)
(0 -1.18129061339581e-05 -2.01554662945926e-12)
(0 -1.18129061339581e-05 1.23896682517079e-12)
(0 -1.18129061339581e-05 8.24032752519257e-13)
(0 -1.18129061339581e-05 2.70447975953304e-13)
(0 -1.18129061339581e-05 -6.28420441873825e-14)
(0 -1.18129061339581e-05 -6.42242557248441e-13)
(0 -1.18129061339581e-05 1.87183294416793e-12)
(0 -1.18129061339581e-05 3.87159254663253e-12)
(0 -1.18129061339581e-05 2.10824291694045e-12)
(0 -1.18129061339581e-05 0)
(0 -1.18129061339581e-05 -3.02787027369597e-13)
(0 -1.18129061339581e-05 -1.81817091196212e-13)
(0 -1.18129061339581e-05 1.21273816884389e-13)
(0 -1.18129061339581e-05 0)
(0 -1.18129061339581e-05 -1.15674416596271e-12)
(0 -1.18129061339581e-05 -1.15757992907741e-12)
(0 -1.18129061339581e-05 -1.31327298449615e-12)
(0 -1.18129061339581e-05 -1.57413212622493e-12)
(0 -1.18129061339581e-05 1.13836186799254e-13)
(0 -1.18129061339581e-05 -2.03727643374559e-12)
(0 -1.18129061339581e-05 -1.3144770249051e-12)
(0 -1.18129061339581e-05 2.31494864954731e-12)
(0 -1.18129061339581e-05 2.04966066228401e-12)
(0 -1.18129061339581e-05 -1.7506109683922e-12)
(0 -1.18129061339581e-05 -3.74712510220445e-12)
(0 -1.18129061339581e-05 3.18815308287552e-13)
(0 -1.18129061339581e-05 4.16735549644218e-13)
(0 -1.18129061339581e-05 -9.47623537460774e-13)
(0 -1.18129061339581e-05 -1.04282179617517e-12)
(0 -1.18129061339581e-05 3.14778298733493e-13)
(0 -1.18129061339581e-05 8.96135396642597e-13)
(0 -1.18129061339581e-05 9.62974719481627e-13)
(0 -1.18129061339581e-05 1.54589447096877e-12)
(0 -1.18129061339581e-05 -6.36321128863908e-13)
(0 -1.18129061339581e-05 -2.4271552157043e-12)
(0 -1.18129061339581e-05 -1.79170676202985e-12)
(0 -1.18129061339581e-05 2.55523952188574e-12)
(0 -1.18129061339581e-05 3.96619302889366e-12)
(0 -1.18129061339581e-05 4.07755371355035e-12)
(0 -1.18129061339581e-05 1.48285702563698e-12)
(0 -1.18129061339581e-05 -1.39159022237065e-12)
(0 -1.18129061339581e-05 -6.51648365991234e-13)
(0 -1.18129061339581e-05 -2.07370976476513e-12)
(0 -1.18129061339581e-05 -1.62716520701178e-12)
(0 -1.18129061339581e-05 -2.3284133290543e-12)
(0 -1.18129061339581e-05 -3.05807471090329e-12)
(0 -1.18129061339581e-05 8.6159247568687e-13)
(0 -1.18129061339581e-05 1.59125274882091e-12)
(0 -1.18129061339581e-05 0)
(0 -1.18129061339581e-05 -5.8896809243517e-13)
(0 -1.18129061339581e-05 3.79478462989573e-13)
(0 -1.18129061339581e-05 2.31968807097149e-12)
(0 -1.18129061339581e-05 5.29372165888073e-13)
(0 -1.18129061339581e-05 -4.5405012355645e-12)
(0 -1.18129061339581e-05 -3.82951646677109e-12)
(0 -1.18129061339581e-05 1.18251433005316e-12)
(0 -1.18129061339581e-05 -1.21677441088561e-12)
(0 -1.18129061339581e-05 -1.07829738077881e-12)
(0 -1.18129061339581e-05 3.91313399341304e-15)
(0 -1.18129061339581e-05 -7.90025118026529e-13)
(0 -1.18129061339581e-05 3.27500193669118e-12)
(0 -1.18129061339581e-05 2.63572439898193e-12)
(0 -1.18129061339581e-05 -1.03705783773414e-12)
(0 -1.18129061339581e-05 -4.8386682124811e-13)
(0 -1.18129061339581e-05 1.12704379069142e-12)
(0 -1.18129061339581e-05 -1.18559263083043e-12)
(0 -1.18129061339581e-05 -1.97166505624075e-12)
(0 -1.18129061339581e-05 -2.11772697290281e-13)
(0 -1.18129061339581e-05 3.18720549940343e-12)
(0 -1.18129061339581e-05 4.56611694043122e-12)
(0 -1.18129061339581e-05 1.37891144113784e-12)
(0 -1.18129061339581e-05 -1.16232508475255e-12)
(0 -1.18129061339581e-05 -7.41937289144497e-13)
(0 -1.18129061339581e-05 1.80315040972329e-12)
(0 -1.18129061339581e-05 2.11593590674158e-12)
(0 -1.18129061339581e-05 7.33173292386377e-13)
(0 -1.18129061339581e-05 3.18937700254654e-13)
(0 -1.18129061339581e-05 -1.67816269618843e-12)
(0 -1.18129061339581e-05 -2.41737743993778e-14)
(0 -1.18129061339581e-05 2.11545784617795e-12)
(0 -1.18129061339581e-05 1.15427062191103e-12)
(0 -1.18129061339581e-05 1.49088220777864e-13)
)
;
    }
    outlet
    {
        type            slip;
    }
    Wire
    {
        type            cellMotion;
        value           nonuniform List<vector> 
100
(
(0 -1.08058791696146e-07 -1.29383913634937e-25)
(0 -1.11422592746456e-07 1.72329819287414e-26)
(0 -1.16674312574668e-07 1.72329976836867e-26)
(0 -1.23061857397317e-07 -2.2430640584503e-25)
(0 -1.30220153234167e-07 0)
(0 -1.37998500804529e-07 1.72330223275176e-26)
(0 -1.46437876090977e-07 -2.41546433561579e-25)
(0 -1.55535321148315e-07 2.07083088460784e-25)
(0 -1.65158722894752e-07 -1.72330427567394e-26)
(0 -1.75231310730707e-07 0)
(0 -1.85801466391395e-07 0)
(0 -1.96872022242432e-07 0)
(0 -2.08350794799572e-07 1.89865809809711e-25)
(0 -2.20197438423424e-07 -2.58801618960504e-25)
(0 -2.32471277899097e-07 -2.24339158247436e-25)
(0 -2.45184261046378e-07 2.24342965448646e-25)
(0 -2.58263241400173e-07 -2.24346882028883e-25)
(0 -2.71685450109575e-07 4.14235631097376e-25)
(0 -2.8553027214103e-07 0)
(0 -2.99812422619029e-07 -4.14252455181335e-25)
(0 -3.14457614082446e-07 0)
(0 -3.29460205884997e-07 0)
(0 -3.44920652043881e-07 -4.83211887654627e-25)
(0 -3.60855761586055e-07 4.48755211314223e-25)
(0 -3.77185649640098e-07 -3.79832515491101e-25)
(0 -3.93922869080778e-07 -8.97550041910741e-25)
(0 -4.11194673519761e-07 3.79852838970967e-25)
(0 -4.29021606793036e-07 -6.89325488205514e-26)
(0 -4.4732019174603e-07 5.17739581828869e-25)
(0 -4.66139367812483e-07 4.48818285822888e-25)
(0 -4.85638134344542e-07 4.48829966531879e-25)
(0 -5.05845403354393e-07 6.89326620272268e-26)
(0 -5.26687336571633e-07 -6.89326921401428e-26)
(0 -5.48260297138122e-07 6.89327293626217e-26)
(0 -5.70792966679634e-07 -9.66694757795327e-25)
(0 -5.94334892214827e-07 6.89328222276932e-26)
(0 -6.18818738867946e-07 -6.89328672509761e-26)
(0 -6.44442521856402e-07 -9.66783160198301e-25)
(0 -6.71550746616829e-07 8.97882712234905e-25)
(0 -7.00216697051694e-07 -7.60050922214683e-25)
(0 -7.3039336493323e-07 8.97953224678432e-25)
(0 -7.62476451641984e-07 8.97991659858502e-25)
(0 -7.97025521442986e-07 -1.37866741072981e-25)
(0 -8.34140206265337e-07 0)
(0 -8.73800391759609e-07 0)
(0 -9.16815001745398e-07 -1.7963530241034e-24)
(0 -9.64063210785229e-07 -7.60365069449902e-25)
(0 -1.0155845597708e-06 0)
(0 -1.07141578027583e-06 0)
(0 -1.1331836428839e-06 1.79687081841625e-24)
(0 -1.20223099798146e-06 0)
(0 -1.2784151343693e-06 0)
(0 -1.36200317296835e-06 1.65954662822212e-24)
(0 -1.45618639923101e-06 -2.75745479880825e-25)
(0 -1.56284754101381e-06 0)
(0 -1.68122750341991e-06 0)
(0 -1.8122912991419e-06 -2.07424489697792e-24)
(0 -1.96184052163913e-06 0)
(0 -2.13254677079403e-06 3.87426715938354e-24)
(0 -2.32382926693371e-06 0)
(0 -2.54165642530857e-06 0)
(0 -2.80637016154119e-06 2.75781582500473e-25)
(0 -3.13462045939322e-06 3.60319642627845e-24)
(0 -3.53118174962216e-06 -4.1566413850958e-24)
(0 -4.01695112788023e-06 3.60722601091827e-24)
(0 -4.61664029682127e-06 0)
(0 -5.32287481816202e-06 -5.5173234955795e-25)
(0 -6.1193309918591e-06 -1.10353164770612e-24)
(0 -7.02116743472337e-06 -7.24177115027446e-24)
(0 -8.02916892148002e-06 0)
(0 -9.11760155389131e-06 1.45225783112028e-23)
(0 -1.02744147776493e-05 0)
(0 -1.15016013767937e-05 -1.45675023234642e-23)
(0 -1.27788313787319e-05 1.45923645975835e-23)
(0 -1.40780474740845e-05 -1.68256573298471e-23)
(0 -1.53882596796547e-05 2.20778682197884e-24)
(0 -1.66852292817309e-05 -1.46703131280695e-23)
(0 -1.79472001463224e-05 -2.20768862383753e-24)
(0 -1.91657562293988e-05 0)
(0 -2.03044437454215e-05 2.20745244909302e-24)
(0 -2.13388582484345e-05 0)
(0 -2.22761186273389e-05 2.20716266049393e-24)
(0 -2.30950366598027e-05 2.96126539714718e-23)
(0 -2.37599279687829e-05 4.41339412475952e-24)
(0 -2.4278013575479e-05 2.96652580610456e-23)
(0 -2.46718838122862e-05 0)
(0 -2.49123665556178e-05 -2.96934857544514e-23)
(0 -2.50181776774913e-05 0)
(0 -2.50436820365076e-05 5.93983054114673e-23)
(0 -2.49940974201174e-05 0)
(0 -2.48843905302834e-05 4.41122879477048e-24)
(0 -2.47406978726474e-05 0)
(0 -2.45745213685607e-05 3.40906405576646e-23)
(0 -2.43904191099482e-05 2.96719422582103e-23)
(0 -2.41965788921772e-05 -4.41103307507563e-24)
(0 -2.39988287601017e-05 0)
(0 -2.3801210893351e-05 -4.41103456217966e-24)
(0 -2.36094583968014e-05 4.41105958598867e-24)
(0 -2.3427668293388e-05 -4.41109531743624e-24)
(0 -2.32673527683895e-05 3.40374235336666e-23)
)
;
    }
    inlet
    {
        type            slip;
    }
    back
    {
        type            wedge;
    }
    front
    {
        type            wedge;
    }
}


// ************************************************************************* //
