/*--------------------------------*- C++ -*----------------------------------*\
| =========                 |                                                 |
| \\      /  F ield         | foam-extend: Open Source CFD                    |
|  \\    /   O peration     | Version:     4.1-20200408                       |
|   \\  /    A nd           | Web:         http://www.foam-extend.org         |
|    \\/     M anipulation  |                                                 |
\*---------------------------------------------------------------------------*/
FoamFile
{
    version     2.0;
    format      ascii;
    class       volVectorField;
    location    "0.0225000";
    object      U_0;
}
// * * * * * * * * * * * * * * * * * * * * * * * * * * * * * * * * * * * * * //

dimensions      [0 1 0 0 0 0 0];

internalField   nonuniform List<vector> 
1952
(
(0.0223866 -2.15173e-07 0)
(0.0223866 -3.50941e-07 0)
(0.0223866 -4.88203e-07 0)
(0.0223866 -6.27951e-07 0)
(0.0223866 -7.66921e-07 0)
(0.0223866 -9.09519e-07 0)
(0.0223866 -1.04979e-06 0)
(0.0223866 -1.1956e-06 0)
(0.0223866 -1.33728e-06 0)
(0.0223866 -1.48608e-06 0)
(0.0223866 -1.62731e-06 0)
(0.0223866 -1.77683e-06 0)
(0.0223867 -1.91167e-06 0)
(0.0223868 -2.05403e-06 0)
(0.0223869 -2.1643e-06 0)
(0.0223866 -9.22084e-08 0)
(0.0223862 -2.20382e-07 0)
(0.0223862 -3.59398e-07 0)
(0.0223862 -4.9998e-07 0)
(0.0223862 -6.42992e-07 0)
(0.0223862 -7.85284e-07 0)
(0.0223862 -9.31019e-07 0)
(0.0223862 -1.07464e-06 0)
(0.0223862 -1.22361e-06 0)
(0.0223863 -1.36852e-06 0)
(0.0223863 -1.52023e-06 0)
(0.0223863 -1.66438e-06 0)
(0.0223863 -1.81629e-06 0)
(0.0223864 -1.9533e-06 0)
(0.0223864 -2.09686e-06 0)
(0.0223865 -2.20747e-06 0)
(0.0223862 -9.44391e-08 0)
(0.0223859 -2.25031e-07 0)
(0.0223859 -3.6696e-07 0)
(0.0223859 -5.10454e-07 0)
(0.0223859 -6.56413e-07 0)
(0.0223859 -8.01501e-07 0)
(0.0223859 -9.50081e-07 0)
(0.0223859 -1.09662e-06 0)
(0.0223859 -1.2482e-06 0)
(0.0223859 -1.39571e-06 0)
(0.0223859 -1.5497e-06 0)
(0.0223859 -1.69606e-06 0)
(0.022386 -1.84968e-06 0)
(0.022386 -1.98807e-06 0)
(0.0223861 -2.13237e-06 0)
(0.0223862 -2.24327e-06 0)
(0.0223859 -9.64314e-08 0)
(0.0223856 -2.2915e-07 0)
(0.0223856 -3.73651e-07 0)
(0.0223856 -5.19722e-07 0)
(0.0223856 -6.68246e-07 0)
(0.0223856 -8.15789e-07 0)
(0.0223856 -9.66854e-07 0)
(0.0223856 -1.11589e-06 0)
(0.0223856 -1.26966e-06 0)
(0.0223856 -1.41929e-06 0)
(0.0223856 -1.5751e-06 0)
(0.0223856 -1.72316e-06 0)
(0.0223856 -1.87804e-06 0)
(0.0223857 -2.01747e-06 0)
(0.0223857 -2.16235e-06 0)
(0.0223859 -2.27381e-06 0)
(0.0223856 -9.81967e-08 0)
(0.0223852 -2.3278e-07 0)
(0.0223852 -3.79536e-07 0)
(0.0223852 -5.27872e-07 0)
(0.0223852 -6.78603e-07 0)
(0.0223852 -8.28306e-07 0)
(0.0223852 -9.81514e-07 0)
(0.0223852 -1.13265e-06 0)
(0.0223852 -1.28827e-06 0)
(0.0223852 -1.43972e-06 0)
(0.0223852 -1.59703e-06 0)
(0.0223853 -1.74647e-06 0)
(0.0223853 -1.9024e-06 0)
(0.0223853 -2.04273e-06 0)
(0.0223854 -2.18825e-06 0)
(0.0223855 -2.30041e-06 0)
(0.0223852 -9.97524e-08 0)
(0.0223849 -2.35975e-07 0)
(0.0223849 -3.84696e-07 0)
(0.0223849 -5.35052e-07 0)
(0.0223849 -6.87654e-07 0)
(0.0223849 -8.39334e-07 0)
(0.0223849 -9.94445e-07 0)
(0.0223849 -1.14732e-06 0)
(0.0223849 -1.30455e-06 0)
(0.0223849 -1.45749e-06 0)
(0.0223849 -1.6161e-06 0)
(0.0223849 -1.76671e-06 0)
(0.0223849 -1.92359e-06 0)
(0.022385 -2.06478e-06 0)
(0.0223851 -2.21101e-06 0)
(0.0223852 -2.32401e-06 0)
(0.0223849 -1.0112e-07 0)
(0.0223845 -2.38796e-07 0)
(0.0223845 -3.89257e-07 0)
(0.0223845 -5.41411e-07 0)
(0.0223845 -6.95672e-07 0)
(0.0223845 -8.49098e-07 0)
(0.0223845 -1.00582e-06 0)
(0.0223845 -1.1602e-06 0)
(0.0223845 -1.31882e-06 0)
(0.0223845 -1.47307e-06 0)
(0.0223845 -1.63281e-06 0)
(0.0223846 -1.7845e-06 0)
(0.0223846 -1.94228e-06 0)
(0.0223846 -2.08433e-06 0)
(0.0223847 -2.23133e-06 0)
(0.0223848 -2.3452e-06 0)
(0.0223845 -1.02328e-07 0)
(0.0223842 -2.41295e-07 0)
(0.0223842 -3.93305e-07 0)
(0.0223842 -5.47013e-07 0)
(0.0223842 -7.02773e-07 0)
(0.0223842 -8.57749e-07 0)
(0.0223842 -1.01587e-06 0)
(0.0223842 -1.17161e-06 0)
(0.0223842 -1.33147e-06 0)
(0.0223842 -1.48689e-06 0)
(0.0223842 -1.64768e-06 0)
(0.0223842 -1.80038e-06 0)
(0.0223842 -1.95905e-06 0)
(0.0223843 -2.10199e-06 0)
(0.0223844 -2.24982e-06 0)
(0.0223845 -2.3646e-06 0)
(0.0223842 -1.03399e-07 0)
(0.0223838 -2.43495e-07 0)
(0.0223838 -3.9689e-07 0)
(0.0223838 -5.51919e-07 0)
(0.0223838 -7.09067e-07 0)
(0.0223838 -8.65504e-07 0)
(0.0223838 -1.02485e-06 0)
(0.0223838 -1.18186e-06 0)
(0.0223838 -1.34285e-06 0)
(0.0223838 -1.49937e-06 0)
(0.0223838 -1.66113e-06 0)
(0.0223839 -1.81485e-06 0)
(0.0223839 -1.97438e-06 0)
(0.0223839 -2.11825e-06 0)
(0.022384 -2.26696e-06 0)
(0.0223841 -2.38271e-06 0)
(0.0223838 -1.04344e-07 0)
(0.0223835 -2.45502e-07 0)
(0.0223835 -4.00113e-07 0)
(0.0223835 -5.5642e-07 0)
(0.0223835 -7.14877e-07 0)
(0.0223835 -8.72564e-07 0)
(0.0223835 -1.03306e-06 0)
(0.0223835 -1.19123e-06 0)
(0.0223835 -1.35326e-06 0)
(0.0223835 -1.51083e-06 0)
(0.0223835 -1.67357e-06 0)
(0.0223835 -1.82829e-06 0)
(0.0223835 -1.98871e-06 0)
(0.0223836 -2.13352e-06 0)
(0.0223837 -2.28318e-06 0)
(0.0223838 -2.3999e-06 0)
(0.0223835 -1.05202e-07 0)
(0.0223831 -2.47352e-07 0)
(0.0223831 -4.03095e-07 0)
(0.0223831 -5.60644e-07 0)
(0.0223831 -7.2027e-07 0)
(0.0223831 -8.79067e-07 0)
(0.0223831 -1.04062e-06 0)
(0.0223831 -1.19987e-06 0)
(0.0223831 -1.3629e-06 0)
(0.0223831 -1.52149e-06 0)
(0.0223831 -1.68521e-06 0)
(0.0223832 -1.8409e-06 0)
(0.0223832 -2.00226e-06 0)
(0.0223832 -2.14803e-06 0)
(0.0223833 -2.29864e-06 0)
(0.0223834 -2.4163e-06 0)
(0.0223831 -1.05993e-07 0)
(0.0223828 -2.49046e-07 0)
(0.0223828 -4.05913e-07 0)
(0.0223828 -5.64637e-07 0)
(0.0223828 -7.25291e-07 0)
(0.0223828 -8.85175e-07 0)
(0.0223828 -1.04772e-06 0)
(0.0223828 -1.208e-06 0)
(0.0223828 -1.37202e-06 0)
(0.0223828 -1.5316e-06 0)
(0.0223828 -1.69632e-06 0)
(0.0223828 -1.85298e-06 0)
(0.0223828 -2.01532e-06 0)
(0.0223829 -2.16206e-06 0)
(0.0223829 -2.31363e-06 0)
(0.0223831 -2.43224e-06 0)
(0.0223828 -1.0672e-07 0)
(0.0223824 -2.50747e-07 0)
(0.0223824 -4.08675e-07 0)
(0.0223824 -5.68451e-07 0)
(0.0223824 -7.30079e-07 0)
(0.0223824 -8.90991e-07 0)
(0.0223824 -1.05447e-06 0)
(0.0223824 -1.21575e-06 0)
(0.0223824 -1.38076e-06 0)
(0.0223824 -1.54132e-06 0)
(0.0223824 -1.70704e-06 0)
(0.0223824 -1.86467e-06 0)
(0.0223825 -2.02801e-06 0)
(0.0223825 -2.17573e-06 0)
(0.0223826 -2.32827e-06 0)
(0.0223827 -2.44782e-06 0)
(0.0223824 -1.07447e-07 0)
(0.0223821 -2.52405e-07 0)
(0.0223821 -4.11334e-07 0)
(0.0223821 -5.72092e-07 0)
(0.0223821 -7.34675e-07 0)
(0.0223821 -8.96595e-07 0)
(0.0223821 -1.06098e-06 0)
(0.0223821 -1.22322e-06 0)
(0.0223821 -1.38924e-06 0)
(0.0223821 -1.55077e-06 0)
(0.0223821 -1.7175e-06 0)
(0.0223821 -1.87612e-06 0)
(0.0223821 -2.04047e-06 0)
(0.0223822 -2.18917e-06 0)
(0.0223822 -2.3427e-06 0)
(0.0223824 -2.46317e-06 0)
(0.0223821 -1.08158e-07 0)
(0.0223817 -2.53967e-07 0)
(0.0223817 -4.1386e-07 0)
(0.0223817 -5.75583e-07 0)
(0.0223817 -7.39127e-07 0)
(0.0223817 -9.0201e-07 0)
(0.0223817 -1.06734e-06 0)
(0.0223817 -1.23054e-06 0)
(0.0223817 -1.39756e-06 0)
(0.0223817 -1.56005e-06 0)
(0.0223817 -1.72779e-06 0)
(0.0223817 -1.88742e-06 0)
(0.0223817 -2.05278e-06 0)
(0.0223818 -2.20247e-06 0)
(0.0223819 -2.35698e-06 0)
(0.022382 -2.47836e-06 0)
(0.0223817 -1.08828e-07 0)
(0.0223814 -2.55475e-07 0)
(0.0223814 -4.16304e-07 0)
(0.0223814 -5.78968e-07 0)
(0.0223814 -7.43472e-07 0)
(0.0223814 -9.07285e-07 0)
(0.0223814 -1.07358e-06 0)
(0.0223813 -1.23775e-06 0)
(0.0223813 -1.40574e-06 0)
(0.0223813 -1.56924e-06 0)
(0.0223813 -1.73798e-06 0)
(0.0223814 -1.89862e-06 0)
(0.0223814 -2.065e-06 0)
(0.0223814 -2.21568e-06 0)
(0.0223815 -2.37117e-06 0)
(0.0223816 -2.49345e-06 0)
(0.0223814 -1.09473e-07 0)
(0.022381 -2.56936e-07 0)
(0.022381 -4.18684e-07 0)
(0.022381 -5.82276e-07 0)
(0.022381 -7.47729e-07 0)
(0.022381 -9.12479e-07 0)
(0.022381 -1.07974e-06 0)
(0.022381 -1.24488e-06 0)
(0.022381 -1.41385e-06 0)
(0.022381 -1.57835e-06 0)
(0.022381 -1.74811e-06 0)
(0.022381 -1.90977e-06 0)
(0.022381 -2.07716e-06 0)
(0.0223811 -2.22881e-06 0)
(0.0223811 -2.38526e-06 0)
(0.0223813 -2.50841e-06 0)
(0.022381 -1.10099e-07 0)
(0.0223807 -2.58366e-07 0)
(0.0223807 -4.21019e-07 0)
(0.0223807 -5.85528e-07 0)
(0.0223806 -7.51922e-07 0)
(0.0223806 -9.17604e-07 0)
(0.0223806 -1.08583e-06 0)
(0.0223806 -1.25194e-06 0)
(0.0223806 -1.4219e-06 0)
(0.0223806 -1.58742e-06 0)
(0.0223806 -1.75818e-06 0)
(0.0223806 -1.92086e-06 0)
(0.0223806 -2.08925e-06 0)
(0.0223807 -2.24187e-06 0)
(0.0223808 -2.39927e-06 0)
(0.0223809 -2.52327e-06 0)
(0.0223807 -1.10712e-07 0)
(0.0223803 -2.59773e-07 0)
(0.0223803 -4.2332e-07 0)
(0.0223803 -5.88735e-07 0)
(0.0223803 -7.56061e-07 0)
(0.0223803 -9.22678e-07 0)
(0.0223803 -1.09186e-06 0)
(0.0223803 -1.25896e-06 0)
(0.0223803 -1.4299e-06 0)
(0.0223803 -1.59646e-06 0)
(0.0223802 -1.76824e-06 0)
(0.0223803 -1.93194e-06 0)
(0.0223803 -2.10136e-06 0)
(0.0223803 -2.25496e-06 0)
(0.0223804 -2.41333e-06 0)
(0.0223805 -2.53822e-06 0)
(0.0223803 -1.11315e-07 0)
(0.0223799 -2.61168e-07 0)
(0.0223799 -4.256e-07 0)
(0.0223799 -5.91918e-07 0)
(0.0223799 -7.60171e-07 0)
(0.0223799 -9.27724e-07 0)
(0.0223799 -1.09787e-06 0)
(0.0223799 -1.26596e-06 0)
(0.0223799 -1.43789e-06 0)
(0.0223799 -1.60548e-06 0)
(0.0223799 -1.77828e-06 0)
(0.0223799 -1.94303e-06 0)
(0.0223799 -2.11348e-06 0)
(0.02238 -2.26808e-06 0)
(0.02238 -2.42745e-06 0)
(0.0223801 -2.55322e-06 0)
(0.0223799 -1.11913e-07 0)
(0.0223796 -2.62544e-07 0)
(0.0223796 -4.27852e-07 0)
(0.0223796 -5.95064e-07 0)
(0.0223796 -7.64236e-07 0)
(0.0223796 -9.32723e-07 0)
(0.0223795 -1.10382e-06 0)
(0.0223795 -1.2729e-06 0)
(0.0223795 -1.44583e-06 0)
(0.0223795 -1.61448e-06 0)
(0.0223795 -1.78828e-06 0)
(0.0223795 -1.95407e-06 0)
(0.0223795 -2.12559e-06 0)
(0.0223796 -2.28118e-06 0)
(0.0223797 -2.44154e-06 0)
(0.0223798 -2.56816e-06 0)
(0.0223796 -1.12502e-07 0)
(0.0223792 -2.63902e-07 0)
(0.0223792 -4.30076e-07 0)
(0.0223792 -5.98175e-07 0)
(0.0223792 -7.68262e-07 0)
(0.0223792 -9.3768e-07 0)
(0.0223792 -1.10974e-06 0)
(0.0223792 -1.27981e-06 0)
(0.0223792 -1.45374e-06 0)
(0.0223791 -1.62345e-06 0)
(0.0223791 -1.79826e-06 0)
(0.0223791 -1.96508e-06 0)
(0.0223792 -2.13769e-06 0)
(0.0223792 -2.29425e-06 0)
(0.0223793 -2.45562e-06 0)
(0.0223794 -2.58308e-06 0)
(0.0223792 -1.13084e-07 0)
(0.0223789 -2.6524e-07 0)
(0.0223788 -4.32266e-07 0)
(0.0223788 -6.01241e-07 0)
(0.0223788 -7.72232e-07 0)
(0.0223788 -9.42575e-07 0)
(0.0223788 -1.1156e-06 0)
(0.0223788 -1.28665e-06 0)
(0.0223788 -1.46159e-06 0)
(0.0223788 -1.63233e-06 0)
(0.0223788 -1.80818e-06 0)
(0.0223788 -1.97604e-06 0)
(0.0223788 -2.14972e-06 0)
(0.0223788 -2.30729e-06 0)
(0.0223789 -2.46966e-06 0)
(0.022379 -2.598e-06 0)
(0.0223789 -1.13658e-07 0)
(0.0223785 -2.66558e-07 0)
(0.0223785 -4.34424e-07 0)
(0.0223785 -6.04265e-07 0)
(0.0223785 -7.76151e-07 0)
(0.0223785 -9.47408e-07 0)
(0.0223784 -1.12139e-06 0)
(0.0223784 -1.29341e-06 0)
(0.0223784 -1.46938e-06 0)
(0.0223784 -1.64113e-06 0)
(0.0223784 -1.81804e-06 0)
(0.0223784 -1.98696e-06 0)
(0.0223784 -2.16171e-06 0)
(0.0223785 -2.32029e-06 0)
(0.0223785 -2.48368e-06 0)
(0.0223786 -2.6129e-06 0)
(0.0223785 -1.14222e-07 0)
(0.0223781 -2.67854e-07 0)
(0.0223781 -4.36544e-07 0)
(0.0223781 -6.07237e-07 0)
(0.0223781 -7.80004e-07 0)
(0.0223781 -9.52159e-07 0)
(0.0223781 -1.12709e-06 0)
(0.0223781 -1.30007e-06 0)
(0.022378 -1.47704e-06 0)
(0.022378 -1.64982e-06 0)
(0.022378 -1.82775e-06 0)
(0.022378 -1.99775e-06 0)
(0.022378 -2.17352e-06 0)
(0.0223781 -2.33315e-06 0)
(0.0223781 -2.49744e-06 0)
(0.0223783 -2.62766e-06 0)
(0.0223781 -1.14777e-07 0)
(0.0223778 -2.69123e-07 0)
(0.0223777 -4.38619e-07 0)
(0.0223777 -6.10146e-07 0)
(0.0223777 -7.83774e-07 0)
(0.0223777 -9.56804e-07 0)
(0.0223777 -1.13266e-06 0)
(0.0223777 -1.30658e-06 0)
(0.0223777 -1.48455e-06 0)
(0.0223777 -1.65837e-06 0)
(0.0223776 -1.83732e-06 0)
(0.0223776 -2.00841e-06 0)
(0.0223776 -2.18521e-06 0)
(0.0223777 -2.34589e-06 0)
(0.0223778 -2.51106e-06 0)
(0.0223779 -2.64233e-06 0)
(0.0223778 -1.1532e-07 0)
(0.0223774 -2.70359e-07 0)
(0.0223774 -4.4064e-07 0)
(0.0223774 -6.12988e-07 0)
(0.0223774 -7.87457e-07 0)
(0.0223773 -9.6135e-07 0)
(0.0223773 -1.13814e-06 0)
(0.0223773 -1.31296e-06 0)
(0.0223773 -1.49188e-06 0)
(0.0223773 -1.66677e-06 0)
(0.0223773 -1.84673e-06 0)
(0.0223773 -2.01896e-06 0)
(0.0223773 -2.19678e-06 0)
(0.0223773 -2.35857e-06 0)
(0.0223774 -2.52469e-06 0)
(0.0223775 -2.65704e-06 0)
(0.0223774 -1.15849e-07 0)
(0.022377 -2.7156e-07 0)
(0.022377 -4.42604e-07 0)
(0.022377 -6.15754e-07 0)
(0.022377 -7.91044e-07 0)
(0.022377 -9.65792e-07 0)
(0.022377 -1.14348e-06 0)
(0.0223769 -1.3192e-06 0)
(0.0223769 -1.49905e-06 0)
(0.0223769 -1.67504e-06 0)
(0.0223769 -1.85596e-06 0)
(0.0223769 -2.02938e-06 0)
(0.0223769 -2.2082e-06 0)
(0.0223769 -2.37121e-06 0)
(0.022377 -2.53833e-06 0)
(0.0223771 -2.67178e-06 0)
(0.022377 -1.16363e-07 0)
(0.0223766 -2.72729e-07 0)
(0.0223766 -4.44515e-07 0)
(0.0223766 -6.18449e-07 0)
(0.0223766 -7.94529e-07 0)
(0.0223766 -9.70143e-07 0)
(0.0223766 -1.14867e-06 0)
(0.0223766 -1.32535e-06 0)
(0.0223765 -1.50613e-06 0)
(0.0223765 -1.68319e-06 0)
(0.0223765 -1.8651e-06 0)
(0.0223765 -2.03971e-06 0)
(0.0223765 -2.21955e-06 0)
(0.0223765 -2.38379e-06 0)
(0.0223766 -2.5519e-06 0)
(0.0223767 -2.68646e-06 0)
(0.0223766 -1.16863e-07 0)
(0.0223763 -2.73869e-07 0)
(0.0223763 -4.46377e-07 0)
(0.0223763 -6.21079e-07 0)
(0.0223762 -7.97925e-07 0)
(0.0223762 -9.74389e-07 0)
(0.0223762 -1.15374e-06 0)
(0.0223762 -1.33137e-06 0)
(0.0223762 -1.51306e-06 0)
(0.0223761 -1.6912e-06 0)
(0.0223761 -1.87409e-06 0)
(0.0223761 -2.04992e-06 0)
(0.0223761 -2.23077e-06 0)
(0.0223761 -2.39628e-06 0)
(0.0223762 -2.56537e-06 0)
(0.0223763 -2.7011e-06 0)
(0.0223763 -1.1735e-07 0)
(0.0223759 -2.7499e-07 0)
(0.0223759 -4.48205e-07 0)
(0.0223759 -6.23666e-07 0)
(0.0223759 -8.01264e-07 0)
(0.0223758 -9.7857e-07 0)
(0.0223758 -1.15873e-06 0)
(0.0223758 -1.33731e-06 0)
(0.0223758 -1.51992e-06 0)
(0.0223757 -1.69913e-06 0)
(0.0223757 -1.88302e-06 0)
(0.0223757 -2.06007e-06 0)
(0.0223757 -2.24197e-06 0)
(0.0223757 -2.40876e-06 0)
(0.0223758 -2.57891e-06 0)
(0.0223759 -2.71582e-06 0)
(0.0223759 -1.1783e-07 0)
(0.0223755 -2.76106e-07 0)
(0.0223755 -4.50024e-07 0)
(0.0223755 -6.26235e-07 0)
(0.0223755 -8.0458e-07 0)
(0.0223755 -9.82719e-07 0)
(0.0223754 -1.16369e-06 0)
(0.0223754 -1.34321e-06 0)
(0.0223754 -1.52672e-06 0)
(0.0223754 -1.70701e-06 0)
(0.0223753 -1.8919e-06 0)
(0.0223753 -2.07016e-06 0)
(0.0223753 -2.25311e-06 0)
(0.0223754 -2.42121e-06 0)
(0.0223754 -2.59245e-06 0)
(0.0223755 -2.73057e-06 0)
(0.0223755 -1.18306e-07 0)
(0.0223752 -2.7724e-07 0)
(0.0223751 -4.51872e-07 0)
(0.0223751 -6.28844e-07 0)
(0.0223751 -8.07942e-07 0)
(0.0223751 -9.86911e-07 0)
(0.0223751 -1.1687e-06 0)
(0.022375 -1.34914e-06 0)
(0.022375 -1.53356e-06 0)
(0.022375 -1.71491e-06 0)
(0.0223749 -1.90082e-06 0)
(0.0223749 -2.08029e-06 0)
(0.0223749 -2.26433e-06 0)
(0.022375 -2.43377e-06 0)
(0.022375 -2.60609e-06 0)
(0.0223751 -2.74547e-06 0)
(0.0223752 -1.18791e-07 0)
(0.0223748 -2.78416e-07 0)
(0.0223748 -4.538e-07 0)
(0.0223748 -6.3156e-07 0)
(0.0223747 -8.11434e-07 0)
(0.0223747 -9.91248e-07 0)
(0.0223747 -1.17385e-06 0)
(0.0223747 -1.35522e-06 0)
(0.0223746 -1.54054e-06 0)
(0.0223746 -1.72295e-06 0)
(0.0223746 -1.90985e-06 0)
(0.0223745 -2.09053e-06 0)
(0.0223745 -2.27567e-06 0)
(0.0223746 -2.44646e-06 0)
(0.0223746 -2.61992e-06 0)
(0.0223747 -2.76062e-06 0)
(0.0223748 -1.19292e-07 0)
(0.0223744 -2.79679e-07 0)
(0.0223744 -4.55877e-07 0)
(0.0223744 -6.3449e-07 0)
(0.0223744 -8.15184e-07 0)
(0.0223743 -9.95872e-07 0)
(0.0223743 -1.17932e-06 0)
(0.0223743 -1.36162e-06 0)
(0.0223742 -1.54784e-06 0)
(0.0223742 -1.73128e-06 0)
(0.0223742 -1.91918e-06 0)
(0.0223741 -2.10105e-06 0)
(0.0223741 -2.28731e-06 0)
(0.0223742 -2.45943e-06 0)
(0.0223742 -2.63411e-06 0)
(0.0223743 -2.77619e-06 0)
(0.0223744 -1.19831e-07 0)
(0.022374 -2.8111e-07 0)
(0.022374 -4.58208e-07 0)
(0.022374 -6.37778e-07 0)
(0.022374 -8.19362e-07 0)
(0.022374 -1.00098e-06 0)
(0.0223739 -1.18532e-06 0)
(0.0223739 -1.36855e-06 0)
(0.0223738 -1.5557e-06 0)
(0.0223738 -1.74016e-06 0)
(0.0223738 -1.92904e-06 0)
(0.0223737 -2.11207e-06 0)
(0.0223737 -2.29943e-06 0)
(0.0223738 -2.47288e-06 0)
(0.0223738 -2.64876e-06 0)
(0.0223739 -2.7923e-06 0)
(0.022374 -1.20444e-07 0)
(0.0223737 -2.82811e-07 0)
(0.0223736 -4.60948e-07 0)
(0.0223736 -6.41591e-07 0)
(0.0223736 -8.24193e-07 0)
(0.0223736 -1.00681e-06 0)
(0.0223735 -1.19213e-06 0)
(0.0223735 -1.37632e-06 0)
(0.0223735 -1.56441e-06 0)
(0.0223734 -1.74988e-06 0)
(0.0223734 -1.93974e-06 0)
(0.0223733 -2.1239e-06 0)
(0.0223733 -2.31232e-06 0)
(0.0223733 -2.48711e-06 0)
(0.0223734 -2.6642e-06 0)
(0.0223735 -2.80928e-06 0)
(0.0223737 -1.21172e-07 0)
(0.0223733 -2.84872e-07 0)
(0.0223733 -4.64257e-07 0)
(0.0223733 -6.46148e-07 0)
(0.0223732 -8.29952e-07 0)
(0.0223732 -1.0137e-06 0)
(0.0223732 -1.20011e-06 0)
(0.0223731 -1.38532e-06 0)
(0.0223731 -1.57441e-06 0)
(0.022373 -1.76087e-06 0)
(0.022373 -1.9517e-06 0)
(0.0223729 -2.13698e-06 0)
(0.0223729 -2.32643e-06 0)
(0.0223729 -2.50257e-06 0)
(0.022373 -2.68089e-06 0)
(0.0223731 -2.82761e-06 0)
(0.0223733 -1.22051e-07 0)
(0.0223729 -2.87417e-07 0)
(0.0223729 -4.68322e-07 0)
(0.0223729 -6.51724e-07 0)
(0.0223728 -8.36987e-07 0)
(0.0223728 -1.02205e-06 0)
(0.0223728 -1.20973e-06 0)
(0.0223727 -1.39606e-06 0)
(0.0223727 -1.58623e-06 0)
(0.0223726 -1.7737e-06 0)
(0.0223726 -1.9655e-06 0)
(0.0223725 -2.15185e-06 0)
(0.0223725 -2.34229e-06 0)
(0.0223725 -2.51978e-06 0)
(0.0223726 -2.69932e-06 0)
(0.0223727 -2.84776e-06 0)
(0.0223729 -1.23138e-07 0)
(0.0223725 -2.90609e-07 0)
(0.0223725 -4.73405e-07 0)
(0.0223725 -6.58668e-07 0)
(0.0223725 -8.45737e-07 0)
(0.0223724 -1.03239e-06 0)
(0.0223724 -1.22157e-06 0)
(0.0223723 -1.40919e-06 0)
(0.0223723 -1.60055e-06 0)
(0.0223722 -1.78908e-06 0)
(0.0223722 -1.98186e-06 0)
(0.0223721 -2.16925e-06 0)
(0.0223721 -2.36063e-06 0)
(0.0223721 -2.53945e-06 0)
(0.0223721 -2.72016e-06 0)
(0.0223722 -2.87038e-06 0)
(0.0223725 -1.24503e-07 0)
(0.0223722 -2.94618e-07 0)
(0.0223721 -4.79831e-07 0)
(0.0223721 -6.67429e-07 0)
(0.0223721 -8.56723e-07 0)
(0.0223721 -1.04535e-06 0)
(0.022372 -1.23634e-06 0)
(0.022372 -1.42551e-06 0)
(0.0223719 -1.61823e-06 0)
(0.0223718 -1.8079e-06 0)
(0.0223718 -2.00171e-06 0)
(0.0223717 -2.19008e-06 0)
(0.0223717 -2.38232e-06 0)
(0.0223717 -2.56243e-06 0)
(0.0223717 -2.74422e-06 0)
(0.0223718 -2.89625e-06 0)
(0.0223722 -1.26221e-07 0)
(0.0223718 -2.99662e-07 0)
(0.0223718 -4.87955e-07 0)
(0.0223717 -6.78497e-07 0)
(0.0223717 -8.70565e-07 0)
(0.0223717 -1.06169e-06 0)
(0.0223716 -1.25491e-06 0)
(0.0223716 -1.44597e-06 0)
(0.0223715 -1.64031e-06 0)
(0.0223714 -1.83128e-06 0)
(0.0223714 -2.02619e-06 0)
(0.0223713 -2.2155e-06 0)
(0.0223713 -2.40851e-06 0)
(0.0223713 -2.58981e-06 0)
(0.0223713 -2.77256e-06 0)
(0.0223714 -2.92641e-06 0)
(0.0223718 -1.28386e-07 0)
(0.0223714 -3.06e-07 0)
(0.0223714 -4.98167e-07 0)
(0.0223714 -6.9241e-07 0)
(0.0223713 -8.87985e-07 0)
(0.0223713 -1.08225e-06 0)
(0.0223712 -1.27829e-06 0)
(0.0223712 -1.47172e-06 0)
(0.0223711 -1.66804e-06 0)
(0.022371 -1.86054e-06 0)
(0.022371 -2.05668e-06 0)
(0.0223709 -2.24694e-06 0)
(0.0223709 -2.44069e-06 0)
(0.0223708 -2.62299e-06 0)
(0.0223709 -2.80654e-06 0)
(0.0223709 -2.96217e-06 0)
(0.0223714 -1.31107e-07 0)
(0.022371 -3.13902e-07 0)
(0.022371 -5.10909e-07 0)
(0.022371 -7.0979e-07 0)
(0.0223709 -9.09785e-07 0)
(0.0223709 -1.10803e-06 0)
(0.0223708 -1.30765e-06 0)
(0.0223708 -1.50411e-06 0)
(0.0223707 -1.70292e-06 0)
(0.0223706 -1.89732e-06 0)
(0.0223706 -2.09495e-06 0)
(0.0223705 -2.28619e-06 0)
(0.0223704 -2.48061e-06 0)
(0.0223704 -2.66371e-06 0)
(0.0223704 -2.84783e-06 0)
(0.0223705 -3.00512e-06 0)
(0.022371 -1.345e-07 0)
(0.0223706 -3.2365e-07 0)
(0.0223706 -5.2665e-07 0)
(0.0223706 -7.3128e-07 0)
(0.0223705 -9.36799e-07 0)
(0.0223705 -1.14008e-06 0)
(0.0223704 -1.34428e-06 0)
(0.0223704 -1.5446e-06 0)
(0.0223703 -1.7467e-06 0)
(0.0223702 -1.9435e-06 0)
(0.0223702 -2.14309e-06 0)
(0.0223701 -2.33537e-06 0)
(0.02237 -2.53057e-06 0)
(0.02237 -2.71412e-06 0)
(0.02237 -2.89866e-06 0)
(0.02237 -3.05748e-06 0)
(0.0223706 -1.38684e-07 0)
(0.0223702 -3.35521e-07 0)
(0.0223702 -5.45844e-07 0)
(0.0223702 -7.57531e-07 0)
(0.0223701 -9.69884e-07 0)
(0.0223701 -1.17948e-06 0)
(0.02237 -1.38949e-06 0)
(0.02237 -1.59478e-06 0)
(0.0223699 -1.80126e-06 0)
(0.0223698 -2.00129e-06 0)
(0.0223698 -2.20351e-06 0)
(0.0223697 -2.39717e-06 0)
(0.0223696 -2.59334e-06 0)
(0.0223696 -2.77708e-06 0)
(0.0223695 -2.9618e-06 0)
(0.0223696 -3.12183e-06 0)
(0.0223702 -1.4378e-07 0)
(0.0223698 -3.49741e-07 0)
(0.0223698 -5.68855e-07 0)
(0.0223698 -7.89143e-07 0)
(0.0223697 -1.00985e-06 0)
(0.0223697 -1.22726e-06 0)
(0.0223696 -1.44461e-06 0)
(0.0223696 -1.6563e-06 0)
(0.0223695 -1.86856e-06 0)
(0.0223694 -2.07302e-06 0)
(0.0223693 -2.27897e-06 0)
(0.0223693 -2.47471e-06 0)
(0.0223692 -2.67233e-06 0)
(0.0223691 -2.85616e-06 0)
(0.0223691 -3.04069e-06 0)
(0.0223691 -3.20121e-06 0)
(0.0223698 -1.4988e-07 0)
(0.0223694 -3.66466e-07 0)
(0.0223694 -5.95958e-07 0)
(0.0223693 -8.26537e-07 0)
(0.0223693 -1.0573e-06 0)
(0.0223693 -1.28427e-06 0)
(0.0223692 -1.51074e-06 0)
(0.0223692 -1.73065e-06 0)
(0.0223691 -1.9505e-06 0)
(0.022369 -2.16112e-06 0)
(0.0223689 -2.37248e-06 0)
(0.0223688 -2.5716e-06 0)
(0.0223688 -2.77178e-06 0)
(0.0223687 -2.95606e-06 0)
(0.0223686 -3.14025e-06 0)
(0.0223686 -3.30028e-06 0)
(0.0223694 -1.57052e-07 0)
(0.0223689 -3.85753e-07 0)
(0.0223689 -6.27277e-07 0)
(0.0223689 -8.69879e-07 0)
(0.0223689 -1.11252e-06 0)
(0.0223688 -1.35097e-06 0)
(0.0223688 -1.5886e-06 0)
(0.0223687 -1.81889e-06 0)
(0.0223687 -2.0486e-06 0)
(0.0223686 -2.26773e-06 0)
(0.0223685 -2.48692e-06 0)
(0.0223684 -2.69173e-06 0)
(0.0223683 -2.89679e-06 0)
(0.0223682 -3.08325e-06 0)
(0.0223682 -3.26855e-06 0)
(0.0223682 -3.42833e-06 0)
(0.0223689 -1.65321e-07 0)
(0.0223685 -4.07494e-07 0)
(0.0223684 -6.62651e-07 0)
(0.0223684 -9.18991e-07 0)
(0.0223684 -1.17534e-06 0)
(0.0223684 -1.4273e-06 0)
(0.0223683 -1.67826e-06 0)
(0.0223683 -1.92135e-06 0)
(0.0223682 -2.16355e-06 0)
(0.0223681 -2.39408e-06 0)
(0.0223681 -2.62428e-06 0)
(0.022368 -2.83816e-06 0)
(0.0223679 -3.05196e-06 0)
(0.0223678 -3.24448e-06 0)
(0.0223677 -3.43557e-06 0)
(0.0223677 -3.59923e-06 0)
(0.0223685 -1.74639e-07 0)
(0.022368 -4.31384e-07 0)
(0.022368 -7.01597e-07 0)
(0.0223679 -9.7324e-07 0)
(0.0223679 -1.245e-06 0)
(0.0223679 -1.51242e-06 0)
(0.0223679 -1.77886e-06 0)
(0.0223678 -2.03724e-06 0)
(0.0223678 -2.29471e-06 0)
(0.0223677 -2.53979e-06 0)
(0.0223676 -2.78453e-06 0)
(0.0223675 -3.01139e-06 0)
(0.0223674 -3.23843e-06 0)
(0.0223674 -3.4417e-06 0)
(0.0223673 -3.64442e-06 0)
(0.0223672 -3.81743e-06 0)
(0.022368 -1.84876e-07 0)
(0.0223675 -4.56902e-07 0)
(0.0223675 -7.43269e-07 0)
(0.0223674 -1.03147e-06 0)
(0.0223674 -1.32004e-06 0)
(0.0223674 -1.60461e-06 0)
(0.0223674 -1.88846e-06 0)
(0.0223673 -2.16446e-06 0)
(0.0223673 -2.43979e-06 0)
(0.0223672 -2.70253e-06 0)
(0.0223671 -2.96523e-06 0)
(0.0223671 -3.20887e-06 0)
(0.022367 -3.45328e-06 0)
(0.0223669 -3.67131e-06 0)
(0.0223668 -3.88979e-06 0)
(0.0223667 -4.07488e-06 0)
(0.0223675 -1.95808e-07 0)
(0.0223669 -4.83288e-07 0)
(0.0223669 -7.86433e-07 0)
(0.0223669 -1.09197e-06 0)
(0.0223669 -1.39829e-06 0)
(0.0223669 -1.70124e-06 0)
(0.0223668 -2.00397e-06 0)
(0.0223668 -2.29948e-06 0)
(0.0223668 -2.5949e-06 0)
(0.0223667 -2.87804e-06 0)
(0.0223667 -3.16175e-06 0)
(0.0223666 -3.4257e-06 0)
(0.0223665 -3.6912e-06 0)
(0.0223664 -3.92764e-06 0)
(0.0223663 -4.16554e-06 0)
(0.0223663 -4.36506e-06 0)
(0.0223669 -2.07108e-07 0)
(0.0223663 -5.09566e-07 0)
(0.0223663 -8.29491e-07 0)
(0.0223663 -1.15251e-06 0)
(0.0223663 -1.47684e-06 0)
(0.0223663 -1.79871e-06 0)
(0.0223663 -2.12114e-06 0)
(0.0223663 -2.43741e-06 0)
(0.0223662 -2.75443e-06 0)
(0.0223662 -3.0601e-06 0)
(0.0223661 -3.36719e-06 0)
(0.0223661 -3.65445e-06 0)
(0.022366 -3.94415e-06 0)
(0.022366 -4.20219e-06 0)
(0.0223659 -4.46264e-06 0)
(0.0223658 -4.67855e-06 0)
(0.0223663 -2.18359e-07 0)
(0.0223657 -5.34575e-07 0)
(0.0223657 -8.70539e-07 0)
(0.0223657 -1.21039e-06 0)
(0.0223657 -1.5522e-06 0)
(0.0223657 -1.89268e-06 0)
(0.0223657 -2.23473e-06 0)
(0.0223657 -2.57204e-06 0)
(0.0223657 -2.91126e-06 0)
(0.0223656 -3.24068e-06 0)
(0.0223656 -3.57261e-06 0)
(0.0223656 -3.88545e-06 0)
(0.0223655 -4.20173e-06 0)
(0.0223655 -4.48422e-06 0)
(0.0223654 -4.76994e-06 0)
(0.0223653 -5.00402e-06 0)
(0.0223657 -2.29064e-07 0)
(0.0223651 -5.57015e-07 0)
(0.0223651 -9.07445e-07 0)
(0.0223651 -1.26256e-06 0)
(0.0223651 -1.62042e-06 0)
(0.0223651 -1.97819e-06 0)
(0.0223651 -2.33865e-06 0)
(0.0223651 -2.69617e-06 0)
(0.0223651 -3.0569e-06 0)
(0.0223651 -3.41004e-06 0)
(0.022365 -3.76701e-06 0)
(0.022365 -4.10661e-06 0)
(0.022365 -4.45086e-06 0)
(0.0223649 -4.76019e-06 0)
(0.0223649 -5.07372e-06 0)
(0.0223648 -5.3282e-06 0)
(0.0223651 -2.38666e-07 0)
(0.0223645 -5.75572e-07 0)
(0.0223645 -9.38021e-07 0)
(0.0223645 -1.3059e-06 0)
(0.0223645 -1.67734e-06 0)
(0.0223645 -2.04995e-06 0)
(0.0223645 -2.42635e-06 0)
(0.0223645 -2.80181e-06 0)
(0.0223645 -3.18187e-06 0)
(0.0223644 -3.55703e-06 0)
(0.0223644 -3.93751e-06 0)
(0.0223644 -4.30339e-06 0)
(0.0223644 -4.6753e-06 0)
(0.0223644 -5.01272e-06 0)
(0.0223644 -5.35553e-06 0)
(0.0223644 -5.63252e-06 0)
(0.0223645 -2.46603e-07 0)
(0.0223638 -5.89005e-07 0)
(0.0223638 -9.60195e-07 0)
(0.0223638 -1.33744e-06 0)
(0.0223638 -1.71895e-06 0)
(0.0223638 -2.10273e-06 0)
(0.0223638 -2.49131e-06 0)
(0.0223638 -2.88087e-06 0)
(0.0223638 -3.27627e-06 0)
(0.0223638 -3.6697e-06 0)
(0.0223638 -4.06985e-06 0)
(0.0223638 -4.45914e-06 0)
(0.0223638 -4.85587e-06 0)
(0.0223639 -5.22059e-06 0)
(0.0223639 -5.5923e-06 0)
(0.0223639 -5.89291e-06 0)
(0.0223638 -2.52346e-07 0)
(0.0223631 -5.96316e-07 0)
(0.0223631 -9.72292e-07 0)
(0.0223631 -1.35475e-06 0)
(0.0223631 -1.7419e-06 0)
(0.0223631 -2.13217e-06 0)
(0.0223631 -2.52788e-06 0)
(0.0223631 -2.92612e-06 0)
(0.0223631 -3.33102e-06 0)
(0.0223631 -3.7366e-06 0)
(0.0223632 -4.14984e-06 0)
(0.0223632 -4.55643e-06 0)
(0.0223632 -4.97156e-06 0)
(0.0223633 -5.35988e-06 0)
(0.0223634 -5.75735e-06 0)
(0.0223635 -6.08158e-06 0)
(0.0223631 -2.55467e-07 0)
(0.0223624 -5.97004e-07 0)
(0.0223624 -9.73438e-07 0)
(0.0223624 -1.35646e-06 0)
(0.0223624 -1.74428e-06 0)
(0.0223624 -2.13555e-06 0)
(0.0223624 -2.53239e-06 0)
(0.0223624 -2.9326e-06 0)
(0.0223624 -3.33954e-06 0)
(0.0223625 -3.74888e-06 0)
(0.0223625 -4.16568e-06 0)
(0.0223625 -4.57901e-06 0)
(0.0223626 -4.99986e-06 0)
(0.0223627 -5.39929e-06 0)
(0.0223628 -5.80572e-06 0)
(0.022363 -6.13877e-06 0)
(0.0223624 -2.55755e-07 0)
(0.0223617 -5.90852e-07 0)
(0.0223617 -9.63243e-07 0)
(0.0223617 -1.34193e-06 0)
(0.0223617 -1.72505e-06 0)
(0.0223617 -2.11132e-06 0)
(0.0223617 -2.50256e-06 0)
(0.0223617 -2.89699e-06 0)
(0.0223617 -3.2971e-06 0)
(0.0223618 -3.69982e-06 0)
(0.0223618 -4.108e-06 0)
(0.0223619 -4.5133e-06 0)
(0.022362 -4.92151e-06 0)
(0.0223621 -5.30957e-06 0)
(0.0223623 -5.69476e-06 0)
(0.0223626 -6.01135e-06 0)
(0.0223617 -2.53117e-07 0)
(0.022361 -5.77577e-07 0)
(0.022361 -9.4128e-07 0)
(0.022361 -1.31061e-06 0)
(0.022361 -1.68353e-06 0)
(0.022361 -2.05864e-06 0)
(0.022361 -2.43722e-06 0)
(0.0223611 -2.81764e-06 0)
(0.0223611 -3.20131e-06 0)
(0.0223611 -3.586e-06 0)
(0.0223612 -3.97217e-06 0)
(0.0223613 -4.35393e-06 0)
(0.0223614 -4.73214e-06 0)
(0.0223616 -5.09054e-06 0)
(0.0223619 -5.43678e-06 0)
(0.0223622 -5.72889e-06 0)
(0.022361 -2.47435e-07 0)
(0.0223604 -5.5731e-07 0)
(0.0223604 -9.07838e-07 0)
(0.0223604 -1.26306e-06 0)
(0.0223604 -1.62067e-06 0)
(0.0223604 -1.979e-06 0)
(0.0223604 -2.33855e-06 0)
(0.0223604 -2.69759e-06 0)
(0.0223605 -3.05632e-06 0)
(0.0223605 -3.41297e-06 0)
(0.0223606 -3.7657e-06 0)
(0.0223607 -4.11154e-06 0)
(0.0223609 -4.44752e-06 0)
(0.0223611 -4.76633e-06 0)
(0.0223614 -5.06882e-06 0)
(0.0223619 -5.33831e-06 0)
(0.0223604 -2.38763e-07 0)
(0.0223597 -5.30596e-07 0)
(0.0223598 -8.63878e-07 0)
(0.0223598 -1.20078e-06 0)
(0.0223598 -1.5388e-06 0)
(0.0223598 -1.87578e-06 0)
(0.0223598 -2.21136e-06 0)
(0.0223598 -2.5436e-06 0)
(0.0223599 -2.87164e-06 0)
(0.02236 -3.19403e-06 0)
(0.0223601 -3.50683e-06 0)
(0.0223602 -3.8101e-06 0)
(0.0223604 -4.09837e-06 0)
(0.0223607 -4.37386e-06 0)
(0.0223611 -4.63286e-06 0)
(0.0223616 -4.88123e-06 0)
(0.0223597 -2.27331e-07 0)
(0.0223592 -4.98421e-07 0)
(0.0223592 -8.11022e-07 0)
(0.0223592 -1.12616e-06 0)
(0.0223592 -1.44129e-06 0)
(0.0223592 -1.75372e-06 0)
(0.0223593 -2.06222e-06 0)
(0.0223593 -2.36476e-06 0)
(0.0223594 -2.65963e-06 0)
(0.0223595 -2.946e-06 0)
(0.0223596 -3.21827e-06 0)
(0.0223598 -3.47887e-06 0)
(0.0223601 -3.72078e-06 0)
(0.0223604 -3.95443e-06 0)
(0.0223608 -4.17325e-06 0)
(0.0223613 -4.40011e-06 0)
(0.0223592 -2.13559e-07 0)
(0.0223587 -4.62335e-07 0)
(0.0223587 -7.51765e-07 0)
(0.0223587 -1.04264e-06 0)
(0.0223587 -1.3326e-06 0)
(0.0223588 -1.61856e-06 0)
(0.0223588 -1.89871e-06 0)
(0.0223589 -2.17094e-06 0)
(0.022359 -2.43279e-06 0)
(0.0223591 -2.68422e-06 0)
(0.0223593 -2.91969e-06 0)
(0.0223595 -3.14338e-06 0)
(0.0223598 -3.34715e-06 0)
(0.0223601 -3.54672e-06 0)
(0.0223605 -3.73366e-06 0)
(0.022361 -3.93833e-06 0)
(0.0223587 -1.98115e-07 0)
(0.0223582 -4.24273e-07 0)
(0.0223583 -6.89247e-07 0)
(0.0223583 -9.54523e-07 0)
(0.0223583 -1.21779e-06 0)
(0.0223584 -1.47588e-06 0)
(0.0223585 -1.72719e-06 0)
(0.0223586 -1.97003e-06 0)
(0.0223587 -2.20063e-06 0)
(0.0223588 -2.41944e-06 0)
(0.022359 -2.62361e-06 0)
(0.0223593 -2.82002e-06 0)
(0.0223596 -2.99989e-06 0)
(0.0223599 -3.17883e-06 0)
(0.0223603 -3.34786e-06 0)
(0.0223608 -3.53334e-06 0)
(0.0223582 -1.81831e-07 0)
(0.0223579 -3.85506e-07 0)
(0.0223579 -6.25676e-07 0)
(0.0223579 -8.65109e-07 0)
(0.022358 -1.10088e-06 0)
(0.0223581 -1.32987e-06 0)
(0.0223582 -1.55185e-06 0)
(0.0223583 -1.7672e-06 0)
(0.0223584 -1.97091e-06 0)
(0.0223586 -2.16399e-06 0)
(0.0223588 -2.34473e-06 0)
(0.0223591 -2.52253e-06 0)
(0.0223594 -2.6898e-06 0)
(0.0223597 -2.85816e-06 0)
(0.0223601 -3.01939e-06 0)
(0.0223606 -3.19316e-06 0)
(0.0223579 -1.65252e-07 0)
(0.0223576 -3.45946e-07 0)
(0.0223576 -5.61204e-07 0)
(0.0223577 -7.75533e-07 0)
(0.0223578 -9.85327e-07 0)
(0.0223578 -1.18802e-06 0)
(0.022358 -1.38362e-06 0)
(0.0223581 -1.57491e-06 0)
(0.0223583 -1.75736e-06 0)
(0.0223584 -1.93414e-06 0)
(0.0223587 -2.10051e-06 0)
(0.0223589 -2.2638e-06 0)
(0.0223592 -2.4189e-06 0)
(0.0223596 -2.57718e-06 0)
(0.0223599 -2.73056e-06 0)
(0.0223603 -2.89701e-06 0)
(0.0223576 -1.48322e-07 0)
(0.0223574 -3.07337e-07 0)
(0.0223574 -4.98585e-07 0)
(0.0223575 -6.89602e-07 0)
(0.0223576 -8.77032e-07 0)
(0.0223577 -1.06033e-06 0)
(0.0223578 -1.23714e-06 0)
(0.0223579 -1.40905e-06 0)
(0.0223581 -1.57318e-06 0)
(0.0223583 -1.73358e-06 0)
(0.0223585 -1.88615e-06 0)
(0.0223588 -2.03698e-06 0)
(0.0223591 -2.18154e-06 0)
(0.0223594 -2.33054e-06 0)
(0.0223597 -2.47629e-06 0)
(0.0223601 -2.63518e-06 0)
(0.0223574 -1.31785e-07 0)
(0.0223572 -2.74192e-07 0)
(0.0223573 -4.44781e-07 0)
(0.0223573 -6.1534e-07 0)
(0.0223574 -7.82929e-07 0)
(0.0223575 -9.47584e-07 0)
(0.0223576 -1.10696e-06 0)
(0.0223578 -1.26227e-06 0)
(0.0223579 -1.4111e-06 0)
(0.0223581 -1.55734e-06 0)
(0.0223584 -1.69755e-06 0)
(0.0223586 -1.83773e-06 0)
(0.0223589 -1.97339e-06 0)
(0.0223592 -2.11421e-06 0)
(0.0223596 -2.25287e-06 0)
(0.0223599 -2.40391e-06 0)
(0.0223572 -1.17573e-07 0)
(0.0223571 -2.44966e-07 0)
(0.0223571 -3.9749e-07 0)
(0.0223572 -5.50192e-07 0)
(0.0223573 -7.00461e-07 0)
(0.0223574 -8.48392e-07 0)
(0.0223575 -9.92039e-07 0)
(0.0223576 -1.13287e-06 0)
(0.0223578 -1.26868e-06 0)
(0.022358 -1.40307e-06 0)
(0.0223582 -1.53287e-06 0)
(0.0223585 -1.66367e-06 0)
(0.0223588 -1.7912e-06 0)
(0.0223591 -1.92425e-06 0)
(0.0223594 -2.05591e-06 0)
(0.0223598 -2.19906e-06 0)
(0.0223571 -1.05035e-07 0)
(0.0223569 -2.19183e-07 0)
(0.022357 -3.55806e-07 0)
(0.022357 -4.92848e-07 0)
(0.0223571 -6.28048e-07 0)
(0.0223572 -7.61607e-07 0)
(0.0223574 -8.91803e-07 0)
(0.0223575 -1.02012e-06 0)
(0.0223577 -1.14458e-06 0)
(0.0223579 -1.26849e-06 0)
(0.0223581 -1.38903e-06 0)
(0.0223584 -1.51139e-06 0)
(0.0223586 -1.63152e-06 0)
(0.0223589 -1.75727e-06 0)
(0.0223592 -1.88217e-06 0)
(0.0223596 -2.01749e-06 0)
(0.0223569 -9.39741e-08 0)
(0.0223568 -1.96806e-07 0)
(0.0223569 -3.19628e-07 0)
(0.0223569 -4.43047e-07 0)
(0.022357 -5.65101e-07 0)
(0.0223571 -6.8606e-07 0)
(0.0223573 -8.04468e-07 0)
(0.0223574 -9.21856e-07 0)
(0.0223576 -1.0364e-06 0)
(0.0223578 -1.15116e-06 0)
(0.022358 -1.26352e-06 0)
(0.0223582 -1.37824e-06 0)
(0.0223585 -1.4915e-06 0)
(0.0223588 -1.61029e-06 0)
(0.0223591 -1.7286e-06 0)
(0.0223594 -1.85631e-06 0)
(0.0223568 -8.43761e-08 0)
(0.0223567 -1.77343e-07 0)
(0.0223568 -2.88167e-07 0)
(0.0223568 -3.99754e-07 0)
(0.0223569 -5.10406e-07 0)
(0.022357 -6.20467e-07 0)
(0.0223572 -7.28667e-07 0)
(0.0223573 -8.36507e-07 0)
(0.0223575 -9.42327e-07 0)
(0.0223577 -1.04894e-06 0)
(0.0223579 -1.15394e-06 0)
(0.0223581 -1.26165e-06 0)
(0.0223584 -1.36849e-06 0)
(0.0223587 -1.48066e-06 0)
(0.0223589 -1.59259e-06 0)
(0.0223593 -1.71294e-06 0)
(0.0223567 -7.60275e-08 0)
(0.0223566 -1.60512e-07 0)
(0.0223567 -2.60953e-07 0)
(0.0223568 -3.62286e-07 0)
(0.0223568 -4.63039e-07 0)
(0.0223569 -5.63613e-07 0)
(0.0223571 -6.629e-07 0)
(0.0223572 -7.62356e-07 0)
(0.0223574 -8.60463e-07 0)
(0.0223576 -9.59801e-07 0)
(0.0223578 -1.05815e-06 0)
(0.022358 -1.15939e-06 0)
(0.0223583 -1.2602e-06 0)
(0.0223585 -1.36607e-06 0)
(0.0223588 -1.47187e-06 0)
(0.0223591 -1.58517e-06 0)
(0.0223566 -6.88085e-08 0)
(0.0223566 -1.45954e-07 0)
(0.0223566 -2.37408e-07 0)
(0.0223567 -3.29857e-07 0)
(0.0223568 -4.2202e-07 0)
(0.0223569 -5.1434e-07 0)
(0.022357 -6.0584e-07 0)
(0.0223571 -6.97908e-07 0)
(0.0223573 -7.89158e-07 0)
(0.0223575 -8.81946e-07 0)
(0.0223577 -9.74227e-07 0)
(0.0223579 -1.06947e-06 0)
(0.0223582 -1.16461e-06 0)
(0.0223584 -1.26448e-06 0)
(0.0223587 -1.3644e-06 0)
(0.022359 -1.47098e-06 0)
(0.0223566 -6.25643e-08 0)
(0.0223565 -1.33369e-07 0)
(0.0223566 -2.17046e-07 0)
(0.0223566 -3.0179e-07 0)
(0.0223567 -3.86483e-07 0)
(0.0223568 -4.71594e-07 0)
(0.0223569 -5.56256e-07 0)
(0.0223571 -6.41781e-07 0)
(0.0223572 -7.26902e-07 0)
(0.0223574 -8.13765e-07 0)
(0.0223576 -9.00479e-07 0)
(0.0223578 -9.90152e-07 0)
(0.0223581 -1.07995e-06 0)
(0.0223583 -1.17413e-06 0)
(0.0223586 -1.26844e-06 0)
(0.0223588 -1.36864e-06 0)
(0.0223565 -5.71668e-08 0)
(0.0223565 -1.22472e-07 0)
(0.0223565 -1.99404e-07 0)
(0.0223566 -2.77452e-07 0)
(0.0223566 -3.55633e-07 0)
(0.0223567 -4.34426e-07 0)
(0.0223569 -5.13059e-07 0)
(0.022357 -5.92762e-07 0)
(0.0223572 -6.72375e-07 0)
(0.0223573 -7.53848e-07 0)
(0.0223575 -8.35436e-07 0)
(0.0223578 -9.19914e-07 0)
(0.022358 -1.00467e-06 0)
(0.0223582 -1.09347e-06 0)
(0.0223585 -1.18243e-06 0)
(0.0223587 -1.27661e-06 0)
(0.0223564 -5.24932e-08 0)
(0.0223564 -1.13012e-07 0)
(0.0223565 -1.84079e-07 0)
(0.0223565 -2.56286e-07 0)
(0.0223566 -3.28767e-07 0)
(0.0223567 -4.01998e-07 0)
(0.0223568 -4.75287e-07 0)
(0.0223569 -5.49782e-07 0)
(0.0223571 -6.24418e-07 0)
(0.0223573 -7.00967e-07 0)
(0.0223575 -7.77815e-07 0)
(0.0223577 -8.57444e-07 0)
(0.0223579 -9.3745e-07 0)
(0.0223581 -1.02116e-06 0)
(0.0223584 -1.10504e-06 0)
(0.0223586 -1.19354e-06 0)
(0.0223564 -4.84363e-08 0)
(0.0223564 -1.04767e-07 0)
(0.0223564 -1.70713e-07 0)
(0.0223565 -2.37804e-07 0)
(0.0223565 -3.0527e-07 0)
(0.0223566 -3.73578e-07 0)
(0.0223568 -4.42105e-07 0)
(0.0223569 -5.11917e-07 0)
(0.022357 -5.82033e-07 0)
(0.0223572 -6.54063e-07 0)
(0.0223574 -7.26516e-07 0)
(0.0223576 -8.01612e-07 0)
(0.0223578 -8.7714e-07 0)
(0.022358 -9.5605e-07 0)
(0.0223583 -1.03512e-06 0)
(0.0223585 -1.11829e-06 0)
(0.0223563 -4.49007e-08 0)
(0.0223563 -9.7545e-08 0)
(0.0223564 -1.58994e-07 0)
(0.0223564 -2.21579e-07 0)
(0.0223565 -2.8461e-07 0)
(0.0223566 -3.48536e-07 0)
(0.0223567 -4.12793e-07 0)
(0.0223568 -4.78369e-07 0)
(0.022357 -5.4436e-07 0)
(0.0223571 -6.12227e-07 0)
(0.0223573 -6.80592e-07 0)
(0.0223575 -7.51446e-07 0)
(0.0223577 -8.22754e-07 0)
(0.0223579 -8.97138e-07 0)
(0.0223582 -9.71669e-07 0)
(0.0223584 -1.04982e-06 0)
(0.0223563 -4.18039e-08 0)
(0.0223563 -9.11798e-08 0)
(0.0223563 -1.48658e-07 0)
(0.0223564 -2.07249e-07 0)
(0.0223565 -2.66331e-07 0)
(0.0223565 -3.26331e-07 0)
(0.0223567 -3.86737e-07 0)
(0.0223568 -4.4846e-07 0)
(0.0223569 -5.10667e-07 0)
(0.0223571 -5.74685e-07 0)
(0.0223573 -6.39239e-07 0)
(0.0223575 -7.06118e-07 0)
(0.0223577 -7.7345e-07 0)
(0.0223579 -8.43573e-07 0)
(0.0223581 -9.13821e-07 0)
(0.0223583 -9.87284e-07 0)
(0.0223563 -3.90748e-08 0)
(0.0223562 -8.55306e-08 0)
(0.0223563 -1.39476e-07 0)
(0.0223563 -1.94503e-07 0)
(0.0223564 -2.50044e-07 0)
(0.0223565 -3.06504e-07 0)
(0.0223566 -3.63414e-07 0)
(0.0223567 -4.21614e-07 0)
(0.0223569 -4.80334e-07 0)
(0.022357 -5.4078e-07 0)
(0.0223572 -6.01772e-07 0)
(0.0223574 -6.64923e-07 0)
(0.0223576 -7.28507e-07 0)
(0.0223578 -7.9462e-07 0)
(0.022358 -8.60829e-07 0)
(0.0223582 -9.29895e-07 0)
(0.0223562 -3.66529e-08 0)
(0.0223562 -8.04784e-08 0)
(0.0223562 -1.31257e-07 0)
(0.0223563 -1.83079e-07 0)
(0.0223564 -2.35424e-07 0)
(0.0223565 -2.88669e-07 0)
(0.0223566 -3.42386e-07 0)
(0.0223567 -3.97346e-07 0)
(0.0223568 -4.52837e-07 0)
(0.022357 -5.09958e-07 0)
(0.0223571 -5.67614e-07 0)
(0.0223573 -6.27265e-07 0)
(0.0223575 -6.87317e-07 0)
(0.0223577 -7.49658e-07 0)
(0.0223579 -8.12064e-07 0)
(0.0223582 -8.77017e-07 0)
(0.0223562 -3.44872e-08 0)
(0.0223562 -7.59233e-08 0)
(0.0223562 -1.23841e-07 0)
(0.0223563 -1.72759e-07 0)
(0.0223563 -2.22196e-07 0)
(0.0223564 -2.72502e-07 0)
(0.0223565 -3.23283e-07 0)
(0.0223566 -3.75249e-07 0)
(0.0223568 -4.27738e-07 0)
(0.0223569 -4.81754e-07 0)
(0.0223571 -5.36279e-07 0)
(0.0223573 -5.9264e-07 0)
(0.0223575 -6.49364e-07 0)
(0.0223577 -7.08156e-07 0)
(0.0223579 -7.66983e-07 0)
(0.0223581 -8.28087e-07 0)
(0.0223562 -3.25347e-08 0)
(0.0223561 -7.17822e-08 0)
(0.0223562 -1.17095e-07 0)
(0.0223562 -1.6336e-07 0)
(0.0223563 -2.10132e-07 0)
(0.0223564 -2.57734e-07 0)
(0.0223565 -3.058e-07 0)
(0.0223566 -3.54984e-07 0)
(0.0223567 -4.04671e-07 0)
(0.0223569 -4.55779e-07 0)
(0.022357 -5.07361e-07 0)
(0.0223572 -5.60627e-07 0)
(0.0223574 -6.14211e-07 0)
(0.0223576 -6.69668e-07 0)
(0.0223578 -7.25126e-07 0)
(0.022358 -7.82628e-07 0)
(0.0223561 -3.07598e-08 0)
(0.0223561 -6.79864e-08 0)
(0.0223561 -1.10907e-07 0)
(0.0223562 -1.54732e-07 0)
(0.0223563 -1.99044e-07 0)
(0.0223563 -2.4414e-07 0)
(0.0223564 -2.89681e-07 0)
(0.0223566 -3.3627e-07 0)
(0.0223567 -3.83331e-07 0)
(0.0223568 -4.31709e-07 0)
(0.022357 -4.80518e-07 0)
(0.0223572 -5.3087e-07 0)
(0.0223573 -5.81494e-07 0)
(0.0223575 -6.33813e-07 0)
(0.0223577 -6.86104e-07 0)
(0.022358 -7.40237e-07 0)
(0.0223561 -2.9133e-08 0)
(0.0223561 -6.44793e-08 0)
(0.0223561 -1.05186e-07 0)
(0.0223562 -1.46749e-07 0)
(0.0223562 -1.88775e-07 0)
(0.0223563 -2.31537e-07 0)
(0.0223564 -2.74718e-07 0)
(0.0223565 -3.18875e-07 0)
(0.0223567 -3.63467e-07 0)
(0.0223568 -4.09274e-07 0)
(0.0223569 -4.55468e-07 0)
(0.0223571 -5.03072e-07 0)
(0.0223573 -5.50902e-07 0)
(0.0223575 -6.00268e-07 0)
(0.0223577 -6.49577e-07 0)
(0.0223579 -7.00554e-07 0)
(0.0223561 -2.76301e-08 0)
(0.022356 -6.12145e-08 0)
(0.0223561 -9.98586e-08 0)
(0.0223561 -1.39311e-07 0)
(0.0223562 -1.79199e-07 0)
(0.0223563 -2.19773e-07 0)
(0.0223564 -2.60738e-07 0)
(0.0223565 -3.02605e-07 0)
(0.0223566 -3.4487e-07 0)
(0.0223568 -3.88251e-07 0)
(0.0223569 -4.31974e-07 0)
(0.0223571 -4.76984e-07 0)
(0.0223572 -5.22176e-07 0)
(0.0223574 -5.68762e-07 0)
(0.0223576 -6.15266e-07 0)
(0.0223579 -6.63289e-07 0)
(0.022356 -2.6231e-08 0)
(0.022356 -5.81543e-08 0)
(0.0223561 -9.48633e-08 0)
(0.0223561 -1.32333e-07 0)
(0.0223562 -1.70211e-07 0)
(0.0223562 -2.08725e-07 0)
(0.0223563 -2.47598e-07 0)
(0.0223564 -2.87304e-07 0)
(0.0223566 -3.27367e-07 0)
(0.0223567 -3.68456e-07 0)
(0.0223569 -4.09839e-07 0)
(0.022357 -4.52398e-07 0)
(0.0223572 -4.95097e-07 0)
(0.0223574 -5.39064e-07 0)
(0.0223576 -5.82924e-07 0)
(0.0223578 -6.28174e-07 0)
(0.022356 -2.49197e-08 0)
(0.022356 -5.5268e-08 0)
(0.022356 -9.01508e-08 0)
(0.0223561 -1.25749e-07 0)
(0.0223561 -1.61726e-07 0)
(0.0223562 -1.98292e-07 0)
(0.0223563 -2.35185e-07 0)
(0.0223564 -2.72843e-07 0)
(0.0223565 -3.10819e-07 0)
(0.0223567 -3.49734e-07 0)
(0.0223568 -3.889e-07 0)
(0.022357 -4.29141e-07 0)
(0.0223572 -4.69481e-07 0)
(0.0223574 -5.10979e-07 0)
(0.0223575 -5.52348e-07 0)
(0.0223578 -5.94995e-07 0)
(0.022356 -2.36829e-08 0)
(0.022356 -5.25308e-08 0)
(0.022356 -8.56813e-08 0)
(0.022356 -1.19503e-07 0)
(0.0223561 -1.53676e-07 0)
(0.0223562 -1.88392e-07 0)
(0.0223563 -2.23402e-07 0)
(0.0223564 -2.59115e-07 0)
(0.0223565 -2.95107e-07 0)
(0.0223566 -3.3196e-07 0)
(0.0223568 -3.69022e-07 0)
(0.022357 -4.07066e-07 0)
(0.0223571 -4.45175e-07 0)
(0.0223573 -4.84342e-07 0)
(0.0223575 -5.23361e-07 0)
(0.0223577 -5.63562e-07 0)
(0.022356 -2.25101e-08 0)
(0.0223559 -4.99228e-08 0)
(0.022356 -8.14224e-08 0)
(0.022356 -1.13551e-07 0)
(0.0223561 -1.46005e-07 0)
(0.0223562 -1.78957e-07 0)
(0.0223563 -2.12173e-07 0)
(0.0223564 -2.46034e-07 0)
(0.0223565 -2.80137e-07 0)
(0.0223566 -3.15029e-07 0)
(0.0223568 -3.50091e-07 0)
(0.0223569 -3.86054e-07 0)
(0.0223571 -4.22047e-07 0)
(0.0223573 -4.59012e-07 0)
(0.0223575 -4.95811e-07 0)
(0.0223577 -5.3371e-07 0)
(0.0223559 -2.13926e-08 0)
(0.0223559 -4.74279e-08 0)
(0.022356 -7.73483e-08 0)
(0.022356 -1.07859e-07 0)
(0.0223561 -1.38667e-07 0)
(0.0223561 -1.69934e-07 0)
(0.0223562 -2.01436e-07 0)
(0.0223563 -2.33529e-07 0)
(0.0223564 -2.6583e-07 0)
(0.0223566 -2.98855e-07 0)
(0.0223567 -3.32014e-07 0)
(0.0223569 -3.66001e-07 0)
(0.0223571 -3.99987e-07 0)
(0.0223572 -4.34871e-07 0)
(0.0223574 -4.69574e-07 0)
(0.0223576 -5.05306e-07 0)
(0.0223559 -2.03236e-08 0)
(0.0223559 -4.50333e-08 0)
(0.0223559 -7.34382e-08 0)
(0.022356 -1.02396e-07 0)
(0.022356 -1.31626e-07 0)
(0.0223561 -1.61279e-07 0)
(0.0223562 -1.91139e-07 0)
(0.0223563 -2.21542e-07 0)
(0.0223564 -2.52122e-07 0)
(0.0223566 -2.83365e-07 0)
(0.0223567 -3.14712e-07 0)
(0.0223569 -3.46821e-07 0)
(0.022357 -3.78903e-07 0)
(0.0223572 -4.11815e-07 0)
(0.0223574 -4.44534e-07 0)
(0.0223576 -4.78221e-07 0)
(0.0223559 -1.92976e-08 0)
(0.0223559 -4.27288e-08 0)
(0.0223559 -6.96755e-08 0)
(0.0223559 -9.714e-08 0)
(0.022356 -1.24854e-07 0)
(0.0223561 -1.52957e-07 0)
(0.0223562 -1.81242e-07 0)
(0.0223563 -2.10025e-07 0)
(0.0223564 -2.38957e-07 0)
(0.0223565 -2.68501e-07 0)
(0.0223567 -2.98119e-07 0)
(0.0223568 -3.28441e-07 0)
(0.022357 -3.58714e-07 0)
(0.0223572 -3.89759e-07 0)
(0.0223574 -4.206e-07 0)
(0.0223576 -4.52356e-07 0)
(0.0223559 -1.83101e-08 0)
(0.0223559 -4.0506e-08 0)
(0.0223559 -6.60469e-08 0)
(0.0223559 -9.20726e-08 0)
(0.022356 -1.18327e-07 0)
(0.0223561 -1.44938e-07 0)
(0.0223562 -1.7171e-07 0)
(0.0223563 -1.9894e-07 0)
(0.0223564 -2.26293e-07 0)
(0.0223565 -2.54211e-07 0)
(0.0223566 -2.82178e-07 0)
(0.0223568 -3.10799e-07 0)
(0.022357 -3.3935e-07 0)
(0.0223571 -3.68623e-07 0)
(0.0223573 -3.97683e-07 0)
(0.0223575 -4.27613e-07 0)
(0.0223558 -1.73577e-08 0)
(0.0223558 -3.83587e-08 0)
(0.0223559 -6.25418e-08 0)
(0.0223559 -8.71791e-08 0)
(0.022356 -1.12025e-07 0)
(0.022356 -1.37201e-07 0)
(0.0223561 -1.62516e-07 0)
(0.0223562 -1.88254e-07 0)
(0.0223563 -2.14093e-07 0)
(0.0223565 -2.40455e-07 0)
(0.0223566 -2.66844e-07 0)
(0.0223568 -2.93843e-07 0)
(0.0223569 -3.20754e-07 0)
(0.0223571 -3.48345e-07 0)
(0.0223573 -3.75714e-07 0)
(0.0223575 -4.03915e-07 0)
(0.0223558 -1.64376e-08 0)
(0.0223558 -3.62818e-08 0)
(0.0223558 -5.91522e-08 0)
(0.0223559 -8.24481e-08 0)
(0.022356 -1.05934e-07 0)
(0.022356 -1.29725e-07 0)
(0.0223561 -1.53638e-07 0)
(0.0223562 -1.77941e-07 0)
(0.0223563 -2.02326e-07 0)
(0.0223565 -2.27197e-07 0)
(0.0223566 -2.52077e-07 0)
(0.0223568 -2.77527e-07 0)
(0.0223569 -3.02875e-07 0)
(0.0223571 -3.28866e-07 0)
(0.0223573 -3.54628e-07 0)
(0.0223575 -3.8119e-07 0)
(0.0223558 -1.55476e-08 0)
(0.0223558 -3.42714e-08 0)
(0.0223558 -5.58717e-08 0)
(0.0223559 -7.78705e-08 0)
(0.0223559 -1.00043e-07 0)
(0.022356 -1.22497e-07 0)
(0.0223561 -1.45058e-07 0)
(0.0223562 -1.6798e-07 0)
(0.0223563 -1.90968e-07 0)
(0.0223564 -2.14409e-07 0)
(0.0223566 -2.37843e-07 0)
(0.0223567 -2.61814e-07 0)
(0.0223569 -2.85671e-07 0)
(0.0223571 -3.10138e-07 0)
(0.0223572 -3.34372e-07 0)
(0.0223574 -3.59377e-07 0)
(0.0223558 -1.46862e-08 0)
(0.0223558 -3.23249e-08 0)
(0.0223558 -5.26958e-08 0)
(0.0223559 -7.34401e-08 0)
(0.0223559 -9.43426e-08 0)
(0.022356 -1.15507e-07 0)
(0.0223561 -1.36762e-07 0)
(0.0223562 -1.58355e-07 0)
(0.0223563 -1.79999e-07 0)
(0.0223564 -2.02067e-07 0)
(0.0223566 -2.24115e-07 0)
(0.0223567 -2.46672e-07 0)
(0.0223569 -2.69104e-07 0)
(0.022357 -2.9212e-07 0)
(0.0223572 -3.14899e-07 0)
(0.0223574 -3.38427e-07 0)
(0.0223558 -1.38521e-08 0)
(0.0223558 -3.04406e-08 0)
(0.0223558 -4.96217e-08 0)
(0.0223558 -6.91525e-08 0)
(0.0223559 -8.88272e-08 0)
(0.022356 -1.08745e-07 0)
(0.0223561 -1.28742e-07 0)
(0.0223562 -1.49054e-07 0)
(0.0223563 -1.69404e-07 0)
(0.0223564 -1.90153e-07 0)
(0.0223565 -2.10872e-07 0)
(0.0223567 -2.32073e-07 0)
(0.0223568 -2.53143e-07 0)
(0.022357 -2.74775e-07 0)
(0.0223572 -2.96166e-07 0)
(0.0223574 -3.18288e-07 0)
(0.0223558 -1.30446e-08 0)
(0.0223558 -2.86177e-08 0)
(0.0223558 -4.6648e-08 0)
(0.0223558 -6.50055e-08 0)
(0.0223559 -8.34938e-08 0)
(0.022356 -1.02208e-07 0)
(0.022356 -1.20991e-07 0)
(0.0223561 -1.40068e-07 0)
(0.0223563 -1.59172e-07 0)
(0.0223564 -1.78653e-07 0)
(0.0223565 -1.98095e-07 0)
(0.0223567 -2.17999e-07 0)
(0.0223568 -2.37764e-07 0)
(0.022357 -2.58074e-07 0)
(0.0223572 -2.78141e-07 0)
(0.0223574 -2.98927e-07 0)
(0.0223557 -1.22635e-08 0)
(0.0223557 -2.68563e-08 0)
(0.0223558 -4.37748e-08 0)
(0.0223558 -6.09991e-08 0)
(0.0223559 -7.83417e-08 0)
(0.0223559 -9.58951e-08 0)
(0.022356 -1.13506e-07 0)
(0.0223561 -1.31392e-07 0)
(0.0223562 -1.49297e-07 0)
(0.0223564 -1.67558e-07 0)
(0.0223565 -1.85773e-07 0)
(0.0223567 -2.04431e-07 0)
(0.0223568 -2.22946e-07 0)
(0.022357 -2.41993e-07 0)
(0.0223572 -2.60794e-07 0)
(0.0223574 -2.80305e-07 0)
(0.0223557 -1.15086e-08 0)
(0.0223557 -2.51575e-08 0)
(0.0223558 -4.10038e-08 0)
(0.0223558 -5.71354e-08 0)
(0.0223559 -7.33732e-08 0)
(0.0223559 -8.9807e-08 0)
(0.022356 -1.06288e-07 0)
(0.0223561 -1.23028e-07 0)
(0.0223562 -1.39777e-07 0)
(0.0223564 -1.56865e-07 0)
(0.0223565 -1.73899e-07 0)
(0.0223566 -1.91361e-07 0)
(0.0223568 -2.08676e-07 0)
(0.022357 -2.26513e-07 0)
(0.0223572 -2.44104e-07 0)
(0.0223574 -2.624e-07 0)
(0.0223557 -1.07807e-08 0)
(0.0223557 -2.35238e-08 0)
(0.0223558 -3.83387e-08 0)
(0.0223558 -5.34191e-08 0)
(0.0223559 -6.85939e-08 0)
(0.0223559 -8.39502e-08 0)
(0.022356 -9.93443e-08 0)
(0.0223561 -1.1498e-07 0)
(0.0223562 -1.30616e-07 0)
(0.0223563 -1.46574e-07 0)
(0.0223565 -1.62473e-07 0)
(0.0223566 -1.78785e-07 0)
(0.0223568 -1.94948e-07 0)
(0.022357 -2.11625e-07 0)
(0.0223571 -2.28056e-07 0)
(0.0223573 -2.45193e-07 0)
(0.0223557 -1.00806e-08 0)
(0.0223557 -2.19585e-08 0)
(0.0223558 -3.57849e-08 0)
(0.0223558 -4.98575e-08 0)
(0.0223558 -6.40125e-08 0)
(0.0223559 -7.83345e-08 0)
(0.022356 -9.26842e-08 0)
(0.0223561 -1.07258e-07 0)
(0.0223562 -1.21825e-07 0)
(0.0223563 -1.36695e-07 0)
(0.0223565 -1.51501e-07 0)
(0.0223566 -1.66706e-07 0)
(0.0223568 -1.8176e-07 0)
(0.0223569 -1.97324e-07 0)
(0.0223571 -2.12642e-07 0)
(0.0223573 -2.2867e-07 0)
(0.0223557 -9.40982e-09 0)
(0.0223557 -2.04663e-08 0)
(0.0223557 -3.33499e-08 0)
(0.0223558 -4.64605e-08 0)
(0.0223558 -5.96414e-08 0)
(0.0223559 -7.29742e-08 0)
(0.022356 -8.63237e-08 0)
(0.0223561 -9.98799e-08 0)
(0.0223562 -1.13419e-07 0)
(0.0223563 -1.27243e-07 0)
(0.0223565 -1.40997e-07 0)
(0.0223566 -1.55136e-07 0)
(0.0223568 -1.69123e-07 0)
(0.0223569 -1.83617e-07 0)
(0.0223571 -1.97864e-07 0)
(0.0223573 -2.12833e-07 0)
(0.0223557 -8.77036e-09 0)
(0.0223557 -1.9053e-08 0)
(0.0223557 -3.10432e-08 0)
(0.0223558 -4.32413e-08 0)
(0.0223558 -5.54968e-08 0)
(0.0223559 -6.78884e-08 0)
(0.022356 -8.02843e-08 0)
(0.0223561 -9.28679e-08 0)
(0.0223562 -1.05422e-07 0)
(0.0223563 -1.18243e-07 0)
(0.0223564 -1.30985e-07 0)
(0.0223566 -1.44097e-07 0)
(0.0223568 -1.57054e-07 0)
(0.0223569 -1.70515e-07 0)
(0.0223571 -1.83732e-07 0)
(0.0223573 -1.97685e-07 0)
(0.0223557 -8.16477e-09 0)
(0.0223557 -1.7726e-08 0)
(0.0223557 -2.88766e-08 0)
(0.0223558 -4.0216e-08 0)
(0.0223558 -5.15992e-08 0)
(0.0223559 -6.31015e-08 0)
(0.022356 -7.45939e-08 0)
(0.0223561 -8.6253e-08 0)
(0.0223562 -9.78687e-08 0)
(0.0223563 -1.09728e-07 0)
(0.0223564 -1.21498e-07 0)
(0.0223566 -1.3362e-07 0)
(0.0223567 -1.45584e-07 0)
(0.0223569 -1.58048e-07 0)
(0.0223571 -1.70268e-07 0)
(0.0223573 -1.83247e-07 0)
(0.0223557 -7.59618e-09 0)
(0.0223557 -1.64938e-08 0)
(0.0223557 -2.68638e-08 0)
(0.0223558 -3.74039e-08 0)
(0.0223558 -4.7973e-08 0)
(0.0223559 -5.86429e-08 0)
(0.022356 -6.92865e-08 0)
(0.0223561 -8.00737e-08 0)
(0.0223562 -9.07997e-08 0)
(0.0223563 -1.01743e-07 0)
(0.0223564 -1.12583e-07 0)
(0.0223566 -1.23752e-07 0)
(0.0223567 -1.34756e-07 0)
(0.0223569 -1.46253e-07 0)
(0.0223571 -1.57508e-07 0)
(0.0223573 -1.69546e-07 0)
(0.0223557 -7.06821e-09 0)
(0.0223557 -1.53658e-08 0)
(0.0223557 -2.50205e-08 0)
(0.0223558 -3.48264e-08 0)
(0.0223558 -4.4646e-08 0)
(0.0223559 -5.45469e-08 0)
(0.022356 -6.44026e-08 0)
(0.0223561 -7.43762e-08 0)
(0.0223562 -8.42668e-08 0)
(0.0223563 -9.43442e-08 0)
(0.0223564 -1.04299e-07 0)
(0.0223566 -1.14552e-07 0)
(0.0223567 -1.24631e-07 0)
(0.0223569 -1.35188e-07 0)
(0.0223571 -1.45504e-07 0)
(0.0223573 -1.56631e-07 0)
(0.0223557 -6.58494e-09 0)
(0.0223557 -1.43522e-08 0)
(0.0223557 -2.33632e-08 0)
(0.0223558 -3.25071e-08 0)
(0.0223558 -4.16488e-08 0)
(0.0223559 -5.08513e-08 0)
(0.022356 -5.99877e-08 0)
(0.0223561 -6.9214e-08 0)
(0.0223562 -7.83313e-08 0)
(0.0223563 -8.76001e-08 0)
(0.0223564 -9.672e-08 0)
(0.0223566 -1.061e-07 0)
(0.0223567 -1.15288e-07 0)
(0.0223569 -1.2493e-07 0)
(0.0223571 -1.34329e-07 0)
(0.0223573 -1.44567e-07 0)
(0.0223557 -6.1507e-09 0)
(0.0223557 -1.34633e-08 0)
(0.0223557 -2.1909e-08 0)
(0.0223558 -3.04702e-08 0)
(0.0223558 -3.90133e-08 0)
(0.0223559 -4.75965e-08 0)
(0.022356 -5.60914e-08 0)
(0.0223561 -6.46465e-08 0)
(0.0223562 -7.30626e-08 0)
(0.0223563 -8.15906e-08 0)
(0.0223564 -8.99359e-08 0)
(0.0223566 -9.84932e-08 0)
(0.0223567 -1.06833e-07 0)
(0.0223569 -1.15585e-07 0)
(0.0223571 -1.24088e-07 0)
(0.0223573 -1.33451e-07 0)
(0.0223557 -5.76991e-09 0)
(0.0223557 -1.27089e-08 0)
(0.0223557 -2.06743e-08 0)
(0.0223558 -2.87393e-08 0)
(0.0223558 -3.67711e-08 0)
(0.0223559 -4.48231e-08 0)
(0.022356 -5.27642e-08 0)
(0.0223561 -6.07358e-08 0)
(0.0223562 -6.85359e-08 0)
(0.0223563 -7.64051e-08 0)
(0.0223564 -8.40504e-08 0)
(0.0223566 -9.18494e-08 0)
(0.0223567 -9.93918e-08 0)
(0.0223569 -1.07284e-07 0)
(0.0223571 -1.14914e-07 0)
(0.0223572 -1.23405e-07 0)
(0.0223557 -5.44677e-09 0)
(0.0223557 -1.20968e-08 0)
(0.0223557 -1.96722e-08 0)
(0.0223558 -2.73335e-08 0)
(0.0223558 -3.49483e-08 0)
(0.0223559 -4.25655e-08 0)
(0.022356 -5.0051e-08 0)
(0.0223561 -5.75393e-08 0)
(0.0223562 -6.48236e-08 0)
(0.0223563 -7.21339e-08 0)
(0.0223564 -7.91731e-08 0)
(0.0223566 -8.62994e-08 0)
(0.0223567 -9.31117e-08 0)
(0.0223569 -1.00182e-07 0)
(0.0223571 -1.06955e-07 0)
(0.0223572 -1.14546e-07 0)
(0.0223557 -5.18462e-09 0)
(0.0223557 -1.16309e-08 0)
(0.0223557 -1.89093e-08 0)
(0.0223558 -2.62629e-08 0)
(0.0223558 -3.35595e-08 0)
(0.0223559 -4.08442e-08 0)
(0.022356 -4.79804e-08 0)
(0.0223561 -5.50965e-08 0)
(0.0223562 -6.19808e-08 0)
(0.0223563 -6.88534e-08 0)
(0.0223564 -7.54085e-08 0)
(0.0223566 -8.19835e-08 0)
(0.0223567 -8.81713e-08 0)
(0.0223569 -9.44959e-08 0)
(0.0223571 -1.00443e-07 0)
(0.0223572 -1.07082e-07 0)
(0.0223557 -4.98511e-09 0)
(0.0223557 -1.13151e-08 0)
(0.0223557 -1.83922e-08 0)
(0.0223558 -2.55372e-08 0)
(0.0223558 -3.26183e-08 0)
(0.0223559 -3.96782e-08 0)
(0.022356 -4.65785e-08 0)
(0.0223561 -5.34441e-08 0)
(0.0223562 -6.00597e-08 0)
(0.0223563 -6.66393e-08 0)
(0.0223564 -7.28696e-08 0)
(0.0223566 -7.90729e-08 0)
(0.0223567 -8.4827e-08 0)
(0.0223569 -9.06084e-08 0)
(0.0223571 -9.5901e-08 0)
(0.0223572 -1.01659e-07 0)
(0.0223557 -4.84986e-09 0)
(0.0223557 -1.11636e-08 0)
(0.0223557 -1.81441e-08 0)
(0.0223558 -2.51893e-08 0)
(0.0223558 -3.21675e-08 0)
(0.0223559 -3.91206e-08 0)
(0.022356 -4.59096e-08 0)
(0.0223561 -5.26585e-08 0)
(0.0223562 -5.91515e-08 0)
(0.0223563 -6.56013e-08 0)
(0.0223564 -7.16938e-08 0)
(0.0223566 -7.7749e-08 0)
(0.0223567 -8.33406e-08 0)
(0.0223569 -8.89273e-08 0)
(0.022357 -9.39781e-08 0)
(0.0223572 -9.9285e-08 0)
(0.0223557 -4.78495e-09 0)
(0.0223557 -1.11619e-08 0)
(0.0223557 -1.81414e-08 0)
(0.0223558 -2.51855e-08 0)
(0.0223558 -3.21627e-08 0)
(0.0223559 -3.91148e-08 0)
(0.022356 -4.59029e-08 0)
(0.0223561 -5.26509e-08 0)
(0.0223562 -5.9143e-08 0)
(0.0223563 -6.55921e-08 0)
(0.0223564 -7.16839e-08 0)
(0.0223566 -7.77384e-08 0)
(0.0223567 -8.33296e-08 0)
(0.0223569 -8.89159e-08 0)
(0.022357 -9.39665e-08 0)
(0.0223572 -9.92731e-08 0)
(0.0223557 -4.78423e-09 0)
(0.0223557 -1.11619e-08 0)
(0.0223557 -1.81414e-08 0)
(0.0223558 -2.51855e-08 0)
(0.0223558 -3.21627e-08 0)
(0.0223559 -3.91148e-08 0)
(0.022356 -4.59029e-08 0)
(0.0223561 -5.26509e-08 0)
(0.0223562 -5.9143e-08 0)
(0.0223563 -6.55921e-08 0)
(0.0223564 -7.16839e-08 0)
(0.0223566 -7.77384e-08 0)
(0.0223567 -8.33296e-08 0)
(0.0223569 -8.89159e-08 0)
(0.022357 -9.39665e-08 0)
(0.0223572 -9.92731e-08 0)
(0.0223557 -4.78423e-09 0)
)
;

boundaryField
{
    wireUpstream
    {
        type            calculated;
        value           nonuniform List<vector> 
16
(
(0.0223557 0 0)
(0.0223557 0 0)
(0.0223557 0 0)
(0.0223558 0 0)
(0.0223559 0 0)
(0.022356 0 0)
(0.022356 0 0)
(0.0223562 0 0)
(0.0223563 0 0)
(0.0223564 0 0)
(0.0223566 0 0)
(0.0223567 0 0)
(0.0223569 0 0)
(0.022357 0 0)
(0.0223572 0 0)
(0.0223557 0 0)
)
;
    }
    wireDownstream
    {
        type            calculated;
        value           nonuniform List<vector> 
16
(
(0.0223866 -2.15173e-07 0)
(0.0223866 -3.50941e-07 0)
(0.0223866 -4.88203e-07 0)
(0.0223866 -6.27951e-07 0)
(0.0223866 -7.66921e-07 0)
(0.0223866 -9.09519e-07 0)
(0.0223866 -1.04979e-06 0)
(0.0223866 -1.1956e-06 0)
(0.0223866 -1.33728e-06 0)
(0.0223866 -1.48608e-06 0)
(0.0223866 -1.62731e-06 0)
(0.0223866 -1.77683e-06 0)
(0.0223867 -1.91167e-06 0)
(0.0223868 -2.05403e-06 0)
(0.0223869 -2.1643e-06 0)
(0.0223866 -9.22084e-08 0)
)
;
    }
    wireTopContact
    {
        type            calculated;
        value           nonuniform List<vector> 
122
(
(0.0223866 -2.26253e-06 3.20383e-14)
(0.0223863 -2.29844e-06 3.2552e-14)
(0.0223859 -2.32928e-06 3.29882e-14)
(0.0223856 -2.35626e-06 3.33698e-14)
(0.0223852 -2.38028e-06 3.37092e-14)
(0.0223849 -2.40191e-06 3.4015e-14)
(0.0223846 -2.42176e-06 3.42955e-14)
(0.0223842 -2.44036e-06 3.45584e-14)
(0.0223839 -2.45802e-06 3.48079e-14)
(0.0223835 -2.4749e-06 3.50464e-14)
(0.0223831 -2.4913e-06 3.52783e-14)
(0.0223828 -2.50734e-06 3.55051e-14)
(0.0223824 -2.52313e-06 3.57286e-14)
(0.0223821 -2.53877e-06 3.59498e-14)
(0.0223817 -2.55431e-06 3.61696e-14)
(0.0223813 -2.56969e-06 3.63873e-14)
(0.022381 -2.58496e-06 3.66036e-14)
(0.0223806 -2.60034e-06 3.68211e-14)
(0.0223802 -2.61577e-06 3.70394e-14)
(0.0223798 -2.63112e-06 3.7257e-14)
(0.0223795 -2.64645e-06 3.74741e-14)
(0.0223791 -2.6618e-06 3.76919e-14)
(0.0223787 -2.67712e-06 3.79095e-14)
(0.0223783 -2.69231e-06 3.81275e-14)
(0.0223779 -2.70744e-06 3.83453e-14)
(0.0223776 -2.72261e-06 3.85641e-14)
(0.0223772 -2.73782e-06 3.87833e-14)
(0.0223768 -2.75299e-06 3.9002e-14)
(0.0223764 -2.76813e-06 3.92205e-14)
(0.022376 -2.7834e-06 3.94372e-14)
(0.0223756 -2.79874e-06 3.96544e-14)
(0.0223752 -2.81424e-06 3.98735e-14)
(0.0223748 -2.83003e-06 4.00968e-14)
(0.0223744 -2.84627e-06 4.03266e-14)
(0.022374 -2.86308e-06 4.05643e-14)
(0.0223736 -2.88081e-06 4.08147e-14)
(0.0223731 -2.89994e-06 4.10849e-14)
(0.0223727 -2.92092e-06 4.13812e-14)
(0.0223723 -2.94441e-06 4.17129e-14)
(0.0223719 -2.97118e-06 4.20907e-14)
(0.0223714 -3.00225e-06 4.25292e-14)
(0.022371 -3.03892e-06 4.30459e-14)
(0.0223705 -3.08274e-06 4.36636e-14)
(0.0223701 -3.13591e-06 4.44146e-14)
(0.0223696 -3.20094e-06 4.53328e-14)
(0.0223691 -3.28077e-06 4.64561e-14)
(0.0223687 -3.37988e-06 4.78508e-14)
(0.0223682 -3.5077e-06 4.96798e-14)
(0.0223677 -3.68042e-06 5.21425e-14)
(0.0223672 -3.90371e-06 5.52789e-14)
(0.0223667 -4.1673e-06 5.90066e-14)
(0.0223662 -4.46476e-06 6.32168e-14)
(0.0223657 -4.78645e-06 6.77751e-14)
(0.0223652 -5.12081e-06 7.25255e-14)
(0.0223648 -5.45492e-06 7.72752e-14)
(0.0223643 -5.77034e-06 8.17449e-14)
(0.0223639 -6.04148e-06 8.5639e-14)
(0.0223635 -6.24177e-06 8.84534e-14)
(0.0223631 -6.30448e-06 8.92457e-14)
(0.0223628 -6.16688e-06 8.74538e-14)
(0.0223625 -5.87119e-06 8.33552e-14)
(0.0223622 -5.46967e-06 7.76444e-14)
(0.0223619 -5.00295e-06 7.0961e-14)
(0.0223616 -4.5125e-06 6.39084e-14)
(0.0223613 -4.04072e-06 5.71491e-14)
(0.022361 -3.62607e-06 5.12798e-14)
(0.0223608 -3.2796e-06 4.63942e-14)
(0.0223606 -2.97977e-06 4.21388e-14)
(0.0223603 -2.71414e-06 3.83731e-14)
(0.0223601 -2.47886e-06 3.50468e-14)
(0.0223599 -2.27e-06 3.20961e-14)
(0.0223597 -2.08448e-06 2.9477e-14)
(0.0223596 -1.91946e-06 2.71481e-14)
(0.0223594 -1.7724e-06 2.5074e-14)
(0.0223592 -1.64111e-06 2.32226e-14)
(0.0223591 -1.52357e-06 2.1566e-14)
(0.022359 -1.41806e-06 2.00792e-14)
(0.0223588 -1.32303e-06 1.87406e-14)
(0.0223587 -1.23716e-06 1.75312e-14)
(0.0223586 -1.15927e-06 1.64343e-14)
(0.0223585 -1.08832e-06 1.54357e-14)
(0.0223584 -1.02347e-06 1.45227e-14)
(0.0223584 -9.63911e-07 1.36845e-14)
(0.0223583 -9.09006e-07 1.29117e-14)
(0.0223582 -8.5818e-07 1.21965e-14)
(0.0223581 -8.10946e-07 1.15318e-14)
(0.0223581 -7.66898e-07 1.0912e-14)
(0.022358 -7.25661e-07 1.03318e-14)
(0.022358 -6.86942e-07 9.78687e-15)
(0.0223579 -6.50463e-07 9.27358e-15)
(0.0223579 -6.16004e-07 8.78867e-15)
(0.0223578 -5.83367e-07 8.32938e-15)
(0.0223578 -5.52382e-07 7.89339e-15)
(0.0223577 -5.22912e-07 7.47861e-15)
(0.0223577 -4.94819e-07 7.0833e-15)
(0.0223577 -4.68005e-07 6.70588e-15)
(0.0223576 -4.42361e-07 6.34499e-15)
(0.0223576 -4.17811e-07 5.99946e-15)
(0.0223576 -3.94279e-07 5.66824e-15)
(0.0223575 -3.71698e-07 5.35045e-15)
(0.0223575 -3.5002e-07 5.04529e-15)
(0.0223575 -3.29187e-07 4.7521e-15)
(0.0223575 -3.09167e-07 4.47027e-15)
(0.0223575 -2.89916e-07 4.19932e-15)
(0.0223574 -2.71411e-07 3.93885e-15)
(0.0223574 -2.53631e-07 3.68857e-15)
(0.0223574 -2.36561e-07 3.44831e-15)
(0.0223574 -2.20201e-07 3.218e-15)
(0.0223574 -2.0455e-07 2.99772e-15)
(0.0223574 -1.89632e-07 2.78769e-15)
(0.0223574 -1.75468e-07 2.58831e-15)
(0.0223574 -1.62105e-07 2.40016e-15)
(0.0223574 -1.49607e-07 2.22414e-15)
(0.0223574 -1.38063e-07 2.06162e-15)
(0.0223573 -1.27592e-07 1.91421e-15)
(0.0223573 -1.18302e-07 1.78308e-15)
(0.0223573 -1.10391e-07 1.67106e-15)
(0.0223573 -1.04501e-07 1.59119e-15)
(0.0223573 -1.01833e-07 1.55893e-15)
(0.0223573 -1.01647e-07 1.56789e-15)
(0.0223573 -1.01647e-07 1.56789e-15)
(0.0223869 -2.21936e-06 3.14138e-14)
)
;
    }
    front
    {
        type            wedge;
    }
    back
    {
        type            wedge;
    }
}


// ************************************************************************* //
