202
(
(0 -1.1347721711953116e-05 4.954522298072677e-07)
(0 -1.1347721711953116e-05 4.954522298072677e-07)
(0 -1.1347721711953116e-05 4.954522298072677e-07)
(0 -1.1347721711953116e-05 4.954522298072677e-07)
(0 -1.1347721711953116e-05 4.954522298072677e-07)
(0 -1.1347721711953116e-05 4.954522298072677e-07)
(0 -1.1347721711953116e-05 4.954522298072677e-07)
(0 -1.1347721711953116e-05 4.954522298072677e-07)
(0 -1.1347721711953116e-05 4.954522298072677e-07)
(0 -1.1347721711953116e-05 4.954522298072677e-07)
(0 -1.1347721711953116e-05 4.954522298072677e-07)
(0 -1.1347721711953116e-05 4.954522298072677e-07)
(0 -1.1347721711953116e-05 4.954522298072677e-07)
(0 -1.1347721711953116e-05 4.954522298072677e-07)
(0 -1.1347721711953116e-05 4.954522298072677e-07)
(0 -1.1347721711953116e-05 4.954522298072677e-07)
(0 -1.1347721711953116e-05 4.954522298072677e-07)
(0 -1.1347721711953116e-05 4.954522298072677e-07)
(0 -1.1347721711953116e-05 4.954522298072677e-07)
(0 -1.1347721711953116e-05 4.954522298072677e-07)
(0 -1.1347721711953116e-05 4.954522298072677e-07)
(0 -1.1347721711953116e-05 4.954522298072677e-07)
(0 -1.1347721711953116e-05 4.954522298072677e-07)
(0 -1.1347721711953116e-05 4.954522298072677e-07)
(0 -1.1347721711953116e-05 4.954522298072677e-07)
(0 -1.1347721711953116e-05 4.954522298072677e-07)
(0 -1.1347721711953116e-05 4.954522298072677e-07)
(0 -1.1347721711953116e-05 4.954522298072677e-07)
(0 -1.1347721711953116e-05 4.954522298072677e-07)
(0 -1.1347721711953116e-05 4.954522298072677e-07)
(0 -1.1347721711953116e-05 4.954522298072677e-07)
(0 -1.1347721711953116e-05 4.954522298072677e-07)
(0 -1.1347721711953116e-05 4.954522298072677e-07)
(0 -1.1347721711953116e-05 4.954522298072677e-07)
(0 -1.1347721711953116e-05 4.954522298072677e-07)
(0 -1.1347721711953116e-05 4.954522298072677e-07)
(0 -1.1347721711953116e-05 4.954522298072677e-07)
(0 -1.1347721711953116e-05 4.954522298072677e-07)
(0 -1.1347721711953116e-05 4.954522298072677e-07)
(0 -1.1347721711953116e-05 4.954522298072677e-07)
(0 -1.1347721711953116e-05 4.954522298072677e-07)
(0 -1.1347721711953116e-05 4.954522298072677e-07)
(0 -1.1347721711953116e-05 4.954522298072677e-07)
(0 -1.1347721711953116e-05 4.954522298072677e-07)
(0 -1.1347721711953116e-05 4.954522298072677e-07)
(0 -1.1347721711953116e-05 4.954522298072677e-07)
(0 -1.1347721711953116e-05 4.954522298072677e-07)
(0 -1.1347721711953116e-05 4.954522298072677e-07)
(0 -1.1347721711953116e-05 4.954522298072677e-07)
(0 -1.1347721711953116e-05 4.954522298072677e-07)
(0 -1.1347721711953116e-05 4.954522298072677e-07)
(0 -1.1347721711953116e-05 4.954522298072677e-07)
(0 -1.1347721711953116e-05 4.954522298072677e-07)
(0 -1.1347721711953116e-05 4.954522298072677e-07)
(0 -1.1347721711953116e-05 4.954522298072677e-07)
(0 -1.1347721711953116e-05 4.954522298072677e-07)
(0 -1.1347721711953116e-05 4.954522298072677e-07)
(0 -1.1347721711953116e-05 4.954522298072677e-07)
(0 -1.1347721711953116e-05 4.954522298072677e-07)
(0 -1.1347721711953116e-05 4.954522298072677e-07)
(0 -1.1347721711953116e-05 4.954522298072677e-07)
(0 -1.1347721711953116e-05 4.954522298072677e-07)
(0 -1.1347721711953116e-05 4.954522298072677e-07)
(0 -1.1347721711953116e-05 4.954522298072677e-07)
(0 -1.1347721711953116e-05 4.954522298072677e-07)
(0 -1.1347721711953116e-05 4.954522298072677e-07)
(0 -1.1347721711953116e-05 4.954522298072677e-07)
(0 -1.1347721711953116e-05 4.954522298072677e-07)
(0 -1.1347721711953116e-05 4.954522298072677e-07)
(0 -1.1347721711953116e-05 4.954522298072677e-07)
(0 -1.1347721711953116e-05 4.954522298072677e-07)
(0 -1.1347721711953116e-05 4.954522298072677e-07)
(0 -1.1347721711953116e-05 4.954522298072677e-07)
(0 -1.1347721711953116e-05 4.954522298072677e-07)
(0 -1.1347721711953116e-05 4.954522298072677e-07)
(0 -1.1347721711953116e-05 4.954522298072677e-07)
(0 -1.1347721711953116e-05 4.954522298072677e-07)
(0 -1.1347721711953116e-05 4.954522298072677e-07)
(0 -1.1347721711953116e-05 4.954522298072677e-07)
(0 -1.1347721711953116e-05 4.954522298072677e-07)
(0 -1.1347721711953116e-05 4.954522298072677e-07)
(0 -1.1347721711953116e-05 4.954522298072677e-07)
(0 -1.1347721711953116e-05 4.954522298072677e-07)
(0 -1.1347721711953116e-05 4.954522298072677e-07)
(0 -1.1347721711953116e-05 4.954522298072677e-07)
(0 -1.1347721711953116e-05 4.954522298072677e-07)
(0 -1.1347721711953116e-05 4.954522298072677e-07)
(0 -1.1347721711953116e-05 4.954522298072677e-07)
(0 -1.1347721711953116e-05 4.954522298072677e-07)
(0 -1.1347721711953116e-05 4.954522298072677e-07)
(0 -1.1347721711953116e-05 4.954522298072677e-07)
(0 -1.1347721711953116e-05 4.954522298072677e-07)
(0 -1.1347721711953116e-05 4.954522298072677e-07)
(0 -1.1347721711953116e-05 4.954522298072677e-07)
(0 -1.1347721711953116e-05 4.954522298072677e-07)
(0 -1.1347721711953116e-05 4.954522298072677e-07)
(0 -1.1347721711953116e-05 4.954522298072677e-07)
(0 -1.1347721711953116e-05 4.954522298072677e-07)
(0 -1.1347721711953116e-05 4.954522298072677e-07)
(0 -1.1347721711953116e-05 4.954522298072677e-07)
(0 -1.1347721711953116e-05 4.954522298072677e-07)
(0 -1.1347721711953116e-05 -4.954522298072677e-07)
(0 -1.1347721711953116e-05 -4.954522298072677e-07)
(0 -1.1347721711953116e-05 -4.954522298072677e-07)
(0 -1.1347721711953116e-05 -4.954522298072677e-07)
(0 -1.1347721711953116e-05 -4.954522298072677e-07)
(0 -1.1347721711953116e-05 -4.954522298072677e-07)
(0 -1.1347721711953116e-05 -4.954522298072677e-07)
(0 -1.1347721711953116e-05 -4.954522298072677e-07)
(0 -1.1347721711953116e-05 -4.954522298072677e-07)
(0 -1.1347721711953116e-05 -4.954522298072677e-07)
(0 -1.1347721711953116e-05 -4.954522298072677e-07)
(0 -1.1347721711953116e-05 -4.954522298072677e-07)
(0 -1.1347721711953116e-05 -4.954522298072677e-07)
(0 -1.1347721711953116e-05 -4.954522298072677e-07)
(0 -1.1347721711953116e-05 -4.954522298072677e-07)
(0 -1.1347721711953116e-05 -4.954522298072677e-07)
(0 -1.1347721711953116e-05 -4.954522298072677e-07)
(0 -1.1347721711953116e-05 -4.954522298072677e-07)
(0 -1.1347721711953116e-05 -4.954522298072677e-07)
(0 -1.1347721711953116e-05 -4.954522298072677e-07)
(0 -1.1347721711953116e-05 -4.954522298072677e-07)
(0 -1.1347721711953116e-05 -4.954522298072677e-07)
(0 -1.1347721711953116e-05 -4.954522298072677e-07)
(0 -1.1347721711953116e-05 -4.954522298072677e-07)
(0 -1.1347721711953116e-05 -4.954522298072677e-07)
(0 -1.1347721711953116e-05 -4.954522298072677e-07)
(0 -1.1347721711953116e-05 -4.954522298072677e-07)
(0 -1.1347721711953116e-05 -4.954522298072677e-07)
(0 -1.1347721711953116e-05 -4.954522298072677e-07)
(0 -1.1347721711953116e-05 -4.954522298072677e-07)
(0 -1.1347721711953116e-05 -4.954522298072677e-07)
(0 -1.1347721711953116e-05 -4.954522298072677e-07)
(0 -1.1347721711953116e-05 -4.954522298072677e-07)
(0 -1.1347721711953116e-05 -4.954522298072677e-07)
(0 -1.1347721711953116e-05 -4.954522298072677e-07)
(0 -1.1347721711953116e-05 -4.954522298072677e-07)
(0 -1.1347721711953116e-05 -4.954522298072677e-07)
(0 -1.1347721711953116e-05 -4.954522298072677e-07)
(0 -1.1347721711953116e-05 -4.954522298072677e-07)
(0 -1.1347721711953116e-05 -4.954522298072677e-07)
(0 -1.1347721711953116e-05 -4.954522298072677e-07)
(0 -1.1347721711953116e-05 -4.954522298072677e-07)
(0 -1.1347721711953116e-05 -4.954522298072677e-07)
(0 -1.1347721711953116e-05 -4.954522298072677e-07)
(0 -1.1347721711953116e-05 -4.954522298072677e-07)
(0 -1.1347721711953116e-05 -4.954522298072677e-07)
(0 -1.1347721711953116e-05 -4.954522298072677e-07)
(0 -1.1347721711953116e-05 -4.954522298072677e-07)
(0 -1.1347721711953116e-05 -4.954522298072677e-07)
(0 -1.1347721711953116e-05 -4.954522298072677e-07)
(0 -1.1347721711953116e-05 -4.954522298072677e-07)
(0 -1.1347721711953116e-05 -4.954522298072677e-07)
(0 -1.1347721711953116e-05 -4.954522298072677e-07)
(0 -1.1347721711953116e-05 -4.954522298072677e-07)
(0 -1.1347721711953116e-05 -4.954522298072677e-07)
(0 -1.1347721711953116e-05 -4.954522298072677e-07)
(0 -1.1347721711953116e-05 -4.954522298072677e-07)
(0 -1.1347721711953116e-05 -4.954522298072677e-07)
(0 -1.1347721711953116e-05 -4.954522298072677e-07)
(0 -1.1347721711953116e-05 -4.954522298072677e-07)
(0 -1.1347721711953116e-05 -4.954522298072677e-07)
(0 -1.1347721711953116e-05 -4.954522298072677e-07)
(0 -1.1347721711953116e-05 -4.954522298072677e-07)
(0 -1.1347721711953116e-05 -4.954522298072677e-07)
(0 -1.1347721711953116e-05 -4.954522298072677e-07)
(0 -1.1347721711953116e-05 -4.954522298072677e-07)
(0 -1.1347721711953116e-05 -4.954522298072677e-07)
(0 -1.1347721711953116e-05 -4.954522298072677e-07)
(0 -1.1347721711953116e-05 -4.954522298072677e-07)
(0 -1.1347721711953116e-05 -4.954522298072677e-07)
(0 -1.1347721711953116e-05 -4.954522298072677e-07)
(0 -1.1347721711953116e-05 -4.954522298072677e-07)
(0 -1.1347721711953116e-05 -4.954522298072677e-07)
(0 -1.1347721711953116e-05 -4.954522298072677e-07)
(0 -1.1347721711953116e-05 -4.954522298072677e-07)
(0 -1.1347721711953116e-05 -4.954522298072677e-07)
(0 -1.1347721711953116e-05 -4.954522298072677e-07)
(0 -1.1347721711953116e-05 -4.954522298072677e-07)
(0 -1.1347721711953116e-05 -4.954522298072677e-07)
(0 -1.1347721711953116e-05 -4.954522298072677e-07)
(0 -1.1347721711953116e-05 -4.954522298072677e-07)
(0 -1.1347721711953116e-05 -4.954522298072677e-07)
(0 -1.1347721711953116e-05 -4.954522298072677e-07)
(0 -1.1347721711953116e-05 -4.954522298072677e-07)
(0 -1.1347721711953116e-05 -4.954522298072677e-07)
(0 -1.1347721711953116e-05 -4.954522298072677e-07)
(0 -1.1347721711953116e-05 -4.954522298072677e-07)
(0 -1.1347721711953116e-05 -4.954522298072677e-07)
(0 -1.1347721711953116e-05 -4.954522298072677e-07)
(0 -1.1347721711953116e-05 -4.954522298072677e-07)
(0 -1.1347721711953116e-05 -4.954522298072677e-07)
(0 -1.1347721711953116e-05 -4.954522298072677e-07)
(0 -1.1347721711953116e-05 -4.954522298072677e-07)
(0 -1.1347721711953116e-05 -4.954522298072677e-07)
(0 -1.1347721711953116e-05 -4.954522298072677e-07)
(0 -1.1347721711953116e-05 -4.954522298072677e-07)
(0 -1.1347721711953116e-05 -4.954522298072677e-07)
(0 -1.1347721711953116e-05 -4.954522298072677e-07)
(0 -1.1347721711953116e-05 -4.954522298072677e-07)
(0 -1.1347721711953116e-05 -4.954522298072677e-07)
(0 -1.1347721711953116e-05 -4.954522298072677e-07)
)