202
(
(0 -6.136455168693448e-07 2.679234187809684e-08)
(0 -6.136455168693448e-07 2.679234187809684e-08)
(0 -6.136455168693448e-07 2.679234187809684e-08)
(0 -6.136455168693448e-07 2.679234187809684e-08)
(0 -6.136455168693448e-07 2.679234187809684e-08)
(0 -6.136455168693448e-07 2.679234187809684e-08)
(0 -6.136455168693448e-07 2.679234187809684e-08)
(0 -6.136455168693448e-07 2.679234187809684e-08)
(0 -6.136455168693448e-07 2.679234187809684e-08)
(0 -6.136455168693448e-07 2.679234187809684e-08)
(0 -6.136455168693448e-07 2.679234187809684e-08)
(0 -6.136455168693448e-07 2.679234187809684e-08)
(0 -6.136455168693448e-07 2.679234187809684e-08)
(0 -6.136455168693448e-07 2.679234187809684e-08)
(0 -6.136455168693448e-07 2.679234187809684e-08)
(0 -6.136455168693448e-07 2.679234187809684e-08)
(0 -6.136455168693448e-07 2.679234187809684e-08)
(0 -6.136455168693448e-07 2.679234187809684e-08)
(0 -6.136455168693448e-07 2.679234187809684e-08)
(0 -6.136455168693448e-07 2.679234187809684e-08)
(0 -6.136455168693448e-07 2.679234187809684e-08)
(0 -6.136455168693448e-07 2.679234187809684e-08)
(0 -6.136455168693448e-07 2.679234187809684e-08)
(0 -6.136455168693448e-07 2.679234187809684e-08)
(0 -6.136455168693448e-07 2.679234187809684e-08)
(0 -6.136455168693448e-07 2.679234187809684e-08)
(0 -6.136455168693448e-07 2.679234187809684e-08)
(0 -6.136455168693448e-07 2.679234187809684e-08)
(0 -6.136455168693448e-07 2.679234187809684e-08)
(0 -6.136455168693448e-07 2.679234187809684e-08)
(0 -6.136455168693448e-07 2.679234187809684e-08)
(0 -6.136455168693448e-07 2.679234187809684e-08)
(0 -6.136455168693448e-07 2.679234187809684e-08)
(0 -6.136455168693448e-07 2.679234187809684e-08)
(0 -6.136455168693448e-07 2.679234187809684e-08)
(0 -6.136455168693448e-07 2.679234187809684e-08)
(0 -6.136455168693448e-07 2.679234187809684e-08)
(0 -6.136455168693448e-07 2.679234187809684e-08)
(0 -6.136455168693448e-07 2.679234187809684e-08)
(0 -6.136455168693448e-07 2.679234187809684e-08)
(0 -6.136455168693448e-07 2.679234187809684e-08)
(0 -6.136455168693448e-07 2.679234187809684e-08)
(0 -6.136455168693448e-07 2.679234187809684e-08)
(0 -6.136455168693448e-07 2.679234187809684e-08)
(0 -6.136455168693448e-07 2.679234187809684e-08)
(0 -6.136455168693448e-07 2.679234187809684e-08)
(0 -6.136455168693448e-07 2.679234187809684e-08)
(0 -6.136455168693448e-07 2.679234187809684e-08)
(0 -6.136455168693448e-07 2.679234187809684e-08)
(0 -6.136455168693448e-07 2.679234187809684e-08)
(0 -6.136455168693448e-07 2.679234187809684e-08)
(0 -6.136455168693448e-07 2.679234187809684e-08)
(0 -6.136455168693448e-07 2.679234187809684e-08)
(0 -6.136455168693448e-07 2.679234187809684e-08)
(0 -6.136455168693448e-07 2.679234187809684e-08)
(0 -6.136455168693448e-07 2.679234187809684e-08)
(0 -6.136455168693448e-07 2.679234187809684e-08)
(0 -6.136455168693448e-07 2.679234187809684e-08)
(0 -6.136455168693448e-07 2.679234187809684e-08)
(0 -6.136455168693448e-07 2.679234187809684e-08)
(0 -6.136455168693448e-07 2.679234187809684e-08)
(0 -6.136455168693448e-07 2.679234187809684e-08)
(0 -6.136455168693448e-07 2.679234187809684e-08)
(0 -6.136455168693448e-07 2.679234187809684e-08)
(0 -6.136455168693448e-07 2.679234187809684e-08)
(0 -6.136455168693448e-07 2.679234187809684e-08)
(0 -6.136455168693448e-07 2.679234187809684e-08)
(0 -6.136455168693448e-07 2.679234187809684e-08)
(0 -6.136455168693448e-07 2.679234187809684e-08)
(0 -6.136455168693448e-07 2.679234187809684e-08)
(0 -6.136455168693448e-07 2.679234187809684e-08)
(0 -6.136455168693448e-07 2.679234187809684e-08)
(0 -6.136455168693448e-07 2.679234187809684e-08)
(0 -6.136455168693448e-07 2.679234187809684e-08)
(0 -6.136455168693448e-07 2.679234187809684e-08)
(0 -6.136455168693448e-07 2.679234187809684e-08)
(0 -6.136455168693448e-07 2.679234187809684e-08)
(0 -6.136455168693448e-07 2.679234187809684e-08)
(0 -6.136455168693448e-07 2.679234187809684e-08)
(0 -6.136455168693448e-07 2.679234187809684e-08)
(0 -6.136455168693448e-07 2.679234187809684e-08)
(0 -6.136455168693448e-07 2.679234187809684e-08)
(0 -6.136455168693448e-07 2.679234187809684e-08)
(0 -6.136455168693448e-07 2.679234187809684e-08)
(0 -6.136455168693448e-07 2.679234187809684e-08)
(0 -6.136455168693448e-07 2.679234187809684e-08)
(0 -6.136455168693448e-07 2.679234187809684e-08)
(0 -6.136455168693448e-07 2.679234187809684e-08)
(0 -6.136455168693448e-07 2.679234187809684e-08)
(0 -6.136455168693448e-07 2.679234187809684e-08)
(0 -6.136455168693448e-07 2.679234187809684e-08)
(0 -6.136455168693448e-07 2.679234187809684e-08)
(0 -6.136455168693448e-07 2.679234187809684e-08)
(0 -6.136455168693448e-07 2.679234187809684e-08)
(0 -6.136455168693448e-07 2.679234187809684e-08)
(0 -6.136455168693448e-07 2.679234187809684e-08)
(0 -6.136455168693448e-07 2.679234187809684e-08)
(0 -6.136455168693448e-07 2.679234187809684e-08)
(0 -6.136455168693448e-07 2.679234187809684e-08)
(0 -6.136455168693448e-07 2.679234187809684e-08)
(0 -6.136455168693448e-07 2.679234187809684e-08)
(0 -6.136455168693448e-07 -2.679234187809684e-08)
(0 -6.136455168693448e-07 -2.679234187809684e-08)
(0 -6.136455168693448e-07 -2.679234187809684e-08)
(0 -6.136455168693448e-07 -2.679234187809684e-08)
(0 -6.136455168693448e-07 -2.679234187809684e-08)
(0 -6.136455168693448e-07 -2.679234187809684e-08)
(0 -6.136455168693448e-07 -2.679234187809684e-08)
(0 -6.136455168693448e-07 -2.679234187809684e-08)
(0 -6.136455168693448e-07 -2.679234187809684e-08)
(0 -6.136455168693448e-07 -2.679234187809684e-08)
(0 -6.136455168693448e-07 -2.679234187809684e-08)
(0 -6.136455168693448e-07 -2.679234187809684e-08)
(0 -6.136455168693448e-07 -2.679234187809684e-08)
(0 -6.136455168693448e-07 -2.679234187809684e-08)
(0 -6.136455168693448e-07 -2.679234187809684e-08)
(0 -6.136455168693448e-07 -2.679234187809684e-08)
(0 -6.136455168693448e-07 -2.679234187809684e-08)
(0 -6.136455168693448e-07 -2.679234187809684e-08)
(0 -6.136455168693448e-07 -2.679234187809684e-08)
(0 -6.136455168693448e-07 -2.679234187809684e-08)
(0 -6.136455168693448e-07 -2.679234187809684e-08)
(0 -6.136455168693448e-07 -2.679234187809684e-08)
(0 -6.136455168693448e-07 -2.679234187809684e-08)
(0 -6.136455168693448e-07 -2.679234187809684e-08)
(0 -6.136455168693448e-07 -2.679234187809684e-08)
(0 -6.136455168693448e-07 -2.679234187809684e-08)
(0 -6.136455168693448e-07 -2.679234187809684e-08)
(0 -6.136455168693448e-07 -2.679234187809684e-08)
(0 -6.136455168693448e-07 -2.679234187809684e-08)
(0 -6.136455168693448e-07 -2.679234187809684e-08)
(0 -6.136455168693448e-07 -2.679234187809684e-08)
(0 -6.136455168693448e-07 -2.679234187809684e-08)
(0 -6.136455168693448e-07 -2.679234187809684e-08)
(0 -6.136455168693448e-07 -2.679234187809684e-08)
(0 -6.136455168693448e-07 -2.679234187809684e-08)
(0 -6.136455168693448e-07 -2.679234187809684e-08)
(0 -6.136455168693448e-07 -2.679234187809684e-08)
(0 -6.136455168693448e-07 -2.679234187809684e-08)
(0 -6.136455168693448e-07 -2.679234187809684e-08)
(0 -6.136455168693448e-07 -2.679234187809684e-08)
(0 -6.136455168693448e-07 -2.679234187809684e-08)
(0 -6.136455168693448e-07 -2.679234187809684e-08)
(0 -6.136455168693448e-07 -2.679234187809684e-08)
(0 -6.136455168693448e-07 -2.679234187809684e-08)
(0 -6.136455168693448e-07 -2.679234187809684e-08)
(0 -6.136455168693448e-07 -2.679234187809684e-08)
(0 -6.136455168693448e-07 -2.679234187809684e-08)
(0 -6.136455168693448e-07 -2.679234187809684e-08)
(0 -6.136455168693448e-07 -2.679234187809684e-08)
(0 -6.136455168693448e-07 -2.679234187809684e-08)
(0 -6.136455168693448e-07 -2.679234187809684e-08)
(0 -6.136455168693448e-07 -2.679234187809684e-08)
(0 -6.136455168693448e-07 -2.679234187809684e-08)
(0 -6.136455168693448e-07 -2.679234187809684e-08)
(0 -6.136455168693448e-07 -2.679234187809684e-08)
(0 -6.136455168693448e-07 -2.679234187809684e-08)
(0 -6.136455168693448e-07 -2.679234187809684e-08)
(0 -6.136455168693448e-07 -2.679234187809684e-08)
(0 -6.136455168693448e-07 -2.679234187809684e-08)
(0 -6.136455168693448e-07 -2.679234187809684e-08)
(0 -6.136455168693448e-07 -2.679234187809684e-08)
(0 -6.136455168693448e-07 -2.679234187809684e-08)
(0 -6.136455168693448e-07 -2.679234187809684e-08)
(0 -6.136455168693448e-07 -2.679234187809684e-08)
(0 -6.136455168693448e-07 -2.679234187809684e-08)
(0 -6.136455168693448e-07 -2.679234187809684e-08)
(0 -6.136455168693448e-07 -2.679234187809684e-08)
(0 -6.136455168693448e-07 -2.679234187809684e-08)
(0 -6.136455168693448e-07 -2.679234187809684e-08)
(0 -6.136455168693448e-07 -2.679234187809684e-08)
(0 -6.136455168693448e-07 -2.679234187809684e-08)
(0 -6.136455168693448e-07 -2.679234187809684e-08)
(0 -6.136455168693448e-07 -2.679234187809684e-08)
(0 -6.136455168693448e-07 -2.679234187809684e-08)
(0 -6.136455168693448e-07 -2.679234187809684e-08)
(0 -6.136455168693448e-07 -2.679234187809684e-08)
(0 -6.136455168693448e-07 -2.679234187809684e-08)
(0 -6.136455168693448e-07 -2.679234187809684e-08)
(0 -6.136455168693448e-07 -2.679234187809684e-08)
(0 -6.136455168693448e-07 -2.679234187809684e-08)
(0 -6.136455168693448e-07 -2.679234187809684e-08)
(0 -6.136455168693448e-07 -2.679234187809684e-08)
(0 -6.136455168693448e-07 -2.679234187809684e-08)
(0 -6.136455168693448e-07 -2.679234187809684e-08)
(0 -6.136455168693448e-07 -2.679234187809684e-08)
(0 -6.136455168693448e-07 -2.679234187809684e-08)
(0 -6.136455168693448e-07 -2.679234187809684e-08)
(0 -6.136455168693448e-07 -2.679234187809684e-08)
(0 -6.136455168693448e-07 -2.679234187809684e-08)
(0 -6.136455168693448e-07 -2.679234187809684e-08)
(0 -6.136455168693448e-07 -2.679234187809684e-08)
(0 -6.136455168693448e-07 -2.679234187809684e-08)
(0 -6.136455168693448e-07 -2.679234187809684e-08)
(0 -6.136455168693448e-07 -2.679234187809684e-08)
(0 -6.136455168693448e-07 -2.679234187809684e-08)
(0 -6.136455168693448e-07 -2.679234187809684e-08)
(0 -6.136455168693448e-07 -2.679234187809684e-08)
(0 -6.136455168693448e-07 -2.679234187809684e-08)
(0 -6.136455168693448e-07 -2.679234187809684e-08)
(0 -6.136455168693448e-07 -2.679234187809684e-08)
(0 -6.136455168693448e-07 -2.679234187809684e-08)
)