202
(
(0 -1.7088628986039115e-05 7.461056545441981e-07)
(0 -1.7088628986039115e-05 7.461056545441981e-07)
(0 -1.7088628986039115e-05 7.461056545441981e-07)
(0 -1.7088628986039115e-05 7.461056545441981e-07)
(0 -1.7088628986039115e-05 7.461056545441981e-07)
(0 -1.7088628986039115e-05 7.461056545441981e-07)
(0 -1.7088628986039115e-05 7.461056545441981e-07)
(0 -1.7088628986039115e-05 7.461056545441981e-07)
(0 -1.7088628986039115e-05 7.461056545441981e-07)
(0 -1.7088628986039115e-05 7.461056545441981e-07)
(0 -1.7088628986039115e-05 7.461056545441981e-07)
(0 -1.7088628986039115e-05 7.461056545441981e-07)
(0 -1.7088628986039115e-05 7.461056545441981e-07)
(0 -1.7088628986039115e-05 7.461056545441981e-07)
(0 -1.7088628986039115e-05 7.461056545441981e-07)
(0 -1.7088628986039115e-05 7.461056545441981e-07)
(0 -1.7088628986039115e-05 7.461056545441981e-07)
(0 -1.7088628986039115e-05 7.461056545441981e-07)
(0 -1.7088628986039115e-05 7.461056545441981e-07)
(0 -1.7088628986039115e-05 7.461056545441981e-07)
(0 -1.7088628986039115e-05 7.461056545441981e-07)
(0 -1.7088628986039115e-05 7.461056545441981e-07)
(0 -1.7088628986039115e-05 7.461056545441981e-07)
(0 -1.7088628986039115e-05 7.461056545441981e-07)
(0 -1.7088628986039115e-05 7.461056545441981e-07)
(0 -1.7088628986039115e-05 7.461056545441981e-07)
(0 -1.7088628986039115e-05 7.461056545441981e-07)
(0 -1.7088628986039115e-05 7.461056545441981e-07)
(0 -1.7088628986039115e-05 7.461056545441981e-07)
(0 -1.7088628986039115e-05 7.461056545441981e-07)
(0 -1.7088628986039115e-05 7.461056545441981e-07)
(0 -1.7088628986039115e-05 7.461056545441981e-07)
(0 -1.7088628986039115e-05 7.461056545441981e-07)
(0 -1.7088628986039115e-05 7.461056545441981e-07)
(0 -1.7088628986039115e-05 7.461056545441981e-07)
(0 -1.7088628986039115e-05 7.461056545441981e-07)
(0 -1.7088628986039115e-05 7.461056545441981e-07)
(0 -1.7088628986039115e-05 7.461056545441981e-07)
(0 -1.7088628986039115e-05 7.461056545441981e-07)
(0 -1.7088628986039115e-05 7.461056545441981e-07)
(0 -1.7088628986039115e-05 7.461056545441981e-07)
(0 -1.7088628986039115e-05 7.461056545441981e-07)
(0 -1.7088628986039115e-05 7.461056545441981e-07)
(0 -1.7088628986039115e-05 7.461056545441981e-07)
(0 -1.7088628986039115e-05 7.461056545441981e-07)
(0 -1.7088628986039115e-05 7.461056545441981e-07)
(0 -1.7088628986039115e-05 7.461056545441981e-07)
(0 -1.7088628986039115e-05 7.461056545441981e-07)
(0 -1.7088628986039115e-05 7.461056545441981e-07)
(0 -1.7088628986039115e-05 7.461056545441981e-07)
(0 -1.7088628986039115e-05 7.461056545441981e-07)
(0 -1.7088628986039115e-05 7.461056545441981e-07)
(0 -1.7088628986039115e-05 7.461056545441981e-07)
(0 -1.7088628986039115e-05 7.461056545441981e-07)
(0 -1.7088628986039115e-05 7.461056545441981e-07)
(0 -1.7088628986039115e-05 7.461056545441981e-07)
(0 -1.7088628986039115e-05 7.461056545441981e-07)
(0 -1.7088628986039115e-05 7.461056545441981e-07)
(0 -1.7088628986039115e-05 7.461056545441981e-07)
(0 -1.7088628986039115e-05 7.461056545441981e-07)
(0 -1.7088628986039115e-05 7.461056545441981e-07)
(0 -1.7088628986039115e-05 7.461056545441981e-07)
(0 -1.7088628986039115e-05 7.461056545441981e-07)
(0 -1.7088628986039115e-05 7.461056545441981e-07)
(0 -1.7088628986039115e-05 7.461056545441981e-07)
(0 -1.7088628986039115e-05 7.461056545441981e-07)
(0 -1.7088628986039115e-05 7.461056545441981e-07)
(0 -1.7088628986039115e-05 7.461056545441981e-07)
(0 -1.7088628986039115e-05 7.461056545441981e-07)
(0 -1.7088628986039115e-05 7.461056545441981e-07)
(0 -1.7088628986039115e-05 7.461056545441981e-07)
(0 -1.7088628986039115e-05 7.461056545441981e-07)
(0 -1.7088628986039115e-05 7.461056545441981e-07)
(0 -1.7088628986039115e-05 7.461056545441981e-07)
(0 -1.7088628986039115e-05 7.461056545441981e-07)
(0 -1.7088628986039115e-05 7.461056545441981e-07)
(0 -1.7088628986039115e-05 7.461056545441981e-07)
(0 -1.7088628986039115e-05 7.461056545441981e-07)
(0 -1.7088628986039115e-05 7.461056545441981e-07)
(0 -1.7088628986039115e-05 7.461056545441981e-07)
(0 -1.7088628986039115e-05 7.461056545441981e-07)
(0 -1.7088628986039115e-05 7.461056545441981e-07)
(0 -1.7088628986039115e-05 7.461056545441981e-07)
(0 -1.7088628986039115e-05 7.461056545441981e-07)
(0 -1.7088628986039115e-05 7.461056545441981e-07)
(0 -1.7088628986039115e-05 7.461056545441981e-07)
(0 -1.7088628986039115e-05 7.461056545441981e-07)
(0 -1.7088628986039115e-05 7.461056545441981e-07)
(0 -1.7088628986039115e-05 7.461056545441981e-07)
(0 -1.7088628986039115e-05 7.461056545441981e-07)
(0 -1.7088628986039115e-05 7.461056545441981e-07)
(0 -1.7088628986039115e-05 7.461056545441981e-07)
(0 -1.7088628986039115e-05 7.461056545441981e-07)
(0 -1.7088628986039115e-05 7.461056545441981e-07)
(0 -1.7088628986039115e-05 7.461056545441981e-07)
(0 -1.7088628986039115e-05 7.461056545441981e-07)
(0 -1.7088628986039115e-05 7.461056545441981e-07)
(0 -1.7088628986039115e-05 7.461056545441981e-07)
(0 -1.7088628986039115e-05 7.461056545441981e-07)
(0 -1.7088628986039115e-05 7.461056545441981e-07)
(0 -1.7088628986039115e-05 7.461056545441981e-07)
(0 -1.7088628986039115e-05 -7.461056545441981e-07)
(0 -1.7088628986039115e-05 -7.461056545441981e-07)
(0 -1.7088628986039115e-05 -7.461056545441981e-07)
(0 -1.7088628986039115e-05 -7.461056545441981e-07)
(0 -1.7088628986039115e-05 -7.461056545441981e-07)
(0 -1.7088628986039115e-05 -7.461056545441981e-07)
(0 -1.7088628986039115e-05 -7.461056545441981e-07)
(0 -1.7088628986039115e-05 -7.461056545441981e-07)
(0 -1.7088628986039115e-05 -7.461056545441981e-07)
(0 -1.7088628986039115e-05 -7.461056545441981e-07)
(0 -1.7088628986039115e-05 -7.461056545441981e-07)
(0 -1.7088628986039115e-05 -7.461056545441981e-07)
(0 -1.7088628986039115e-05 -7.461056545441981e-07)
(0 -1.7088628986039115e-05 -7.461056545441981e-07)
(0 -1.7088628986039115e-05 -7.461056545441981e-07)
(0 -1.7088628986039115e-05 -7.461056545441981e-07)
(0 -1.7088628986039115e-05 -7.461056545441981e-07)
(0 -1.7088628986039115e-05 -7.461056545441981e-07)
(0 -1.7088628986039115e-05 -7.461056545441981e-07)
(0 -1.7088628986039115e-05 -7.461056545441981e-07)
(0 -1.7088628986039115e-05 -7.461056545441981e-07)
(0 -1.7088628986039115e-05 -7.461056545441981e-07)
(0 -1.7088628986039115e-05 -7.461056545441981e-07)
(0 -1.7088628986039115e-05 -7.461056545441981e-07)
(0 -1.7088628986039115e-05 -7.461056545441981e-07)
(0 -1.7088628986039115e-05 -7.461056545441981e-07)
(0 -1.7088628986039115e-05 -7.461056545441981e-07)
(0 -1.7088628986039115e-05 -7.461056545441981e-07)
(0 -1.7088628986039115e-05 -7.461056545441981e-07)
(0 -1.7088628986039115e-05 -7.461056545441981e-07)
(0 -1.7088628986039115e-05 -7.461056545441981e-07)
(0 -1.7088628986039115e-05 -7.461056545441981e-07)
(0 -1.7088628986039115e-05 -7.461056545441981e-07)
(0 -1.7088628986039115e-05 -7.461056545441981e-07)
(0 -1.7088628986039115e-05 -7.461056545441981e-07)
(0 -1.7088628986039115e-05 -7.461056545441981e-07)
(0 -1.7088628986039115e-05 -7.461056545441981e-07)
(0 -1.7088628986039115e-05 -7.461056545441981e-07)
(0 -1.7088628986039115e-05 -7.461056545441981e-07)
(0 -1.7088628986039115e-05 -7.461056545441981e-07)
(0 -1.7088628986039115e-05 -7.461056545441981e-07)
(0 -1.7088628986039115e-05 -7.461056545441981e-07)
(0 -1.7088628986039115e-05 -7.461056545441981e-07)
(0 -1.7088628986039115e-05 -7.461056545441981e-07)
(0 -1.7088628986039115e-05 -7.461056545441981e-07)
(0 -1.7088628986039115e-05 -7.461056545441981e-07)
(0 -1.7088628986039115e-05 -7.461056545441981e-07)
(0 -1.7088628986039115e-05 -7.461056545441981e-07)
(0 -1.7088628986039115e-05 -7.461056545441981e-07)
(0 -1.7088628986039115e-05 -7.461056545441981e-07)
(0 -1.7088628986039115e-05 -7.461056545441981e-07)
(0 -1.7088628986039115e-05 -7.461056545441981e-07)
(0 -1.7088628986039115e-05 -7.461056545441981e-07)
(0 -1.7088628986039115e-05 -7.461056545441981e-07)
(0 -1.7088628986039115e-05 -7.461056545441981e-07)
(0 -1.7088628986039115e-05 -7.461056545441981e-07)
(0 -1.7088628986039115e-05 -7.461056545441981e-07)
(0 -1.7088628986039115e-05 -7.461056545441981e-07)
(0 -1.7088628986039115e-05 -7.461056545441981e-07)
(0 -1.7088628986039115e-05 -7.461056545441981e-07)
(0 -1.7088628986039115e-05 -7.461056545441981e-07)
(0 -1.7088628986039115e-05 -7.461056545441981e-07)
(0 -1.7088628986039115e-05 -7.461056545441981e-07)
(0 -1.7088628986039115e-05 -7.461056545441981e-07)
(0 -1.7088628986039115e-05 -7.461056545441981e-07)
(0 -1.7088628986039115e-05 -7.461056545441981e-07)
(0 -1.7088628986039115e-05 -7.461056545441981e-07)
(0 -1.7088628986039115e-05 -7.461056545441981e-07)
(0 -1.7088628986039115e-05 -7.461056545441981e-07)
(0 -1.7088628986039115e-05 -7.461056545441981e-07)
(0 -1.7088628986039115e-05 -7.461056545441981e-07)
(0 -1.7088628986039115e-05 -7.461056545441981e-07)
(0 -1.7088628986039115e-05 -7.461056545441981e-07)
(0 -1.7088628986039115e-05 -7.461056545441981e-07)
(0 -1.7088628986039115e-05 -7.461056545441981e-07)
(0 -1.7088628986039115e-05 -7.461056545441981e-07)
(0 -1.7088628986039115e-05 -7.461056545441981e-07)
(0 -1.7088628986039115e-05 -7.461056545441981e-07)
(0 -1.7088628986039115e-05 -7.461056545441981e-07)
(0 -1.7088628986039115e-05 -7.461056545441981e-07)
(0 -1.7088628986039115e-05 -7.461056545441981e-07)
(0 -1.7088628986039115e-05 -7.461056545441981e-07)
(0 -1.7088628986039115e-05 -7.461056545441981e-07)
(0 -1.7088628986039115e-05 -7.461056545441981e-07)
(0 -1.7088628986039115e-05 -7.461056545441981e-07)
(0 -1.7088628986039115e-05 -7.461056545441981e-07)
(0 -1.7088628986039115e-05 -7.461056545441981e-07)
(0 -1.7088628986039115e-05 -7.461056545441981e-07)
(0 -1.7088628986039115e-05 -7.461056545441981e-07)
(0 -1.7088628986039115e-05 -7.461056545441981e-07)
(0 -1.7088628986039115e-05 -7.461056545441981e-07)
(0 -1.7088628986039115e-05 -7.461056545441981e-07)
(0 -1.7088628986039115e-05 -7.461056545441981e-07)
(0 -1.7088628986039115e-05 -7.461056545441981e-07)
(0 -1.7088628986039115e-05 -7.461056545441981e-07)
(0 -1.7088628986039115e-05 -7.461056545441981e-07)
(0 -1.7088628986039115e-05 -7.461056545441981e-07)
(0 -1.7088628986039115e-05 -7.461056545441981e-07)
(0 -1.7088628986039115e-05 -7.461056545441981e-07)
(0 -1.7088628986039115e-05 -7.461056545441981e-07)
(0 -1.7088628986039115e-05 -7.461056545441981e-07)
)