202
(
(0.9088783032639195 0.0 0.0)
(0.9088877222778311 0.0 0.0)
(0.9089016798350382 0.0 0.0)
(0.9089124626643471 0.0 0.0)
(0.9089232443457627 0.0 0.0)
(0.9089351287844512 0.0 0.0)
(0.9089481100331528 0.0 0.0)
(0.9089620023764358 0.0 0.0)
(0.908975828672715 0.0 0.0)
(0.9089903158935142 0.0 0.0)
(0.9090053009220156 0.0 0.0)
(0.9090209600429199 0.0 0.0)
(0.9090378360902374 0.0 0.0)
(0.9090556269012888 0.0 0.0)
(0.9090743604447551 0.0 0.0)
(0.9090942651637994 0.0 0.0)
(0.9091155227699704 0.0 0.0)
(0.9091372415045675 0.0 0.0)
(0.9091605291764167 0.0 0.0)
(0.9091851283374409 0.0 0.0)
(0.9092109776308835 0.0 0.0)
(0.909238694299508 0.0 0.0)
(0.9092683366054071 0.0 0.0)
(0.9093000110880375 0.0 0.0)
(0.9093336617000918 0.0 0.0)
(0.909369069652308 0.0 0.0)
(0.9094073700536792 0.0 0.0)
(0.9094478232424279 0.0 0.0)
(0.9094909066254383 0.0 0.0)
(0.9095371464507156 0.0 0.0)
(0.9095880661095617 0.0 0.0)
(0.9096422805439142 0.0 0.0)
(0.9097003812083525 0.0 0.0)
(0.9097629244477663 0.0 0.0)
(0.9098314178279606 0.0 0.0)
(0.9099056036990808 0.0 0.0)
(0.9099855626214343 0.0 0.0)
(0.9100718952317299 0.0 0.0)
(0.9101657430831167 0.0 0.0)
(0.9102690133842348 0.0 0.0)
(0.9103801647523254 0.0 0.0)
(0.9105001366776303 0.0 0.0)
(0.9106298017851248 0.0 0.0)
(0.9107719787018183 0.0 0.0)
(0.910926684920295 0.0 0.0)
(0.9110928738292979 0.0 0.0)
(0.9112706204844876 0.0 0.0)
(0.9114641407324696 0.0 0.0)
(0.9116736196667238 0.0 0.0)
(0.9118970386705765 0.0 0.0)
(0.9121340201786801 0.0 0.0)
(0.9123847216316655 0.0 0.0)
(0.9126573573130747 0.0 0.0)
(0.9129337268063245 0.0 0.0)
(0.9132287308965719 0.0 0.0)
(0.9135599476696138 0.0 0.0)
(0.9138370584498327 0.0 0.0)
(0.9143716377556721 0.0 0.0)
(0.9153662062496637 0.0 0.0)
(0.9169418637700468 0.0 0.0)
(0.9190576624244475 0.0 0.0)
(0.9214064327081424 0.0 0.0)
(0.9238148907755853 0.0 0.0)
(0.9262080276490454 0.0 0.0)
(0.9285412935857829 0.0 0.0)
(0.9308583994982066 0.0 0.0)
(0.9331771978115674 0.0 0.0)
(0.9355029542234091 0.0 0.0)
(0.9378431311808129 0.0 0.0)
(0.9401991868534634 0.0 0.0)
(0.9425764520989677 0.0 0.0)
(0.944979772813659 0.0 0.0)
(0.9474328292302909 0.0 0.0)
(0.9499380716786915 0.0 0.0)
(0.9524962485662481 0.0 0.0)
(0.9551113940980217 0.0 0.0)
(0.9578105145622264 0.0 0.0)
(0.9605811664864707 0.0 0.0)
(0.9634144159100008 0.0 0.0)
(0.9663020966466025 0.0 0.0)
(0.969280593731258 0.0 0.0)
(0.9723089533554766 0.0 0.0)
(0.975383017098369 0.0 0.0)
(0.9784877169819626 0.0 0.0)
(0.9816386058200105 0.0 0.0)
(0.9847712966667822 0.0 0.0)
(0.9878634139063703 0.0 0.0)
(0.9907053950720573 0.0 0.0)
(0.9933257551365399 0.0 0.0)
(0.9956603152033512 0.0 0.0)
(0.9974573182871491 0.0 0.0)
(0.9986980140596783 0.0 0.0)
(0.9995928663742885 0.0 0.0)
(1.000156013921323 0.0 0.0)
(1.000484512793027 0.0 0.0)
(1.000740577387365 0.0 0.0)
(1.0009414123344484 0.0 0.0)
(1.0011162442894084 0.0 0.0)
(1.0012910243860778 0.0 0.0)
(1.0014544373727452 0.0 0.0)
(1.0015732643597737 0.0 0.0)
(0.9088877222778311 0.0 0.0)
(0.9088783032639195 0.0 0.0)
(0.9089016798350382 0.0 0.0)
(0.9089124626643471 0.0 0.0)
(0.9089232443457627 0.0 0.0)
(0.9089351287844512 0.0 0.0)
(0.9089481100331528 0.0 0.0)
(0.9089620023764358 0.0 0.0)
(0.908975828672715 0.0 0.0)
(0.9089903158935142 0.0 0.0)
(0.9090053009220156 0.0 0.0)
(0.9090209600429199 0.0 0.0)
(0.9090378360902374 0.0 0.0)
(0.9090556269012888 0.0 0.0)
(0.9090743604447551 0.0 0.0)
(0.9090942651637994 0.0 0.0)
(0.9091155227699704 0.0 0.0)
(0.9091372415045675 0.0 0.0)
(0.9091605291764167 0.0 0.0)
(0.9091851283374409 0.0 0.0)
(0.9092109776308835 0.0 0.0)
(0.909238694299508 0.0 0.0)
(0.9092683366054071 0.0 0.0)
(0.9093000110880375 0.0 0.0)
(0.9093336617000918 0.0 0.0)
(0.909369069652308 0.0 0.0)
(0.9094073700536792 0.0 0.0)
(0.9094478232424279 0.0 0.0)
(0.9094909066254383 0.0 0.0)
(0.9095371464507156 0.0 0.0)
(0.9095880661095617 0.0 0.0)
(0.9096422805439142 0.0 0.0)
(0.9097003812083525 0.0 0.0)
(0.9097629244477663 0.0 0.0)
(0.9098314178279606 0.0 0.0)
(0.9099056036990808 0.0 0.0)
(0.9099855626214343 0.0 0.0)
(0.9100718952317299 0.0 0.0)
(0.9101657430831167 0.0 0.0)
(0.9102690133842348 0.0 0.0)
(0.9103801647523254 0.0 0.0)
(0.9105001366776303 0.0 0.0)
(0.9106298017851248 0.0 0.0)
(0.9107719787018183 0.0 0.0)
(0.910926684920295 0.0 0.0)
(0.9110928738292979 0.0 0.0)
(0.9112706204844876 0.0 0.0)
(0.9114641407324696 0.0 0.0)
(0.9116736196667238 0.0 0.0)
(0.9118970386705765 0.0 0.0)
(0.9121340201786801 0.0 0.0)
(0.9123847216316655 0.0 0.0)
(0.9126573573130747 0.0 0.0)
(0.9129337268063245 0.0 0.0)
(0.9132287308965719 0.0 0.0)
(0.9135599476696138 0.0 0.0)
(0.9138370584498327 0.0 0.0)
(0.9143716377556721 0.0 0.0)
(0.9153662062496637 0.0 0.0)
(0.9169418637700468 0.0 0.0)
(0.9190576624244475 0.0 0.0)
(0.9214064327081424 0.0 0.0)
(0.9238148907755853 0.0 0.0)
(0.9262080276490454 0.0 0.0)
(0.9285412935857829 0.0 0.0)
(0.9308583994982066 0.0 0.0)
(0.9331771978115674 0.0 0.0)
(0.9355029542234091 0.0 0.0)
(0.9378431311808129 0.0 0.0)
(0.9401991868534634 0.0 0.0)
(0.9425764520989677 0.0 0.0)
(0.944979772813659 0.0 0.0)
(0.9474328292302909 0.0 0.0)
(0.9499380716786915 0.0 0.0)
(0.9524962485662481 0.0 0.0)
(0.9551113940980217 0.0 0.0)
(0.9578105145622264 0.0 0.0)
(0.9605811664864707 0.0 0.0)
(0.9634144159100008 0.0 0.0)
(0.9663020966466025 0.0 0.0)
(0.969280593731258 0.0 0.0)
(0.9723089533554766 0.0 0.0)
(0.975383017098369 0.0 0.0)
(0.9784877169819626 0.0 0.0)
(0.9816386058200105 0.0 0.0)
(0.9847712966667822 0.0 0.0)
(0.9878634139063703 0.0 0.0)
(0.9907053950720573 0.0 0.0)
(0.9933257551365399 0.0 0.0)
(0.9956603152033512 0.0 0.0)
(0.9974573182871491 0.0 0.0)
(0.9986980140596783 0.0 0.0)
(0.9995928663742885 0.0 0.0)
(1.000156013921323 0.0 0.0)
(1.000484512793027 0.0 0.0)
(1.000740577387365 0.0 0.0)
(1.0009414123344484 0.0 0.0)
(1.0011162442894084 0.0 0.0)
(1.0012910243860778 0.0 0.0)
(1.0014544373727452 0.0 0.0)
(1.0015732643597737 0.0 0.0)
)