202
(
(0.9979890000000001 0.0 0.0)
(0.997992289779483 0.0 0.0)
(0.9980035122243546 0.0 0.0)
(0.9980116925849366 0.0 0.0)
(0.9980200268476996 0.0 0.0)
(0.9980291653295413 0.0 0.0)
(0.9980396863712826 0.0 0.0)
(0.9980502074127983 0.0 0.0)
(0.998060843315085 0.0 0.0)
(0.9980720635108923 0.0 0.0)
(0.998084321037153 0.0 0.0)
(0.9980969454962433 0.0 0.0)
(0.9981095682164097 0.0 0.0)
(0.9981234368643708 0.0 0.0)
(0.9981377868052665 0.0 0.0)
(0.9981525377552395 0.0 0.0)
(0.9981679655240092 0.0 0.0)
(0.9981842472259892 0.0 0.0)
(0.9982012051065633 0.0 0.0)
(0.998218733149631 0.0 0.0)
(0.9982367944019668 0.0 0.0)
(0.9982554895489478 0.0 0.0)
(0.998275120956647 0.0 0.0)
(0.9982953900612564 0.0 0.0)
(0.9983160600485116 0.0 0.0)
(0.9983372030662906 0.0 0.0)
(0.9983603400818005 0.0 0.0)
(0.9983834770973105 0.0 0.0)
(0.9984070325656587 0.0 0.0)
(0.9984322678906472 0.0 0.0)
(0.9984580489824915 0.0 0.0)
(0.9984847174852949 0.0 0.0)
(0.998512756733761 0.0 0.0)
(0.9985414408817831 0.0 0.0)
(0.9985708728602485 0.0 0.0)
(0.9986011556361015 0.0 0.0)
(0.9986334007705419 0.0 0.0)
(0.9986665392226838 0.0 0.0)
(0.9987006282862764 0.0 0.0)
(0.9987363711648233 0.0 0.0)
(0.9987732165443323 0.0 0.0)
(0.9988111173694709 0.0 0.0)
(0.998850364448817 0.0 0.0)
(0.9988915651108158 0.0 0.0)
(0.9989339694561451 0.0 0.0)
(0.9989781257291763 0.0 0.0)
(0.9990306439212626 0.0 0.0)
(0.9990758982551899 0.0 0.0)
(0.9991192977685626 0.0 0.0)
(0.9991697380816466 0.0 0.0)
(0.9992218524247598 0.0 0.0)
(0.9992777388058472 0.0 0.0)
(0.999339341411593 0.0 0.0)
(0.999390458465794 0.0 0.0)
(0.9994455764647686 0.0 0.0)
(0.9995052200676608 0.0 0.0)
(0.9995661443434782 0.0 0.0)
(0.9996279863068277 0.0 0.0)
(0.9996906253422155 0.0 0.0)
(0.9997543366778688 0.0 0.0)
(0.9998180447290251 0.0 0.0)
(0.9998817496198482 0.0 0.0)
(0.9999454507222101 0.0 0.0)
(1.0000091466550447 0.0 0.0)
(1.0000724781632802 0.0 0.0)
(1.0001348597405557 0.0 0.0)
(1.0001908471944805 0.0 0.0)
(1.0002422267679485 0.0 0.0)
(1.0002912096308978 0.0 0.0)
(1.0003401897793442 0.0 0.0)
(1.0003779766104024 0.0 0.0)
(1.0004103674063458 0.0 0.0)
(1.000438352670351 0.0 0.0)
(1.0004531686507334 0.0 0.0)
(1.0004564196085957 0.0 0.0)
(1.0004482707602873 0.0 0.0)
(1.000427282669105 0.0 0.0)
(1.0003925884845415 0.0 0.0)
(1.0003459152997511 0.0 0.0)
(1.0002829446667076 0.0 0.0)
(1.000197732423289 0.0 0.0)
(1.0001019011106984 0.0 0.0)
(0.9999976264675456 0.0 0.0)
(0.9998684217854373 0.0 0.0)
(0.9997364423186563 0.0 0.0)
(0.9996189051566896 0.0 0.0)
(0.9996805182949866 0.0 0.0)
(0.9997612961514833 0.0 0.0)
(0.9998613820293055 0.0 0.0)
(0.9999929859598964 0.0 0.0)
(1.000097875062308 0.0 0.0)
(1.000188171242321 0.0 0.0)
(1.0002651457321865 0.0 0.0)
(1.0003158899232207 0.0 0.0)
(1.0003542096084275 0.0 0.0)
(1.0003810976747909 0.0 0.0)
(1.0003950900732175 0.0 0.0)
(1.000395458952336 0.0 0.0)
(1.0003884629742301 0.0 0.0)
(1.0003814668449622 0.0 0.0)
(1.0003412948216466 0.0 0.0)
(0.997992289779483 0.0 0.0)
(0.9979890000000001 0.0 0.0)
(0.9980035122243546 0.0 0.0)
(0.9980116925849366 0.0 0.0)
(0.9980200268476996 0.0 0.0)
(0.9980291653295413 0.0 0.0)
(0.9980396863712826 0.0 0.0)
(0.9980502074127983 0.0 0.0)
(0.998060843315085 0.0 0.0)
(0.9980720635108923 0.0 0.0)
(0.998084321037153 0.0 0.0)
(0.9980969454962433 0.0 0.0)
(0.9981095682164097 0.0 0.0)
(0.9981234368643708 0.0 0.0)
(0.9981377868052665 0.0 0.0)
(0.9981525377552395 0.0 0.0)
(0.9981679655240092 0.0 0.0)
(0.9981842472259892 0.0 0.0)
(0.9982012051065633 0.0 0.0)
(0.998218733149631 0.0 0.0)
(0.9982367944019668 0.0 0.0)
(0.9982554895489478 0.0 0.0)
(0.998275120956647 0.0 0.0)
(0.9982953900612564 0.0 0.0)
(0.9983160600485116 0.0 0.0)
(0.9983372030662906 0.0 0.0)
(0.9983603400818005 0.0 0.0)
(0.9983834770973105 0.0 0.0)
(0.9984070325656587 0.0 0.0)
(0.9984322678906472 0.0 0.0)
(0.9984580489824915 0.0 0.0)
(0.9984847174852949 0.0 0.0)
(0.998512756733761 0.0 0.0)
(0.9985414408817831 0.0 0.0)
(0.9985708728602485 0.0 0.0)
(0.9986011556361015 0.0 0.0)
(0.9986334007705419 0.0 0.0)
(0.9986665392226838 0.0 0.0)
(0.9987006282862764 0.0 0.0)
(0.9987363711648233 0.0 0.0)
(0.9987732165443323 0.0 0.0)
(0.9988111173694709 0.0 0.0)
(0.998850364448817 0.0 0.0)
(0.9988915651108158 0.0 0.0)
(0.9989339694561451 0.0 0.0)
(0.9989781257291763 0.0 0.0)
(0.9990306439212626 0.0 0.0)
(0.9990758982551899 0.0 0.0)
(0.9991192977685626 0.0 0.0)
(0.9991697380816466 0.0 0.0)
(0.9992218524247598 0.0 0.0)
(0.9992777388058472 0.0 0.0)
(0.999339341411593 0.0 0.0)
(0.999390458465794 0.0 0.0)
(0.9994455764647686 0.0 0.0)
(0.9995052200676608 0.0 0.0)
(0.9995661443434782 0.0 0.0)
(0.9996279863068277 0.0 0.0)
(0.9996906253422155 0.0 0.0)
(0.9997543366778688 0.0 0.0)
(0.9998180447290251 0.0 0.0)
(0.9998817496198482 0.0 0.0)
(0.9999454507222101 0.0 0.0)
(1.0000091466550447 0.0 0.0)
(1.0000724781632802 0.0 0.0)
(1.0001348597405557 0.0 0.0)
(1.0001908471944805 0.0 0.0)
(1.0002422267679485 0.0 0.0)
(1.0002912096308978 0.0 0.0)
(1.0003401897793442 0.0 0.0)
(1.0003779766104024 0.0 0.0)
(1.0004103674063458 0.0 0.0)
(1.000438352670351 0.0 0.0)
(1.0004531686507334 0.0 0.0)
(1.0004564196085957 0.0 0.0)
(1.0004482707602873 0.0 0.0)
(1.000427282669105 0.0 0.0)
(1.0003925884845415 0.0 0.0)
(1.0003459152997511 0.0 0.0)
(1.0002829446667076 0.0 0.0)
(1.000197732423289 0.0 0.0)
(1.0001019011106984 0.0 0.0)
(0.9999976264675456 0.0 0.0)
(0.9998684217854373 0.0 0.0)
(0.9997364423186563 0.0 0.0)
(0.9996189051566896 0.0 0.0)
(0.9996805182949866 0.0 0.0)
(0.9997612961514833 0.0 0.0)
(0.9998613820293055 0.0 0.0)
(0.9999929859598964 0.0 0.0)
(1.000097875062308 0.0 0.0)
(1.000188171242321 0.0 0.0)
(1.0002651457321865 0.0 0.0)
(1.0003158899232207 0.0 0.0)
(1.0003542096084275 0.0 0.0)
(1.0003810976747909 0.0 0.0)
(1.0003950900732175 0.0 0.0)
(1.000395458952336 0.0 0.0)
(1.0003884629742301 0.0 0.0)
(1.0003814668449622 0.0 0.0)
(1.0003412948216466 0.0 0.0)
)