/*--------------------------------*- C++ -*----------------------------------*\
  =========                 |
  \\      /  F ield         | OpenFOAM: The Open Source CFD Toolbox
   \\    /   O peration     | Website:  https://openfoam.org
    \\  /    A nd           | Version:  8
     \\/     M anipulation  |
\*---------------------------------------------------------------------------*/
FoamFile
{
    version     2.0;
    format      ascii;
    class       surfaceScalarField;
    location    "0.0955000";
    object      phi;
}
// * * * * * * * * * * * * * * * * * * * * * * * * * * * * * * * * * * * * * //

dimensions      [0 3 -1 0 0 0 0];

internalField   nonuniform List<scalar> 
1691
(
7.50439927408867e-10
9.41968396212069e-12
7.41200167196317e-10
9.54081095568931e-12
7.31932874553951e-10
9.64343150300492e-12
7.2253665809863e-10
9.84410585636444e-12
7.13073475706125e-10
9.954001748088e-12
7.03588914956449e-10
1.00149032053501e-11
6.94102643678168e-10
1.00537418712326e-11
6.84625383785089e-10
1.00873544203922e-11
6.75155591983634e-10
1.01159941135621e-11
6.65691030946439e-10
1.01396396830071e-11
6.56231521513054e-10
1.01622744736155e-11
6.4677740762684e-10
1.01864565317166e-11
6.37332222098338e-10
1.02107857976414e-11
6.27890798715599e-10
1.02313268310428e-11
6.18454390911475e-10
1.02502425526785e-11
6.09021410467575e-10
1.02704784180438e-11
5.99597709741735e-10
1.02933158933669e-11
5.90178516919193e-10
1.03132523169388e-11
5.80764499004091e-10
1.03315511889745e-11
5.71354364247987e-10
1.03512907610373e-11
5.6195147948882e-10
1.03741443236274e-11
5.52555729039124e-10
1.03970903408514e-11
5.43165062740701e-10
1.04182124320714e-11
5.33779892563373e-10
1.04399439346895e-11
5.24400252765226e-10
1.04657149719859e-11
5.15031782433878e-10
1.04960497931245e-11
5.05668871786392e-10
1.0524581877738e-11
4.96313209340416e-10
1.05531217953555e-11
4.86961599562765e-10
1.0586550058373e-11
4.77624659834451e-10
1.0629283454613e-11
4.68295397494508e-10
1.06718976555404e-11
4.58975193481332e-10
1.07150138457408e-11
4.49662175111712e-10
1.07645897288903e-11
4.40363849171598e-10
1.08281802406745e-11
4.31082338054704e-10
1.09005694944667e-11
4.21812151650267e-10
1.09738587789503e-11
4.12555263083281e-10
1.10541358833352e-11
4.03309919632532e-10
1.1156098377315e-11
3.94100751810646e-10
1.12870768945137e-11
3.8490643039351e-10
1.14191246999107e-11
3.75736386804788e-10
1.15587728199784e-11
3.6657645576227e-10
1.17304427879485e-11
3.57476619118698e-10
1.19626072667835e-11
3.4840682744035e-10
1.22052927173703e-11
3.39374519518666e-10
1.24564851956499e-11
3.30367371954908e-10
1.27507484337301e-11
3.21428489007478e-10
1.31402079580183e-11
3.12569312164673e-10
1.35888439059782e-11
3.03763041695899e-10
1.40452209518118e-11
2.95018787896637e-10
1.45481049524691e-11
2.8633180126803e-10
1.51901976721029e-11
2.77831300403611e-10
1.60080878913035e-11
2.69402228069336e-10
1.68260544163971e-11
2.61106859850077e-10
1.76769598315084e-11
2.52837448427964e-10
1.87353239801457e-11
2.44855219500487e-10
2.0361148057287e-11
2.372020095806e-10
2.25317863571294e-11
2.30078497643676e-10
2.52615245932676e-11
2.23217292113997e-10
2.90725123527656e-11
2.17667857412615e-10
3.49312323895467e-11
2.13188751285433e-10
4.15646641034416e-11
2.09461259081333e-10
4.79376263037368e-11
2.06304413277044e-10
5.46613539365474e-11
2.04546367710271e-10
6.25470192277663e-11
2.0405592526435e-10
7.02831636082104e-11
2.0418538107148e-10
7.68075982099995e-11
2.04900204237054e-10
8.30928938916054e-11
2.07057414799829e-10
8.98048246543218e-11
2.10131033372293e-10
9.54949307451038e-11
2.13520856832703e-10
9.95519995827732e-11
2.17360398788841e-10
1.02795455346701e-10
2.22100083715565e-10
1.05263900838016e-10
2.26750746419588e-10
1.06109600429217e-10
2.31397568815663e-10
1.05697538045981e-10
2.3648848364339e-10
1.0408994189346e-10
2.40652720853506e-10
1.00746183365394e-10
2.44354241281947e-10
9.64688237529066e-11
2.47890796414285e-10
9.15118806695224e-11
2.51191477483184e-10
8.5062679326662e-11
2.51875335352089e-10
7.71025635975638e-11
2.52355136360316e-10
6.93533213492503e-11
2.52880198189012e-10
6.11057937035276e-11
2.5085666003205e-10
5.19016794357283e-11
2.47208980865314e-10
4.23823152147425e-11
2.42902344941667e-10
3.44836675843083e-11
2.39993654692583e-10
2.47066782100895e-11
2.39662060298723e-10
1.04025987412872e-11
2.40498961096858e-10
4.06817628319472e-12
2.40476300156968e-10
3.44325568734625e-13
2.39447207372075e-10
-3.22654637590392e-12
2.38074031706839e-10
-5.39864632770431e-12
2.36883607912174e-10
-6.91160245149841e-12
2.35469056583729e-10
-7.77234032998864e-12
2.33923467446733e-10
-8.35202320810055e-12
2.32460721264981e-10
-8.58593822225177e-12
2.30931186482359e-10
-8.59872510750072e-12
2.29440105593952e-10
-8.36470235157698e-12
2.27915195389246e-10
-7.82967856740308e-12
2.25911397502699e-10
-6.64092205294835e-12
-3.52562056914173e-12
3.8010647391351e-10
1.32121689384846e-11
3.75822577244908e-10
1.382472876516e-11
3.71079345124144e-10
1.43866844608128e-11
3.65973697764246e-10
1.49497738316368e-11
3.60683593676359e-10
1.52441262335518e-11
3.55328955923094e-10
1.53695612027028e-11
3.49962293542229e-10
1.54204291435428e-11
3.4460209686046e-10
1.54475851926714e-11
3.39251954923434e-10
1.54661719475104e-11
3.33911088125004e-10
1.54805356650169e-11
3.28578886793799e-10
1.54945008434127e-11
3.23255611794958e-10
1.55097559523828e-11
3.17941495242007e-10
1.55249265093888e-11
3.12635513190301e-10
1.55373358779253e-11
3.07337208374307e-10
1.55485782736829e-11
3.02046974359101e-10
1.55607437379463e-11
2.96765672534031e-10
1.55746474281917e-11
2.91492731566541e-10
1.55862203298963e-11
2.86227660783052e-10
1.55966463289043e-11
2.80970621166255e-10
1.56083551503762e-11
2.75722445760841e-10
1.5622345167026e-11
2.70483305803777e-10
1.56362536075143e-11
2.65252751030791e-10
1.56487897102882e-11
2.60030838799468e-10
1.56618810625888e-11
2.54818442185561e-10
1.56781386353116e-11
2.49616548184426e-10
1.56979717976865e-11
2.44424655754837e-10
1.57165031799936e-11
2.39242542725728e-10
1.5735264050025e-11
2.34071038930929e-10
1.57580892493689e-11
2.28912003472282e-10
1.57883738976304e-11
2.23765334046394e-10
1.58186443253227e-11
2.18630932026625e-10
1.58494947493334e-11
2.13509929048417e-10
1.58856517310269e-11
2.08404856103048e-10
1.59332931514167e-11
2.03317071254551e-10
1.5988387078789e-11
1.98246483595061e-10
1.60444772379088e-11
1.93194276127226e-10
1.61063722469666e-11
1.8816411073787e-10
1.61862919062422e-11
1.83160504151993e-10
1.62907119384791e-11
1.78183430595532e-10
1.6396230933654e-11
1.7323421973539e-10
1.65080226264659e-11
1.68318100738714e-10
1.66466028029832e-11
1.63443943435639e-10
1.68368023188275e-11
1.5861351424674e-10
1.70357511014363e-11
1.53828599894371e-10
1.72414253754479e-11
1.4909619253145e-10
1.74831875718153e-11
1.44429606874976e-10
1.78068329484872e-11
1.39837380606537e-10
1.8181123144813e-11
1.35322163695806e-10
1.85604979437212e-11
1.30892906400066e-10
1.89774149806795e-11
1.26569312311013e-10
1.95138411105861e-11
1.22373393799477e-10
2.02040787828389e-11
1.18308619458089e-10
2.08909409006855e-11
1.14388248880573e-10
2.15974853179081e-11
1.10649245586028e-10
2.24745092493178e-11
1.071793316639e-10
2.38312768275727e-11
1.0409162245528e-10
2.561978877586e-11
1.01529777047293e-10
2.78237650561372e-11
9.96808725549193e-11
3.0921914333364e-11
9.87641683708597e-11
3.58485209268772e-11
9.88589694180521e-11
4.14705695150453e-11
9.99650382405046e-11
4.68324487268314e-11
1.02129879985968e-10
5.24975760434788e-11
1.05448097466096e-10
5.92300085606441e-11
1.09905970804038e-10
6.58266371183306e-11
1.15408269790762e-10
7.1306813103061e-11
1.2191351245471e-10
7.65895772793684e-11
1.29415912478166e-10
8.23051126689703e-11
1.37792256879843e-10
8.71218213386394e-11
1.46852583025673e-10
9.0494751323339e-11
1.56455841456483e-10
9.31948912787773e-11
1.66474281011852e-10
9.52481215518374e-11
1.76697556569748e-10
9.58891876027358e-11
1.86939803327362e-10
9.54583378485882e-11
1.97024621364354e-10
9.40082917275158e-11
2.0670206279895e-10
9.10720137151587e-11
2.1582941523851e-10
8.73448064921923e-11
2.24327533226988e-10
8.30169730540049e-11
2.31955921250963e-10
7.74371040337518e-11
2.38434015895273e-10
7.06269739427263e-11
2.43846233468906e-10
6.39436037024658e-11
2.48255911933947e-10
5.66985578129024e-11
2.51189479430732e-10
4.89705549747432e-11
2.52868202144204e-10
4.07062869563791e-11
2.53147269279054e-10
3.4207454590919e-11
2.52987048364405e-10
2.48695726272669e-11
2.54716289566673e-10
8.67517170109459e-12
2.55803203928293e-10
2.98227368585631e-12
2.55832981746777e-10
3.15601281846686e-13
2.55303065133909e-10
-2.69546804492127e-12
2.54256057151791e-10
-4.3508695995522e-12
2.5304343793929e-10
-5.69890403378335e-12
2.51638355912893e-10
-6.36782782375054e-12
2.501389782488e-10
-6.85345697553764e-12
2.48596385060547e-10
-7.0438168755962e-12
2.47052606129753e-10
-7.05491789247132e-12
2.45532856764157e-10
-6.84454846751836e-12
2.44046213939122e-10
-6.34254708873672e-12
2.42589905556563e-10
-5.18424352902502e-12
-2.64303691590886e-12
7.47917652529135e-11
1.25122207663505e-11
7.50784014869751e-11
1.35381141655171e-11
7.41492770733419e-11
1.53158302217181e-11
7.26538656295642e-11
1.64452064646683e-11
7.09015461360061e-11
1.69964666628002e-11
6.90613367800526e-11
1.72097912234446e-11
6.72013113843485e-11
1.72804797037044e-11
6.53453582999416e-11
1.73035735396553e-11
6.34988537511707e-11
1.7312713799368e-11
6.16615540830153e-11
1.7317864981285e-11
5.98330538116242e-11
1.73230267456829e-11
5.80136322439551e-11
1.73292022584723e-11
5.62033070839235e-11
1.73352759974204e-11
5.44011618316311e-11
1.7339508997714e-11
5.26067590264034e-11
1.7343012931595e-11
5.0820541189493e-11
1.73469936603633e-11
4.90431884526706e-11
1.73520302101114e-11
4.72741014416909e-11
1.73553345259295e-11
4.55128142595099e-11
1.73579584633377e-11
4.37596462962823e-11
1.73615485422948e-11
4.20153450478086e-11
1.73666723177853e-11
4.02799689804385e-11
1.73716535171383e-11
3.85530622173816e-11
1.73757194864165e-11
3.68346924573117e-11
1.73802759215809e-11
3.51257708554764e-11
1.73870872690119e-11
3.34272169188827e-11
1.73965541767701e-11
3.17385563235473e-11
1.74051933515818e-11
3.00595565987339e-11
1.74142928917748e-11
2.83912227981783e-11
1.74264576001967e-11
2.67353833295486e-11
1.74442695585302e-11
2.50919306410254e-11
1.74621783450431e-11
2.34606647820665e-11
1.74808432521291e-11
2.18427697332311e-11
1.75036063508286e-11
2.02409053802173e-11
1.75351964800414e-11
1.86565531734165e-11
1.75727717561843e-11
1.7089558081398e-11
1.76115031299511e-11
1.55409593937797e-11
1.7655000377287e-11
1.40148296561919e-11
1.77124499192952e-11
1.25161194552232e-11
1.77894503015678e-11
1.10447064613382e-11
1.78676771625626e-11
9.60141556469725e-12
1.79513535401842e-11
8.19215555323556e-12
1.80559032267038e-11
6.82705622650304e-12
1.82019373904765e-11
5.50772107882507e-12
1.83551177249144e-11
4.23502514179109e-12
1.85141529231455e-11
3.01651204548559e-12
1.87017297457334e-11
1.86800412588861e-12
1.89553691338658e-11
7.99039913630351e-13
1.9250144947061e-11
-1.8930550896379e-13
1.95489209050752e-11
-1.08911475786936e-12
1.98772725147225e-11
-1.87680811662192e-12
2.03015754214658e-11
-2.52513448486125e-12
2.08524800401334e-11
-3.03345349106278e-12
2.13993668354287e-11
-3.39480907510961e-12
2.19589896720623e-11
-3.5718792685411e-12
2.26517697366137e-11
-3.46904810764781e-12
2.37286604742342e-11
-2.98239962927998e-12
2.51334237468343e-11
-1.99731753915195e-12
2.68390939379669e-11
-3.21889035492452e-13
2.92469988202518e-11
2.34588022065908e-12
3.31813372939576e-11
6.11238159444503e-12
3.77047755011603e-11
1.09419606906679e-11
4.20037646463895e-11
1.68912427436732e-11
4.6549378895289e-11
2.41217044414608e-11
5.20007652513196e-11
3.26095867873767e-11
5.73400984231351e-11
4.21883979231887e-11
6.17295254177673e-11
5.2821454385326e-11
6.59584476315048e-11
6.45534238781388e-11
7.05758238983806e-11
7.72271137767175e-11
7.44513734803987e-11
9.05985471243339e-11
7.71264186283827e-11
1.04530950083568e-10
7.92652054193991e-11
1.1889203427023e-10
8.08897078656437e-11
1.33436692222531e-10
8.1347386249231e-11
1.47961549354287e-10
8.09364996776578e-11
1.62269704548392e-10
7.97033302462716e-11
1.76096931750337e-10
7.72481633842797e-11
1.89290773965167e-10
7.41543411090664e-11
2.01730153222784e-10
7.05806930840771e-11
2.13180936527711e-10
6.5989054713226e-11
2.23408800184313e-10
6.04016723888509e-11
2.32445157347541e-10
5.49097655461777e-11
2.40199090185935e-10
4.89470147814878e-11
2.46552849182077e-10
4.26191617012916e-11
2.51406604631315e-10
3.5855187376277e-11
2.54927465889172e-10
3.06894701929193e-11
2.56947251719586e-10
2.28523030882868e-11
2.59187238268995e-10
6.43690616901018e-12
2.60147175586213e-10
2.02345268065405e-12
2.60306867295808e-10
1.56889901624784e-13
2.59785296537556e-10
-2.17291445734544e-12
2.58857134689739e-10
-3.42198205690022e-12
2.57640916176453e-10
-4.48248819366137e-12
2.56263187576691e-10
-4.99048166400669e-12
2.54772784563918e-10
-5.3638443971557e-12
2.53238431721171e-10
-5.51012781782836e-12
2.51700476427187e-10
-5.51698794406821e-12
2.50202170026348e-10
-5.34584069519453e-12
2.48793720011589e-10
-4.93370272462053e-12
2.47600314962905e-10
-3.99047086225884e-12
-2.04637879619331e-12
-1.59516175728192e-10
8.93018030910305e-12
-1.56179851654186e-10
1.02018122459304e-11
-1.54320419464814e-10
1.34564198839799e-11
-1.53049297282125e-10
1.51741059847004e-11
-1.52014062187001e-10
1.59612529949526e-11
-1.51054675127491e-10
1.62504253531964e-11
-1.50112321820282e-10
1.63381522328978e-11
-1.49167234427792e-10
1.6358522212299e-11
-1.48214910404314e-10
1.63604278703403e-11
-1.47255392924105e-10
1.63583778506873e-11
-1.46288912305156e-10
1.63565723487476e-11
-1.45315261942255e-10
1.63555770825674e-11
-1.44334504210345e-10
1.63545430571113e-11
-1.43347366335532e-10
1.63523996570174e-11
-1.4235417133654e-10
1.63498505109442e-11
-1.41354601869454e-10
1.63474569314472e-11
-1.40348171213596e-10
1.63456301700137e-11
-1.39335411978165e-10
1.6342602959147e-11
-1.38316656260251e-10
1.633922815774e-11
-1.37291589695216e-10
1.63365078126334e-11
-1.3625962501819e-10
1.63347339312322e-11
-1.35220759200566e-10
1.63328119929643e-11
-1.3417535109848e-10
1.63303348156663e-11
-1.33123300952904e-10
1.63282512038915e-11
-1.32063834457992e-10
1.63276481595552e-11
-1.3099615702737e-10
1.63289056548525e-11
-1.29920628525374e-10
1.63296949163342e-11
-1.28837337208474e-10
1.63310311193506e-11
-1.27745344934575e-10
1.63345004898117e-11
-1.26643017474016e-10
1.63419994800394e-11
-1.25530404239058e-10
1.63496480492912e-11
-1.24407575421773e-10
1.63580984918971e-11
-1.23273416554143e-10
1.63695079387025e-11
-1.22125466582748e-10
1.63872860053643e-11
-1.20962244070892e-10
1.64095820858503e-11
-1.19783728367857e-10
1.64330185365681e-11
-1.18588835095913e-10
1.64601368298479e-11
-1.17373688093156e-10
1.64973313712932e-11
-1.16133447043186e-10
1.6549237585623e-11
-1.14868035229655e-10
1.66022989039602e-11
-1.13576490273145e-10
1.66598489413896e-11
-1.12253060621801e-10
1.67325138816347e-11
-1.10887671319063e-10
1.68365836149115e-11
-1.09478616339033e-10
1.69460950681749e-11
-1.0802491235842e-10
1.70604816420263e-11
-1.06519064409593e-10
1.71959103649012e-11
-1.04944984951873e-10
1.73813170414248e-11
-1.03292923644853e-10
1.75981425496766e-11
-1.01561932257447e-10
1.78180088902887e-11
-9.97444576355247e-11
1.80598457735539e-11
-9.78163432628148e-11
1.83735010362002e-11
-9.57489749568141e-11
1.87851867066237e-11
-9.35422441578459e-11
1.91927435649595e-11
-9.11916271114346e-11
1.96085222904051e-11
-8.8660641536814e-11
2.01209755500069e-11
-8.58547594021211e-11
2.09229947508305e-11
-8.26808716039916e-11
2.19598220064229e-11
-7.90449112530033e-11
2.32035478315588e-11
-7.47595309576896e-11
2.49621349363675e-11
-6.94909854782421e-11
2.79133821673189e-11
-6.31150881924558e-11
3.13295914172984e-11
-5.56773866464716e-11
3.45669632617323e-11
-4.71166759907887e-11
3.79897587149388e-11
-3.72448832962098e-11
4.21301975830969e-11
-2.608884258125e-11
4.61854090716668e-11
-1.38456764995594e-11
4.94878945837554e-11
-5.51188841506459e-13
5.26658997822384e-11
1.38617478721146e-11
5.61655730517885e-11
2.92250536767189e-11
5.90913140415385e-11
4.52716177523411e-11
6.10829724533767e-11
6.18687136402281e-11
6.26708461573788e-11
7.8887146612614e-11
6.38739501788795e-11
9.6065883194756e-11
6.41715093583436e-11
1.13197191772666e-10
6.38082371895706e-11
1.30083570251107e-10
6.28201783515816e-11
1.46444048530067e-10
6.08910663168838e-11
1.62128297324009e-10
5.84734635762649e-11
1.77009434369746e-10
5.57026662231647e-11
1.90857771143848e-10
5.21434706165693e-11
2.03416366371897e-10
4.78456493875458e-11
2.14744231685596e-10
4.35844162778981e-11
2.24678445332896e-10
3.90151795969319e-11
2.33221261772974e-10
3.40786940654477e-11
2.40101050794942e-10
2.89780312090445e-11
2.45762596559106e-10
2.50307884096659e-11
2.49344244127708e-10
1.92731964914869e-11
2.51606032732714e-10
4.17687690900837e-12
2.52334590499603e-10
1.29598838553024e-12
2.52515352340712e-10
-2.29914663143396e-14
2.51962288705673e-10
-1.61896211249226e-12
2.51099852392811e-10
-2.55883106599375e-12
2.49919753535418e-10
-3.30212192337305e-12
2.48610037220627e-10
-3.68106412100246e-12
2.4718355265539e-10
-3.93812588529501e-12
2.45721912064621e-10
-4.04922869354396e-12
2.44254823367922e-10
-4.0500648890634e-12
2.4283391082291e-10
-3.92460883580557e-12
2.41519631307802e-10
-3.61900237763843e-12
2.40453147065392e-10
-2.92355455031775e-12
-1.52602027204686e-12
-3.17982484367332e-10
4.07707400129046e-12
-3.13620095740764e-10
5.83944628101752e-12
-3.10194786346638e-10
1.00311328350433e-11
-3.07102494548569e-10
1.20818363929441e-11
-3.04117512946501e-10
1.29762932958421e-11
-3.01158985887853e-10
1.32919199880777e-11
-2.98203470530565e-10
1.33826633521849e-11
-2.95244371986267e-10
1.33994604867569e-11
-2.92280701194774e-10
1.33967959302744e-11
-2.89312880736413e-10
1.33905884415297e-11
-2.86341050997789e-10
1.33847694266383e-11
-2.83365061944955e-10
1.33796136607808e-11
-2.80384989330711e-10
1.33744956890598e-11
-2.77401339561899e-10
1.33687790751372e-11
-2.74414323710102e-10
1.33628679611058e-11
-2.71423768253181e-10
1.33569348638111e-11
-2.68429375976953e-10
1.33512690515601e-11
-2.65431566716036e-10
1.33448218081245e-11
-2.62430541131908e-10
1.33382284035611e-11
-2.59426042194483e-10
1.33320350889665e-11
-2.56417657687259e-10
1.33263760957541e-11
-2.53405409674232e-10
1.3320588715875e-11
-2.5038953928048e-10
1.33144882514572e-11
-2.4736992941924e-10
1.33086670766934e-11
-2.44345986221961e-10
1.33037326547514e-11
-2.41317068698616e-10
1.33000174443151e-11
-2.38283396640341e-10
1.32960533813307e-11
-2.35244920273707e-10
1.32925847139241e-11
-2.32200846095159e-10
1.3290462056634e-11
-2.29149812686509e-10
1.32910245652538e-11
-2.26091789958817e-10
1.32917097933105e-11
-2.23026697895094e-10
1.32930918874854e-11
-2.19953552700799e-10
1.32964241289193e-11
-2.16870236951751e-10
1.33040103040947e-11
-2.13775357465238e-10
1.33147357982023e-11
-2.10668690476829e-10
1.33263829361883e-11
-2.07549134607296e-10
1.33406109188054e-11
-2.04413273963351e-10
1.33614993033355e-11
-2.01256689086553e-10
1.33926811572186e-11
-1.9807905398724e-10
1.34246976040549e-11
-1.94879220368605e-10
1.34600559258233e-11
-1.91652010199785e-10
1.35053438628559e-11
-1.8838810821982e-10
1.35727169321047e-11
-1.85085715192741e-10
1.36437351209203e-11
-1.81743591380453e-10
1.37183914260173e-11
-1.78354783608429e-10
1.3807130488381e-11
-1.74904177807303e-10
1.39307377985133e-11
-1.71382402342529e-10
1.40764274541415e-11
-1.67788335775361e-10
1.42240233458e-11
-1.64114975729083e-10
1.43865329032471e-11
-1.60339549032915e-10
1.45981132578067e-11
-1.56434251188539e-10
1.48799638007996e-11
-1.52398974945625e-10
1.51575749291012e-11
-1.48230491204322e-10
1.54401885031581e-11
-1.43895317706545e-10
1.57859945081854e-11
-1.39305526288914e-10
1.63334213227513e-11
-1.34380505967544e-10
1.70350895235967e-11
-1.29044524877028e-10
1.78679834497251e-11
-1.23125505885532e-10
1.90436357622028e-11
-1.16287663665998e-10
2.10761351425928e-11
-1.08400083431699e-10
2.34427294419102e-11
-9.95101069105394e-11
2.56778907874011e-11
-8.95576756533562e-11
2.80384226676678e-11
-7.83476837715731e-11
3.09214361322148e-11
-6.59062537309328e-11
3.37453357674272e-11
-5.2439653782619e-11
3.60228402113094e-11
-3.79826395606045e-11
3.82108388159602e-11
-2.24571992589627e-11
4.06428229952856e-11
-6.02942358869568e-12
4.2666787065776e-11
1.10319754789687e-11
4.40247068911201e-11
2.86024224127929e-11
4.51031543024446e-11
4.65608275733885e-11
4.59182260668863e-11
6.46481745928912e-11
4.60870267318668e-11
8.26640154445973e-11
4.57954694076742e-11
1.00420076592507e-10
4.50673748130445e-11
1.17638558577115e-10
4.36759659825163e-11
1.34176976288397e-10
4.19384070830771e-11
1.49913788185904e-10
3.996897344693e-11
1.6463151934366e-10
3.74285069409033e-11
1.78074034017326e-10
3.44057121935242e-11
1.90310025820606e-10
3.13509384750567e-11
2.0115473579391e-10
2.81728440353025e-11
2.10654024601536e-10
2.45817506615511e-11
2.18484147541958e-10
2.11505322464584e-11
2.25232282902291e-10
1.82855062565714e-11
2.29740650709192e-10
1.47673756926528e-11
2.31749945295303e-10
2.16935035085293e-12
2.32242458132808e-10
8.04552643930621e-13
2.32388505667022e-10
-1.68189683097247e-13
2.31841076165362e-10
-1.0706690626322e-12
2.31057013113028e-10
-1.77406073644297e-12
2.29972211897329e-10
-2.21703923670915e-12
2.28785493094959e-10
-2.49461673359863e-12
2.27491501090607e-10
-2.64487727782693e-12
2.26170038225378e-10
-2.72852658272672e-12
2.24843051818428e-10
-2.72331235293241e-12
2.23560861197353e-10
-2.64214232969033e-12
2.22381380669362e-10
-2.43908105455229e-12
2.21440037839843e-10
-1.98175125112222e-12
-1.06803000298337e-12
-3.97350114466537e-10
-4.3737803652083e-13
-3.93375588140621e-10
1.86494312158438e-12
-3.8951583598673e-10
6.17140351625088e-12
-3.85564062068062e-10
8.13008517985394e-12
-3.81524606474013e-10
8.93686007895857e-12
-3.77442205514569e-10
9.20954121292154e-12
-3.73343515792537e-10
9.2840007147011e-12
-3.69239289511094e-10
9.29527175771613e-12
-3.65133125669575e-10
9.29067170135479e-12
-3.61026083516666e-10
9.28357804125421e-12
-3.56918244174857e-10
9.27695749943654e-12
-3.52809469113793e-10
9.27086468785719e-12
-3.48699805831252e-10
9.26485810725732e-12
-3.44589560208052e-10
9.25856327129453e-12
-3.40478851808327e-10
9.25219357838003e-12
-3.36367625131548e-10
9.24574223310481e-12
-3.32255734948198e-10
9.23941056918067e-12
-3.28143489250697e-10
9.23260465074821e-12
-3.24030986975754e-10
9.22575235708223e-12
-3.19918040534644e-10
9.21911523837702e-12
-3.1580439115466e-10
9.21275377953172e-12
-3.11690072557311e-10
9.20629529957676e-12
-3.07575226507417e-10
9.19966643414434e-12
-3.03459737672019e-10
9.19320429114331e-12
-2.99343188878026e-10
9.18721185812953e-12
-2.95225091084924e-10
9.18194934955632e-12
-2.91105550131928e-10
9.17654339121535e-12
-2.86984426432338e-10
9.17149137804453e-12
-2.82861100447776e-10
9.16717235200433e-12
-2.78734497677247e-10
9.16448131739284e-12
-2.74604534804909e-10
9.16183287611542e-12
-2.704710302546e-10
9.15967422809848e-12
-2.66333176018631e-10
9.15863227186247e-12
-2.62189257164519e-10
9.16013209268392e-12
-2.58038044096534e-10
9.16355630272237e-12
-2.53879185472228e-10
9.16755597955774e-12
-2.49711654000836e-10
9.17310963865588e-12
-2.45532641980235e-10
9.18251599347206e-12
-2.41338332884519e-10
9.19840063386762e-12
-2.37128258430047e-10
9.21465718443636e-12
-2.32901209957279e-10
9.23304830019994e-12
-2.28652873864972e-10
9.25704782077497e-12
-2.24375121992776e-10
9.29500018101772e-12
-2.20066239949362e-10
9.33488683329232e-12
-2.15724870644951e-10
9.37705655723631e-12
-2.11345051600027e-10
9.42733880425213e-12
-2.06913503666559e-10
9.49921566724542e-12
-2.02421789637638e-10
9.58477498101336e-12
-1.97868744979175e-10
9.67106115222952e-12
-1.93248302910619e-10
9.76613745067726e-12
-1.88540596814581e-10
9.89044514058004e-12
-1.83720289610636e-10
1.00597314266207e-11
-1.78787383361649e-10
1.02247762389576e-11
-1.73739566856539e-10
1.03925220965577e-11
-1.68548555702367e-10
1.05951767540192e-11
-1.63137409503957e-10
1.09224945715773e-11
-1.57440062193578e-10
1.1338031695279e-11
-1.5139831661293e-10
1.18266570101669e-11
-1.44865621413345e-10
1.25114638369722e-11
-1.37529588283763e-10
1.37407019388423e-11
-1.29264685404173e-10
1.5178549765572e-11
-1.20115577955109e-10
1.65296915107838e-11
-1.10028933924424e-10
1.79528789262305e-11
-9.88190991978529e-11
1.97128375816051e-11
-8.65089744013107e-11
2.14365734149664e-11
-7.32953252159718e-11
2.28107464950107e-11
-5.92105553605249e-11
2.41280349304863e-11
-4.41747430064549e-11
2.56097062766628e-11
-2.83401409873641e-11
2.68354377043405e-11
-1.19564169400202e-11
2.76441314574718e-11
4.86589451013777e-12
2.82836152495176e-11
2.20202576956232e-11
2.87665506840819e-11
3.9267361199441e-11
2.88427934158722e-11
5.64265993388086e-11
2.86393285327543e-11
7.33293092103318e-11
2.8167949691943e-11
8.9720975693529e-11
2.72876814597633e-11
1.05473230921869e-10
2.61895032820608e-11
1.20479897926392e-10
2.49654311776531e-11
1.34543650173379e-10
2.33675325154816e-11
1.47436954276899e-10
2.15149878325621e-11
1.59215651422719e-10
1.95747520357226e-11
1.69719179336543e-10
1.76716870243941e-11
1.78977023444316e-10
1.53262500736503e-11
1.86727593978639e-10
1.34025772642586e-11
1.93545389617749e-10
1.14705483230974e-11
1.98362048299961e-10
9.95325730109632e-12
1.99899783662588e-10
6.33381481708636e-13
2.00197260649455e-10
5.08142721230166e-13
2.00278535170321e-10
-2.48626202952312e-13
1.99792089981082e-10
-5.8336663151715e-13
1.99114557104559e-10
-1.09582297976798e-12
1.98188133041527e-10
-1.29033341419033e-12
1.97179543612629e-10
-1.48629506932519e-12
1.96084128740371e-10
-1.5501949042533e-12
1.9496611886916e-10
-1.61127893676293e-12
1.93844161943119e-10
-1.6016212835571e-12
1.92760363787286e-10
-1.55809180865006e-12
1.91764694190517e-10
-1.44295976718884e-12
1.90974472315497e-10
-1.19105764179156e-12
-6.81721285496926e-13
-3.94191323666544e-10
-3.03622657122014e-12
-3.91804561424703e-10
-5.21795442838034e-13
-3.88465540764891e-10
2.83240618675595e-12
-3.84574925741085e-10
4.23949335841533e-12
-3.80412917092413e-10
4.77487428749435e-12
-3.76149702051978e-10
4.94634883260731e-12
-3.71855823019362e-10
4.99014933370348e-12
-3.67555630102768e-10
4.99511713551261e-12
-3.63255923803614e-10
4.99100582379628e-12
-3.58958077404379e-10
4.98576410617219e-12
-3.54662054215238e-10
4.98096232044358e-12
-3.50367680336494e-10
4.97651739371657e-12
-3.46074954210031e-10
4.97215815889541e-12
-3.41784035204717e-10
4.96767467904238e-12
-3.37494978479108e-10
4.96317155394028e-12
-3.332078026089e-10
4.95860107035859e-12
-3.28922454637499e-10
4.95409486245074e-12
-3.2463915633871e-10
4.94933534507925e-12
-3.20357943533668e-10
4.9445661895898e-12
-3.16078691405017e-10
4.93989011492512e-12
-3.11801252151414e-10
4.93534202260451e-12
-3.07525665214867e-10
4.93073398070287e-12
-3.03252009874728e-10
4.92603572872052e-12
-2.98980190920618e-10
4.92141175130423e-12
-2.947099415637e-10
4.91699085575361e-12
-2.90440903480586e-10
4.91294136314599e-12
-2.86173123844258e-10
4.90879515484222e-12
-2.81906436709657e-10
4.90483501623071e-12
-2.77640405510218e-10
4.90117793223496e-12
-2.73374217651525e-10
4.89835391609036e-12
-2.69107792240838e-10
4.89549485899089e-12
-2.64840924116614e-10
4.89289449379191e-12
-2.60573018894269e-10
4.89079052389529e-12
-2.56302777025112e-10
4.88993152321853e-12
-2.52029202048565e-10
4.89001531223702e-12
-2.47751944489117e-10
4.890330401186e-12
-2.43470166816802e-10
4.89136242636117e-12
-2.39181764299821e-10
4.89414239200177e-12
-2.34883632252699e-10
4.90029734439468e-12
-2.30575362045351e-10
4.90642127987717e-12
-2.26255880207743e-10
4.91360763310934e-12
-2.21921974743533e-10
4.92318255331298e-12
-2.17566979556709e-10
4.94004015553751e-12
-2.13189552560165e-10
4.95749403029917e-12
-2.08788486014743e-10
4.97602505550236e-12
-2.04359230215256e-10
4.99811027029782e-12
-1.99891010297735e-10
5.03102117635881e-12
-1.95376879047542e-10
5.07070600976727e-12
-1.90815982965746e-10
5.11024868222737e-12
-1.86203637275502e-10
5.1538384602184e-12
-1.81524189628042e-10
5.21103513242451e-12
-1.76756185003689e-10
5.29180166973511e-12
-1.71900211199306e-10
5.36891016034309e-12
-1.66954804111863e-10
5.44726554445478e-12
-1.61899028237702e-10
5.53959535807933e-12
-1.56670710654132e-10
5.69439794233606e-12
-1.51220642373495e-10
5.88825480223228e-12
-1.45507932301137e-10
6.11436902540363e-12
-1.39421397888769e-10
6.42545671707712e-12
-1.32695709772781e-10
7.01561865339658e-12
-1.25223903930072e-10
7.70747246334455e-12
-1.17045328863074e-10
8.35203021365233e-12
-1.08118658993019e-10
9.02731611395061e-12
-9.82828251446063e-11
9.87824743101176e-12
-8.75559379043433e-11
1.07110562888353e-11
-7.61078234636962e-11
1.13641973865483e-11
-6.39662321759968e-11
1.19884219836727e-11
-5.10569933049265e-11
1.27031738799075e-11
-3.7507239580325e-11
1.32889472267802e-11
-2.35269245299685e-11
1.36669794479362e-11
-9.20519782432159e-12
1.3964675773289e-11
5.37356495716714e-12
1.41904857245603e-11
2.00079585629371e-11
1.4211278713253e-11
3.45511130569944e-11
1.40992887477835e-11
4.88654093586036e-11
1.38569585420281e-11
6.27404226105822e-11
1.34160566176729e-11
7.60691601352117e-11
1.28641144141893e-11
8.87715814053741e-11
1.22661367762212e-11
1.00678050556586e-10
1.14638461592527e-11
1.11618222885109e-10
1.05773964576057e-11
1.21611897287481e-10
9.58358541912226e-12
1.30569084891556e-10
8.71686610411727e-12
1.3844374616393e-10
7.45392826826041e-12
1.4514821308734e-10
6.70071686338135e-12
1.51059005027783e-10
5.56257851370537e-12
1.55580980477768e-10
5.43380871388151e-12
1.56469446286372e-10
-2.53326707133504e-13
1.56647533967536e-10
3.31113590267713e-13
1.56642406926907e-10
-2.42667833973663e-13
1.56275082266306e-10
-2.1518942693967e-13
1.55732687448962e-10
-5.52727319873898e-13
1.55023846999317e-10
-5.81214369588799e-13
1.54242908466284e-10
-7.05625202527945e-13
1.53405115455709e-10
-7.13129881461611e-13
1.52546326240575e-10
-7.5325078380986e-13
1.51686979636562e-10
-7.4255307203159e-13
1.50855330811261e-10
-7.26201514861816e-13
1.50089488602136e-10
-6.7666404384903e-13
1.49476935883565e-10
-5.78032349957199e-13
-3.77162700853167e-13
-3.05795544116387e-10
-2.56389887916612e-12
-3.05481080295893e-10
-8.36235080628953e-13
-3.03324597603289e-10
6.75947312222516e-13
-3.00344189741521e-10
1.25910919002242e-12
-2.97024292567301e-10
1.45500044949935e-12
-2.93591430035255e-10
1.51350942258081e-12
-2.90128193744306e-10
1.52694122472625e-12
-2.86660693872227e-10
1.52765627435018e-12
-2.83195417821197e-10
1.52577100643545e-12
-2.79733345456583e-10
1.52372492415855e-12
-2.76274265107499e-10
1.52191058256314e-12
-2.72817963468053e-10
1.52024283967369e-12
-2.69364396505437e-10
1.51861783757431e-12
-2.65913642982779e-10
1.51695213637338e-12
-2.62465722164083e-10
1.51528610509978e-12
-2.59020678233858e-10
1.51359250839227e-12
-2.55578485772013e-10
1.51193523036012e-12
-2.52139307145993e-10
1.51018615550035e-12
-2.48703152226991e-10
1.50843830037028e-12
-2.45269945948152e-10
1.5067112507174e-12
-2.41839605640477e-10
1.50502964913429e-12
-2.38412170261692e-10
1.50332465988733e-12
-2.34987693646607e-10
1.50158415881724e-12
-2.31566114837002e-10
1.49985973244857e-12
-2.28147287699767e-10
1.49819242991865e-12
-2.24730959244985e-10
1.49664338541374e-12
-2.21317177728326e-10
1.49504545246846e-12
-2.1790581134061e-10
1.49349977779985e-12
-2.14496611856507e-10
1.49201565537951e-12
-2.11088999142955e-10
1.49080249085935e-12
-2.07682955591475e-10
1.48954007015137e-12
-2.04278329198459e-10
1.48835799830022e-12
-2.00874772179292e-10
1.4872981249103e-12
-1.97471409363404e-10
1.4866107007021e-12
-1.94067549005646e-10
1.48618936733589e-12
-1.90662979393331e-10
1.48579308538226e-12
-1.87257159960936e-10
1.48557372558121e-12
-1.83848779900993e-10
1.48579146432415e-12
-1.80435555580876e-10
1.48710197721411e-12
-1.77017359023336e-10
1.48825929593489e-12
-1.73593431540584e-10
1.4897216533668e-12
-1.70161891219494e-10
1.4916826112226e-12
-1.66717811159606e-10
1.49599532758995e-12
-1.63260539756793e-10
1.50025721136743e-12
-1.59789269263077e-10
1.50479017087472e-12
-1.56301255432846e-10
1.51012367238622e-12
-1.52788902422345e-10
1.51869321165442e-12
-1.49247345366147e-10
1.52921176564132e-12
-1.45676409282661e-10
1.53939723306241e-12
-1.42073154298369e-10
1.55063034245819e-12
-1.3842744108411e-10
1.56535930487915e-12
-1.34723169633445e-10
1.58760511568182e-12
-1.309620582482e-10
1.60790661588158e-12
-1.27143262180423e-10
1.62862031716016e-12
-1.23255163563301e-10
1.65169207885262e-12
-1.19254030741402e-10
1.69348736535679e-12
-1.15109986470129e-10
1.74450365590376e-12
-1.10798792416969e-10
1.80359984267987e-12
-1.06254018497157e-10
1.88121392184081e-12
-1.0128169390289e-10
2.04390351427798e-12
-9.58076996845359e-11
2.23421179493246e-12
-8.98633342417529e-11
2.40858388402803e-12
-8.34240952937145e-11
2.58919067352466e-12
-7.63692055784703e-11
2.8246085040843e-12
-6.87112472173987e-11
3.05447514265714e-12
-6.05752209335187e-11
3.22974496213746e-12
-5.19812601631905e-11
3.39644978911349e-12
-4.28689357009724e-11
3.59356498885911e-12
-3.33291467916211e-11
3.75243046227526e-12
-2.35105221664986e-11
3.85152930620727e-12
-1.3472527414092e-11
3.92947940726063e-12
-3.26908387581151e-12
3.98974700422213e-12
6.95563287354116e-12
3.98944659739789e-12
1.7103805855948e-11
3.95424273223586e-12
2.70812968791094e-11
3.88278646277827e-12
3.67440419793439e-11
3.7567016328906e-12
4.60145742866176e-11
3.5969242341075e-12
5.48509929167036e-11
3.43284185159031e-12
6.31185977398243e-11
3.19902344863453e-12
7.07345317870484e-11
2.96403993974253e-12
7.76578282033894e-11
2.66278972027812e-12
8.39185419584968e-11
2.4585105784878e-12
8.93327401353095e-11
2.04206101324855e-12
9.40991895386562e-11
1.93686069452834e-12
9.81633607198872e-11
1.50120978285737e-12
1.01795198301825e-10
1.80447974775285e-12
1.0190679351772e-10
-3.63177663086269e-13
1.02081330195905e-10
1.57624094317899e-13
1.01970543856412e-10
-1.31059419959897e-13
1.01779282093204e-10
-2.30829985396622e-14
1.01396478871166e-10
-1.69230116639854e-13
1.00958110725111e-10
-1.42572483630909e-13
1.00446791124016e-10
-1.94575673351201e-13
9.99173763279115e-11
-1.84438208699394e-13
9.9365053449653e-11
-2.01685326902595e-13
9.88176512021167e-11
-1.95437313391809e-13
9.8284815499295e-11
-1.93133700357023e-13
9.77901136118565e-11
-1.81509271243689e-13
9.7376697126101e-11
-1.64144168101501e-13
-1.55243695379189e-13
-1.30154683013217e-10
-1.30991104644404e-10
-1.30315343838976e-10
-1.29056420847126e-10
-1.27601606523639e-10
-1.26088283047521e-10
-1.24561522295991e-10
-1.23034035051467e-10
-1.215084302005e-10
-1.19984879134052e-10
-1.18463146705182e-10
-1.16943083183152e-10
-1.15424644755159e-10
-1.1390786721761e-10
-1.12392750763025e-10
-1.10879327439266e-10
-1.09367563576742e-10
-1.07857551870664e-10
-1.06349290063916e-10
-1.04842754471173e-10
-1.03337899484415e-10
-1.01834750936495e-10
-1.0033334350894e-10
-9.88336583493624e-11
-9.7335638160452e-11
-9.58391648300201e-11
-9.43442876359629e-11
-9.28509563839523e-11
-9.13591028310354e-11
-8.98684376928557e-11
-8.83790064838257e-11
-8.68907554013041e-11
-8.54035892646654e-11
-8.39171332534213e-11
-8.24311060383357e-11
-8.09454769045682e-11
-7.9460068306779e-11
-7.79744431705824e-11
-7.6487507312706e-11
-7.49994080536893e-11
-7.35098389801373e-11
-7.20183096742915e-11
-7.05224725049677e-11
-6.90223735922503e-11
-6.7517740073406e-11
-6.60077812045183e-11
-6.44892550243236e-11
-6.29601717835232e-11
-6.1420879993077e-11
-5.98703926537996e-11
-5.83051860656161e-11
-5.67176956830056e-11
-5.51098703408625e-11
-5.34812878377122e-11
-5.18295881970704e-11
-5.01360655644407e-11
-4.83914551307769e-11
-4.65876154715552e-11
-4.47060539497116e-11
-4.26617235717816e-11
-4.04269602152807e-11
-3.80176383587011e-11
-3.54275139087135e-11
-3.26018332557698e-11
-2.95461592847592e-11
-2.63150184215323e-11
-2.29167573371337e-11
-1.93206533729874e-11
-1.55651260461127e-11
-1.17105966282906e-11
-7.778493879631e-12
-3.78621890070938e-12
2.05934566496667e-13
4.16312912845102e-12
8.04906131627816e-12
1.18089749537399e-11
1.54090570205771e-11
1.88448379339036e-11
2.20464611699174e-11
2.50128962081009e-11
2.76780021705538e-11
3.01386852678297e-11
3.21828908584774e-11
3.41221556045638e-11
3.56259753056032e-11
3.7432773026112e-11
3.70711527793048e-11
3.72296398895569e-11
3.7099220749298e-11
3.70768008810061e-11
3.69080837148863e-11
3.67656060327967e-11
3.65705845906338e-11
3.63852515323463e-11
3.61826378331701e-11
3.59867386033132e-11
3.57936583803268e-11
3.56124236645641e-11
3.54485725593591e-11
)
;

boundaryField
{
    dieWall
    {
        type            calculated;
        value           nonuniform List<scalar> 
100
(
2.11817997231676e-16
2.11386714327658e-16
2.10955444915266e-16
2.10524157572593e-16
2.10092872603735e-16
2.09661596124496e-16
2.09230305635457e-16
2.08799019088256e-16
2.08367745604495e-16
2.079364524934e-16
2.0750517464089e-16
2.07073901151663e-16
2.06642617535518e-16
2.06211323876273e-16
2.05780046477018e-16
2.05348768962121e-16
2.04917484781491e-16
2.0448619816183e-16
2.04054918578193e-16
2.03623634803757e-16
2.03192350296189e-16
2.02761068237818e-16
2.02329796144953e-16
2.01898501849673e-16
2.01467230529688e-16
2.01035936403855e-16
2.00604657407029e-16
2.00173375401777e-16
1.99742099110141e-16
1.99310807507813e-16
1.98879528876852e-16
1.9844824210796e-16
1.98016969493056e-16
1.97585688200378e-16
1.97154405540781e-16
1.96723112209755e-16
1.96291833238024e-16
1.95860542217498e-16
1.95429269296869e-16
1.94997980817398e-16
1.94566694573693e-16
1.94135413160306e-16
1.93704145148737e-16
1.93272855899461e-16
1.92841564454613e-16
1.92410290113965e-16
1.91979007377146e-16
1.91547727450246e-16
1.91116443529833e-16
1.90685168782786e-16
1.90253887143491e-16
1.89822600079468e-16
1.8939131012668e-16
1.88960032372994e-16
1.88528753648133e-16
1.8809746221155e-16
1.87666181292335e-16
1.8723489356378e-16
1.86803603956485e-16
1.86372326228989e-16
1.85941052485202e-16
1.85509771766703e-16
1.85078497443877e-16
1.8464720481845e-16
1.84215920676967e-16
1.83784649382954e-16
1.83353361461605e-16
1.82922083033386e-16
1.82490798151113e-16
1.82059498640357e-16
1.81628220212311e-16
1.81196940542797e-16
1.80765664705253e-16
1.8033438490691e-16
1.79903096688472e-16
1.79471823601521e-16
1.79040527065406e-16
1.78609256349201e-16
1.78177972433509e-16
1.77746689239701e-16
1.77315411021034e-16
1.76884117164521e-16
1.76452833342749e-16
1.76021551850189e-16
1.75590267857145e-16
1.75216478748296e-16
1.75237166876609e-16
1.75237174283763e-16
1.75237166849694e-16
1.75237172591627e-16
1.75237168575011e-16
1.75237162022356e-16
1.75237166049885e-16
1.75237169302292e-16
1.752371709376e-16
1.75237172608799e-16
1.75237161963841e-16
1.75237165279316e-16
1.7523717511385e-16
1.75237178347382e-16
)
;
    }
    outlet
    {
        type            calculated;
        value           nonuniform List<scalar> 9(2.22428482742728e-10 2.41707609608468e-10 2.47004059575732e-10 2.39933237669595e-10 2.20982502105449e-10 1.90588612411578e-10 1.49172819936684e-10 9.71552150704197e-11 3.52935865170038e-11);
    }
    Wire
    {
        type            calculated;
        value           nonuniform List<scalar> 
100
(
-1.63420241688677e-13
-3.01030906926479e-13
-3.76119072425692e-13
-4.47868888133306e-13
-4.90798714442313e-13
-5.30325560680508e-13
-5.67484551031338e-13
-6.10030459821627e-13
-6.46119102474235e-13
-6.75091294466327e-13
-7.02736765441099e-13
-7.32311748476861e-13
-7.65599421416738e-13
-7.89874841868234e-13
-8.13789755101527e-13
-8.37464817006921e-13
-8.69584506301077e-13
-8.94028369031056e-13
-9.17523950117123e-13
-9.41132472424654e-13
-9.71220896286575e-13
-1.00132162039449e-12
-1.02753841782145e-12
-1.05474205853931e-12
-1.08604696626779e-12
-1.12755584231562e-12
-1.16163319940254e-12
-1.19743178149631e-12
-1.23496365415655e-12
-1.29231344739537e-12
-1.34248575253171e-12
-1.39465201492723e-12
-1.45153678696098e-12
-1.52986515577006e-12
-1.61901758537742e-12
-1.70364679364614e-12
-1.79721918905148e-12
-1.91072334965723e-12
-2.07789783763836e-12
-2.22478581588737e-12
-2.38865972414629e-12
-2.57046016572013e-12
-2.86273774510689e-12
-3.13547689933397e-12
-3.42418010465523e-12
-3.74349699437325e-12
-4.20141070885172e-12
-4.72966558719356e-12
-5.23858942504001e-12
-5.80398344228455e-12
-6.50329539344188e-12
-7.50739187900582e-12
-8.39696475115624e-12
-9.38142123491628e-12
-1.0465627971588e-11
-1.2378823960935e-11
-1.48785310524563e-11
-1.8137471162462e-11
-2.22107192258267e-11
-2.93814022641341e-11
-3.70849845518752e-11
-4.42093185836518e-11
-5.15032150240405e-11
-6.07877545406643e-11
-6.97915980307244e-11
-7.69355860798915e-11
-8.38074603553364e-11
-9.19589160938863e-11
-9.85626915339335e-11
-1.02938242385493e-10
-1.06633652591584e-10
-1.10001612761046e-10
-1.10757003872415e-10
-1.10341220392609e-10
-1.09177594641983e-10
-1.04907223813274e-10
-1.00166447547147e-10
-9.5044239290351e-11
-8.83610015072549e-11
-7.77848295044604e-11
-6.98298190431617e-11
-6.16285500603388e-11
-4.98767888462248e-11
-3.87317740904811e-11
-3.01728498082548e-11
-2.17931465867555e-11
-1.0069267386822e-11
-4.90636673347345e-12
-3.21018444611765e-13
4.25803085840679e-12
6.77339216620407e-12
8.10206536026321e-12
9.1858175031354e-12
9.89568273272029e-12
1.00466620396246e-11
1.01286952146717e-11
9.85731058766001e-12
9.35522220424075e-12
8.64542634656466e-12
7.00851742974037e-12
)
;
    }
    inlet
    {
        type            calculated;
        value           nonuniform List<scalar> 9(-7.59696169118839e-10 -3.83898937604715e-10 -7.40917951315581e-11 1.63098238732487e-10 3.22835613809426e-10 4.01864590216095e-10 3.96790196468516e-10 3.05323241239263e-10 1.27590597778437e-10);
    }
    back
    {
        type            wedge;
        value           nonuniform List<scalar> 
900
(
-2.135692354947e-25
-4.49446084902352e-25
-1.05454187131088e-24
-1.66167989153689e-24
-2.14179213498527e-24
-2.45667719373148e-24
-2.45728301989116e-24
-1.95376282811996e-24
-7.66942106276475e-25
6.5300601435407e-27
-5.2831289130493e-25
-1.02663456125632e-24
-1.67216366577236e-24
-2.31254058185035e-24
-2.65596348850869e-24
-2.76602078899708e-24
-2.09643329154614e-24
-9.82086031887803e-25
-5.34151456729752e-26
-5.21301131488726e-25
-1.25179684526757e-24
-1.97931025481468e-24
-2.55865647015576e-24
-2.85527514537412e-24
-2.91347271326152e-24
-2.1759990294372e-24
-8.98517495183082e-25
-4.40346366871249e-26
-6.25049249673573e-25
-1.27702882729731e-24
-1.9626956215599e-24
-2.64614715989485e-24
-3.01374331981345e-24
-2.99131821666409e-24
-2.36700829308018e-24
-1.01437407651278e-24
-1.1743509603195e-25
-6.64801406238463e-25
-1.1790402761799e-24
-2.06770961733731e-24
-2.84876988019191e-24
-3.15986551354926e-24
-3.11202129020913e-24
-2.31175011216866e-24
-1.03593407229097e-24
3.97806061148678e-26
-5.71823237192794e-25
-1.21063938509756e-24
-2.0906652477577e-24
-2.71166131906679e-24
-3.05373969196245e-24
-3.02433157788586e-24
-2.44305177647134e-24
-1.03583040643687e-24
-4.17883031932943e-26
-6.42510974982056e-25
-1.31318244636419e-24
-1.99085216782464e-24
-2.65941916857611e-24
-3.13314492247816e-24
-3.06699828939093e-24
-2.39563075037887e-24
-1.02446721466052e-24
-9.99271315126023e-26
-6.17521671156363e-25
-1.27031129841145e-24
-2.06957538362074e-24
-2.80548847659276e-24
-3.11592654573402e-24
-3.01116207445869e-24
-2.4020495136652e-24
-1.03351603668454e-24
-5.19783966537427e-26
-5.38543204227603e-25
-1.24417103953267e-24
-2.12180270084508e-24
-2.68453735593776e-24
-3.09318668781029e-24
-2.98705443815455e-24
-2.20722903444135e-24
-9.62210468557523e-25
-2.63122991560828e-26
-5.42171858938008e-25
-1.30432726433742e-24
-1.99517077296478e-24
-2.61476637823737e-24
-2.9558573513117e-24
-2.95071270270421e-24
-2.24954587561969e-24
-9.96020536417287e-25
-3.95029183665543e-26
-5.50650693169155e-25
-1.23976184073049e-24
-2.05064698484294e-24
-2.56738974559878e-24
-3.05416427650241e-24
-2.89846873654586e-24
-2.26389708039861e-24
-1.00011813187985e-24
-1.65104878483391e-25
-5.20349828646265e-25
-1.21211898454729e-24
-1.86130125080481e-24
-2.58024419497137e-24
-2.93491197710351e-24
-2.89995233565155e-24
-2.0949944704165e-24
-8.8388817690228e-25
-3.78522158829353e-28
-4.57310038682197e-25
-1.09778689163661e-24
-1.82820578536255e-24
-2.58415005982359e-24
-2.95954578056996e-24
-2.79864297792786e-24
-2.22597784274977e-24
-9.16889558576388e-25
-1.8303416084659e-25
-4.56362042266438e-25
-1.10277330243277e-24
-1.7931744327021e-24
-2.42661134034274e-24
-2.81997651281889e-24
-2.74950016903036e-24
-2.18501800080268e-24
-8.20841431872472e-25
-1.05981682394191e-25
-4.67962913705192e-25
-1.07293446612145e-24
-1.81618174023633e-24
-2.41868009484249e-24
-2.79725469249619e-24
-2.71233522327472e-24
-2.05692318248343e-24
-7.79344196580836e-25
-9.54397335292605e-26
-5.81255466852655e-25
-1.1810039559755e-24
-1.80722514288588e-24
-2.39048950155963e-24
-2.77310486950828e-24
-2.63619466921086e-24
-1.96041752403162e-24
-8.88266135208175e-25
-1.05018908822633e-25
-5.90764986044133e-25
-1.18950672327406e-24
-1.88389501376472e-24
-2.41193282243976e-24
-2.7515502900013e-24
-2.74007366006204e-24
-2.00360263409465e-24
-7.73898401540817e-25
-1.59096492926204e-25
-6.1007449199256e-25
-1.22887185228638e-24
-1.9069364940493e-24
-2.41386217549957e-24
-2.69368537901493e-24
-2.73860840827528e-24
-2.03441848671172e-24
-8.56317175956701e-25
-9.03961379324242e-26
-5.33716087848803e-25
-1.12146317526151e-24
-1.7404623901e-24
-2.37850440403571e-24
-2.74440646545272e-24
-2.70155635808483e-24
-2.00129843436109e-24
-8.17531989953515e-25
-1.62682441006179e-25
-5.61297479189282e-25
-1.01528971709336e-24
-1.7337751930382e-24
-2.35621075669732e-24
-2.67802393275068e-24
-2.64734199799093e-24
-1.96144416642993e-24
-8.09927178514612e-25
-1.39817000437337e-25
-6.18922233789803e-25
-1.09367771962092e-24
-1.73898475348105e-24
-2.35257590139803e-24
-2.71344332030779e-24
-2.55642917087658e-24
-1.91884178906593e-24
-8.32453117065705e-25
-6.52621363787494e-26
-5.03107963588873e-25
-1.16302621730019e-24
-1.84493565511257e-24
-2.33399308676687e-24
-2.74068833737051e-24
-2.58317801531064e-24
-1.88018830603128e-24
-7.77934158739266e-25
-9.56294401913083e-26
-5.08224928186425e-25
-1.09989362810197e-24
-1.76179268539769e-24
-2.27076134269563e-24
-2.5601447524893e-24
-2.52323886970601e-24
-1.88990506635579e-24
-7.74160119386541e-25
-4.86237773271102e-26
-4.49486425189037e-25
-9.81782416511768e-25
-1.62230594541267e-24
-2.17679699436216e-24
-2.44694617979541e-24
-2.42340957882882e-24
-1.85976772858898e-24
-7.6936775272444e-25
-6.53472477026661e-26
-4.10273684459125e-25
-1.01716999081523e-24
-1.70248345060728e-24
-2.16064217479457e-24
-2.33523525808594e-24
-2.4188254356025e-24
-1.87532595656738e-24
-7.8697022810061e-25
-9.85182736564629e-26
-5.20029971112695e-25
-1.05500549146023e-24
-1.60108606081487e-24
-2.20491915585461e-24
-2.40323752323912e-24
-2.3719917753908e-24
-1.76831230440662e-24
-6.92586055464501e-25
-9.7104737638374e-26
-5.04959363378583e-25
-9.74690507057471e-25
-1.52893550172361e-24
-2.06233189537565e-24
-2.36984459600059e-24
-2.23546832697494e-24
-1.71399239331957e-24
-7.39358215666691e-25
-4.01859266293456e-26
-4.17001584966395e-25
-9.76451841583302e-25
-1.55255830691991e-24
-2.04406303846801e-24
-2.45741737300147e-24
-2.2995409716825e-24
-1.68967087066367e-24
-6.74447594483428e-25
-1.33113477579549e-25
-4.7153940836188e-25
-1.03412190137633e-24
-1.60806018866455e-24
-2.12209684182309e-24
-2.38522028647875e-24
-2.42936391309858e-24
-1.86349037262034e-24
-7.06756726184416e-25
-7.50848419486709e-26
-4.71056384168865e-25
-9.93110990624745e-25
-1.58753625298232e-24
-2.05178009641876e-24
-2.35776362163486e-24
-2.34759140561429e-24
-1.77224857000779e-24
-7.04516965289499e-25
-8.35739764416536e-26
-5.07784046548426e-25
-9.24056305654064e-25
-1.51815958472349e-24
-2.05022495038275e-24
-2.24645217877522e-24
-2.30146650895472e-24
-1.74113226082964e-24
-7.49965658589356e-25
-6.29509162844904e-26
-4.20916763343706e-25
-8.81665092140398e-25
-1.54371339943625e-24
-2.03701742168427e-24
-2.26374817508909e-24
-2.230133995109e-24
-1.74157591132523e-24
-7.32897081357237e-25
-1.44976169853726e-25
-5.12049775764611e-25
-9.68207994677199e-25
-1.52931592823086e-24
-1.98043618584337e-24
-2.2529652788197e-24
-2.08506266791549e-24
-1.61647777866415e-24
-7.29601920455186e-25
-1.18078714339133e-25
-4.1086362041824e-25
-9.94562418598856e-25
-1.49023337403898e-24
-1.99277307694827e-24
-2.21024087263762e-24
-2.19249029425921e-24
-1.70129140865312e-24
-6.82922404012151e-25
-1.31101978798105e-25
-4.81050576236655e-25
-1.03215359395356e-24
-1.44910066854088e-24
-1.95795222415388e-24
-2.14941245843836e-24
-2.11047139902218e-24
-1.60262612382713e-24
-6.13087475813926e-25
3.96351350384093e-27
-4.54041684084827e-25
-9.26246177108961e-25
-1.40139082152363e-24
-1.8447028502599e-24
-2.153366504647e-24
-2.01737673305266e-24
-1.56078929551959e-24
-6.3476339618546e-25
-4.93346393745705e-26
-3.97114922481556e-25
-9.20740533143127e-25
-1.39334270050291e-24
-1.77403636386339e-24
-2.02375063931503e-24
-1.99418408251923e-24
-1.49784412540468e-24
-6.21934282750644e-25
-2.74184463667004e-27
-4.50073488876955e-25
-8.74657043564834e-25
-1.33147555077648e-24
-1.8006652674555e-24
-2.08739696779899e-24
-2.00241028481897e-24
-1.54171764548203e-24
-6.13762998782953e-25
-2.18444883082869e-26
-3.95866634272822e-25
-8.37082965392635e-25
-1.30312409313328e-24
-1.73221550083374e-24
-2.0802802205109e-24
-2.03837491325441e-24
-1.63299984185332e-24
-6.64343912245598e-25
-2.49050962116662e-26
-4.38572154859461e-25
-8.43266226407208e-25
-1.28270257571297e-24
-1.71750034183221e-24
-1.96637904808333e-24
-1.98445742902884e-24
-1.52083944267639e-24
-5.69539446838422e-25
-1.23527259805002e-25
-4.03824967767386e-25
-7.92108687923252e-25
-1.22811057710646e-24
-1.73145449268769e-24
-1.903469238156e-24
-1.90798471395526e-24
-1.45618196097394e-24
-5.9527995294417e-25
-1.20117218238999e-25
-4.14544697506753e-25
-7.44832354965361e-25
-1.19109577455373e-24
-1.58402626997188e-24
-1.83286949459902e-24
-1.7850219615134e-24
-1.37174404720069e-24
-5.54244135928058e-25
2.94645189678543e-28
-3.29442329241933e-25
-7.35883382531107e-25
-1.15692984113907e-24
-1.56848173104641e-24
-1.77016643760004e-24
-1.74538694669338e-24
-1.32470022558222e-24
-6.08533948665781e-25
-7.82487044644599e-26
-4.11396721549717e-25
-8.17437586383775e-25
-1.20992859138201e-24
-1.57956409853977e-24
-1.80074794857683e-24
-1.69220078716936e-24
-1.25658354133652e-24
-5.80563449943971e-25
-5.61427241227216e-26
-3.9120778706272e-25
-8.03379749483068e-25
-1.19786553909458e-24
-1.56074973432225e-24
-1.78860074639717e-24
-1.73523682479894e-24
-1.26916539939944e-24
-6.03931237307963e-25
-1.27206584105534e-25
-4.26723980928224e-25
-8.52569101392392e-25
-1.31161415925991e-24
-1.73126771345202e-24
-1.91678916667352e-24
-1.83722746059303e-24
-1.35967881851436e-24
-5.52440978488735e-25
-9.09206499593455e-26
-4.29814046177688e-25
-8.06607268066524e-25
-1.25238422364523e-24
-1.63418591810063e-24
-1.7907838857891e-24
-1.68944684209853e-24
-1.2909981209794e-24
-5.46132478636818e-25
-4.17048408394758e-26
-3.61333521585139e-25
-7.61470251585162e-25
-1.13916966568331e-24
-1.47620366948333e-24
-1.68276840914069e-24
-1.65641224622204e-24
-1.27417566885066e-24
-5.44096387488537e-25
-2.73478479745222e-26
-3.89499798145662e-25
-7.1949375575976e-25
-1.1272707497252e-24
-1.47128331217802e-24
-1.68715278485192e-24
-1.63211160857463e-24
-1.21521796065328e-24
-5.2128245785066e-25
-1.311617692233e-25
-4.2948039615311e-25
-8.58093529200819e-25
-1.2686625747831e-24
-1.58016452182829e-24
-1.79076996375242e-24
-1.66177214481596e-24
-1.2453249428772e-24
-5.26039675429828e-25
-1.09971368033442e-25
-4.1284052153978e-25
-7.91169444712741e-25
-1.17859967569631e-24
-1.48677653966322e-24
-1.64716068171393e-24
-1.59867803524652e-24
-1.19813647337443e-24
-4.89645515534002e-25
-1.04741485910881e-25
-4.59538996056393e-25
-8.15959430427331e-25
-1.22836976189943e-24
-1.51955016392882e-24
-1.70433014450154e-24
-1.57782221747472e-24
-1.10748077297097e-24
-4.757685675891e-25
-8.99833735807645e-26
-4.32906503806442e-25
-7.88568179438941e-25
-1.15953023977153e-24
-1.42327167523064e-24
-1.57344095400083e-24
-1.46552805424062e-24
-1.10692970837473e-24
-4.77833507215732e-25
-6.39211945300918e-26
-4.49539588689682e-25
-7.5562815395228e-25
-1.14704693771753e-24
-1.42153019909396e-24
-1.57072271797792e-24
-1.49008831500015e-24
-1.0855928085722e-24
-4.59866688605716e-25
-1.01210493163776e-25
-4.04651047681028e-25
-7.76883237237495e-25
-1.11580255948323e-24
-1.45141373741168e-24
-1.57467710038507e-24
-1.47368299752032e-24
-1.11060381876847e-24
-4.60626712079063e-25
-1.2739369694763e-25
-4.89779342768462e-25
-8.21137471982092e-25
-1.15980460298112e-24
-1.46175641105305e-24
-1.54602182823843e-24
-1.46538480915881e-24
-1.07333659370657e-24
-4.23961941822586e-25
-1.63277472470149e-25
-5.06851003644907e-25
-8.34904092402232e-25
-1.1127153720842e-24
-1.37137295929816e-24
-1.49194010262423e-24
-1.408109617436e-24
-1.03094659865976e-24
-4.00759653991054e-25
-1.24901073993253e-25
-4.81891911182436e-25
-8.54543796709878e-25
-1.14764134322439e-24
-1.42154320282946e-24
-1.54258868737774e-24
-1.39721854972753e-24
-1.02462969402574e-24
-4.41111405268233e-25
-1.72154180858207e-25
-5.32857769026495e-25
-8.73687319431463e-25
-1.21420169362564e-24
-1.41220126636473e-24
-1.48899251100439e-24
-1.35328981083976e-24
-9.62527511042062e-25
-3.85420975369999e-25
-2.06126498648498e-25
-5.87476360571298e-25
-9.9967462744815e-25
-1.25192145473057e-24
-1.44715101816775e-24
-1.49505938856155e-24
-1.36494954579302e-24
-9.79014878204289e-25
-3.71135873140465e-25
-2.22667775708952e-25
-7.31735903888407e-25
-1.09172468186008e-24
-1.39856740015701e-24
-1.52699498156553e-24
-1.53293261190532e-24
-1.383819990255e-24
-9.25426080495065e-25
-3.77883786016361e-25
-2.37346773144952e-25
-7.76729457864805e-25
-1.12904002395918e-24
-1.44936898984321e-24
-1.55746986850915e-24
-1.52962122740767e-24
-1.33235211859058e-24
-9.51421185682027e-25
-3.5332717005506e-25
-3.06406734685032e-25
-8.18934154297314e-25
-1.28398731955591e-24
-1.53921943257448e-24
-1.66581092172254e-24
-1.59042063729806e-24
-1.32591564813719e-24
-9.15899305482865e-25
-3.6817881248703e-25
-3.4367038005156e-25
-8.77337905479522e-25
-1.26303580464382e-24
-1.51166022078325e-24
-1.59730969041631e-24
-1.50533224209015e-24
-1.23092895201842e-24
-8.50637417647761e-25
-3.38098194042788e-25
-3.38206933232201e-25
-8.90829391191337e-25
-1.28861825043831e-24
-1.5222888908112e-24
-1.59709608543418e-24
-1.43793913166555e-24
-1.16367873601865e-24
-7.79957254629931e-25
-2.55672657193085e-25
-3.67493673847666e-25
-9.38864332586602e-25
-1.37894776983136e-24
-1.60327381409908e-24
-1.6457948593566e-24
-1.52013644161719e-24
-1.21048230773005e-24
-7.88260368017194e-25
-2.62708840621879e-25
-3.65496060295803e-25
-9.74740283551207e-25
-1.35873317081635e-24
-1.54855725320409e-24
-1.5774284855791e-24
-1.44044819815923e-24
-1.13644546150157e-24
-6.95588309252501e-25
-2.33745652031182e-25
-3.73492036648801e-25
-9.63360686285469e-25
-1.34460742970392e-24
-1.53730415574496e-24
-1.45954516734691e-24
-1.31369532383265e-24
-1.01341658563847e-24
-6.45325589322176e-25
-2.18923239425585e-25
-3.76081156178628e-25
-9.53314193735729e-25
-1.31740690784894e-24
-1.44207414344371e-24
-1.38198497122398e-24
-1.23510195732153e-24
-9.59164876920684e-25
-5.83295650062956e-25
-1.63334126846305e-25
-3.7439744938262e-25
-9.22450552239648e-25
-1.22580806227851e-24
-1.34458487875649e-24
-1.25939639195071e-24
-1.05346325396085e-24
-7.67124373549213e-25
-4.59195947585802e-25
-1.48448101442809e-25
-3.54927160061402e-25
-8.36991352608362e-25
-1.14625574757239e-24
-1.24754011231059e-24
-1.14458858563666e-24
-9.44135306243193e-25
-6.82015088044281e-25
-4.1828851775277e-25
-1.37402484478215e-25
-3.18088038313736e-25
-7.28358378741164e-25
-9.65690364016892e-25
-1.02332884419625e-24
-9.35264509781665e-25
-7.29717715182631e-25
-5.08261769076358e-25
-2.86696111103541e-25
-6.60857316117341e-26
-2.63819180865626e-25
-6.09011989153148e-25
-8.08705525263669e-25
-8.05615981840893e-25
-7.17079444699978e-25
-5.71089381181665e-25
-3.80660719320816e-25
-1.96467921026006e-25
-3.9138437915764e-26
-2.42106263493905e-25
-5.58087416814616e-25
-7.18462211213347e-25
-7.00481934878056e-25
-5.84918722736822e-25
-4.45676406454188e-25
-2.57643800275428e-25
-1.22482833433028e-25
-2.60160159914136e-27
-1.92868757219854e-25
-3.75261696536856e-25
-4.53106446534573e-25
-4.57657282740109e-25
-3.46664077298737e-25
-1.54257000598517e-25
-4.49842228602886e-26
4.2426961694705e-26
5.97526516435582e-26
-1.45513854265993e-25
-2.9194254479563e-25
-2.87479787922219e-25
-2.37024952191214e-25
-1.04886708387017e-25
5.30127981134034e-26
1.56595984692746e-25
1.62631780036831e-25
1.07101313096253e-25
-1.22779692746165e-25
-1.58237493631762e-25
-2.10455334435179e-25
-1.04234236869767e-25
4.44123095018023e-26
1.67299323984664e-25
2.56395193555424e-25
2.27045213072343e-25
1.33480540400441e-25
-8.16663308225777e-26
-9.60542330598558e-26
-3.74560094931869e-26
1.13441520077394e-25
2.40305945277912e-25
3.71558469343054e-25
4.31808485222315e-25
3.17761496916869e-25
1.44351085548864e-25
-4.83170782055319e-26
6.38948723276115e-27
1.1000447390085e-25
2.27333404337838e-25
3.68099546757223e-25
4.88890753605783e-25
4.96432697801592e-25
3.85951384960063e-25
1.79477539133226e-25
-1.85696984969518e-27
1.2727111691943e-25
2.68524703210353e-25
4.40273334297197e-25
5.92966348720058e-25
7.02155687546617e-25
6.82420852830511e-25
4.94333697292437e-25
2.42221184251713e-25
3.38531262583561e-26
2.04853013273811e-25
3.75321774762872e-25
5.25730050244916e-25
6.76741297564247e-25
7.66614777544291e-25
7.57441931217684e-25
5.44975603072503e-25
2.39961227652597e-25
7.542448724814e-26
2.5840847130032e-25
4.73616145113213e-25
6.78918784464848e-25
8.4983789139225e-25
9.23614917392393e-25
8.62111399119894e-25
6.29810024222467e-25
2.59871467664762e-25
6.23090988849431e-26
2.93493104375653e-25
5.19518325712277e-25
7.43684844291586e-25
9.45973189770793e-25
1.01470110852957e-24
9.63336262204182e-25
7.01062671644619e-25
2.76223646684644e-25
8.43595005869348e-26
3.26013319156935e-25
5.9751506295981e-25
8.15127909413438e-25
1.0095254246033e-24
1.07163011947963e-24
1.02367902531261e-24
7.48880029337953e-25
3.22620329261404e-25
5.82097636094137e-26
3.21563798567398e-25
6.00879056743618e-25
8.39105000655301e-25
1.04831638755998e-24
1.11947770950868e-24
1.06399510347918e-24
7.54513926307372e-25
3.0298621072215e-25
7.66414875958643e-26
3.39483534863825e-25
5.65621581932908e-25
7.95343460447721e-25
9.73370823641487e-25
1.06122786617584e-24
9.89111083811761e-25
6.94441726980215e-25
3.06023564188582e-25
2.47104227793241e-26
2.82504094315219e-26
4.53000772691337e-26
5.55049259026589e-26
3.54369230168023e-26
4.15891927539022e-26
4.69792508308506e-26
3.4392261215913e-26
6.59483800734314e-27
2.06098557204473e-26
5.98076787805832e-26
8.83926042372388e-26
6.56681655930457e-26
4.28807522431068e-26
3.45825441369651e-26
4.67556815878471e-26
-1.01264267123182e-26
-3.91746753441901e-27
3.61661713080283e-27
6.16926902040545e-27
-8.07707965166295e-27
-5.56663942046363e-28
-3.4039533680298e-27
1.73833097592205e-27
2.30144771675052e-26
7.87697395354447e-27
7.31402723001633e-27
-1.46345791989787e-26
1.58885292899586e-26
2.49206352185203e-26
-1.10708057982016e-26
-3.0273037938932e-26
-1.38204717178082e-26
1.07499591310649e-26
-5.23642455451188e-27
-6.2062982808451e-27
8.66235959332653e-27
-1.1010316368499e-26
-7.61376123071285e-27
-1.94098434548939e-26
-1.97734442970238e-26
6.80812558163028e-27
2.46059393425811e-26
-7.95720758074623e-27
-2.41710202761437e-26
-3.42906735657039e-27
-8.90563823735433e-27
-1.48816296044393e-26
-9.5076975937499e-27
-2.40300454482857e-26
-3.0761429876563e-26
2.30096558240644e-28
-1.38475454685099e-26
1.22232496601151e-26
-3.18912065888989e-26
-3.57437419144911e-26
-4.79002214480067e-26
-5.08886820907238e-26
-3.23144071439326e-26
-3.38612782489724e-26
-2.69415221122092e-26
-4.6698600498257e-27
6.77945620179723e-27
-2.89479411978558e-26
-5.78293722776776e-26
-5.7880857934268e-26
-3.09328682946605e-26
-4.4818718430551e-26
-3.25637746460884e-26
7.85014230267126e-27
-3.20134077877398e-27
-2.05331520080357e-27
1.08957492533052e-26
-1.52526187849102e-26
-3.75470845991597e-26
-2.72851612357048e-26
-3.72009517137732e-26
-2.51304460633581e-26
-3.10642867264794e-26
-1.99218329183236e-26
-2.50434132896258e-27
-1.81527236699452e-26
-3.04828057482327e-26
-8.24489510038822e-26
-8.5656204967611e-26
-5.80252569999758e-26
-9.58303997515938e-28
-6.31460038722315e-27
-1.82204138206451e-26
-1.21454742763884e-26
-2.47723272585082e-26
-3.73654653353076e-26
-4.18622947715104e-26
-2.2547364277483e-26
-5.85119660239916e-27
-1.59336591352776e-26
-8.1006085589134e-27
6.32241624886253e-27
2.03449144785432e-27
-3.02285528461744e-26
-4.79245831857118e-26
-2.77798974643001e-26
-1.71321573691809e-26
-2.46804426365368e-26
-2.18627378418381e-26
-3.12976747864051e-26
-1.31872250113951e-26
-5.05290425795351e-27
-3.43188192200411e-26
-4.12644257391529e-26
-8.31763815856246e-27
-1.17961410035385e-26
-6.3537200374956e-26
-2.98676654040206e-26
-9.27432334914856e-27
-7.92693968095015e-27
-1.58785001114118e-26
-7.98044754453593e-27
-5.18908154308191e-27
-6.3515117773918e-27
-3.47489242751486e-26
-3.26620382276766e-26
-1.13873405007143e-26
1.35850745917044e-26
-1.83577635279748e-26
-5.82281721173016e-27
)
;
    }
    front
    {
        type            wedge;
        value           nonuniform List<scalar> 
900
(
-1.48976822244325e-25
-4.27534246088773e-25
-9.21466567893673e-25
-1.68867639529626e-24
-2.1228168090028e-24
-2.44513036839736e-24
-2.43157105487511e-24
-1.91908414900448e-24
-8.76282377016749e-25
-8.64185507795922e-27
-4.47612847897187e-25
-1.1713623424876e-24
-1.668351889869e-24
-2.23822086683559e-24
-2.61868917052742e-24
-2.72793890923985e-24
-2.09582744649112e-24
-9.56466963442012e-25
-9.33742510065438e-26
-6.02196791218394e-25
-1.20493272096301e-24
-1.9941300402361e-24
-2.5956966812434e-24
-2.93378925817936e-24
-2.89959697604538e-24
-2.2753168184993e-24
-1.01684301680011e-24
-1.13241136234362e-25
-5.84351835124297e-25
-1.20184405447489e-24
-1.93125521909254e-24
-2.66616338908055e-24
-3.05310950249896e-24
-2.98065924844991e-24
-2.31413477456053e-24
-1.06644441998476e-24
-1.1955726857359e-25
-6.05925556944597e-25
-1.23946327404534e-24
-1.98982445808622e-24
-2.7318761133018e-24
-3.14861737041305e-24
-3.01989799075006e-24
-2.31063939596413e-24
-1.04864082134987e-24
-6.3209258099501e-26
-4.78299473711296e-25
-1.18317143382696e-24
-1.95517757838151e-24
-2.77090136401897e-24
-3.09157302576818e-24
-3.10020601275413e-24
-2.3951919159226e-24
-9.30466917541775e-25
-9.38171665620311e-26
-6.2795407848967e-25
-1.28215472639982e-24
-2.03425871824944e-24
-2.58804634960262e-24
-3.05628396825766e-24
-3.04643139245976e-24
-2.29505946057918e-24
-9.92683639396407e-25
-1.33501162988028e-25
-6.87005090667202e-25
-1.34541946616739e-24
-2.07306273710702e-24
-2.74046840457055e-24
-3.03911880387167e-24
-2.94785125367916e-24
-2.35191582542505e-24
-1.02482051646511e-24
-1.26986191884623e-25
-6.07599872260493e-25
-1.19997348959884e-24
-2.10393254265536e-24
-2.58783696301485e-24
-3.04477601866768e-24
-2.93006928666724e-24
-2.19970772522229e-24
-8.72796846171848e-25
-1.21107806633752e-25
-5.04706865262709e-25
-1.23365455616539e-24
-1.98205023347549e-24
-2.58418663123463e-24
-2.97366879913014e-24
-2.90240694735897e-24
-2.11725890448977e-24
-8.17187560769215e-25
-1.38690416153277e-25
-5.26529977200182e-25
-1.19171342100578e-24
-1.98034924864482e-24
-2.58456158870678e-24
-2.9821612846222e-24
-2.78582355985881e-24
-2.21476738534643e-24
-8.648048617765e-25
-1.10304746985143e-25
-6.20272578251816e-25
-1.18570820396225e-24
-2.02446811486784e-24
-2.63844334542609e-24
-3.04143509267465e-24
-2.87619804727807e-24
-2.10904834616933e-24
-9.38250074566115e-25
-2.03177704210763e-26
-5.27025112923224e-25
-1.17767882072569e-24
-1.90922719966324e-24
-2.5794880205792e-24
-2.96391529565828e-24
-2.8584623550814e-24
-2.16145303219868e-24
-9.49335586404909e-25
-1.43911530296854e-25
-5.6096344432171e-25
-1.2642165068613e-24
-2.05169911239201e-24
-2.49802817435296e-24
-2.84788990920643e-24
-2.87976980111025e-24
-2.20705097624996e-24
-9.91082032600625e-25
-5.74908790405956e-26
-5.09267674658636e-25
-1.21351579008421e-24
-2.00488107873547e-24
-2.53974716268736e-24
-2.82181109613725e-24
-2.88792176941933e-24
-2.19100159248665e-24
-8.73713924017663e-25
-9.30457580090591e-26
-5.35930635387591e-25
-1.13562165285657e-24
-1.92025983376125e-24
-2.45127338454163e-24
-2.87122526482086e-24
-2.72348052860429e-24
-2.09842235728283e-24
-8.17702908442888e-25
-3.48264465077559e-26
-5.46337834226724e-25
-1.1858603802359e-24
-1.85658811523838e-24
-2.40053363457248e-24
-2.82555515119567e-24
-2.65714953264515e-24
-2.03834898845897e-24
-8.4406668265275e-25
-6.4342212038462e-26
-5.80311893333348e-25
-1.16252283659512e-24
-1.79244036790175e-24
-2.41106094032818e-24
-2.71432632987335e-24
-2.60834992043437e-24
-2.06273472907967e-24
-8.62376289287417e-25
-1.29637380854803e-25
-6.20501018458171e-25
-1.07965684165311e-24
-1.71070708526986e-24
-2.27518570777668e-24
-2.76728600541393e-24
-2.63777098427877e-24
-2.07967320928521e-24
-7.79228387958273e-25
-1.11184015783978e-25
-4.97232177510577e-25
-1.02723901055778e-24
-1.79192752811117e-24
-2.30893359320016e-24
-2.75606704384897e-24
-2.62034110582619e-24
-1.99268259424072e-24
-8.22651394261538e-25
-1.46647444232442e-25
-5.55233863569456e-25
-1.13653289978996e-24
-1.67255756467579e-24
-2.25733469209262e-24
-2.74106163511471e-24
-2.59876681031462e-24
-1.87207955565402e-24
-7.78535927522334e-25
-8.85243252925253e-26
-5.49776072342828e-25
-1.12845166025431e-24
-1.79367457391289e-24
-2.33886571819579e-24
-2.72946046500177e-24
-2.54423924358392e-24
-1.86021185656985e-24
-7.62052757433666e-25
-1.15330452441243e-25
-5.43635982858201e-25
-1.08077472741521e-24
-1.75036404978026e-24
-2.27429543947295e-24
-2.57029141455575e-24
-2.54379856606267e-24
-1.86240971527794e-24
-8.40470647408341e-25
-1.60359314960259e-25
-5.89947842398523e-25
-1.17671794935504e-24
-1.83785381026923e-24
-2.29512641492492e-24
-2.66314077482198e-24
-2.54184433353492e-24
-1.92780804847843e-24
-8.32736277427204e-25
-8.61325980279388e-26
-5.45907522807457e-25
-1.12352106289873e-24
-1.78977610320529e-24
-2.23117092188839e-24
-2.52247328878085e-24
-2.49822968991529e-24
-1.85453430172254e-24
-8.16440819357224e-25
-9.98965576513553e-26
-5.13731984599653e-25
-1.12218953425799e-24
-1.65788455605186e-24
-2.20590278035563e-24
-2.48955659222384e-24
-2.34443329108245e-24
-1.89422712307453e-24
-7.80954245235582e-25
-6.54713870621396e-26
-4.75922445870287e-25
-1.08699629762745e-24
-1.64655850914207e-24
-2.15978231625522e-24
-2.54930558788484e-24
-2.46834662073763e-24
-1.86917270525475e-24
-7.54773403617588e-25
-1.26114924076554e-25
-4.73095633117004e-25
-1.05516839178582e-24
-1.62299017780695e-24
-2.075183754538e-24
-2.44924218813707e-24
-2.30965232131045e-24
-1.68238268626423e-24
-6.93452543108351e-25
-1.5068634421538e-25
-4.57223089452933e-25
-9.79625762057769e-25
-1.55550703465934e-24
-2.11856785083389e-24
-2.39494175910305e-24
-2.28254802087431e-24
-1.81143050406361e-24
-7.26624042651009e-25
-1.0892544667473e-25
-5.34061187210572e-25
-9.94487449327013e-25
-1.55603175122093e-24
-1.96033550407786e-24
-2.32316622045831e-24
-2.31937851812544e-24
-1.75599891215996e-24
-7.40034402350076e-25
-7.74025765769241e-26
-4.76642464035563e-25
-9.50898059307851e-25
-1.57407663022907e-24
-2.02265369507429e-24
-2.2876088397152e-24
-2.24048675034598e-24
-1.80418940908212e-24
-7.38045444800083e-25
-4.56722824582556e-26
-4.82060442082251e-25
-9.73083146436859e-25
-1.56628473420852e-24
-1.99858695286658e-24
-2.26213530198531e-24
-2.15943833626445e-24
-1.67514126620132e-24
-6.99348603953792e-25
-1.00456618897657e-25
-4.52260648972921e-25
-9.51852591784332e-25
-1.50971520040454e-24
-1.98479469824857e-24
-2.20389812705438e-24
-2.12132697949354e-24
-1.57559527851212e-24
-6.76497378880246e-25
-1.60936098239635e-26
-4.20520951422645e-25
-9.27119791095031e-25
-1.44491935738937e-24
-1.94700907955445e-24
-2.14875009181461e-24
-2.03831336697083e-24
-1.57515840062617e-24
-6.76396011048712e-25
-1.03865417139259e-25
-3.28063862981497e-25
-8.43889104524816e-25
-1.3625317036821e-24
-1.87488581455945e-24
-2.14244523888427e-24
-2.13747878958206e-24
-1.66297665812414e-24
-6.94766878762207e-25
-1.34167998264205e-26
-4.48592628462834e-25
-8.92816659979752e-25
-1.42296522021985e-24
-1.8892171053255e-24
-2.14933800571155e-24
-2.07380529285239e-24
-1.58946072523123e-24
-6.81111880807357e-25
-7.37178235618352e-26
-4.49137402237731e-25
-1.00352226756759e-24
-1.45880768061634e-24
-1.91091281085053e-24
-2.19142271564737e-24
-2.07491963367464e-24
-1.57659168676725e-24
-6.10273311220093e-25
1.24503476463235e-27
-4.13199703870193e-25
-9.27010498008034e-25
-1.37613565803288e-24
-1.82099970282386e-24
-2.05577558888193e-24
-2.0213915521284e-24
-1.49405557632657e-24
-6.43314576517394e-25
-8.02841440614452e-26
-4.43597740051089e-25
-9.43772148027046e-25
-1.42660296197839e-24
-1.79271344831164e-24
-2.02376018067941e-24
-1.93740830684961e-24
-1.48434990300265e-24
-6.68621004307388e-25
-8.08033078451333e-26
-4.78834307696287e-25
-9.0981228133936e-25
-1.38099114570737e-24
-1.83496193172275e-24
-1.95213152372396e-24
-1.99981806888254e-24
-1.48968890320438e-24
-6.25840845895119e-25
-1.09552243264444e-25
-4.04621681127925e-25
-9.13569403412157e-25
-1.33110376094342e-24
-1.81013748604866e-24
-1.95284623859213e-24
-1.98180061257092e-24
-1.48678545379549e-24
-6.03381120946528e-25
-1.30283575864234e-25
-4.68629320214882e-25
-8.87894904488267e-25
-1.38733487014183e-24
-1.80212899828167e-24
-2.08292528109951e-24
-2.03797965462658e-24
-1.517323594106e-24
-6.21997983960366e-25
-5.58856482045089e-26
-5.08399950339695e-25
-9.17489492448481e-25
-1.4044851738784e-24
-1.8488797252353e-24
-2.04793817014666e-24
-2.00877829261066e-24
-1.44547868063e-24
-6.40787505848489e-25
-1.20836981040201e-25
-4.22158979304547e-25
-8.96594341310151e-25
-1.32179133361766e-24
-1.76269375440991e-24
-2.0063176131693e-24
-1.87429516547517e-24
-1.45268576810368e-24
-6.31592042300838e-25
-3.81313681712484e-26
-4.929684325441e-25
-8.8660060408479e-25
-1.30992197191868e-24
-1.66935318416903e-24
-1.91718568842112e-24
-1.79517400057398e-24
-1.35891619421316e-24
-6.18807087617981e-25
-1.14536235916266e-25
-3.8906550700635e-25
-7.86060639480018e-25
-1.19134137785932e-24
-1.49896201262136e-24
-1.77693338948926e-24
-1.71811750474918e-24
-1.29234340033839e-24
-5.37546587883687e-25
-6.71139351237712e-26
-4.08465387296612e-25
-7.48350130564262e-25
-1.23763331913714e-24
-1.61416062333948e-24
-1.77750240876135e-24
-1.69388224561228e-24
-1.3291021643779e-24
-5.31486431060865e-25
-8.40099902943969e-26
-4.29709557152244e-25
-8.57156572096173e-25
-1.27415020923068e-24
-1.61884635132935e-24
-1.8002576775185e-24
-1.69714078157399e-24
-1.3231317838194e-24
-5.26376198054051e-25
-9.5371899118053e-26
-4.80312321460948e-25
-9.14029735140798e-25
-1.26325396437657e-24
-1.64688088410217e-24
-1.7811036060698e-24
-1.67963678623562e-24
-1.28067724186082e-24
-5.14519152438777e-25
-5.99939112667136e-26
-3.95620544766935e-25
-7.93831549889089e-25
-1.12938267839279e-24
-1.52461523266806e-24
-1.68175601831374e-24
-1.61677908087894e-24
-1.17512957259611e-24
-5.3888235520442e-25
-1.0165916923679e-25
-4.64572168742542e-25
-8.33029868283687e-25
-1.22473463212688e-24
-1.48375508604758e-24
-1.67905065878125e-24
-1.61085340517642e-24
-1.17146522238199e-24
-4.94970021849909e-25
-8.84518336270367e-26
-4.20523542251326e-25
-7.4930646420899e-25
-1.14242795564739e-24
-1.44768177999425e-24
-1.65405118330595e-24
-1.53024275532226e-24
-1.12188814427156e-24
-4.86615910197301e-25
-1.17503170659459e-25
-4.14853827284288e-25
-8.09956698925569e-25
-1.21031664295525e-24
-1.48088479364089e-24
-1.638850541511e-24
-1.54408104654579e-24
-1.11494528477249e-24
-4.93998771579924e-25
-8.68850332210263e-26
-4.50438449471121e-25
-7.79293859220395e-25
-1.17153711940741e-24
-1.45686019018399e-24
-1.64349431766832e-24
-1.53470132274874e-24
-1.15810268272296e-24
-4.90932206797468e-25
-9.71361257369743e-26
-4.49815515879974e-25
-8.288205362264e-25
-1.12883008946066e-24
-1.44096694418405e-24
-1.53783702900004e-24
-1.47791511898855e-24
-1.10904150648739e-24
-4.28178583843718e-25
-1.34886894132337e-25
-4.73366156401595e-25
-7.76963935195684e-25
-1.09329298784507e-24
-1.3525810034819e-24
-1.48491209009685e-24
-1.37464098835279e-24
-1.05100759326746e-24
-4.06538425617846e-25
-1.31976448244833e-25
-5.25105746327792e-25
-8.47005273432958e-25
-1.20768522977134e-24
-1.46061580985574e-24
-1.5287399351024e-24
-1.43632147612653e-24
-1.03368225602972e-24
-4.32975398309726e-25
-1.39738419930198e-25
-5.06305518722842e-25
-8.60501074676696e-25
-1.18577097076492e-24
-1.41765483859278e-24
-1.50433127300822e-24
-1.3814203795976e-24
-1.0063540967983e-24
-3.95759379611272e-25
-1.73194107650136e-25
-5.78937105190767e-25
-9.48402659695192e-25
-1.2694831145106e-24
-1.44753137588718e-24
-1.56036196610977e-24
-1.37594972663361e-24
-9.79618407487982e-25
-4.36775814906167e-25
-2.3694362017675e-25
-6.59140345779817e-25
-1.05409119701528e-24
-1.31906147465941e-24
-1.50025247292951e-24
-1.51970651440522e-24
-1.3867599720801e-24
-9.52923596305543e-25
-3.52813815986043e-25
-2.84621087846745e-25
-7.40404344739142e-25
-1.06954003129932e-24
-1.43781369926127e-24
-1.56548845781567e-24
-1.51395227137301e-24
-1.3511095306787e-24
-9.52576265993195e-25
-3.74949535806853e-25
-2.84947644946248e-25
-7.78888923619678e-25
-1.21153879922735e-24
-1.48340523692602e-24
-1.58200446348101e-24
-1.53709331769227e-24
-1.37116697658235e-24
-9.42057336374288e-25
-3.60997504959277e-25
-2.97096578248615e-25
-7.93860282263083e-25
-1.22338858248874e-24
-1.49574673663514e-24
-1.56183204770234e-24
-1.49765888076828e-24
-1.2714868641042e-24
-8.86697148110577e-25
-3.39318694019332e-25
-3.5593682021379e-25
-8.75413549869963e-25
-1.30575009945621e-24
-1.5822375889256e-24
-1.66498800110028e-24
-1.57485977669746e-24
-1.31030373636332e-24
-8.9877945744897e-25
-3.35456131798764e-25
-3.71891443858931e-25
-9.62583204683367e-25
-1.40000541966053e-24
-1.66578694760883e-24
-1.7154518083015e-24
-1.60414530321531e-24
-1.30612801733568e-24
-8.48393632954423e-25
-3.0305376316796e-25
-3.51927853092287e-25
-9.13037098739645e-25
-1.34966965191789e-24
-1.54205458376732e-24
-1.58596932502787e-24
-1.41499773948745e-24
-1.17108676071521e-24
-7.64744315896046e-25
-2.6371873594733e-25
-3.64639569814698e-25
-9.71359784433787e-25
-1.36295363536006e-24
-1.53594072542798e-24
-1.53812707604213e-24
-1.39884887546318e-24
-1.12223974569426e-24
-7.18097681825863e-25
-2.43369450551936e-25
-3.62122598885149e-25
-9.42873656990223e-25
-1.32554382690211e-24
-1.47007558590202e-24
-1.44497720818864e-24
-1.34914206022469e-24
-1.02750925078878e-24
-6.16928263642752e-25
-2.22749757729415e-25
-3.7767367416904e-25
-9.16045701673255e-25
-1.25411420212414e-24
-1.40492761278842e-24
-1.36086242466629e-24
-1.2026928030735e-24
-9.2970721708699e-25
-5.57235384240995e-25
-1.7747966929238e-25
-3.61183552980824e-25
-8.54276865409602e-25
-1.18884664861473e-24
-1.33297796409305e-24
-1.25778693322249e-24
-1.08427794308949e-24
-8.18416478263364e-25
-5.0596875861591e-25
-1.7646576655484e-25
-3.29574219559068e-25
-7.62170399967467e-25
-1.0248361135469e-24
-1.16644286881382e-24
-1.11497964077824e-24
-8.89418951847677e-25
-6.84316245864169e-25
-4.07798026046217e-25
-1.28383460841218e-25
-3.06041201248323e-25
-7.08283197191942e-25
-9.52877517908978e-25
-1.00948544149826e-24
-9.69561753534424e-25
-8.11419754173683e-25
-5.82136501135279e-25
-3.26979435012676e-25
-1.03574341763173e-25
-2.86735679658566e-25
-6.15046197748599e-25
-8.5470529487661e-25
-8.41406685787192e-25
-7.5290377175636e-25
-6.47041967572891e-25
-4.33042811708089e-25
-2.08401539670496e-25
-3.96703262890116e-26
-2.01157975751869e-25
-4.93068217034077e-25
-6.21426847005889e-25
-5.99221604804582e-25
-5.3323941270761e-25
-3.66328216943205e-25
-2.1738195792277e-25
-6.48768120570179e-26
-2.7047400408601e-27
-1.98275520239064e-25
-4.40512940584614e-25
-5.48688035924583e-25
-5.05303165622054e-25
-3.97674404746646e-25
-2.21099720801456e-25
-1.1128041685669e-25
-1.00018563341973e-27
5.33478280041876e-26
-1.54153551949344e-25
-3.07817027195322e-25
-3.88702230854143e-25
-3.06692367634527e-25
-2.03987041398148e-25
-5.31124125644568e-26
4.25258574743011e-26
8.25029709298895e-26
4.88185118184382e-26
-9.61115024183318e-26
-1.54213048532199e-25
-1.5373184278369e-25
-7.41904221846854e-26
6.06805744254129e-26
1.52700717562712e-25
2.33048713734157e-25
1.95766926473544e-25
1.29666334893004e-25
-5.05640893071272e-26
-3.79597587811429e-26
1.24469602227028e-26
1.54684868378825e-25
2.31205510910568e-25
3.1252375631329e-25
3.76985010167026e-25
2.69861878944087e-25
1.3133282422056e-25
-3.48100288127502e-26
3.95274885086786e-26
1.66010008810008e-25
3.29003306664515e-25
4.6834799090618e-25
5.76901687867134e-25
5.63570448180888e-25
4.04667397153274e-25
2.11884644734042e-25
-4.72259094767039e-27
1.37733116047822e-25
2.5544390995996e-25
4.16097333793908e-25
5.54125899066359e-25
6.70798720504564e-25
6.19281508222427e-25
4.83827154680196e-25
2.40361386237229e-25
4.98477449493701e-26
2.15703745885446e-25
4.15765162694069e-25
5.54512581533769e-25
7.38599640849153e-25
8.37957940678544e-25
7.95344546846004e-25
6.21265749398817e-25
2.61735783396935e-25
4.88253298801316e-26
2.32524707900608e-25
4.57163561914148e-25
6.80643427127541e-25
8.60697767767667e-25
9.26888208271731e-25
9.03556945331439e-25
6.60206504603931e-25
2.57724523941282e-25
8.0359893306979e-26
3.09823463578792e-25
5.19966303416107e-25
7.54337991805826e-25
9.08740219838331e-25
1.00226603949061e-24
9.22845543321089e-25
6.8262761085529e-25
2.78741678273526e-25
7.14690964513851e-26
3.33918790699298e-25
6.17234110149767e-25
8.36002589589228e-25
1.01537588801178e-24
1.10105185020072e-24
1.01317120432376e-24
7.5699152382898e-25
3.08623477413614e-25
6.18778452507575e-26
3.22865985880012e-25
5.74638697350905e-25
8.5043088611992e-25
1.04411267552773e-24
1.136672567194e-24
1.07047614980218e-24
7.73782985571517e-25
3.16441389640879e-25
8.64627421954515e-26
3.26968451995038e-25
5.51141306951279e-25
7.56556748439369e-25
9.23807128505173e-25
1.0283090742275e-24
9.39329704429991e-25
6.793655874537e-25
2.81536108648814e-25
2.48211968457981e-26
3.62271364665935e-26
6.25044124643763e-26
8.63354871931505e-26
6.109184319483e-26
4.14101001596613e-26
6.07398111319901e-26
4.22459778588383e-26
1.25162607909221e-26
1.40667861945204e-26
2.71685887321569e-26
6.17691629818698e-26
4.9302755585041e-26
2.66614353101116e-26
3.47928791644357e-26
2.76722192305388e-26
-1.33446720103551e-26
-7.75014650773883e-27
4.83590573020087e-27
-8.79083990339376e-27
1.5897944800747e-27
-1.80291924216764e-27
2.04093559571829e-27
-3.12873276139893e-27
1.10471389358609e-26
1.03414960657107e-26
4.46010345716354e-27
-1.22201580002471e-26
7.7922521367024e-27
9.90992006872367e-27
-1.29471031587561e-26
-4.59121009167795e-26
-7.81180466260683e-27
-1.35826962720915e-26
6.7301309732585e-27
-2.60697175727908e-26
-5.41706483289644e-27
-2.40797691364615e-26
-2.9047841706026e-26
-3.8638548921728e-26
-2.27654524704221e-26
-1.78665009708776e-27
4.09657141540736e-27
7.46316862815858e-27
-4.90747435630022e-27
-6.43915817190283e-27
-2.88553284394232e-26
-3.82607720761025e-26
-2.31165048787146e-26
-3.79607182891628e-26
-4.40649011618325e-26
1.65276983736934e-27
-3.13494616907065e-26
5.93891764033102e-27
-3.72711674168334e-26
-1.58345124217422e-26
-3.03118589702473e-26
-2.63672696297448e-26
-9.63165355437235e-27
-2.55056739563564e-26
-3.45682889025931e-27
-2.09938577992356e-26
1.97816274862825e-26
-8.01376488062316e-27
-2.84863503810713e-26
-2.88279018942919e-26
-4.10893444345203e-26
-3.24840893456027e-26
-2.65640732842096e-26
1.90619507138209e-26
5.37047967859155e-28
-1.74932793454811e-26
4.14668442021506e-27
-5.97709881490869e-27
-4.18154149372212e-26
-3.45772708446159e-26
-3.87568589114829e-26
-3.60156290434155e-26
-3.03447785776494e-26
-3.2795801086938e-26
-1.19899505075328e-26
-1.76592921009834e-26
-3.26673226328177e-26
-5.50905512318781e-26
-4.46287821737027e-26
-5.90133560930776e-26
-6.36272380838434e-27
-5.26899360655226e-27
-2.61142318090953e-26
1.13372898891028e-26
-1.45710137628796e-26
-2.78337879681923e-26
-4.60689952231075e-26
-3.45065104110508e-26
-9.25373562489667e-27
-4.01802432074163e-26
-9.75503510684219e-27
-5.05400164712781e-28
1.36446929368145e-27
-4.23160163032056e-26
-3.68266009467469e-26
-4.54785614069101e-26
-1.82713649631058e-26
-3.70667775072627e-26
-1.97759928854471e-26
-1.97714810975805e-26
-5.88519288534678e-27
-1.15293838142179e-26
-4.4010558278795e-26
-2.9249563571571e-26
-2.95009740953171e-26
-2.108435425919e-26
-6.34833298054073e-26
-2.78767193654742e-26
-1.21509400129195e-26
-4.89747756618054e-27
4.04867789099056e-27
-2.33349023826312e-26
1.17876160800581e-26
-9.57372742117323e-27
-2.36204842542192e-26
-2.75593454733775e-26
-2.61633131760723e-27
1.38331281184193e-26
-5.80427530452289e-28
6.19365036246519e-27
)
;
    }
}


// ************************************************************************* //
