202
(
(0 -7.656407910477518e-06 3.3428598866363905e-07)
(0 -7.656407910477518e-06 3.3428598866363905e-07)
(0 -7.656407910477518e-06 3.3428598866363905e-07)
(0 -7.656407910477518e-06 3.3428598866363905e-07)
(0 -7.656407910477518e-06 3.3428598866363905e-07)
(0 -7.656407910477518e-06 3.3428598866363905e-07)
(0 -7.656407910477518e-06 3.3428598866363905e-07)
(0 -7.656407910477518e-06 3.3428598866363905e-07)
(0 -7.656407910477518e-06 3.3428598866363905e-07)
(0 -7.656407910477518e-06 3.3428598866363905e-07)
(0 -7.656407910477518e-06 3.3428598866363905e-07)
(0 -7.656407910477518e-06 3.3428598866363905e-07)
(0 -7.656407910477518e-06 3.3428598866363905e-07)
(0 -7.656407910477518e-06 3.3428598866363905e-07)
(0 -7.656407910477518e-06 3.3428598866363905e-07)
(0 -7.656407910477518e-06 3.3428598866363905e-07)
(0 -7.656407910477518e-06 3.3428598866363905e-07)
(0 -7.656407910477518e-06 3.3428598866363905e-07)
(0 -7.656407910477518e-06 3.3428598866363905e-07)
(0 -7.656407910477518e-06 3.3428598866363905e-07)
(0 -7.656407910477518e-06 3.3428598866363905e-07)
(0 -7.656407910477518e-06 3.3428598866363905e-07)
(0 -7.656407910477518e-06 3.3428598866363905e-07)
(0 -7.656407910477518e-06 3.3428598866363905e-07)
(0 -7.656407910477518e-06 3.3428598866363905e-07)
(0 -7.656407910477518e-06 3.3428598866363905e-07)
(0 -7.656407910477518e-06 3.3428598866363905e-07)
(0 -7.656407910477518e-06 3.3428598866363905e-07)
(0 -7.656407910477518e-06 3.3428598866363905e-07)
(0 -7.656407910477518e-06 3.3428598866363905e-07)
(0 -7.656407910477518e-06 3.3428598866363905e-07)
(0 -7.656407910477518e-06 3.3428598866363905e-07)
(0 -7.656407910477518e-06 3.3428598866363905e-07)
(0 -7.656407910477518e-06 3.3428598866363905e-07)
(0 -7.656407910477518e-06 3.3428598866363905e-07)
(0 -7.656407910477518e-06 3.3428598866363905e-07)
(0 -7.656407910477518e-06 3.3428598866363905e-07)
(0 -7.656407910477518e-06 3.3428598866363905e-07)
(0 -7.656407910477518e-06 3.3428598866363905e-07)
(0 -7.656407910477518e-06 3.3428598866363905e-07)
(0 -7.656407910477518e-06 3.3428598866363905e-07)
(0 -7.656407910477518e-06 3.3428598866363905e-07)
(0 -7.656407910477518e-06 3.3428598866363905e-07)
(0 -7.656407910477518e-06 3.3428598866363905e-07)
(0 -7.656407910477518e-06 3.3428598866363905e-07)
(0 -7.656407910477518e-06 3.3428598866363905e-07)
(0 -7.656407910477518e-06 3.3428598866363905e-07)
(0 -7.656407910477518e-06 3.3428598866363905e-07)
(0 -7.656407910477518e-06 3.3428598866363905e-07)
(0 -7.656407910477518e-06 3.3428598866363905e-07)
(0 -7.656407910477518e-06 3.3428598866363905e-07)
(0 -7.656407910477518e-06 3.3428598866363905e-07)
(0 -7.656407910477518e-06 3.3428598866363905e-07)
(0 -7.656407910477518e-06 3.3428598866363905e-07)
(0 -7.656407910477518e-06 3.3428598866363905e-07)
(0 -7.656407910477518e-06 3.3428598866363905e-07)
(0 -7.656407910477518e-06 3.3428598866363905e-07)
(0 -7.656407910477518e-06 3.3428598866363905e-07)
(0 -7.656407910477518e-06 3.3428598866363905e-07)
(0 -7.656407910477518e-06 3.3428598866363905e-07)
(0 -7.656407910477518e-06 3.3428598866363905e-07)
(0 -7.656407910477518e-06 3.3428598866363905e-07)
(0 -7.656407910477518e-06 3.3428598866363905e-07)
(0 -7.656407910477518e-06 3.3428598866363905e-07)
(0 -7.656407910477518e-06 3.3428598866363905e-07)
(0 -7.656407910477518e-06 3.3428598866363905e-07)
(0 -7.656407910477518e-06 3.3428598866363905e-07)
(0 -7.656407910477518e-06 3.3428598866363905e-07)
(0 -7.656407910477518e-06 3.3428598866363905e-07)
(0 -7.656407910477518e-06 3.3428598866363905e-07)
(0 -7.656407910477518e-06 3.3428598866363905e-07)
(0 -7.656407910477518e-06 3.3428598866363905e-07)
(0 -7.656407910477518e-06 3.3428598866363905e-07)
(0 -7.656407910477518e-06 3.3428598866363905e-07)
(0 -7.656407910477518e-06 3.3428598866363905e-07)
(0 -7.656407910477518e-06 3.3428598866363905e-07)
(0 -7.656407910477518e-06 3.3428598866363905e-07)
(0 -7.656407910477518e-06 3.3428598866363905e-07)
(0 -7.656407910477518e-06 3.3428598866363905e-07)
(0 -7.656407910477518e-06 3.3428598866363905e-07)
(0 -7.656407910477518e-06 3.3428598866363905e-07)
(0 -7.656407910477518e-06 3.3428598866363905e-07)
(0 -7.656407910477518e-06 3.3428598866363905e-07)
(0 -7.656407910477518e-06 3.3428598866363905e-07)
(0 -7.656407910477518e-06 3.3428598866363905e-07)
(0 -7.656407910477518e-06 3.3428598866363905e-07)
(0 -7.656407910477518e-06 3.3428598866363905e-07)
(0 -7.656407910477518e-06 3.3428598866363905e-07)
(0 -7.656407910477518e-06 3.3428598866363905e-07)
(0 -7.656407910477518e-06 3.3428598866363905e-07)
(0 -7.656407910477518e-06 3.3428598866363905e-07)
(0 -7.656407910477518e-06 3.3428598866363905e-07)
(0 -7.656407910477518e-06 3.3428598866363905e-07)
(0 -7.656407910477518e-06 3.3428598866363905e-07)
(0 -7.656407910477518e-06 3.3428598866363905e-07)
(0 -7.656407910477518e-06 3.3428598866363905e-07)
(0 -7.656407910477518e-06 3.3428598866363905e-07)
(0 -7.656407910477518e-06 3.3428598866363905e-07)
(0 -7.656407910477518e-06 3.3428598866363905e-07)
(0 -7.656407910477518e-06 3.3428598866363905e-07)
(0 -7.656407910477518e-06 3.3428598866363905e-07)
(0 -7.656407910477518e-06 -3.3428598866363905e-07)
(0 -7.656407910477518e-06 -3.3428598866363905e-07)
(0 -7.656407910477518e-06 -3.3428598866363905e-07)
(0 -7.656407910477518e-06 -3.3428598866363905e-07)
(0 -7.656407910477518e-06 -3.3428598866363905e-07)
(0 -7.656407910477518e-06 -3.3428598866363905e-07)
(0 -7.656407910477518e-06 -3.3428598866363905e-07)
(0 -7.656407910477518e-06 -3.3428598866363905e-07)
(0 -7.656407910477518e-06 -3.3428598866363905e-07)
(0 -7.656407910477518e-06 -3.3428598866363905e-07)
(0 -7.656407910477518e-06 -3.3428598866363905e-07)
(0 -7.656407910477518e-06 -3.3428598866363905e-07)
(0 -7.656407910477518e-06 -3.3428598866363905e-07)
(0 -7.656407910477518e-06 -3.3428598866363905e-07)
(0 -7.656407910477518e-06 -3.3428598866363905e-07)
(0 -7.656407910477518e-06 -3.3428598866363905e-07)
(0 -7.656407910477518e-06 -3.3428598866363905e-07)
(0 -7.656407910477518e-06 -3.3428598866363905e-07)
(0 -7.656407910477518e-06 -3.3428598866363905e-07)
(0 -7.656407910477518e-06 -3.3428598866363905e-07)
(0 -7.656407910477518e-06 -3.3428598866363905e-07)
(0 -7.656407910477518e-06 -3.3428598866363905e-07)
(0 -7.656407910477518e-06 -3.3428598866363905e-07)
(0 -7.656407910477518e-06 -3.3428598866363905e-07)
(0 -7.656407910477518e-06 -3.3428598866363905e-07)
(0 -7.656407910477518e-06 -3.3428598866363905e-07)
(0 -7.656407910477518e-06 -3.3428598866363905e-07)
(0 -7.656407910477518e-06 -3.3428598866363905e-07)
(0 -7.656407910477518e-06 -3.3428598866363905e-07)
(0 -7.656407910477518e-06 -3.3428598866363905e-07)
(0 -7.656407910477518e-06 -3.3428598866363905e-07)
(0 -7.656407910477518e-06 -3.3428598866363905e-07)
(0 -7.656407910477518e-06 -3.3428598866363905e-07)
(0 -7.656407910477518e-06 -3.3428598866363905e-07)
(0 -7.656407910477518e-06 -3.3428598866363905e-07)
(0 -7.656407910477518e-06 -3.3428598866363905e-07)
(0 -7.656407910477518e-06 -3.3428598866363905e-07)
(0 -7.656407910477518e-06 -3.3428598866363905e-07)
(0 -7.656407910477518e-06 -3.3428598866363905e-07)
(0 -7.656407910477518e-06 -3.3428598866363905e-07)
(0 -7.656407910477518e-06 -3.3428598866363905e-07)
(0 -7.656407910477518e-06 -3.3428598866363905e-07)
(0 -7.656407910477518e-06 -3.3428598866363905e-07)
(0 -7.656407910477518e-06 -3.3428598866363905e-07)
(0 -7.656407910477518e-06 -3.3428598866363905e-07)
(0 -7.656407910477518e-06 -3.3428598866363905e-07)
(0 -7.656407910477518e-06 -3.3428598866363905e-07)
(0 -7.656407910477518e-06 -3.3428598866363905e-07)
(0 -7.656407910477518e-06 -3.3428598866363905e-07)
(0 -7.656407910477518e-06 -3.3428598866363905e-07)
(0 -7.656407910477518e-06 -3.3428598866363905e-07)
(0 -7.656407910477518e-06 -3.3428598866363905e-07)
(0 -7.656407910477518e-06 -3.3428598866363905e-07)
(0 -7.656407910477518e-06 -3.3428598866363905e-07)
(0 -7.656407910477518e-06 -3.3428598866363905e-07)
(0 -7.656407910477518e-06 -3.3428598866363905e-07)
(0 -7.656407910477518e-06 -3.3428598866363905e-07)
(0 -7.656407910477518e-06 -3.3428598866363905e-07)
(0 -7.656407910477518e-06 -3.3428598866363905e-07)
(0 -7.656407910477518e-06 -3.3428598866363905e-07)
(0 -7.656407910477518e-06 -3.3428598866363905e-07)
(0 -7.656407910477518e-06 -3.3428598866363905e-07)
(0 -7.656407910477518e-06 -3.3428598866363905e-07)
(0 -7.656407910477518e-06 -3.3428598866363905e-07)
(0 -7.656407910477518e-06 -3.3428598866363905e-07)
(0 -7.656407910477518e-06 -3.3428598866363905e-07)
(0 -7.656407910477518e-06 -3.3428598866363905e-07)
(0 -7.656407910477518e-06 -3.3428598866363905e-07)
(0 -7.656407910477518e-06 -3.3428598866363905e-07)
(0 -7.656407910477518e-06 -3.3428598866363905e-07)
(0 -7.656407910477518e-06 -3.3428598866363905e-07)
(0 -7.656407910477518e-06 -3.3428598866363905e-07)
(0 -7.656407910477518e-06 -3.3428598866363905e-07)
(0 -7.656407910477518e-06 -3.3428598866363905e-07)
(0 -7.656407910477518e-06 -3.3428598866363905e-07)
(0 -7.656407910477518e-06 -3.3428598866363905e-07)
(0 -7.656407910477518e-06 -3.3428598866363905e-07)
(0 -7.656407910477518e-06 -3.3428598866363905e-07)
(0 -7.656407910477518e-06 -3.3428598866363905e-07)
(0 -7.656407910477518e-06 -3.3428598866363905e-07)
(0 -7.656407910477518e-06 -3.3428598866363905e-07)
(0 -7.656407910477518e-06 -3.3428598866363905e-07)
(0 -7.656407910477518e-06 -3.3428598866363905e-07)
(0 -7.656407910477518e-06 -3.3428598866363905e-07)
(0 -7.656407910477518e-06 -3.3428598866363905e-07)
(0 -7.656407910477518e-06 -3.3428598866363905e-07)
(0 -7.656407910477518e-06 -3.3428598866363905e-07)
(0 -7.656407910477518e-06 -3.3428598866363905e-07)
(0 -7.656407910477518e-06 -3.3428598866363905e-07)
(0 -7.656407910477518e-06 -3.3428598866363905e-07)
(0 -7.656407910477518e-06 -3.3428598866363905e-07)
(0 -7.656407910477518e-06 -3.3428598866363905e-07)
(0 -7.656407910477518e-06 -3.3428598866363905e-07)
(0 -7.656407910477518e-06 -3.3428598866363905e-07)
(0 -7.656407910477518e-06 -3.3428598866363905e-07)
(0 -7.656407910477518e-06 -3.3428598866363905e-07)
(0 -7.656407910477518e-06 -3.3428598866363905e-07)
(0 -7.656407910477518e-06 -3.3428598866363905e-07)
(0 -7.656407910477518e-06 -3.3428598866363905e-07)
(0 -7.656407910477518e-06 -3.3428598866363905e-07)
(0 -7.656407910477518e-06 -3.3428598866363905e-07)
)