202
(
(0 -1.6417377751319857e-05 7.167981927078524e-07)
(0 -1.6417377751319857e-05 7.167981927078524e-07)
(0 -1.6417377751319857e-05 7.167981927078524e-07)
(0 -1.6417377751319857e-05 7.167981927078524e-07)
(0 -1.6417377751319857e-05 7.167981927078524e-07)
(0 -1.6417377751319857e-05 7.167981927078524e-07)
(0 -1.6417377751319857e-05 7.167981927078524e-07)
(0 -1.6417377751319857e-05 7.167981927078524e-07)
(0 -1.6417377751319857e-05 7.167981927078524e-07)
(0 -1.6417377751319857e-05 7.167981927078524e-07)
(0 -1.6417377751319857e-05 7.167981927078524e-07)
(0 -1.6417377751319857e-05 7.167981927078524e-07)
(0 -1.6417377751319857e-05 7.167981927078524e-07)
(0 -1.6417377751319857e-05 7.167981927078524e-07)
(0 -1.6417377751319857e-05 7.167981927078524e-07)
(0 -1.6417377751319857e-05 7.167981927078524e-07)
(0 -1.6417377751319857e-05 7.167981927078524e-07)
(0 -1.6417377751319857e-05 7.167981927078524e-07)
(0 -1.6417377751319857e-05 7.167981927078524e-07)
(0 -1.6417377751319857e-05 7.167981927078524e-07)
(0 -1.6417377751319857e-05 7.167981927078524e-07)
(0 -1.6417377751319857e-05 7.167981927078524e-07)
(0 -1.6417377751319857e-05 7.167981927078524e-07)
(0 -1.6417377751319857e-05 7.167981927078524e-07)
(0 -1.6417377751319857e-05 7.167981927078524e-07)
(0 -1.6417377751319857e-05 7.167981927078524e-07)
(0 -1.6417377751319857e-05 7.167981927078524e-07)
(0 -1.6417377751319857e-05 7.167981927078524e-07)
(0 -1.6417377751319857e-05 7.167981927078524e-07)
(0 -1.6417377751319857e-05 7.167981927078524e-07)
(0 -1.6417377751319857e-05 7.167981927078524e-07)
(0 -1.6417377751319857e-05 7.167981927078524e-07)
(0 -1.6417377751319857e-05 7.167981927078524e-07)
(0 -1.6417377751319857e-05 7.167981927078524e-07)
(0 -1.6417377751319857e-05 7.167981927078524e-07)
(0 -1.6417377751319857e-05 7.167981927078524e-07)
(0 -1.6417377751319857e-05 7.167981927078524e-07)
(0 -1.6417377751319857e-05 7.167981927078524e-07)
(0 -1.6417377751319857e-05 7.167981927078524e-07)
(0 -1.6417377751319857e-05 7.167981927078524e-07)
(0 -1.6417377751319857e-05 7.167981927078524e-07)
(0 -1.6417377751319857e-05 7.167981927078524e-07)
(0 -1.6417377751319857e-05 7.167981927078524e-07)
(0 -1.6417377751319857e-05 7.167981927078524e-07)
(0 -1.6417377751319857e-05 7.167981927078524e-07)
(0 -1.6417377751319857e-05 7.167981927078524e-07)
(0 -1.6417377751319857e-05 7.167981927078524e-07)
(0 -1.6417377751319857e-05 7.167981927078524e-07)
(0 -1.6417377751319857e-05 7.167981927078524e-07)
(0 -1.6417377751319857e-05 7.167981927078524e-07)
(0 -1.6417377751319857e-05 7.167981927078524e-07)
(0 -1.6417377751319857e-05 7.167981927078524e-07)
(0 -1.6417377751319857e-05 7.167981927078524e-07)
(0 -1.6417377751319857e-05 7.167981927078524e-07)
(0 -1.6417377751319857e-05 7.167981927078524e-07)
(0 -1.6417377751319857e-05 7.167981927078524e-07)
(0 -1.6417377751319857e-05 7.167981927078524e-07)
(0 -1.6417377751319857e-05 7.167981927078524e-07)
(0 -1.6417377751319857e-05 7.167981927078524e-07)
(0 -1.6417377751319857e-05 7.167981927078524e-07)
(0 -1.6417377751319857e-05 7.167981927078524e-07)
(0 -1.6417377751319857e-05 7.167981927078524e-07)
(0 -1.6417377751319857e-05 7.167981927078524e-07)
(0 -1.6417377751319857e-05 7.167981927078524e-07)
(0 -1.6417377751319857e-05 7.167981927078524e-07)
(0 -1.6417377751319857e-05 7.167981927078524e-07)
(0 -1.6417377751319857e-05 7.167981927078524e-07)
(0 -1.6417377751319857e-05 7.167981927078524e-07)
(0 -1.6417377751319857e-05 7.167981927078524e-07)
(0 -1.6417377751319857e-05 7.167981927078524e-07)
(0 -1.6417377751319857e-05 7.167981927078524e-07)
(0 -1.6417377751319857e-05 7.167981927078524e-07)
(0 -1.6417377751319857e-05 7.167981927078524e-07)
(0 -1.6417377751319857e-05 7.167981927078524e-07)
(0 -1.6417377751319857e-05 7.167981927078524e-07)
(0 -1.6417377751319857e-05 7.167981927078524e-07)
(0 -1.6417377751319857e-05 7.167981927078524e-07)
(0 -1.6417377751319857e-05 7.167981927078524e-07)
(0 -1.6417377751319857e-05 7.167981927078524e-07)
(0 -1.6417377751319857e-05 7.167981927078524e-07)
(0 -1.6417377751319857e-05 7.167981927078524e-07)
(0 -1.6417377751319857e-05 7.167981927078524e-07)
(0 -1.6417377751319857e-05 7.167981927078524e-07)
(0 -1.6417377751319857e-05 7.167981927078524e-07)
(0 -1.6417377751319857e-05 7.167981927078524e-07)
(0 -1.6417377751319857e-05 7.167981927078524e-07)
(0 -1.6417377751319857e-05 7.167981927078524e-07)
(0 -1.6417377751319857e-05 7.167981927078524e-07)
(0 -1.6417377751319857e-05 7.167981927078524e-07)
(0 -1.6417377751319857e-05 7.167981927078524e-07)
(0 -1.6417377751319857e-05 7.167981927078524e-07)
(0 -1.6417377751319857e-05 7.167981927078524e-07)
(0 -1.6417377751319857e-05 7.167981927078524e-07)
(0 -1.6417377751319857e-05 7.167981927078524e-07)
(0 -1.6417377751319857e-05 7.167981927078524e-07)
(0 -1.6417377751319857e-05 7.167981927078524e-07)
(0 -1.6417377751319857e-05 7.167981927078524e-07)
(0 -1.6417377751319857e-05 7.167981927078524e-07)
(0 -1.6417377751319857e-05 7.167981927078524e-07)
(0 -1.6417377751319857e-05 7.167981927078524e-07)
(0 -1.6417377751319857e-05 7.167981927078524e-07)
(0 -1.6417377751319857e-05 -7.167981927078524e-07)
(0 -1.6417377751319857e-05 -7.167981927078524e-07)
(0 -1.6417377751319857e-05 -7.167981927078524e-07)
(0 -1.6417377751319857e-05 -7.167981927078524e-07)
(0 -1.6417377751319857e-05 -7.167981927078524e-07)
(0 -1.6417377751319857e-05 -7.167981927078524e-07)
(0 -1.6417377751319857e-05 -7.167981927078524e-07)
(0 -1.6417377751319857e-05 -7.167981927078524e-07)
(0 -1.6417377751319857e-05 -7.167981927078524e-07)
(0 -1.6417377751319857e-05 -7.167981927078524e-07)
(0 -1.6417377751319857e-05 -7.167981927078524e-07)
(0 -1.6417377751319857e-05 -7.167981927078524e-07)
(0 -1.6417377751319857e-05 -7.167981927078524e-07)
(0 -1.6417377751319857e-05 -7.167981927078524e-07)
(0 -1.6417377751319857e-05 -7.167981927078524e-07)
(0 -1.6417377751319857e-05 -7.167981927078524e-07)
(0 -1.6417377751319857e-05 -7.167981927078524e-07)
(0 -1.6417377751319857e-05 -7.167981927078524e-07)
(0 -1.6417377751319857e-05 -7.167981927078524e-07)
(0 -1.6417377751319857e-05 -7.167981927078524e-07)
(0 -1.6417377751319857e-05 -7.167981927078524e-07)
(0 -1.6417377751319857e-05 -7.167981927078524e-07)
(0 -1.6417377751319857e-05 -7.167981927078524e-07)
(0 -1.6417377751319857e-05 -7.167981927078524e-07)
(0 -1.6417377751319857e-05 -7.167981927078524e-07)
(0 -1.6417377751319857e-05 -7.167981927078524e-07)
(0 -1.6417377751319857e-05 -7.167981927078524e-07)
(0 -1.6417377751319857e-05 -7.167981927078524e-07)
(0 -1.6417377751319857e-05 -7.167981927078524e-07)
(0 -1.6417377751319857e-05 -7.167981927078524e-07)
(0 -1.6417377751319857e-05 -7.167981927078524e-07)
(0 -1.6417377751319857e-05 -7.167981927078524e-07)
(0 -1.6417377751319857e-05 -7.167981927078524e-07)
(0 -1.6417377751319857e-05 -7.167981927078524e-07)
(0 -1.6417377751319857e-05 -7.167981927078524e-07)
(0 -1.6417377751319857e-05 -7.167981927078524e-07)
(0 -1.6417377751319857e-05 -7.167981927078524e-07)
(0 -1.6417377751319857e-05 -7.167981927078524e-07)
(0 -1.6417377751319857e-05 -7.167981927078524e-07)
(0 -1.6417377751319857e-05 -7.167981927078524e-07)
(0 -1.6417377751319857e-05 -7.167981927078524e-07)
(0 -1.6417377751319857e-05 -7.167981927078524e-07)
(0 -1.6417377751319857e-05 -7.167981927078524e-07)
(0 -1.6417377751319857e-05 -7.167981927078524e-07)
(0 -1.6417377751319857e-05 -7.167981927078524e-07)
(0 -1.6417377751319857e-05 -7.167981927078524e-07)
(0 -1.6417377751319857e-05 -7.167981927078524e-07)
(0 -1.6417377751319857e-05 -7.167981927078524e-07)
(0 -1.6417377751319857e-05 -7.167981927078524e-07)
(0 -1.6417377751319857e-05 -7.167981927078524e-07)
(0 -1.6417377751319857e-05 -7.167981927078524e-07)
(0 -1.6417377751319857e-05 -7.167981927078524e-07)
(0 -1.6417377751319857e-05 -7.167981927078524e-07)
(0 -1.6417377751319857e-05 -7.167981927078524e-07)
(0 -1.6417377751319857e-05 -7.167981927078524e-07)
(0 -1.6417377751319857e-05 -7.167981927078524e-07)
(0 -1.6417377751319857e-05 -7.167981927078524e-07)
(0 -1.6417377751319857e-05 -7.167981927078524e-07)
(0 -1.6417377751319857e-05 -7.167981927078524e-07)
(0 -1.6417377751319857e-05 -7.167981927078524e-07)
(0 -1.6417377751319857e-05 -7.167981927078524e-07)
(0 -1.6417377751319857e-05 -7.167981927078524e-07)
(0 -1.6417377751319857e-05 -7.167981927078524e-07)
(0 -1.6417377751319857e-05 -7.167981927078524e-07)
(0 -1.6417377751319857e-05 -7.167981927078524e-07)
(0 -1.6417377751319857e-05 -7.167981927078524e-07)
(0 -1.6417377751319857e-05 -7.167981927078524e-07)
(0 -1.6417377751319857e-05 -7.167981927078524e-07)
(0 -1.6417377751319857e-05 -7.167981927078524e-07)
(0 -1.6417377751319857e-05 -7.167981927078524e-07)
(0 -1.6417377751319857e-05 -7.167981927078524e-07)
(0 -1.6417377751319857e-05 -7.167981927078524e-07)
(0 -1.6417377751319857e-05 -7.167981927078524e-07)
(0 -1.6417377751319857e-05 -7.167981927078524e-07)
(0 -1.6417377751319857e-05 -7.167981927078524e-07)
(0 -1.6417377751319857e-05 -7.167981927078524e-07)
(0 -1.6417377751319857e-05 -7.167981927078524e-07)
(0 -1.6417377751319857e-05 -7.167981927078524e-07)
(0 -1.6417377751319857e-05 -7.167981927078524e-07)
(0 -1.6417377751319857e-05 -7.167981927078524e-07)
(0 -1.6417377751319857e-05 -7.167981927078524e-07)
(0 -1.6417377751319857e-05 -7.167981927078524e-07)
(0 -1.6417377751319857e-05 -7.167981927078524e-07)
(0 -1.6417377751319857e-05 -7.167981927078524e-07)
(0 -1.6417377751319857e-05 -7.167981927078524e-07)
(0 -1.6417377751319857e-05 -7.167981927078524e-07)
(0 -1.6417377751319857e-05 -7.167981927078524e-07)
(0 -1.6417377751319857e-05 -7.167981927078524e-07)
(0 -1.6417377751319857e-05 -7.167981927078524e-07)
(0 -1.6417377751319857e-05 -7.167981927078524e-07)
(0 -1.6417377751319857e-05 -7.167981927078524e-07)
(0 -1.6417377751319857e-05 -7.167981927078524e-07)
(0 -1.6417377751319857e-05 -7.167981927078524e-07)
(0 -1.6417377751319857e-05 -7.167981927078524e-07)
(0 -1.6417377751319857e-05 -7.167981927078524e-07)
(0 -1.6417377751319857e-05 -7.167981927078524e-07)
(0 -1.6417377751319857e-05 -7.167981927078524e-07)
(0 -1.6417377751319857e-05 -7.167981927078524e-07)
(0 -1.6417377751319857e-05 -7.167981927078524e-07)
(0 -1.6417377751319857e-05 -7.167981927078524e-07)
(0 -1.6417377751319857e-05 -7.167981927078524e-07)
)