/*--------------------------------*- C++ -*----------------------------------*\
  =========                 |
  \\      /  F ield         | OpenFOAM: The Open Source CFD Toolbox
   \\    /   O peration     | Website:  https://openfoam.org
    \\  /    A nd           | Version:  8
     \\/     M anipulation  |
\*---------------------------------------------------------------------------*/
FoamFile
{
    version     2.0;
    format      ascii;
    class       volVectorField;
    location    "0.0775000";
    object      cellDisplacement;
}
// * * * * * * * * * * * * * * * * * * * * * * * * * * * * * * * * * * * * * //

dimensions      [0 1 0 0 0 0 0];

internalField   nonuniform List<vector> 
600
(
(5.8965526388455e-28 -1.74945441003669e-06 -1.26890871088085e-13)
(5.71032374314014e-28 -1.75106480294887e-06 -1.19626949871779e-13)
(5.58137507426009e-28 -1.75439684250349e-06 -1.39786925206039e-14)
(5.45395726015851e-28 -1.75881671750184e-06 -1.5035983005805e-13)
(5.32889028128458e-28 -1.76410326441296e-06 1.95827841967592e-13)
(5.20472366206394e-28 -1.77002458033428e-06 5.36298517815403e-13)
(5.08294320378463e-28 -1.77652786252609e-06 3.12509241284701e-13)
(4.96206008776997e-28 -1.78362289375802e-06 1.09962425779063e-13)
(4.84353645103573e-28 -1.79131599159943e-06 2.38215773242053e-13)
(4.7257686427524e-28 -1.79951566437902e-06 2.06592330741487e-13)
(4.61018648589296e-28 -1.80814519734435e-06 -3.707317786148e-14)
(4.49534978889346e-28 -1.81719625602977e-06 -5.03353674828037e-15)
(4.38269309238293e-28 -1.82672709076381e-06 1.91160181854888e-13)
(4.27073635784984e-28 -1.83671328277884e-06 -1.37993440375755e-13)
(4.16085515561601e-28 -1.84706799995281e-06 -3.16045026754343e-13)
(4.05166918132089e-28 -1.85778481266805e-06 4.54112039981982e-14)
(3.94455409971128e-28 -1.86890974909979e-06 2.96691598149695e-14)
(3.83814599641855e-28 -1.88046779667289e-06 -2.81198494483234e-13)
(3.7337430530715e-28 -1.8924107812748e-06 -2.62849522507846e-13)
(3.63003435843679e-28 -1.90471811862216e-06 1.75237604778292e-13)
(3.52833675063139e-28 -1.91741468376596e-06 1.09405350047653e-13)
(3.42738447545639e-28 -1.93057617170679e-06 3.43513251064064e-14)
(3.3283951886837e-28 -1.94419836547756e-06 -1.13519849181545e-14)
(3.23013388993888e-28 -1.9582363022949e-06 -7.94738480603664e-14)
(3.1338559613576e-28 -1.97271409153195e-06 2.6710111743496e-13)
(3.03838114018483e-28 -1.98774513450988e-06 5.23860296140383e-13)
(2.94485979773631e-28 -2.00338561880911e-06 2.7488986980846e-13)
(2.85213167476324e-28 -2.01958992875094e-06 -5.52857764777643e-15)
(2.76136630047366e-28 -2.03637494829627e-06 -4.1199099666285e-14)
(2.67149196841755e-28 -2.05384924604346e-06 -2.33486657054152e-14)
(2.58359435403362e-28 -2.07217287930937e-06 1.6589261810307e-14)
(2.49657654611565e-28 -2.09137188406825e-06 -3.83259848361102e-15)
(2.41151459914373e-28 -2.11144479210708e-06 -1.58215510427607e-13)
(2.3274626202954e-28 -2.13248226934956e-06 -1.56253816249235e-13)
(2.24543917347114e-28 -2.15485262481883e-06 -1.7757240920485e-13)
(2.1644149258742e-28 -2.17873211984499e-06 -2.07148726748105e-13)
(2.08538151831937e-28 -2.20406158672404e-06 1.25932688286338e-14)
(2.00750302287026e-28 -2.23099907259339e-06 -2.7505619616329e-13)
(1.93174401085913e-28 -2.26004517088177e-06 -1.64906178118388e-13)
(1.85715286379466e-28 -2.29170646560843e-06 3.15491093896907e-13)
(1.78461681617773e-28 -2.3260559133303e-06 2.63512670713958e-13)
(1.71341220463519e-28 -2.36323050313003e-06 -2.45299590139854e-13)
(1.64445292821621e-28 -2.40376339253519e-06 -4.92970885851598e-13)
(1.57689576512845e-28 -2.44882745935819e-06 4.98640743691231e-14)
(1.51149361814672e-28 -2.49891267741278e-06 5.23982920066729e-14)
(1.44761540335705e-28 -2.55401143745672e-06 -1.28388727788415e-13)
(1.38615245144237e-28 -2.61464869187107e-06 -1.35483960486745e-13)
(1.32637929738972e-28 -2.68307399397382e-06 4.5234385538548e-14)
(1.26886819215021e-28 -2.76068916706992e-06 1.19711795428007e-13)
(1.21305425754706e-28 -2.8472517239694e-06 1.28592781308082e-13)
(1.15986699684479e-28 -2.94359394196279e-06 2.00721838055559e-13)
(1.10872057601582e-28 -3.05245333524855e-06 -9.08987491602703e-14)
(1.0599409975051e-28 -3.17722990056621e-06 -3.2140250205528e-13)
(1.01297323543661e-28 -3.31863629833206e-06 -2.2677732135334e-13)
(9.68880228347234e-29 -3.47735854025854e-06 3.4523953686838e-13)
(9.2703046570328e-29 -3.65656488553715e-06 5.2318730524897e-13)
(8.87896443882206e-29 -3.8732376435969e-06 5.30379594624012e-13)
(8.52012827345324e-29 -4.1453722748254e-06 1.85409601643942e-13)
(8.21266995715059e-29 -4.48329673070631e-06 -1.85121881561162e-13)
(7.9777124650915e-29 -4.90028511616538e-06 -8.64330579343783e-14)
(7.81815352260532e-29 -5.43607477789342e-06 -2.71994514984802e-13)
(7.73175513074439e-29 -6.10667558939779e-06 -2.12864531933262e-13)
(7.75001651837381e-29 -6.89329574473273e-06 -3.06123507239967e-13)
(7.87344794185885e-29 -7.7944130193862e-06 -3.92793599732078e-13)
(8.08320126575785e-29 -8.83271106081697e-06 1.20027430735385e-13)
(8.36567996542104e-29 -1.00125265828648e-05 2.05885755406249e-13)
(8.7614059097214e-29 -1.13057339258506e-05 -3.80943323453129e-15)
(9.25825656795661e-29 -1.26995019438842e-05 -7.60920587218289e-14)
(9.83413475514769e-29 -1.4201887045374e-05 5.51413458003934e-14)
(1.04799061566174e-28 -1.57987022260597e-05 3.04094376589812e-13)
(1.1230997395341e-28 -1.74545518591778e-05 5.60567525126294e-14)
(1.20360504533679e-28 -1.91531963413793e-05 -6.05688956850976e-13)
(1.28780162011975e-28 -2.08801734573519e-05 -4.93927287998345e-13)
(1.37461345336417e-28 -2.26081146210897e-05 1.60996811182629e-13)
(1.46021570955589e-28 -2.43129592093959e-05 -1.65784941613528e-13)
(1.53969302490698e-28 -2.59800444663987e-05 -1.41182502172546e-13)
(1.6137408666735e-28 -2.75731184539793e-05 9.41572166135673e-16)
(1.67497750898617e-28 -2.90707476106233e-05 -9.91645429893197e-14)
(1.71631124497236e-28 -3.04734364398375e-05 4.46635984240783e-13)
(1.73936872501895e-28 -3.17563358873271e-05 3.47947812540486e-13)
(1.74554222030672e-28 -3.28877355329807e-05 -1.45681730467681e-13)
(1.72004801893452e-28 -3.38707248872842e-05 -6.1961256449783e-14)
(1.66640629423886e-28 -3.47173919487597e-05 1.52448979546576e-13)
(1.59422279484158e-28 -3.53964862583562e-05 -1.67258511128882e-13)
(1.4994149040245e-28 -3.59040339725952e-05 -2.69235961199964e-13)
(1.38330814105495e-28 -3.62756170592201e-05 -2.24021428450682e-14)
(1.3133253964316e-28 -3.65222924977492e-05 4.42895627308904e-13)
(1.33042145733317e-28 -3.66481330820131e-05 6.2915616582562e-13)
(1.33161371105235e-28 -3.66826391020073e-05 1.8763572032827e-13)
(1.3210930171946e-28 -3.66587039289619e-05 -1.60452812269552e-13)
(1.3067516209262e-28 -3.65849334003874e-05 -1.00890279077057e-13)
(1.288301125514e-28 -3.64770511823826e-05 2.47838773462995e-13)
(1.26654177097819e-28 -3.63519563080008e-05 2.89488043346469e-13)
(1.24398459784016e-28 -3.62153471835563e-05 1.00056948114064e-13)
(1.22092612160313e-28 -3.60722012848096e-05 4.31625398088798e-14)
(1.19784383541863e-28 -3.59274005994933e-05 -2.29073217810558e-13)
(1.17517852297473e-28 -3.57838084520191e-05 -2.97707147440365e-15)
(1.15301937343605e-28 -3.56460710648963e-05 2.88274273310955e-13)
(1.13110393359635e-28 -3.55203622288607e-05 1.57083064156718e-13)
(1.10726263330301e-28 -3.54142179094638e-05 2.02556758755383e-14)
(1.61733125987537e-27 -4.91356682793604e-06 -3.71876300691202e-13)
(1.56942001534001e-27 -4.91224460209346e-06 -3.51473338938198e-13)
(1.53423279323195e-27 -4.91256117846237e-06 -4.04356706404933e-14)
(1.49951086316332e-27 -4.91374693911633e-06 -4.42937984031137e-13)
(1.46532276438471e-27 -4.91563338282102e-06 5.70439738893736e-13)
(1.43142193614114e-27 -4.91803075734357e-06 1.57391626271878e-12)
(1.39806163480046e-27 -4.92089793054655e-06 9.19840680709911e-13)
(1.36498780803995e-27 -4.92424389629236e-06 3.22890845914399e-13)
(1.33245135430309e-27 -4.92807510152781e-06 6.99336006458243e-13)
(1.30017327100449e-27 -4.93231628153957e-06 6.08840890467539e-13)
(1.26839946398281e-27 -4.93690487803299e-06 -1.08072734127002e-13)
(1.23688324633659e-27 -4.94183434120012e-06 -1.62931753904426e-14)
(1.20587182589986e-27 -4.94715396163187e-06 5.6349756943498e-13)
(1.17510806370503e-27 -4.95284399089275e-06 -4.03228385876907e-13)
(1.14483069014327e-27 -4.95883228014815e-06 -9.3155364692808e-13)
(1.11480255334454e-27 -4.96511418262948e-06 1.32128844991774e-13)
(1.08526058161436e-27 -4.97172824687725e-06 8.94509351757888e-14)
(1.05596940050067e-27 -4.97869571243727e-06 -8.26866754668883e-13)
(1.02715462243818e-27 -4.98597624952419e-06 -7.77226564235798e-13)
(9.98590160885671e-28 -4.99355315562719e-06 5.14842159428343e-13)
(9.70503902085688e-28 -5.0014467050885e-06 3.23257783485076e-13)
(9.42678086122037e-28 -5.00972052828354e-06 1.01907209317528e-13)
(9.15323994081278e-28 -5.01837096549078e-06 -3.28572268469232e-14)
(8.88228110268119e-28 -5.027359987037e-06 -2.3626816739317e-13)
(8.61610356966964e-28 -5.03670718348283e-06 7.85187679728005e-13)
(8.35266434789139e-28 -5.04650719622931e-06 1.54681377520056e-12)
(8.09396055255635e-28 -5.05680685337985e-06 8.14489555721971e-13)
(7.83798973315526e-28 -5.06756672431468e-06 -1.48797118935236e-14)
(7.58680593592745e-28 -5.07880037847553e-06 -1.21674719993099e-13)
(7.33856018141406e-28 -5.09059700954443e-06 -6.93148313467441e-14)
(7.09514773105135e-28 -5.10309053971517e-06 4.89835222642498e-14)
(6.85466523096437e-28 -5.1163008971854e-06 -1.03859872128111e-14)
(6.61900802814974e-28 -5.13022513478434e-06 -4.67371105464877e-13)
(6.3865553837277e-28 -5.14493403891781e-06 -4.62263203507426e-13)
(6.15909157139741e-28 -5.16073653080681e-06 -5.25356906014831e-13)
(5.93482774360681e-28 -5.177778294762e-06 -6.14383830414578e-13)
(5.71552455733269e-28 -5.19600291365121e-06 3.78637274900214e-14)
(5.49974861612511e-28 -5.21553734077962e-06 -8.14208545459459e-13)
(5.28920705573394e-28 -5.2367963789164e-06 -4.91672173918508e-13)
(5.08224483060322e-28 -5.26020358438875e-06 9.33404046911829e-13)
(4.88044108760148e-28 -5.28580953178755e-06 7.84198782410405e-13)
(4.68257180466012e-28 -5.31372001635621e-06 -7.24111878411057e-13)
(4.49026092328748e-28 -5.34436449168876e-06 -1.46429458045713e-12)
(4.30204947642966e-28 -5.37872986365745e-06 1.4560556110317e-13)
(4.11928731031639e-28 -5.41721582715355e-06 1.56443545645491e-13)
(3.94092158285114e-28 -5.45979426229585e-06 -3.80430783779192e-13)
(3.76853938676851e-28 -5.50686572775858e-06 -4.03312846026732e-13)
(3.60089073692958e-28 -5.56032564355324e-06 1.33236055947279e-13)
(3.43901469854334e-28 -5.62134807175071e-06 3.55428838308936e-13)
(3.28198413258698e-28 -5.68966896154403e-06 3.81913619431069e-13)
(3.13145148468332e-28 -5.76594916721689e-06 5.98045253566532e-13)
(2.98642657765026e-28 -5.85245063340455e-06 -2.67924735137412e-13)
(2.8475036103906e-28 -5.95204798421283e-06 -9.55781191205255e-13)
(2.71379263806587e-28 -6.06526299456936e-06 -6.78322652051852e-13)
(2.58715469725399e-28 -6.19259729716787e-06 1.02425977356469e-12)
(2.46656459456152e-28 -6.33630781796112e-06 1.5574741838806e-12)
(2.35290420539149e-28 -6.51057270651678e-06 1.58230335184837e-12)
(2.24776918206867e-28 -6.73041211487359e-06 5.56629125808334e-13)
(2.15454531287963e-28 -7.00395496216279e-06 -5.50521689236398e-13)
(2.07757345013607e-28 -7.34136423669937e-06 -2.57374242022764e-13)
(2.0178968670581e-28 -7.77632007936088e-06 -8.1113426393133e-13)
(1.97568171045134e-28 -8.32270201512619e-06 -6.35173945798927e-13)
(1.95529964573994e-28 -8.96340551108202e-06 -9.12507759391714e-13)
(1.95764017832842e-28 -9.69712105538584e-06 -1.1766657555576e-12)
(1.97956660970243e-28 -1.05430104835543e-05 3.5309348389335e-13)
(2.01834238687869e-28 -1.15054824042905e-05 6.1593239999055e-13)
(2.07741020426165e-28 -1.25600736019544e-05 -8.55849278169764e-15)
(2.15799426984162e-28 -1.36962152671455e-05 -2.27761482325073e-13)
(2.25609211199791e-28 -1.49206068623151e-05 1.60330233001806e-13)
(2.36912284498295e-28 -1.62221744163394e-05 9.06829406961901e-13)
(2.49879451598616e-28 -1.75710333330222e-05 1.77661172512962e-13)
(2.64388994589747e-28 -1.89539217103912e-05 -1.79795193452585e-12)
(2.79758343188274e-28 -2.03588306496911e-05 -1.47966378298153e-12)
(2.95545038373098e-28 -2.17636564606393e-05 4.75065811672411e-13)
(3.11622804527655e-28 -2.31484520581498e-05 -4.89303626222527e-13)
(3.2667519884523e-28 -2.45005258809091e-05 -4.21283788981122e-13)
(3.40567007977872e-28 -2.57918693049817e-05 2.35117852049493e-15)
(3.52368649331763e-28 -2.70046504149447e-05 -2.99053219657612e-13)
(3.60972438452193e-28 -2.81375789119114e-05 1.3189175375542e-12)
(3.6545600601299e-28 -2.91714443368479e-05 1.03589978707372e-12)
(3.65918801910198e-28 -3.00831104452747e-05 -4.27434717938098e-13)
(3.61651410277126e-28 -3.08732313354037e-05 -1.8576869802435e-13)
(3.50885040867664e-28 -3.15476975543167e-05 4.51247892509538e-13)
(3.35597090220862e-28 -3.20871333296966e-05 -4.91033361041161e-13)
(3.15711240413097e-28 -3.24899752543248e-05 -7.95795375154043e-13)
(2.92098482073888e-28 -3.27799594721798e-05 -6.99056816446237e-14)
(2.7783410532077e-28 -3.2971163570045e-05 1.3043292201416e-12)
(2.81708538953728e-28 -3.30743855502654e-05 1.85777529891093e-12)
(2.82538481008005e-28 -3.31069339120283e-05 5.56035233774675e-13)
(2.80952374689691e-28 -3.30901722120482e-05 -4.73662813894982e-13)
(2.78204599914591e-28 -3.30342193440976e-05 -2.98850895494305e-13)
(2.74524782038285e-28 -3.29510981002599e-05 7.32679881014745e-13)
(2.70167416318552e-28 -3.28527130836924e-05 8.56674706185478e-13)
(2.65559305445098e-28 -3.27447821545159e-05 2.96269078531972e-13)
(2.60796798489162e-28 -3.2631513315472e-05 1.27943184496499e-13)
(2.56032581518827e-28 -3.25166476188665e-05 -6.7820365397913e-13)
(2.51340621724284e-28 -3.24029336244428e-05 -8.87673374043327e-15)
(2.4679878263411e-28 -3.22942478415018e-05 8.53894842177794e-13)
(2.42456568472568e-28 -3.21960955230522e-05 4.65389899368388e-13)
(2.3821086632345e-28 -3.2119018495781e-05 5.99956959315017e-14)
(2.32062173958039e-27 -7.99175934931847e-06 -6.10355115182274e-13)
(2.26114187226106e-27 -7.98879313592453e-06 -5.79562392628163e-13)
(2.21091068373686e-27 -7.98727077377365e-06 -6.45549444265835e-14)
(2.16135169010477e-27 -7.98641171435254e-06 -7.33534462001925e-13)
(2.11250026438121e-27 -7.98608971461529e-06 9.23632363777843e-13)
(2.06403477241129e-27 -7.98615912226165e-06 2.58544142659525e-12)
(2.01628809456716e-27 -7.98658806543627e-06 1.51904391669354e-12)
(1.96892789350253e-27 -7.98738352055055e-06 5.30544858562875e-13)
(1.92228595358634e-27 -7.98855053806066e-06 1.14822767706538e-12)
(1.87600078651811e-27 -7.99003157390536e-06 1.00668809793398e-12)
(1.83039680553379e-27 -7.99177863905261e-06 -1.74935611204818e-13)
(1.78515134169626e-27 -7.99378673754568e-06 -3.15052696696639e-14)
(1.74058953057019e-27 -7.99609377547134e-06 9.31119448087403e-13)
(1.69637605950065e-27 -7.9986848333412e-06 -6.55049558205597e-13)
(1.65282683945709e-27 -8.00150467169853e-06 -1.5378836769979e-12)
(1.60963171328907e-27 -8.00454970535594e-06 2.12822935143911e-13)
(1.56710119113321e-27 -8.0078496810808e-06 1.53702977357503e-13)
(1.52492758700509e-27 -8.01142113049857e-06 -1.3575535644178e-12)
(1.48341017874461e-27 -8.0152332927747e-06 -1.28874766352424e-12)
(1.44225277137266e-27 -8.01927341716896e-06 8.43458186561854e-13)
(1.40175394769817e-27 -8.0235572581092e-06 5.34826239942157e-13)
(1.36162843566274e-27 -8.02813394104877e-06 1.69759066868911e-13)
(1.32215666471321e-27 -8.03300096873617e-06 -5.22736942907002e-14)
(1.28305846447016e-27 -8.03812931059381e-06 -3.94857870544378e-13)
(1.24462333786191e-27 -8.04353424272585e-06 1.28560379311678e-12)
(1.20658210193184e-27 -8.04928885580174e-06 2.55200091221714e-12)
(1.16919953232843e-27 -8.05542960446127e-06 1.3514492410518e-12)
(1.13221338808213e-27 -8.06192654896086e-06 -2.04287477955296e-14)
(1.09589451634763e-27 -8.06879038289556e-06 -2.00622414703178e-13)
(1.0599983378653e-27 -8.07609019707777e-06 -1.15278374597422e-13)
(1.02477634206024e-27 -8.08392966201999e-06 8.06965096011636e-14)
(9.89979354246064e-28 -8.09232481339808e-06 -1.44512409077612e-14)
(9.55857837942342e-28 -8.10127389528059e-06 -7.70048089138422e-13)
(9.22196019387014e-28 -8.11083210685927e-06 -7.63270250715543e-13)
(8.89230421241161e-28 -8.12123823439438e-06 -8.67266120235138e-13)
(8.5672779009456e-28 -8.13260580099657e-06 -1.01819917651268e-12)
(8.2492124448094e-28 -8.14489242293999e-06 6.42586345495169e-14)
(7.93618360691846e-28 -8.15819684962677e-06 -1.3443104388471e-12)
(7.6304528270908e-28 -8.17284028566492e-06 -8.20973066431526e-13)
(7.32987090902382e-28 -8.18915128105039e-06 1.53902517615829e-12)
(7.03652828919731e-28 -8.20717095596833e-06 1.30464786056747e-12)
(6.74878080517875e-28 -8.22698260369421e-06 -1.1891468993122e-12)
(6.4687662749042e-28 -8.24891975623007e-06 -2.42758619240893e-12)
(6.19459575635799e-28 -8.27374666864927e-06 2.35151502986854e-13)
(5.92806960044194e-28 -8.30177573653212e-06 2.61233315950417e-13)
(5.66778153970897e-28 -8.33298871210349e-06 -6.27928948257153e-13)
(5.41579286640187e-28 -8.36769820349897e-06 -6.70080311410873e-13)
(5.17048522888613e-28 -8.40737145249638e-06 2.1794389488554e-13)
(4.93328242262492e-28 -8.4529220186337e-06 5.88007723493916e-13)
(4.70296717738322e-28 -8.50415275645811e-06 6.31937107204389e-13)
(4.48163662032085e-28 -8.56157879106202e-06 9.93854203616305e-13)
(4.26800132171607e-28 -8.62695399530384e-06 -4.38643234774863e-13)
(4.06295493575743e-28 -8.70250859340907e-06 -1.58353817763638e-12)
(3.86537125285349e-28 -8.78865800406919e-06 -1.13217332330062e-12)
(3.67754784940709e-28 -8.88580196603222e-06 1.69142746423706e-12)
(3.49817252379707e-28 -8.99570351995393e-06 2.58236357205566e-12)
(3.32859509109708e-28 -9.12933955562218e-06 2.62988053252279e-12)
(3.17077823446263e-28 -9.29836411631103e-06 9.31634584849299e-13)
(3.02886018759092e-28 -9.50912478942786e-06 -9.11448173233148e-13)
(2.90788152326812e-28 -9.76951446742432e-06 -4.26512782162497e-13)
(2.80939574692056e-28 -1.0105577585183e-05 -1.34661100913575e-12)
(2.7337335223038e-28 -1.05281282130357e-05 -1.05501355951086e-12)
(2.68601500076266e-28 -1.10240064470767e-05 -1.51415700384656e-12)
(2.66664892195745e-28 -1.15921033598507e-05 -1.96138087006282e-12)
(2.67254340341922e-28 -1.22471719450816e-05 5.79234696188411e-13)
(2.70008148942815e-28 -1.29926535799679e-05 1.02519423481176e-12)
(2.7533250167637e-28 -1.38096149442062e-05 -1.03202082396636e-14)
(2.83221668339935e-28 -1.46896926888158e-05 -3.79221685197159e-13)
(2.93335140249306e-28 -1.56379591760814e-05 2.60658398747958e-13)
(3.05297453983705e-28 -1.66458406813346e-05 1.50506069314862e-12)
(3.19330155310529e-28 -1.76901080120212e-05 3.08714611443182e-13)
(3.35081428263128e-28 -1.87603137606224e-05 -2.97279007835495e-12)
(3.52007504093853e-28 -1.98470846611385e-05 -2.46376549408534e-12)
(3.69450588185805e-28 -2.09332556035839e-05 7.81721612456621e-13)
(3.87181831138188e-28 -2.20032770972686e-05 -8.05143786010175e-13)
(4.03796935167689e-28 -2.30472890954703e-05 -6.98998615269794e-13)
(4.19062451902427e-28 -2.40436738464793e-05 3.36135433369334e-15)
(4.31791238096079e-28 -2.49785375663537e-05 -5.00342271221696e-13)
(4.40805361589231e-28 -2.58507965382013e-05 2.16923600348831e-12)
(4.45112864098374e-28 -2.66457571906465e-05 1.71462604081636e-12)
(4.44538381637635e-28 -2.73456962018058e-05 -6.98621572571444e-13)
(4.38231520877157e-28 -2.79508898536101e-05 -3.09265631058177e-13)
(4.24717291227856e-28 -2.846563680112e-05 7.42826864820036e-13)
(4.05600820731922e-28 -2.88754320815131e-05 -8.01786007380086e-13)
(3.80937226433825e-28 -2.9179330087185e-05 -1.30757037610811e-12)
(3.52171088851851e-28 -2.9395952272118e-05 -1.2067749487789e-13)
(3.3541302994693e-28 -2.95378028567805e-05 2.1353122392923e-12)
(3.40024840767814e-28 -2.9615453642229e-05 3.04779250682223e-12)
(3.41256752325374e-28 -2.96408244101275e-05 9.14928609815314e-13)
(3.3972072964665e-28 -2.96287859479337e-05 -7.76993422545554e-13)
(3.36645528232693e-28 -2.9586986665518e-05 -4.91826795214672e-13)
(3.32440908886432e-28 -2.95245096341186e-05 1.20336223103384e-12)
(3.27428447508815e-28 -2.94502399634187e-05 1.40839968895492e-12)
(3.22072934528179e-28 -2.93685908809177e-05 4.87362659891534e-13)
(3.1651230584227e-28 -2.92828212720054e-05 2.10758353734364e-13)
(3.10943605606903e-28 -2.91957898682038e-05 -1.11557165816503e-12)
(3.05450786710092e-28 -2.91096460915511e-05 -1.48515868256614e-14)
(3.00172824557589e-28 -2.90274013209343e-05 1.40522509070421e-12)
(2.95225205884273e-28 -2.89533522066333e-05 7.66162014319425e-13)
(2.90765815837459e-28 -2.88950092786875e-05 9.89279007317314e-14)
(2.52397472392764e-27 -1.09876414859887e-05 -8.42662696862794e-13)
(2.47487298937986e-27 -1.09842774587209e-05 -8.05738146861145e-13)
(2.4205206645414e-27 -1.09819870356069e-05 -8.52740374923514e-14)
(2.36692196831048e-27 -1.0980163798658e-05 -1.02583654899516e-12)
(2.31401098061561e-27 -1.09787177892931e-05 1.24827966368997e-12)
(2.2615242600023e-27 -1.09775462297225e-05 3.57181673535955e-12)
(2.20973022422641e-27 -1.09766262646815e-05 2.11514380154288e-12)
(2.15836184271774e-27 -1.0975962841094e-05 7.331910538578e-13)
(2.10768954959809e-27 -1.09755596992199e-05 1.58459745303838e-12)
(2.05741840299384e-27 -1.09753764636944e-05 1.40371386879262e-12)
(2.00781196021737e-27 -1.09753792413408e-05 -2.36086302136715e-13)
(1.95861036836331e-27 -1.0975564424577e-05 -5.3331626480545e-14)
(1.91007872624147e-27 -1.097595883661e-05 1.2965634217787e-12)
(1.86194365287444e-27 -1.09765522349201e-05 -8.88963555027485e-13)
(1.8144639118977e-27 -1.09773057230142e-05 -2.13814388042355e-12)
(1.76738924386439e-27 -1.09782166607018e-05 2.84918191625766e-13)
(1.72097196348004e-27 -1.09793061268583e-05 2.2593758808268e-13)
(1.67496299513692e-27 -1.09805860219713e-05 -1.87135648886721e-12)
(1.6296077808072e-27 -1.09820348020283e-05 -1.80245604022702e-12)
(1.58466658000969e-27 -1.09836434626871e-05 1.15875164897265e-12)
(1.54038270871172e-27 -1.09854231802021e-05 7.45388224601368e-13)
(1.49652614487712e-27 -1.09874088478597e-05 2.38924369664887e-13)
(1.45332636028196e-27 -1.09895989910768e-05 -6.8530531227003e-14)
(1.41055621050183e-27 -1.09919731969769e-05 -5.58128004577823e-13)
(1.36845425922964e-27 -1.0994542306414e-05 1.76372111581026e-12)
(1.32680215349291e-27 -1.09973581901715e-05 3.54030814883925e-12)
(1.2858165008828e-27 -1.10004470176042e-05 1.89014241566499e-12)
(1.24528535649995e-27 -1.10037878843319e-05 -1.99865090522545e-14)
(1.20543210144287e-27 -1.10073884135644e-05 -2.77951816481012e-13)
(1.16605915106759e-27 -1.10112976974514e-05 -1.61708258170503e-13)
(1.12737337877541e-27 -1.10155895567041e-05 1.1162897735019e-13)
(1.08917250234933e-27 -1.10202758832548e-05 -1.46403881170191e-14)
(1.05166312098327e-27 -1.10253556985226e-05 -1.06539781777717e-12)
(1.01467225523687e-27 -1.10308682753951e-05 -1.05917210178636e-12)
(9.78395177018073e-28 -1.10369832663378e-05 -1.20298041442893e-12)
(9.42642551924576e-28 -1.10437821734511e-05 -1.42017976109793e-12)
(9.076075477173e-28 -1.10512355859305e-05 9.26574896209986e-14)
(8.73135778003356e-28 -1.10594136853636e-05 -1.86457209537205e-12)
(8.39416051959931e-28 -1.1068544921618e-05 -1.15676355963724e-12)
(8.06274049966082e-28 -1.10788637794009e-05 2.13011687169478e-12)
(7.73882572548498e-28 -1.10904008388478e-05 1.82844882261306e-12)
(7.42111545923684e-28 -1.11032158519074e-05 -1.63616342215853e-12)
(7.11140662698401e-28 -1.11175462102738e-05 -3.3849617612251e-12)
(6.80817869079044e-28 -1.1133936192724e-05 3.15831347227816e-13)
(6.51292159434251e-28 -1.11526105091567e-05 3.67770647040697e-13)
(6.2245341282762e-28 -1.11735579051741e-05 -8.6997464646967e-13)
(5.94476438613476e-28 -1.11970008887751e-05 -9.36707081993366e-13)
(5.67231882380767e-28 -1.12239838857785e-05 2.98157165390442e-13)
(5.40838196257108e-28 -1.12551613823426e-05 8.17050534153e-13)
(5.15200232057551e-28 -1.12903966337769e-05 8.78203905557538e-13)
(4.90498114679124e-28 -1.13300564695302e-05 1.38915602472887e-12)
(4.66630850429742e-28 -1.13753902386637e-05 -6.00826939744594e-13)
(4.43672507844538e-28 -1.14279903740247e-05 -2.20400161175216e-12)
(4.21533957533447e-28 -1.1488159538446e-05 -1.59091529661716e-12)
(4.0041549604304e-28 -1.1556184733603e-05 2.34383458110164e-12)
(3.80217830919322e-28 -1.16333169224961e-05 3.59659121257216e-12)
(3.61058669679103e-28 -1.1727368245354e-05 3.67334886139259e-12)
(3.43126365398148e-28 -1.18466564020338e-05 1.31221109132648e-12)
(3.26813331060127e-28 -1.19957213941721e-05 -1.26676296167704e-12)
(3.12597865082067e-28 -1.21801721393606e-05 -5.93223067647193e-13)
(3.00650139039035e-28 -1.24185539175814e-05 -1.87692994021708e-12)
(2.91013102163538e-28 -1.27186322439012e-05 -1.47141617268851e-12)
(2.84143182741389e-28 -1.30710500875764e-05 -2.10949595233253e-12)
(2.8008365748241e-28 -1.34749446420257e-05 -2.7455567220143e-12)
(2.78565284069057e-28 -1.39407783489533e-05 7.97200121543925e-13)
(2.79225718202247e-28 -1.44710288413625e-05 1.43294025314206e-12)
(2.82399832861874e-28 -1.50521954117034e-05 -8.93583610242858e-15)
(2.8805664657438e-28 -1.56782047720406e-05 -5.30203716393766e-13)
(2.95908564976629e-28 -1.63525906433547e-05 3.55801353218816e-13)
(3.05562588706917e-28 -1.70692512247643e-05 2.09840381274522e-12)
(3.17188530479072e-28 -1.78115969159293e-05 4.49202016433963e-13)
(3.30415122838224e-28 -1.85720841093786e-05 -4.13066849287747e-12)
(3.44790945985723e-28 -1.93440027026813e-05 -3.44730724686505e-12)
(3.59660552140571e-28 -2.01151202444833e-05 1.08173870310402e-12)
(3.74755948137803e-28 -2.08743275016278e-05 -1.11422172989121e-12)
(3.8885825019267e-28 -2.16146174986342e-05 -9.7534620728403e-13)
(4.01686523138043e-28 -2.23206585404938e-05 4.04591406589587e-15)
(4.12150725811665e-28 -2.29825385836993e-05 -7.04151879708121e-13)
(4.1921239854541e-28 -2.35995018963672e-05 3.00246930018437e-12)
(4.21995180560021e-28 -2.41612148441921e-05 2.38929319755517e-12)
(4.20240288026747e-28 -2.46551205039367e-05 -9.61104588286965e-13)
(4.13178742843124e-28 -2.5081354925917e-05 -4.33659385082773e-13)
(3.99719223437031e-28 -2.54429634350684e-05 1.03002321515072e-12)
(3.81017217928932e-28 -2.57297183222538e-05 -1.10217711179235e-12)
(3.57209694136342e-28 -2.59410633321591e-05 -1.8095716930025e-12)
(3.29981767744341e-28 -2.60907595005398e-05 -1.76134463426482e-13)
(3.15050368779557e-28 -2.6187868247548e-05 2.94445796021559e-12)
(3.19222261854703e-28 -2.62409420369771e-05 4.20964358826927e-12)
(3.20452774949969e-28 -2.62585302356039e-05 1.26690128883944e-12)
(3.19201203837722e-28 -2.62502328729985e-05 -1.07261840140586e-12)
(3.16472570829494e-28 -2.62211894279374e-05 -6.81088038274064e-13)
(3.12694871675366e-28 -2.61776989670909e-05 1.66256288550514e-12)
(3.08174816030968e-28 -2.61259487840215e-05 1.9477267074443e-12)
(3.03315535351923e-28 -2.60690148490696e-05 6.7436722650916e-13)
(2.98257934048461e-28 -2.60091794810839e-05 2.92113558853106e-13)
(2.93186159543354e-28 -2.59484458416424e-05 -1.54338155222093e-12)
(2.88180832927407e-28 -2.58883202756747e-05 -2.10320181220081e-14)
(2.83386348780241e-28 -2.58308998685433e-05 1.94474874121796e-12)
(2.78936444184952e-28 -2.57790747664946e-05 1.06066557857452e-12)
(2.75061197902019e-28 -2.57374782560332e-05 1.37034845893951e-13)
(2.10336421749408e-27 -1.39052118043288e-05 -1.06910812652299e-12)
(2.08062676464924e-27 -1.39026367922847e-05 -1.03187963534638e-12)
(2.03558359594943e-27 -1.39005516406313e-05 -1.01483302553284e-13)
(1.99109509324883e-27 -1.38987449759293e-05 -1.3232020399358e-12)
(1.94712315287537e-27 -1.3897160341618e-05 1.53734860132506e-12)
(1.90350017934547e-27 -1.38957367849101e-05 4.53375659430979e-12)
(1.86039143858588e-27 -1.38944604215106e-05 2.71316577977592e-12)
(1.81763348755484e-27 -1.38933341700336e-05 9.31270489484831e-13)
(1.77539569801217e-27 -1.38923604154755e-05 2.00812125953392e-12)
(1.73349376556559e-27 -1.38915154155622e-05 1.80342826458648e-12)
(1.69209152691889e-27 -1.38907790321231e-05 -2.8981496716379e-13)
(1.65102951658534e-27 -1.38901490061785e-05 -8.4420680034317e-14)
(1.61047366301515e-27 -1.38896412907892e-05 1.66217018921825e-12)
(1.57025340639724e-27 -1.38892500658237e-05 -1.10045021831614e-12)
(1.53053133128768e-27 -1.38889523307414e-05 -2.73530049930986e-12)
(1.49115351537447e-27 -1.38887463904969e-05 3.45718769101877e-13)
(1.45227701433112e-27 -1.38886447721408e-05 3.09496424477219e-13)
(1.41374804735771e-27 -1.38886547197894e-05 -2.36627437132699e-12)
(1.37572106528627e-27 -1.38887635945714e-05 -2.32329041933827e-12)
(1.33804803557431e-27 -1.38889660274731e-05 1.45833320274922e-12)
(1.30088088476552e-27 -1.3889268631253e-05 9.5616031256706e-13)
(1.26407848845972e-27 -1.38896922457649e-05 3.10418392938323e-13)
(1.22778478719108e-27 -1.38902362226601e-05 -8.04780839753775e-14)
(1.19185926325362e-27 -1.38908884978426e-05 -7.2880572786247e-13)
(1.15645301167126e-27 -1.3891655490994e-05 2.21499060842409e-12)
(1.12143105193418e-27 -1.38925681095846e-05 4.51259983291387e-12)
(1.08692922105413e-27 -1.38936421903768e-05 2.43495773756395e-12)
(1.05281701265741e-27 -1.38948655081717e-05 -1.13029094073913e-14)
(1.01923594274956e-27 -1.38962425726874e-05 -3.53533910297977e-13)
(9.86064670791032e-28 -1.38978026386445e-05 -2.09073491144909e-13)
(9.53433953405043e-28 -1.38995898942002e-05 1.41647946867756e-13)
(9.21218498477445e-28 -1.39016118043102e-05 -9.60317159982888e-15)
(8.89549010209346e-28 -1.39038679438079e-05 -1.3526204117986e-12)
(8.5832053351041e-28 -1.39063816627781e-05 -1.34992402569671e-12)
(8.27657223576333e-28 -1.39092541665968e-05 -1.53222412645874e-12)
(7.97441838666402e-28 -1.39125347583276e-05 -1.82199864726958e-12)
(7.67797124933383e-28 -1.39162063487234e-05 1.23891806122671e-13)
(7.38629375319066e-28 -1.39203106583817e-05 -2.37423712561204e-12)
(7.10060600908925e-28 -1.39249840558482e-05 -1.50298917205891e-12)
(6.81983000029727e-28 -1.39303672421102e-05 2.7044650948907e-12)
(6.54505768587272e-28 -1.39364794238717e-05 2.35917626441078e-12)
(6.27551529234925e-28 -1.39433565175143e-05 -2.06096255003057e-12)
(6.01237717230453e-28 -1.39511401617212e-05 -4.33866456096823e-12)
(5.75471467314995e-28 -1.39601559061108e-05 3.84960010958779e-13)
(5.50346700092128e-28 -1.39705398288986e-05 4.7702479644411e-13)
(5.25798642636389e-28 -1.39822863610899e-05 -1.1057014989312e-12)
(5.01943302755397e-28 -1.39955280303393e-05 -1.20416145800009e-12)
(4.78702911158107e-28 -1.40108889281967e-05 3.72700324771296e-13)
(4.56152076364754e-28 -1.40287634384967e-05 1.04222736706271e-12)
(4.34234344744139e-28 -1.4049072274272e-05 1.12032043096364e-12)
(4.13071720879756e-28 -1.40720343138696e-05 1.78507010108138e-12)
(3.92606264547453e-28 -1.40983964224633e-05 -7.52317620769399e-13)
(3.72883370132945e-28 -1.41291138067616e-05 -2.81671385447617e-12)
(3.53848138990073e-28 -1.41643722481872e-05 -2.05729792391292e-12)
(3.35639110121838e-28 -1.42043448737985e-05 2.97888371367043e-12)
(3.18204322133435e-28 -1.42497749406547e-05 4.59962489447097e-12)
(3.01620682597418e-28 -1.43053286524421e-05 4.71405064304842e-12)
(2.86021311363028e-28 -1.43759918007746e-05 1.70066307295562e-12)
(2.71703027495409e-28 -1.44644926037805e-05 -1.61584380464223e-12)
(2.59031473811762e-28 -1.45741752750169e-05 -7.57237864542348e-13)
(2.48144375249229e-28 -1.47161262732272e-05 -2.40201441777814e-12)
(2.39073000492914e-28 -1.48950305907412e-05 -1.88439484253612e-12)
(2.32139686771841e-28 -1.51053028880736e-05 -2.69834450953913e-12)
(2.27401620737649e-28 -1.5346380981702e-05 -3.53005363144423e-12)
(2.24656692445667e-28 -1.56244921868331e-05 1.00647934360887e-12)
(2.23616553454867e-28 -1.59411315444008e-05 1.83936522170177e-12)
(2.24495311037448e-28 -1.62882148131071e-05 -4.25901228993796e-15)
(2.27284172644995e-28 -1.66620410236688e-05 -6.80757033102491e-13)
(2.31760905101894e-28 -1.7064675191617e-05 4.4568225518819e-13)
(2.37607576404087e-28 -1.74924677989097e-05 2.68697268765467e-12)
(2.4491740215417e-28 -1.79354726738372e-05 5.99138645441837e-13)
(2.53426052454331e-28 -1.83891220164e-05 -5.27190525676145e-12)
(2.62788665422071e-28 -1.88493851283167e-05 -4.43041977595519e-12)
(2.72518432014498e-28 -1.93089475158487e-05 1.37536595541473e-12)
(2.82388242594139e-28 -1.97611538749887e-05 -1.41674067921083e-12)
(2.91556029591452e-28 -2.02018307759569e-05 -1.25044583044278e-12)
(2.99777143097573e-28 -2.06218578316486e-05 4.46787663654048e-15)
(3.06298826837779e-28 -2.10153116427151e-05 -9.10828468965309e-13)
(3.10380714104e-28 -2.13817620646787e-05 3.81919028311274e-12)
(3.11404734630203e-28 -2.17151157111004e-05 3.06105058730416e-12)
(3.09179767582865e-28 -2.20079099235684e-05 -1.21492651747001e-12)
(3.03173175369913e-28 -2.22602062199235e-05 -5.59456815798114e-13)
(2.92676919546148e-28 -2.24738359494327e-05 1.31355768490567e-12)
(2.784134653395e-28 -2.2642742896695e-05 -1.39235221812037e-12)
(2.60540598675862e-28 -2.27667257841886e-05 -2.30331227812704e-12)
(2.40744334081433e-28 -2.28545054783851e-05 -2.37382064330878e-13)
(2.31456907295727e-28 -2.2910648605349e-05 3.73458459585898e-12)
(2.34362212084443e-28 -2.29407676303745e-05 5.34680654981001e-12)
(2.3527368447021e-28 -2.29509196235821e-05 1.61280771348971e-12)
(2.34442311155644e-28 -2.29460353905896e-05 -1.36132690032271e-12)
(2.32536919677668e-28 -2.29289905658988e-05 -8.67121478033786e-13)
(2.29877121867812e-28 -2.2903458717912e-05 2.11126668863791e-12)
(2.26686870169732e-28 -2.28730722635633e-05 2.47579632313574e-12)
(2.23243103701669e-28 -2.28396330529854e-05 8.57667774438304e-13)
(2.19654245168294e-28 -2.28044809841411e-05 3.72235792969689e-13)
(2.16050139342096e-28 -2.27687937582154e-05 -1.96244340476585e-12)
(2.12492455453794e-28 -2.27334532755035e-05 -2.75187774424919e-14)
(2.0908722198144e-28 -2.2699673410254e-05 2.47333903918568e-12)
(2.0594020811686e-28 -2.26690297514763e-05 1.34932154172808e-12)
(2.03223667032119e-28 -2.26435000341304e-05 1.74339379338354e-13)
(9.50227693786892e-28 -1.67480955279944e-05 -1.28989261608869e-12)
(9.52812305476796e-28 -1.67469843684314e-05 -1.25983262333304e-12)
(9.32582951955682e-28 -1.67459841282554e-05 -1.11992443287311e-13)
(9.12457157455121e-28 -1.67450753200839e-05 -1.62843789418692e-12)
(8.92539901258309e-28 -1.67442382682785e-05 1.78372260591678e-12)
(8.72774955066225e-28 -1.67434529339958e-05 5.47120446577449e-12)
(8.53215574464895e-28 -1.674271457422e-05 3.31788895338431e-12)
(8.33809630426514e-28 -1.6742024121243e-05 1.12536951033613e-12)
(8.14613370524992e-28 -1.67413824564158e-05 2.41822215471918e-12)
(7.95566323430848e-28 -1.67407818982194e-05 2.20907744332449e-12)
(7.76722103829418e-28 -1.67402158083659e-05 -3.34183823377745e-13)
(7.58029676511853e-28 -1.67396833609959e-05 -1.27407804429479e-13)
(7.39543988134937e-28 -1.67391898088273e-05 2.02984332001662e-12)
(7.21209194322921e-28 -1.67387333816199e-05 -1.28480277042456e-12)
(7.03079358630951e-28 -1.67383065584872e-05 -3.33183117942749e-12)
(6.85105097473855e-28 -1.67379086982194e-05 3.9231239646557e-13)
(6.67337928068724e-28 -1.67375439064603e-05 4.07467995347085e-13)
(6.49728303929398e-28 -1.67372146553772e-05 -2.83988312255578e-12)
(6.32327729804926e-28 -1.6736916863841e-05 -2.85579553327809e-12)
(6.15088440189218e-28 -1.6736648741773e-05 1.73955133030245e-12)
(5.98060458780239e-28 -1.67364124225288e-05 1.16816264169343e-12)
(5.81198787532604e-28 -1.6736214803207e-05 3.85217144467807e-13)
(5.64551231193899e-28 -1.67360557871252e-05 -8.68447119718051e-14)
(5.48072328996418e-28 -1.67359314262149e-05 -9.09321793841366e-13)
(5.31812845149219e-28 -1.67358437809495e-05 2.63466621213951e-12)
(5.1572926333434e-28 -1.67358030359386e-05 5.46911937090508e-12)
(4.99866685521403e-28 -1.67358145427772e-05 2.98999559685356e-12)
(4.84183234899837e-28 -1.6735874367887e-05 7.96552240770993e-15)
(4.68726463922549e-28 -1.67359839515957e-05 -4.2713619934363e-13)
(4.53457638107931e-28 -1.67361529089735e-05 -2.57814185742486e-13)
(4.38420702017436e-28 -1.67363959102753e-05 1.70554095049487e-13)
(4.23575152242448e-28 -1.67367156007751e-05 1.96500404741306e-15)
(4.08964781842986e-28 -1.67371118930207e-05 -1.63078080435264e-12)
(3.94556692904523e-28 -1.67375923897904e-05 -1.63535719093219e-12)
(3.80393020719019e-28 -1.6738190505182e-05 -1.85454461027289e-12)
(3.6643594227167e-28 -1.67389228807986e-05 -2.22516868394206e-12)
(3.52726796285383e-28 -1.67397840627774e-05 1.58708907155349e-13)
(3.39236179039247e-28 -1.67407876769057e-05 -2.87220573866748e-12)
(3.26006453173925e-28 -1.67419787458327e-05 -1.86333826119021e-12)
(3.13003008740174e-28 -1.67434041638595e-05 3.25942051929525e-12)
(3.00262304714436e-28 -1.67450707399111e-05 2.89997854566941e-12)
(2.87760794805852e-28 -1.67469903937252e-05 -2.45902543078692e-12)
(2.75539884481374e-28 -1.67492097700353e-05 -5.29029871893478e-12)
(2.63570473979852e-28 -1.67518368035175e-05 4.39752169746992e-13)
(2.51883841098103e-28 -1.67549174858058e-05 5.89826792533969e-13)
(2.4046052105249e-28 -1.6758450483904e-05 -1.33407482946979e-12)
(2.2934220604921e-28 -1.67624792101887e-05 -1.47321629521845e-12)
(2.18505422172849e-28 -1.67672102210481e-05 4.40343620880133e-13)
(2.07975066580925e-28 -1.67727758428785e-05 1.26305951760454e-12)
(1.97733672806121e-28 -1.67791509787251e-05 1.35771415643035e-12)
(1.87826061276046e-28 -1.67864076956928e-05 2.18241021363615e-12)
(1.78236689994947e-28 -1.67947932176189e-05 -8.90839194154315e-13)
(1.68980313471043e-28 -1.68046257155788e-05 -3.42069696260642e-12)
(1.60038464618324e-28 -1.6815969196477e-05 -2.53368592961148e-12)
(1.51462974729715e-28 -1.6828881615784e-05 3.59344613624471e-12)
(1.43242975303124e-28 -1.68436058642824e-05 5.59005726289218e-12)
(1.35404944290037e-28 -1.68616853776139e-05 5.7523961013636e-12)
(1.27996333174552e-28 -1.68847789356795e-05 2.09897301458318e-12)
(1.21137064158613e-28 -1.69137975852413e-05 -1.95769059290411e-12)
(1.1498176309055e-28 -1.69498448373303e-05 -9.18109680762044e-13)
(1.09592767533045e-28 -1.6996596499633e-05 -2.92118816154325e-12)
(1.04979762038951e-28 -1.70556277849901e-05 -2.29348729374767e-12)
(1.01265228805563e-28 -1.71250930928665e-05 -3.27979342330517e-12)
(9.84891693650239e-29 -1.72047875123296e-05 -4.31474670196158e-12)
(9.65684974861336e-29 -1.72967663649092e-05 1.20622718245041e-12)
(9.53746636103687e-29 -1.74015341438267e-05 2.24412309590537e-12)
(9.49777405211652e-29 -1.75164080072563e-05 3.87311430948e-15)
(9.53862572037089e-29 -1.76401361411799e-05 -8.30721730334839e-13)
(9.6502466030691e-29 -1.77733883049784e-05 5.30069800620229e-13)
(9.81851091433202e-29 -1.79149572878942e-05 3.27004205322252e-12)
(1.0045692852564e-28 -1.80615382882586e-05 7.58376418645671e-13)
(1.03222476884448e-28 -1.82115997007722e-05 -6.39510220101874e-12)
(1.06331079258833e-28 -1.83638023654255e-05 -5.41177825787705e-12)
(1.09589754932704e-28 -1.85157247257619e-05 1.66237063481204e-12)
(1.12899111097412e-28 -1.86651594515511e-05 -1.71239353111345e-12)
(1.15943557923172e-28 -1.88107323751555e-05 -1.52394406434134e-12)
(1.18613445880044e-28 -1.89494384744188e-05 4.68872071554222e-15)
(1.20635389476499e-28 -1.90793172474715e-05 -1.12032112441012e-12)
(1.2172293711229e-28 -1.92002365483615e-05 4.61828177269615e-12)
(1.21639796191137e-28 -1.931020637782e-05 3.72954378085975e-12)
(1.20321453842833e-28 -1.94067669629619e-05 -1.4595198849097e-12)
(1.17573769192325e-28 -1.94899329244284e-05 -6.86845507612471e-13)
(1.13134332769903e-28 -1.95603191377188e-05 1.59337358014251e-12)
(1.07259845682239e-28 -1.96159358092533e-05 -1.67164255939048e-12)
(1.00042850711537e-28 -1.96567572342352e-05 -2.78888606516283e-12)
(9.30490380449445e-29 -1.96858309126618e-05 -3.05121882619122e-13)
(9.27638025156383e-29 -1.97040917074943e-05 4.50617063716568e-12)
(9.38463478162236e-29 -1.97135973555353e-05 6.45976008002271e-12)
(9.42057187802598e-29 -1.97168696520774e-05 1.95269456223148e-12)
(9.39012598511413e-29 -1.97152659341103e-05 -1.64323838417806e-12)
(9.31775984033088e-29 -1.97096881477544e-05 -1.05001873817712e-12)
(9.21605182319012e-29 -1.97013323258351e-05 2.54952545592927e-12)
(9.09381127935493e-29 -1.96913872848882e-05 2.99268479980903e-12)
(8.9613992129368e-29 -1.96804416442009e-05 1.03728718583185e-12)
(8.82328385070871e-29 -1.96689335685508e-05 4.51191853463147e-13)
(8.6843626189699e-29 -1.96572485547638e-05 -2.37274032201718e-12)
(8.54720484427517e-29 -1.96456741437968e-05 -3.43980273426127e-14)
(8.41588905723539e-29 -1.96346022795832e-05 2.99086177983269e-12)
(8.29473549589161e-29 -1.9624510255956e-05 1.63204763144036e-12)
(8.19006536368832e-29 -1.96157494730537e-05 2.10870127973675e-13)
)
;

boundaryField
{
    dieWall
    {
        type            cellMotion;
        value           nonuniform List<vector> 
100
(
(0 -1.81255872174294e-05 -1.39664825141631e-12)
(0 -1.81255872174294e-05 -1.36332385583923e-12)
(0 -1.81255872174294e-05 -1.173194755767e-13)
(0 -1.81255872174294e-05 -1.76763781724512e-12)
(0 -1.81255872174294e-05 1.94938345451243e-12)
(0 -1.81255872174294e-05 5.94022241817364e-12)
(0 -1.81255872174294e-05 3.5837423303766e-12)
(0 -1.81255872174294e-05 1.21157679416289e-12)
(0 -1.81255872174294e-05 2.62520830394232e-12)
(0 -1.81255872174294e-05 2.39080105194563e-12)
(0 -1.81255872174294e-05 -3.71672505247758e-13)
(0 -1.81255872174294e-05 -1.35379616007477e-13)
(0 -1.81255872174294e-05 2.20513412230723e-12)
(0 -1.81255872174294e-05 -1.40663683500715e-12)
(0 -1.81255872174294e-05 -3.61583457189652e-12)
(0 -1.81255872174294e-05 4.38393319224515e-13)
(0 -1.81255872174294e-05 4.38701027580851e-13)
(0 -1.81255872174294e-05 -3.09046108696498e-12)
(0 -1.81255872174294e-05 -3.09263945640932e-12)
(0 -1.81255872174294e-05 1.90105155403207e-12)
(0 -1.81255872174294e-05 1.26439292143401e-12)
(0 -1.81255872174294e-05 4.14967879928858e-13)
(0 -1.81255872174294e-05 -9.64183755212586e-14)
(0 -1.81255872174294e-05 -9.85453028047407e-13)
(0 -1.81255872174294e-05 2.87211226172173e-12)
(0 -1.81255872174294e-05 5.94052565794107e-12)
(0 -1.81255872174294e-05 3.23487222286166e-12)
(0 -1.81255872174294e-05 0)
(0 -1.81255872174294e-05 -4.64591689995442e-13)
(0 -1.81255872174294e-05 -2.78979796228233e-13)
(0 -1.81255872174294e-05 1.86081649444442e-13)
(0 -1.81255872174294e-05 0)
(0 -1.81255872174294e-05 -1.77489011488895e-12)
(0 -1.81255872174294e-05 -1.77618216201861e-12)
(0 -1.81255872174294e-05 -2.01506543241707e-12)
(0 -1.81255872174294e-05 -2.41533466521405e-12)
(0 -1.81255872174294e-05 1.74666247022975e-13)
(0 -1.81255872174294e-05 -3.12596164918337e-12)
(0 -1.81255872174294e-05 -2.01693343576768e-12)
(0 -1.81255872174294e-05 3.55203006395258e-12)
(0 -1.81255872174294e-05 3.14497737922494e-12)
(0 -1.81255872174294e-05 -2.68610250492098e-12)
(0 -1.81255872174294e-05 -5.74955183198033e-12)
(0 -1.81255872174294e-05 4.89174989154893e-13)
(0 -1.81255872174294e-05 6.39445411942103e-13)
(0 -1.81255872174294e-05 -1.45402786779981e-12)
(0 -1.81255872174294e-05 -1.60008809470729e-12)
(0 -1.81255872174294e-05 4.82980456549572e-13)
(0 -1.81255872174294e-05 1.37502904270848e-12)
(0 -1.81255872174294e-05 1.47756777431415e-12)
(0 -1.81255872174294e-05 2.37200965657051e-12)
(0 -1.81255872174294e-05 -9.76360931614129e-13)
(0 -1.81255872174294e-05 -3.72419377287414e-12)
(0 -1.81255872174294e-05 -2.74918242636455e-12)
(0 -1.81255872174294e-05 3.92071836991705e-12)
(0 -1.81255872174294e-05 6.08568622893032e-12)
(0 -1.81255872174294e-05 6.2565456522901e-12)
(0 -1.81255872174294e-05 2.27529671283353e-12)
(0 -1.81255872174294e-05 -2.13524462131203e-12)
(0 -1.81255872174294e-05 -9.99880608179516e-13)
(0 -1.81255872174294e-05 -3.18187082893378e-12)
(0 -1.81255872174294e-05 -2.49671128417607e-12)
(0 -1.81255872174294e-05 -3.57267951100965e-12)
(0 -1.81255872174294e-05 -4.69228230930684e-12)
(0 -1.81255872174294e-05 1.32200642183205e-12)
(0 -1.81255872174294e-05 2.44160759326104e-12)
(0 -1.81255872174294e-05 0)
(0 -1.81255872174294e-05 -9.03702987544815e-13)
(0 -1.81255872174294e-05 5.8225974555901e-13)
(0 -1.81255872174294e-05 3.55930080078259e-12)
(0 -1.81255872174294e-05 8.12273311287848e-13)
(0 -1.81255872174294e-05 -6.96687843048993e-12)
(0 -1.81255872174294e-05 -5.87598403547215e-12)
(0 -1.81255872174294e-05 1.81442934999585e-12)
(0 -1.81255872174294e-05 -1.86698547707134e-12)
(0 -1.81255872174294e-05 -1.65454707573546e-12)
(0 -1.81255872174294e-05 6.0188506839131e-15)
(0 -1.81255872174294e-05 -1.21221604938099e-12)
(0 -1.81255872174294e-05 5.02511502869712e-12)
(0 -1.81255872174294e-05 4.04423879684574e-12)
(0 -1.81255872174294e-05 -1.59124422399144e-12)
(0 -1.81255872174294e-05 -7.42447986481702e-13)
(0 -1.81255872174294e-05 1.72932292405724e-12)
(0 -1.81255872174294e-05 -1.81914740062572e-12)
(0 -1.81255872174294e-05 -3.02530836418457e-12)
(0 -1.81255872174294e-05 -3.24942573151455e-13)
(0 -1.81255872174294e-05 4.89041143698972e-12)
(0 -1.81255872174294e-05 7.00619728214697e-12)
(0 -1.81255872174294e-05 2.11578584553337e-12)
(0 -1.81255872174294e-05 -1.78345823284823e-12)
(0 -1.81255872174294e-05 -1.13842003724345e-12)
(0 -1.81255872174294e-05 2.76673323623758e-12)
(0 -1.81255872174294e-05 3.24666770299951e-12)
(0 -1.81255872174294e-05 1.12497266176214e-12)
(0 -1.81255872174294e-05 4.89374336596299e-13)
(0 -1.81255872174294e-05 -2.57495352720587e-12)
(0 -1.81255872174294e-05 -3.70919613354062e-14)
(0 -1.81255872174294e-05 3.24593417221395e-12)
(0 -1.81255872174294e-05 1.77109955775427e-12)
(0 -1.81255872174294e-05 2.28759250151608e-13)
)
;
    }
    outlet
    {
        type            slip;
    }
    Wire
    {
        type            cellMotion;
        value           nonuniform List<vector> 
100
(
(0 -1.10234147532037e-07 1.7232961045408e-26)
(0 -1.14109862693688e-07 -2.2430372865062e-25)
(0 -1.19733267687047e-07 -1.72330012549585e-26)
(0 -1.26559503457231e-07 0)
(0 -1.34336417242949e-07 2.41542804010217e-25)
(0 -1.42811862925181e-07 -2.24312317681685e-25)
(0 -1.5192564879672e-07 2.24315045524351e-25)
(0 -1.616871771925e-07 0)
(0 -1.72101878646017e-07 -2.24321084824887e-25)
(0 -1.83071040989886e-07 0)
(0 -1.94511013586485e-07 1.89861666124656e-25)
(0 -2.06412363713899e-07 0)
(0 -2.18836407993373e-07 4.83136303102365e-25)
(0 -2.31756618952178e-07 0)
(0 -2.45080031904762e-07 -3.44661699695515e-26)
(0 -2.58798843405851e-07 2.24347041631465e-25)
(0 -2.72962028203717e-07 -4.14236374782977e-25)
(0 -2.87595996261207e-07 0)
(0 -3.02649649934008e-07 -4.83186555900865e-25)
(0 -3.18100453437168e-07 -3.44662189755164e-26)
(0 -3.33975578731705e-07 -4.83205339112526e-25)
(0 -3.50355380625292e-07 4.48748920504057e-25)
(0 -3.67235839382873e-07 0)
(0 -3.84569645711684e-07 -5.17701942392979e-25)
(0 -4.02383214761149e-07 8.97560176446651e-25)
(0 -4.20797711220922e-07 0)
(0 -4.39873619004202e-07 0)
(0 -4.59564098525951e-07 5.17746981685696e-25)
(0 -4.7988786758132e-07 8.97653040705474e-25)
(0 -5.00962678285075e-07 3.79906438788466e-25)
(0 -5.22959438281116e-07 -6.8932753157521e-26)
(0 -5.45908669169774e-07 0)
(0 -5.69811091194237e-07 0)
(0 -5.94769536813973e-07 -6.89328923539848e-26)
(0 -6.2117583350869e-07 6.89329743435072e-26)
(0 -6.4922125227061e-07 -8.97855933150951e-25)
(0 -6.78851466892661e-07 -6.89331203291042e-26)
(0 -7.10241439933022e-07 1.37866411071228e-25)
(0 -7.43929906258196e-07 8.97969386612802e-25)
(0 -7.80458897333037e-07 0)
(0 -8.19920126943326e-07 0)
(0 -8.6247076608688e-07 7.60243845418845e-25)
(0 -9.08699350621945e-07 0)
(0 -9.59851104811325e-07 1.93432414796638e-24)
(0 -1.01646469952398e-06 1.37868889517284e-25)
(0 -1.07855927343265e-06 -1.37869421945793e-25)
(0 -1.14674094486139e-06 1.9347729069215e-24)
(0 -1.22339229976004e-06 -1.79708582482184e-24)
(0 -1.31001628932908e-06 1.79729274836641e-24)
(0 -1.40642927012595e-06 -2.75745582312754e-25)
(0 -1.5135619891654e-06 -1.79777878885262e-24)
(0 -1.63436605693353e-06 -2.75750628549792e-25)
(0 -1.77244164156736e-06 -1.79839480794875e-24)
(0 -1.92864899823149e-06 -2.07452393830537e-24)
(0 -2.10380937100183e-06 2.07494417427693e-24)
(0 -2.30176777772068e-06 0)
(0 -2.54062487613904e-06 -2.75776167452099e-25)
(0 -2.83969337936813e-06 -3.32601495133122e-24)
(0 -3.21060438837456e-06 -7.20701366367872e-24)
(0 -3.66865824952308e-06 -7.21118590257469e-24)
(0 -4.25538294418787e-06 -3.60815152514573e-24)
(0 -4.98790933315163e-06 0)
(0 -5.84763523300865e-06 -1.10359174511526e-24)
(0 -6.83299464534867e-06 -1.55825452876934e-23)
(0 -7.96732914208358e-06 8.3531683582296e-24)
(0 -9.25529873515933e-06 -1.45218809152865e-23)
(0 -1.06677285267615e-05 -1.45477437715498e-23)
(0 -1.21905645750866e-05 2.20817380975352e-24)
(0 -1.38317951279306e-05 2.20837364918593e-24)
(0 -1.55765781925274e-05 -1.68474828197753e-23)
(0 -1.73868160888944e-05 0)
(0 -1.92445753499433e-05 0)
(0 -2.11343264139184e-05 0)
(0 -2.30262944950247e-05 2.95739089750434e-23)
(0 -2.48939703792753e-05 -2.96515290963509e-23)
(0 -2.67221963495956e-05 -4.41713699898827e-24)
(0 -2.84704034855962e-05 -2.98055306369852e-23)
(0 -3.01142582327723e-05 2.54610196862029e-23)
(0 -3.16565476096206e-05 4.41620752263544e-24)
(0 -3.30694339143331e-05 -3.00100956103324e-23)
(0 -3.43150855995783e-05 4.41519250870459e-24)
(0 -3.53981115227637e-05 -4.41475429616985e-24)
(0 -3.63363699556639e-05 -4.41430666646826e-24)
(0 -3.70897690431339e-05 4.41361706309524e-24)
(0 -3.76513341879304e-05 -6.04449160779047e-23)
(0 -3.80663886915276e-05 -6.04829181426734e-23)
(0 -3.83432556752459e-05 -4.41226650703958e-24)
(0 -3.84790999913331e-05 -6.05209174745087e-23)
(0 -3.8512348033354e-05 6.05238560408125e-23)
(0 -3.8483969895246e-05 4.41145378139891e-24)
(0 -3.83998302382309e-05 -6.05139736990448e-23)
(0 -3.82779027303057e-05 0)
(0 -3.81384913961315e-05 -4.41117570292793e-24)
(0 -3.79866413422392e-05 -4.41114235269834e-24)
(0 -3.78276551416514e-05 0)
(0 -3.76671139793379e-05 5.60402036355983e-23)
(0 -3.75077117293212e-05 6.04378180676653e-23)
(0 -3.73544705906458e-05 4.4111709824737e-24)
(0 -3.72137268543397e-05 -4.41121646493538e-24)
(0 -3.70883791941338e-05 -6.4813774624505e-23)
)
;
    }
    inlet
    {
        type            slip;
    }
    back
    {
        type            wedge;
    }
    front
    {
        type            wedge;
    }
}


// ************************************************************************* //
